# %ECSV 1.0
# ---
# datatype:
# - {name: time, datatype: float64}
# - {name: spectrum, datatype: string, subtype: 'json[300]'}
# - {name: wavelengths, datatype: string, subtype: 'float64[300]'}
# - {name: SN redshift, datatype: float64}
# - {name: fluxerr, datatype: string, subtype: 'float64[300]'}
# - {name: spec_err, datatype: string, subtype: 'float64[300]'}
# schema: astropy-2.0
time spectrum wavelengths "SN redshift" fluxerr spec_err
56091.65904357184 [0.0,0.0,0.0,0.0,0.0,0.0,0.0,0.0,0.0,0.0,0.0,0.0,0.0,0.0,0.0,0.0,0.0,0.0,0.0,0.0,0.0,0.0,0.0,0.0,0.0,0.0,0.0,0.0,0.0,0.0,0.0,0.0,0.0,0.0,0.0,0.0,0.0,0.0,0.0,0.0,0.0,0.0,0.0,0.0,0.0,0.0,0.0,0.0,0.0,0.0,0.0,0.0,0.0,0.0,0.0,0.0,0.0,0.0,0.0,0.0,0.0,0.0,0.0,0.0,0.0,0.0,0.0,0.0,0.0,0.0,0.0,0.0,0.0,0.0,0.0,0.0,0.0,0.0,0.0,0.0,0.0,0.0,0.0,0.0,0.0,0.0,0.0,0.0,0.0,0.0,0.0,0.0,0.0,0.0,0.0,0.0,0.0,0.0,0.0,0.0,0.0,0.0,0.0,0.0,0.0,0.0,0.0,0.0,0.0,0.0,0.0,0.0,0.0,0.0,0.0,0.0,0.0,0.0,0.0,0.0,0.0,0.0,0.0,0.0,0.0,0.0,0.0,0.0,0.0,0.0,0.0,0.0,0.0,0.0,0.0,0.0,0.0,0.0,0.0,0.0,0.0,0.0,0.0,0.0,0.0,0.0,0.0,0.0,0.0,0.0,0.0,0.0,0.0,0.0,0.0,0.0,0.0,0.0,0.0,0.0,0.0,0.0,0.0,0.0,0.0,0.0,0.0,0.0,0.0,0.0,0.0,0.0,0.0,0.0,0.0,0.0,0.0,0.0,0.0,0.0,0.0,0.0,0.0,0.0,0.0,0.0,0.0,0.0,0.0,0.0,0.0,0.0,0.0,0.0,0.0,0.0,0.0,0.0,0.0,0.0,0.0,0.0,0.0,0.0,0.0,0.0,0.0,0.0,0.0,0.0,0.0,0.0,0.0,0.0,0.0,0.0,0.0,0.0,0.0,0.0,0.0,0.0,0.0,0.0,0.0,0.0,0.0,0.0,0.0,0.0,0.0,0.0,0.0,0.0,0.0,0.0,0.0,0.0,0.0,0.0,0.0,0.0,0.0,0.0,0.0,0.0,0.0,0.0,0.0,0.0,0.0,0.0,0.0,0.0,0.0,0.0,0.0,0.0,0.0,0.0,0.0,0.0,0.0,0.0,0.0,0.0,0.0,0.0,0.0,0.0,0.0,0.0,0.0,0.0,0.0,0.0,0.0,0.0,0.0,0.0,0.0,0.0,0.0,0.0,0.0,0.0,0.0,0.0,0.0,0.0,0.0,0.0,0.0,0.0,0.0,0.0,0.0,0.0,0.0,0.0] [1311.2619900786005,1321.8202200865917,1332.463464547639,1343.19240799478,1354.0077404728797,1364.9101575830227,1375.9003605272408,1386.9790561536227,1398.1469570017646,1409.4047813486081,1420.7532532546286,1432.193102610412,1443.7250651835902,1455.3498826661717,1467.068302722235,1478.881079036026,1490.78897136042,1502.7927455657994,1514.8931736892998,1527.0910339844697,1539.3871109713293,1551.7821954868166,1564.2770847356642,1576.872582341659,1589.569498399342,1602.368649526097,1615.270858914685,1628.2769563861766,1641.3877784433362,1654.6041683244075,1667.9269760573632,1681.3570585145608,1694.895279467867,1708.5425096441993,1722.2996267815402,1736.1675156853773,1750.1470682856248,1764.2391836939755,1778.4447682617345,1792.7647356381167,1807.2000068289992,1821.7515102561672,1836.4201818170154,1851.2069649447558,1866.112810669078,1881.1386776773347,1896.285532376183,1911.5543489537563,1926.9461094423048,1942.4618037813711,1958.1024298814455,1973.8689936881608,1989.7625092469793,2005.7839987684179,2021.9344926937952,2038.215029761504,2054.626657073813,2071.1704301642176,2087.8474130653335,2104.6586783773164,2121.605307336866,2138.6883898867477,2155.9090247459117,2173.268319480143,2190.767390573309,2208.407363499154,2226.1893727937027,2244.1145621282076,2262.184084382728,2280.399101720259,2298.7607856614945,2317.2703171601615,2335.9288866789793,2354.7376942662327,2373.6979496329395,2392.810872230673,2412.077691329971,2431.4996460994216,2451.0779856853383,2470.813969292122,2490.7088662632277,2510.763956162824,2530.9805288580706,2551.359884602096,2571.9033341176064,2592.612198681206,2613.487810208354,2634.5315113390543,2655.7446555241822,2677.1286071125573,2698.6847414386757,2720.4144449111714,2742.319115101994,2764.4001608362782,2786.6590022829737,2809.097071046162,2831.715810257159,2854.5166746673017,2877.5011307415425,2900.67065675274,2924.0267428767575,2947.570891288285,2971.304616257478,2995.22944424732,3019.346914011829,3043.658576695001,3068.1659959305807,3092.870747942638,3117.7744216469364,3142.87861875312,3168.1849538677375,3193.695054598094,3219.410561656912,3245.333128967883,3271.4644237720117,3297.806126734876,3324.3599320546946,3351.1275475713155,3378.1106948760344,3405.3111094223436,3432.7305406375262,3460.3707520352004,3488.23352132871,3516.320640545493,3544.6339161423107,3573.1751691214417,3601.9462351478164,3630.9489646670518,3660.1852230244945,3689.6568905851636,3719.3658628547196,3749.3140506013438,3779.5033799786634,3809.935792649603,3840.6132459112973,3871.5377128209448,3902.7111823227383,3934.135659375755,3965.8131650829396,3997.7457368210635,4029.9354283717907,4062.3843100537392,4095.0944688556665,4128.068008570669,4161.3070499315045,4194.813730746993,4228.590206039511,4262.638648183577,4296.961247045588,4331.560210124669,4366.437762694626,4401.596147947099,4437.037627135803,4472.764479721992,4508.779003521039,4545.083514850253,4581.680348677821,4618.571858773019,4655.7604178575675,4693.248417758249,4731.038269560753,4769.132403764733,4807.533270440121,4846.243339384716,4885.265100283049,4924.601062866471,4964.253757074609,5004.22573321805,5044.519562142395,5085.137835393579,5126.08316538458,5167.3581855634,5208.965550582488,5250.907936469426,5293.188040799074,5335.808582867062,5378.772303864684,5422.081967055189,5465.740357951513,5509.7502844954415,5554.1145772382,5598.836089522486,5643.917697666003,5689.362301146471,5735.17282278806,5781.352208949439,5827.903429713208,5874.829479076986,5922.133375145914,5969.818160326825,6017.886901523867,6066.342690335802,6115.188643254807,6164.427901866934,6214.06363305417,6264.099029198114,6314.537308385285,6365.381714614103,6416.635518003553,6468.302015003491,6520.384528606639,6572.88640856233,6625.811031591967,6679.16180160615,6732.942149923667,6787.155535492116,6841.805445110439,6896.895393653112,6952.428924296275,7008.409608745552,7064.841047465831,7121.726869912778,7179.070734766296,7236.876330165845,7295.147373947643,7353.887613883764,7413.100827923194,7472.790824434837,7532.961442452409,7593.616551921397,7654.7600539479145,7716.395881049652,7778.527997408752,7841.160399126823,7904.2971144818985,7967.94220418758,8032.099761654146,8096.773913251861,8161.968818576374,8227.688670716232,8293.937696522553,8360.720156880894,8428.04034698531,8495.90259661459,8564.311270410717,8633.270768159597,8702.785525074065,8772.860012079082,8843.498736099358,8914.706240349144,8986.487104624512,9058.845945597834,9131.787417114787,9205.31621049359,9279.437054826807,9354.154717285446,9429.47400342559,9505.399757497484,9581.936862757088,9659.090241780126,9736.864856778713,9815.265709920519,9894.297843650465,9973.966341015032,10054.276325989182,10135.232963805956,10216.841461288606,10299.107067185563,10382.035072507933,10465.630810869876,10549.89965883156,10634.84703624505,10720.478406602804,10806.799277389146,10893.815200434417,10981.531772272076,11069.954634498676,11159.08947413668,11248.94202400021,11339.518063063782,11430.823416834026,11522.863957724268,11615.64560543233,11709.174327321158,11803.456138802712,11898.49710372478,11994.303334761045,12090.880993804161,12188.23629236214,12286.375491957784,12385.304904531427,12485.030892846919,12585.55987090084,12686.898304334996,12789.052710852275,12892.029660635888,12995.8357767719,13100.477735675182,13205.962267518828,13312.296156667053,13419.486242111492,13527.539417911097,13636.462633635434,13746.262894811807,13856.947263375758,13968.522858125163,14080.996855178266,14194.376488435144,14308.66905004285,14423.881890864615] 0.31126199007860056 [Infinity,Infinity,Infinity,Infinity,Infinity,Infinity,Infinity,Infinity,Infinity,Infinity,Infinity,Infinity,Infinity,Infinity,Infinity,Infinity,Infinity,Infinity,Infinity,Infinity,Infinity,Infinity,Infinity,Infinity,Infinity,Infinity,Infinity,Infinity,Infinity,Infinity,Infinity,Infinity,Infinity,Infinity,Infinity,Infinity,Infinity,Infinity,Infinity,Infinity,Infinity,Infinity,Infinity,Infinity,Infinity,Infinity,Infinity,Infinity,Infinity,Infinity,Infinity,Infinity,Infinity,Infinity,Infinity,Infinity,Infinity,Infinity,Infinity,Infinity,Infinity,Infinity,Infinity,Infinity,Infinity,Infinity,Infinity,Infinity,Infinity,Infinity,Infinity,Infinity,Infinity,Infinity,Infinity,Infinity,Infinity,Infinity,Infinity,Infinity,Infinity,Infinity,Infinity,Infinity,Infinity,Infinity,Infinity,Infinity,Infinity,Infinity,Infinity,Infinity,Infinity,Infinity,Infinity,Infinity,Infinity,Infinity,Infinity,Infinity,Infinity,Infinity,Infinity,Infinity,Infinity,Infinity,Infinity,Infinity,Infinity,Infinity,Infinity,Infinity,Infinity,Infinity,Infinity,Infinity,Infinity,Infinity,Infinity,Infinity,Infinity,Infinity,Infinity,Infinity,Infinity,Infinity,Infinity,Infinity,Infinity,Infinity,Infinity,Infinity,Infinity,Infinity,Infinity,Infinity,Infinity,Infinity,Infinity,Infinity,Infinity,Infinity,Infinity,Infinity,Infinity,Infinity,Infinity,Infinity,Infinity,Infinity,Infinity,Infinity,Infinity,Infinity,Infinity,Infinity,Infinity,Infinity,Infinity,Infinity,Infinity,Infinity,Infinity,Infinity,Infinity,Infinity,Infinity,Infinity,Infinity,Infinity,Infinity,Infinity,Infinity,Infinity,Infinity,Infinity,Infinity,Infinity,Infinity,Infinity,Infinity,Infinity,Infinity,Infinity,Infinity,Infinity,Infinity,Infinity,Infinity,Infinity,Infinity,Infinity,Infinity,Infinity,Infinity,Infinity,Infinity,Infinity,Infinity,Infinity,Infinity,Infinity,Infinity,Infinity,Infinity,Infinity,Infinity,Infinity,Infinity,Infinity,Infinity,Infinity,Infinity,Infinity,Infinity,Infinity,Infinity,Infinity,Infinity,Infinity,Infinity,Infinity,Infinity,Infinity,Infinity,Infinity,Infinity,Infinity,Infinity,Infinity,Infinity,Infinity,Infinity,Infinity,Infinity,Infinity,Infinity,Infinity,Infinity,Infinity,Infinity,Infinity,Infinity,Infinity,Infinity,Infinity,Infinity,Infinity,Infinity,Infinity,Infinity,Infinity,Infinity,Infinity,Infinity,Infinity,Infinity,Infinity,Infinity,Infinity,Infinity,Infinity,Infinity,Infinity,Infinity,Infinity,Infinity,Infinity,Infinity,Infinity,Infinity,Infinity,Infinity,Infinity,Infinity,Infinity,Infinity,Infinity,Infinity,Infinity,Infinity,Infinity,Infinity,Infinity,Infinity,Infinity,Infinity,Infinity,Infinity,Infinity,Infinity,Infinity,Infinity,Infinity,Infinity,Infinity,Infinity,Infinity,Infinity,Infinity] [0.0,0.0,0.0,0.0,0.0,0.0,0.0,0.0,0.0,0.0,0.0,0.0,0.0,0.0,0.0,0.0,0.0,0.0,0.0,0.0,0.0,0.0,0.0,0.0,0.0,0.0,0.0,0.0,0.0,0.0,0.0,0.0,0.0,0.0,0.0,0.0,0.0,0.0,0.0,0.0,0.0,0.0,0.0,0.0,0.0,0.0,0.0,0.0,0.0,0.0,0.0,0.0,0.0,0.0,0.0,0.0,0.0,0.0,0.0,0.0,0.0,0.0,0.0,0.0,0.0,0.0,0.0,0.0,0.0,0.0,0.0,0.0,0.0,0.0,0.0,0.0,0.0,0.0,0.0,0.0,0.0,0.0,0.0,0.0,0.0,0.0,0.0,0.0,0.0,0.0,0.0,0.0,0.0,0.0,0.0,0.0,0.0,0.0,0.0,0.0,0.0,0.0,0.0,0.0,0.0,0.0,0.0,0.0,0.0,0.0,0.0,0.0,0.0,0.0,0.0,0.0,0.0,0.0,0.0,0.0,0.0,0.0,0.0,0.0,0.0,0.0,0.0,0.0,0.0,0.0,0.0,0.0,0.0,0.0,0.0,0.0,0.0,0.0,0.0,0.0,0.0,0.0,0.0,0.0,0.0,0.0,0.0,0.0,0.0,0.0,0.0,0.0,0.0,0.0,0.0,0.0,0.0,0.0,0.0,0.0,0.0,0.0,0.0,0.0,0.0,0.0,0.0,0.0,0.0,0.0,0.0,0.0,0.0,0.0,0.0,0.0,0.0,0.0,0.0,0.0,0.0,0.0,0.0,0.0,0.0,0.0,0.0,0.0,0.0,0.0,0.0,0.0,0.0,0.0,0.0,0.0,0.0,0.0,0.0,0.0,0.0,0.0,0.0,0.0,0.0,0.0,0.0,0.0,0.0,0.0,0.0,0.0,0.0,0.0,0.0,0.0,0.0,0.0,0.0,0.0,0.0,0.0,0.0,0.0,0.0,0.0,0.0,0.0,0.0,0.0,0.0,0.0,0.0,0.0,0.0,0.0,0.0,0.0,0.0,0.0,0.0,0.0,0.0,0.0,0.0,0.0,0.0,0.0,0.0,0.0,0.0,0.0,0.0,0.0,0.0,0.0,0.0,0.0,0.0,0.0,0.0,0.0,0.0,0.0,0.0,0.0,0.0,0.0,0.0,0.0,0.0,0.0,0.0,0.0,0.0,0.0,0.0,0.0,0.0,0.0,0.0,0.0,0.0,0.0,0.0,0.0,0.0,0.0,0.0,0.0,0.0,0.0,0.0,0.0,0.0,0.0,0.0,0.0,0.0,0.0]
56229.71751851179 [0.0,0.0,0.0,0.0,0.0,0.0,0.0,0.0,0.0,0.0,0.0,0.0,0.0,0.0,0.0,0.0,0.0,0.0,0.0,0.0,0.0,0.0,0.0,0.0,0.0,0.0,0.0,0.0,0.0,0.0,0.0,0.0,0.0,0.0,0.0,0.0,0.0,0.0,0.0,0.0,0.0,0.0,0.0,0.0,0.0,0.0,0.0,0.0,0.0,0.0,0.0,0.0,0.0,0.0,0.0,0.0,0.0,0.0,0.0,0.0,0.0,0.0,0.0,0.0,0.0,0.0,0.0,0.0,0.0,0.0,0.0,0.0,0.0,0.0,0.0,0.0,0.0,0.0,0.0,0.0,0.0,0.0,0.0,0.0,0.0,0.0,0.0,0.0,0.0,0.0,0.0,0.0,0.0,0.0,0.0,0.0,0.0,0.0,0.0,0.0,0.0,0.0,0.0,0.0,0.0,0.0,0.0,0.0,0.0,0.0,0.0,0.0,0.0,0.0,0.0,0.0,0.0,0.0,0.0,0.0,0.0,0.0,0.0,0.0,0.0,0.0,0.0,0.0,0.0,0.0,0.0,0.0,0.0,0.0,0.0,0.0,0.0,0.0,0.0,0.0,324.9730182913487,261.7497528823439,254.86088588009937,205.34963287494267,162.08319932769064,163.42240261015996,176.33275069553906,235.94469011080457,235.1519089730959,225.05631763716428,299.0284757560025,301.5102639851482,378.2976121628151,413.59244713096064,434.8794019107521,447.53275651874355,471.7076329127625,523.9691790503182,534.7720734686645,508.6598790102987,434.95862110761504,392.88472476210427,320.4418368222995,344.25552302019605,414.81053018716887,410.5283371742716,422.04430151451027,468.64053029405085,501.0131140875214,597.2043157701977,562.0138621695986,596.6649579167694,590.9296506729332,571.740521565601,616.0125454224666,605.0579767682223,552.2465515770209,528.1816107243507,442.6126291901605,402.68687234096774,376.121977952481,359.9836842158212,377.83240098788815,441.0644255521131,424.5402495724726,399.2524818959778,443.42000151957166,469.31820893587457,453.83350774235447,448.56325261012364,402.49740810226285,400.48749702178895,365.58753459413595,354.6700851686307,378.82061404127035,322.71214479900874,325.7920123054443,285.85076473361306,285.93353887832245,238.93495461980933,284.9600775912559,312.8043798031828,333.39665605168267,324.61914895901805,354.25937480462164,344.99722657667195,283.06860206713014,272.16576354243693,266.57497061336727,281.8244511369607,246.00242538295817,266.6441448044657,260.3268856961115,278.2593088398551,246.5141656470069,248.25290333762138,248.4565064838292,247.69912939310564,215.68093769265258,240.9045993931208,245.4965205183927,244.48207565380127,215.28890887464314,201.94402944228057,180.6845429393714,171.83052690143438,163.93423607053555,176.0911523673115,197.47066595375702,201.6756127853877,195.48798319347205,195.10233879779642,188.40351565053726,177.3172359518396,187.73668148776625,158.76099381234116,161.35556689840814,168.88120759094846,156.9857268882325,149.9074888501015,149.4869989545378,139.97153301975754,146.55745629964136,135.18525411687276,127.35779627360547,133.807358109993,126.31002809391705,121.74385632973575,112.8527116591152,104.50112427507376,107.11412061240456,104.48610540401572,97.75440119662728,101.90290870503794,93.52452447625953,101.12910955510338,92.39797658642635,85.01421578654976,76.49575958637057,74.43581588088232,70.1224848881973,68.90530173013069,72.74007118175157,68.6968845521894,72.24864137078767,73.41744985704554,74.93594082000384,81.00615891368012,81.94391523072085,66.08608517714616,73.94987661725565,75.27212966816009,67.87058792414965,61.657757339640895,61.309182704634125,57.47735930513842,58.51982232547424,59.20113735302309,46.593056656784725,49.28922866434364,49.49756746420092,55.573878504359904,58.3430621554983,51.50467608657819,55.20265298163653,56.1320085307718,50.4385170025052,42.44917557035063,39.074746829298945,30.858178701610008,30.530447396011283,24.930946357918003,23.246698907456928,23.171015435588238,23.856582274148725,22.27146176414203,22.67329179034907,20.853970402987972,21.026254267829913,21.962703148613834] [1311.2619900786005,1321.8202200865917,1332.463464547639,1343.19240799478,1354.0077404728797,1364.9101575830227,1375.9003605272408,1386.9790561536227,1398.1469570017646,1409.4047813486081,1420.7532532546286,1432.193102610412,1443.7250651835902,1455.3498826661717,1467.068302722235,1478.881079036026,1490.78897136042,1502.7927455657994,1514.8931736892998,1527.0910339844697,1539.3871109713293,1551.7821954868166,1564.2770847356642,1576.872582341659,1589.569498399342,1602.368649526097,1615.270858914685,1628.2769563861766,1641.3877784433362,1654.6041683244075,1667.9269760573632,1681.3570585145608,1694.895279467867,1708.5425096441993,1722.2996267815402,1736.1675156853773,1750.1470682856248,1764.2391836939755,1778.4447682617345,1792.7647356381167,1807.2000068289992,1821.7515102561672,1836.4201818170154,1851.2069649447558,1866.112810669078,1881.1386776773347,1896.285532376183,1911.5543489537563,1926.9461094423048,1942.4618037813711,1958.1024298814455,1973.8689936881608,1989.7625092469793,2005.7839987684179,2021.9344926937952,2038.215029761504,2054.626657073813,2071.1704301642176,2087.8474130653335,2104.6586783773164,2121.605307336866,2138.6883898867477,2155.9090247459117,2173.268319480143,2190.767390573309,2208.407363499154,2226.1893727937027,2244.1145621282076,2262.184084382728,2280.399101720259,2298.7607856614945,2317.2703171601615,2335.9288866789793,2354.7376942662327,2373.6979496329395,2392.810872230673,2412.077691329971,2431.4996460994216,2451.0779856853383,2470.813969292122,2490.7088662632277,2510.763956162824,2530.9805288580706,2551.359884602096,2571.9033341176064,2592.612198681206,2613.487810208354,2634.5315113390543,2655.7446555241822,2677.1286071125573,2698.6847414386757,2720.4144449111714,2742.319115101994,2764.4001608362782,2786.6590022829737,2809.097071046162,2831.715810257159,2854.5166746673017,2877.5011307415425,2900.67065675274,2924.0267428767575,2947.570891288285,2971.304616257478,2995.22944424732,3019.346914011829,3043.658576695001,3068.1659959305807,3092.870747942638,3117.7744216469364,3142.87861875312,3168.1849538677375,3193.695054598094,3219.410561656912,3245.333128967883,3271.4644237720117,3297.806126734876,3324.3599320546946,3351.1275475713155,3378.1106948760344,3405.3111094223436,3432.7305406375262,3460.3707520352004,3488.23352132871,3516.320640545493,3544.6339161423107,3573.1751691214417,3601.9462351478164,3630.9489646670518,3660.1852230244945,3689.6568905851636,3719.3658628547196,3749.3140506013438,3779.5033799786634,3809.935792649603,3840.6132459112973,3871.5377128209448,3902.7111823227383,3934.135659375755,3965.8131650829396,3997.7457368210635,4029.9354283717907,4062.3843100537392,4095.0944688556665,4128.068008570669,4161.3070499315045,4194.813730746993,4228.590206039511,4262.638648183577,4296.961247045588,4331.560210124669,4366.437762694626,4401.596147947099,4437.037627135803,4472.764479721992,4508.779003521039,4545.083514850253,4581.680348677821,4618.571858773019,4655.7604178575675,4693.248417758249,4731.038269560753,4769.132403764733,4807.533270440121,4846.243339384716,4885.265100283049,4924.601062866471,4964.253757074609,5004.22573321805,5044.519562142395,5085.137835393579,5126.08316538458,5167.3581855634,5208.965550582488,5250.907936469426,5293.188040799074,5335.808582867062,5378.772303864684,5422.081967055189,5465.740357951513,5509.7502844954415,5554.1145772382,5598.836089522486,5643.917697666003,5689.362301146471,5735.17282278806,5781.352208949439,5827.903429713208,5874.829479076986,5922.133375145914,5969.818160326825,6017.886901523867,6066.342690335802,6115.188643254807,6164.427901866934,6214.06363305417,6264.099029198114,6314.537308385285,6365.381714614103,6416.635518003553,6468.302015003491,6520.384528606639,6572.88640856233,6625.811031591967,6679.16180160615,6732.942149923667,6787.155535492116,6841.805445110439,6896.895393653112,6952.428924296275,7008.409608745552,7064.841047465831,7121.726869912778,7179.070734766296,7236.876330165845,7295.147373947643,7353.887613883764,7413.100827923194,7472.790824434837,7532.961442452409,7593.616551921397,7654.7600539479145,7716.395881049652,7778.527997408752,7841.160399126823,7904.2971144818985,7967.94220418758,8032.099761654146,8096.773913251861,8161.968818576374,8227.688670716232,8293.937696522553,8360.720156880894,8428.04034698531,8495.90259661459,8564.311270410717,8633.270768159597,8702.785525074065,8772.860012079082,8843.498736099358,8914.706240349144,8986.487104624512,9058.845945597834,9131.787417114787,9205.31621049359,9279.437054826807,9354.154717285446,9429.47400342559,9505.399757497484,9581.936862757088,9659.090241780126,9736.864856778713,9815.265709920519,9894.297843650465,9973.966341015032,10054.276325989182,10135.232963805956,10216.841461288606,10299.107067185563,10382.035072507933,10465.630810869876,10549.89965883156,10634.84703624505,10720.478406602804,10806.799277389146,10893.815200434417,10981.531772272076,11069.954634498676,11159.08947413668,11248.94202400021,11339.518063063782,11430.823416834026,11522.863957724268,11615.64560543233,11709.174327321158,11803.456138802712,11898.49710372478,11994.303334761045,12090.880993804161,12188.23629236214,12286.375491957784,12385.304904531427,12485.030892846919,12585.55987090084,12686.898304334996,12789.052710852275,12892.029660635888,12995.8357767719,13100.477735675182,13205.962267518828,13312.296156667053,13419.486242111492,13527.539417911097,13636.462633635434,13746.262894811807,13856.947263375758,13968.522858125163,14080.996855178266,14194.376488435144,14308.66905004285,14423.881890864615] 0.31126199007860056 [Infinity,Infinity,Infinity,Infinity,Infinity,Infinity,Infinity,Infinity,Infinity,Infinity,Infinity,Infinity,Infinity,Infinity,Infinity,Infinity,Infinity,Infinity,Infinity,Infinity,Infinity,Infinity,Infinity,Infinity,Infinity,Infinity,Infinity,Infinity,Infinity,Infinity,Infinity,Infinity,Infinity,Infinity,Infinity,Infinity,Infinity,Infinity,Infinity,Infinity,Infinity,Infinity,Infinity,Infinity,Infinity,Infinity,Infinity,Infinity,Infinity,Infinity,Infinity,Infinity,Infinity,Infinity,Infinity,Infinity,Infinity,Infinity,Infinity,Infinity,Infinity,Infinity,Infinity,Infinity,Infinity,Infinity,Infinity,Infinity,Infinity,Infinity,Infinity,Infinity,Infinity,Infinity,Infinity,Infinity,Infinity,Infinity,Infinity,Infinity,Infinity,Infinity,Infinity,Infinity,Infinity,Infinity,Infinity,Infinity,Infinity,Infinity,Infinity,Infinity,Infinity,Infinity,Infinity,Infinity,Infinity,Infinity,Infinity,Infinity,Infinity,Infinity,Infinity,Infinity,Infinity,Infinity,Infinity,Infinity,Infinity,Infinity,Infinity,Infinity,Infinity,Infinity,Infinity,Infinity,Infinity,Infinity,Infinity,Infinity,Infinity,Infinity,Infinity,Infinity,Infinity,Infinity,Infinity,Infinity,Infinity,Infinity,Infinity,Infinity,Infinity,Infinity,Infinity,Infinity,Infinity,Infinity,Infinity,Infinity,15.966302289444432,14.522669261328923,12.250658746531338,9.869309372364722,8.234391289621769,8.150653263264202,9.335219073664486,10.764961750465392,11.6315896863566,12.330192315193909,13.598218803431376,15.722236074008915,18.24790823122159,20.65788804254422,22.617359462740684,23.880124327915055,24.41404400166615,24.638441899989463,24.933721699639882,24.667294523069383,22.65069598538764,19.094627325282275,16.549946676603813,17.15528539107829,19.505177923158037,21.141692845330677,21.887435578515692,23.417829306823805,26.27600495054017,28.876063394395395,29.912519115232236,30.022729687000872,30.190312758193233,30.54216767767046,30.815388370069876,30.532643627286355,29.087072612834795,26.46703639658383,23.277917140448643,20.316509968124013,18.573424871173604,18.436262282111937,19.289486055575544,20.400204453751247,21.00679389504195,20.97393838085081,21.265442432723482,22.17197729850701,22.728582138335774,22.390600470362603,21.358077299196545,19.966452353515702,18.64324552571935,17.847649948737327,17.912757004407457,17.835363496609016,16.338298025525795,14.465874452276466,13.539309729975662,13.473234486536825,14.048579247283119,15.196006244570182,16.409158250960832,16.957891521292837,16.936083921719135,16.477136952826072,15.091133589524242,13.478225357943831,13.270559204275969,13.370618044721562,12.655728465626744,12.484259736023624,12.814456540209857,12.608582030158441,12.531027189057664,12.786178829134451,12.597850195565252,12.169489848297879,11.895763744323883,11.827224498256115,11.823809693574631,11.650119888066502,11.093086666322318,10.325343289546362,9.470530812124098,8.539802324714413,8.352271113745378,9.02183756389309,9.77912410111958,10.136946336255104,10.124280705249399,9.888488697837076,9.40911110524381,9.059035791398056,8.861241491246718,8.610661134475812,8.357196488808604,8.084402732153832,7.77096342560485,7.442989975550016,7.177923965428844,7.041957370496442,6.8772814001596885,6.721778775359546,6.641317253281247,6.377165755460389,6.074801694505676,5.904110539441451,5.7809397271703435,5.583688623910757,5.3558462741933655,5.141260132115106,4.93482688695658,4.892344480882529,4.907534301962911,4.800187931028359,4.484899842704327,4.058054059922155,3.7368345267153535,3.6077836558569927,3.7090176408213695,3.7050894535354066,3.6797312165498917,3.6173754417369515,3.6382815757315425,3.8183795931392046,3.913574801916738,3.8723362884097066,3.8044196960691634,3.7040302441248456,3.5843417368602317,3.453114767874389,3.2489071704937764,3.14936128432785,2.982545004413321,3.0234402859525327,3.0702296866336822,2.8736601672807853,2.6342384242305927,2.7072640958971053,2.5888400883344738,2.8006671621247676,2.927507596809165,2.903038365330722,2.80039458367484,2.740664201783894,2.57570362681379,2.2380996525014525,1.9585971737151227,1.7226644091487617,1.5086282459081732,1.253080436534812,1.2362220761374048,1.2230575025736852,1.1893075770268842,1.2027041134825154,1.1934353559798145,1.145932826696004,1.0617356178657833,1.067481626027575] [0.0,0.0,0.0,0.0,0.0,0.0,0.0,0.0,0.0,0.0,0.0,0.0,0.0,0.0,0.0,0.0,0.0,0.0,0.0,0.0,0.0,0.0,0.0,0.0,0.0,0.0,0.0,0.0,0.0,0.0,0.0,0.0,0.0,0.0,0.0,0.0,0.0,0.0,0.0,0.0,0.0,0.0,0.0,0.0,0.0,0.0,0.0,0.0,0.0,0.0,0.0,0.0,0.0,0.0,0.0,0.0,0.0,0.0,0.0,0.0,0.0,0.0,0.0,0.0,0.0,0.0,0.0,0.0,0.0,0.0,0.0,0.0,0.0,0.0,0.0,0.0,0.0,0.0,0.0,0.0,0.0,0.0,0.0,0.0,0.0,0.0,0.0,0.0,0.0,0.0,0.0,0.0,0.0,0.0,0.0,0.0,0.0,0.0,0.0,0.0,0.0,0.0,0.0,0.0,0.0,0.0,0.0,0.0,0.0,0.0,0.0,0.0,0.0,0.0,0.0,0.0,0.0,0.0,0.0,0.0,0.0,0.0,0.0,0.0,0.0,0.0,0.0,0.0,0.0,0.0,0.0,0.0,0.0,0.0,0.0,0.0,0.0,0.0,0.0,0.0,5.646972502460098,-28.703632344234588,9.847710949472642,7.963445427648216,-2.6046264647447432,0.4093373448759157,-10.371630777750644,20.64545510149672,2.520115245963924,-21.54752866671387,27.06409968737494,-12.934457495030117,13.339447538383268,0.43468628007626886,-17.46778734406153,-30.069730039557573,-16.573247120560477,31.20034105052894,36.09763947586696,15.313988548911015,-18.055298600137725,10.992178256458768,-10.557096709776761,1.149815198630197,24.706971724008135,-12.305519732341969,-15.704410055803555,0.28394415757474445,-24.50698492328201,19.68304788228977,-36.2365201350461,-3.7896358232480387,-12.876604490931388,-39.10283198780821,-0.2952219789309599,-5.594895777504798,-29.49490067967493,-1.1591172073259575,-22.945713618812416,-3.643327021512478,4.653480529008954,-8.741561426417544,-7.957320123622692,33.060336477088164,4.404371671633545,-20.226285721038433,18.111152865101985,25.878662965734346,-0.7381350243610154,0.7512432028715911,-24.664137881668058,1.1584499514748856,-7.277375920251099,-2.2829138061158343,20.565473953121224,-33.995125133171605,-0.9739482050715593,-3.4667243119162925,15.147344278809195,-30.529735110927163,3.9884926455935443,8.884254911779166,5.213491032466024,-14.53868146683871,15.537696370238969,15.454487520150515,-18.754069723354704,2.6012563835603277,1.163786527847888,14.412090242529477,-7.112143929576715,16.958950083993223,4.037754891914333,26.087668236686305,-4.106378134146385,-7.470673245067639,-3.500497427475839,4.30933242714807,-22.23433719382506,4.3601094279985135,9.020326646900097,11.479677892471209,-6.572824451803199,-4.562836348646656,-8.726073303110566,1.0344804071461073,-3.111186204371998,-4.345598910550285,1.888183931365445,-1.063313939714353,-6.997630911515917,-2.667435158945087,0.22129354566107384,-3.8634798761215254,10.511851662831909,-13.452228877175099,-5.788362877763934,7.193152947871809,1.566458376135497,1.0476893391011786,5.928519645960916,-0.8676143901712852,9.011828296447597,0.7496786096818508,-5.468548792019459,6.264043000785221,4.813994203803533,3.6616455409067337,-2.766082884291676,-7.172648203141374,-0.0028048714627467632,1.6609027617135894,-0.9421365425043208,4.056019087387375,-4.626161562998692,5.125350934536214,2.6999797323398056,3.853134588106658,1.7590690520634977,2.2801427637424596,-4.057867928230087,-5.19648734057745,-0.854553149246262,-3.6506242825496336,-0.5169901438431942,-2.950142005738556,-3.335555218330921,3.5594331454859947,5.855521309337573,-7.994519705350751,2.263041880051014,6.209834310672309,2.892444514274122,-1.3294683469161028,1.6582826163677102,-2.9914464139122283,-2.884771407199412,1.727934007407383,-6.09171182782713,-4.856053253598469,-2.279234302488556,-0.43946473813544884,-0.20708978068499334,-6.556091220036253,-0.8052386918602643,1.3187244950939214,-1.0755555337706,-2.3128174796784133,-0.09719664500350521,-3.5951094813652267,0.35788247784781957,-0.13066237277823609,-1.477742615291167,-1.2901346158854665,0.07043073361104064,-1.7826205055082789,-1.1954153292472234,-2.064686130932111,-0.20845808948575087,0.6130706280623297]
56107.56009089948 [0.0,0.0,0.0,0.0,0.0,0.0,0.0,0.0,0.0,0.0,0.0,0.0,0.0,0.0,0.0,0.0,0.0,0.0,0.0,0.0,0.0,0.0,0.0,0.0,0.0,0.0,0.0,0.0,0.0,0.0,0.0,0.0,0.0,0.0,0.0,0.0,0.0,0.0,0.0,0.0,0.0,0.0,0.0,0.0,0.0,0.0,0.0,0.0,0.0,0.0,0.0,0.0,0.0,0.0,0.0,0.0,0.0,0.0,0.0,0.0,0.0,0.0,0.0,0.0,0.0,0.0,0.0,0.0,0.0,0.0,0.0,0.0,0.0,0.0,0.0,0.0,0.0,0.0,0.0,0.0,0.0,0.0,0.0,0.0,0.0,0.0,0.0,0.0,0.0,0.0,0.0,0.0,0.0,0.0,0.0,0.0,0.0,0.0,0.0,0.0,0.0,0.0,0.0,0.0,0.0,0.0,0.0,0.0,0.0,0.0,0.0,0.0,0.0,0.0,0.0,0.0,0.0,0.0,0.0,0.0,0.0,0.0,0.0,0.0,0.0,0.0,0.0,0.0,0.0,0.0,0.0,0.0,0.0,0.0,0.0,0.0,0.0,0.0,0.0,0.0,0.0,0.0,0.0,0.0,0.0,0.0,0.0,0.0,0.0,0.0,0.0,0.0,0.0,0.0,0.0,0.0,0.0,0.0,0.0,0.0,0.0,0.0,0.0,0.0,0.0,0.0,0.0,0.0,0.0,0.0,0.0,0.0,0.0,0.0,0.0,0.0,0.0,0.0,0.0,0.0,0.0,0.0,0.0,0.0,0.0,0.0,0.0,0.0,0.0,0.0,0.0,0.0,0.0,0.0,0.0,0.0,0.0,0.0,0.0,0.0,0.0,0.0,0.0,0.0,0.0,0.0,0.0,0.0,0.0,0.0,0.0,0.0,0.0,0.0,0.0,0.0,0.0,0.0,0.0,0.0,0.0,0.0,0.0,0.0,0.0,0.0,0.0,0.0,0.0,0.0,0.0,0.0,0.0,0.0,0.0,0.0,0.0,0.0,0.0,0.0,0.0,0.0,0.0,0.0,0.0,0.0,0.0,0.0,0.0,0.0,0.0,0.0,0.0,0.0,0.0,0.0,0.0,0.0,0.0,0.0,0.0,0.0,0.0,0.0,0.0,0.0,0.0,0.0,0.0,0.0,0.0,0.0,0.0,0.0,0.0,0.0,0.0,0.0,0.0,0.0,0.0,0.0,0.0,0.0,0.0,0.0,0.0,0.0,0.0,0.0,0.0,0.0,0.0,0.0,0.0,0.0,0.0,0.0,0.0,0.0] [1311.2619900786005,1321.8202200865917,1332.463464547639,1343.19240799478,1354.0077404728797,1364.9101575830227,1375.9003605272408,1386.9790561536227,1398.1469570017646,1409.4047813486081,1420.7532532546286,1432.193102610412,1443.7250651835902,1455.3498826661717,1467.068302722235,1478.881079036026,1490.78897136042,1502.7927455657994,1514.8931736892998,1527.0910339844697,1539.3871109713293,1551.7821954868166,1564.2770847356642,1576.872582341659,1589.569498399342,1602.368649526097,1615.270858914685,1628.2769563861766,1641.3877784433362,1654.6041683244075,1667.9269760573632,1681.3570585145608,1694.895279467867,1708.5425096441993,1722.2996267815402,1736.1675156853773,1750.1470682856248,1764.2391836939755,1778.4447682617345,1792.7647356381167,1807.2000068289992,1821.7515102561672,1836.4201818170154,1851.2069649447558,1866.112810669078,1881.1386776773347,1896.285532376183,1911.5543489537563,1926.9461094423048,1942.4618037813711,1958.1024298814455,1973.8689936881608,1989.7625092469793,2005.7839987684179,2021.9344926937952,2038.215029761504,2054.626657073813,2071.1704301642176,2087.8474130653335,2104.6586783773164,2121.605307336866,2138.6883898867477,2155.9090247459117,2173.268319480143,2190.767390573309,2208.407363499154,2226.1893727937027,2244.1145621282076,2262.184084382728,2280.399101720259,2298.7607856614945,2317.2703171601615,2335.9288866789793,2354.7376942662327,2373.6979496329395,2392.810872230673,2412.077691329971,2431.4996460994216,2451.0779856853383,2470.813969292122,2490.7088662632277,2510.763956162824,2530.9805288580706,2551.359884602096,2571.9033341176064,2592.612198681206,2613.487810208354,2634.5315113390543,2655.7446555241822,2677.1286071125573,2698.6847414386757,2720.4144449111714,2742.319115101994,2764.4001608362782,2786.6590022829737,2809.097071046162,2831.715810257159,2854.5166746673017,2877.5011307415425,2900.67065675274,2924.0267428767575,2947.570891288285,2971.304616257478,2995.22944424732,3019.346914011829,3043.658576695001,3068.1659959305807,3092.870747942638,3117.7744216469364,3142.87861875312,3168.1849538677375,3193.695054598094,3219.410561656912,3245.333128967883,3271.4644237720117,3297.806126734876,3324.3599320546946,3351.1275475713155,3378.1106948760344,3405.3111094223436,3432.7305406375262,3460.3707520352004,3488.23352132871,3516.320640545493,3544.6339161423107,3573.1751691214417,3601.9462351478164,3630.9489646670518,3660.1852230244945,3689.6568905851636,3719.3658628547196,3749.3140506013438,3779.5033799786634,3809.935792649603,3840.6132459112973,3871.5377128209448,3902.7111823227383,3934.135659375755,3965.8131650829396,3997.7457368210635,4029.9354283717907,4062.3843100537392,4095.0944688556665,4128.068008570669,4161.3070499315045,4194.813730746993,4228.590206039511,4262.638648183577,4296.961247045588,4331.560210124669,4366.437762694626,4401.596147947099,4437.037627135803,4472.764479721992,4508.779003521039,4545.083514850253,4581.680348677821,4618.571858773019,4655.7604178575675,4693.248417758249,4731.038269560753,4769.132403764733,4807.533270440121,4846.243339384716,4885.265100283049,4924.601062866471,4964.253757074609,5004.22573321805,5044.519562142395,5085.137835393579,5126.08316538458,5167.3581855634,5208.965550582488,5250.907936469426,5293.188040799074,5335.808582867062,5378.772303864684,5422.081967055189,5465.740357951513,5509.7502844954415,5554.1145772382,5598.836089522486,5643.917697666003,5689.362301146471,5735.17282278806,5781.352208949439,5827.903429713208,5874.829479076986,5922.133375145914,5969.818160326825,6017.886901523867,6066.342690335802,6115.188643254807,6164.427901866934,6214.06363305417,6264.099029198114,6314.537308385285,6365.381714614103,6416.635518003553,6468.302015003491,6520.384528606639,6572.88640856233,6625.811031591967,6679.16180160615,6732.942149923667,6787.155535492116,6841.805445110439,6896.895393653112,6952.428924296275,7008.409608745552,7064.841047465831,7121.726869912778,7179.070734766296,7236.876330165845,7295.147373947643,7353.887613883764,7413.100827923194,7472.790824434837,7532.961442452409,7593.616551921397,7654.7600539479145,7716.395881049652,7778.527997408752,7841.160399126823,7904.2971144818985,7967.94220418758,8032.099761654146,8096.773913251861,8161.968818576374,8227.688670716232,8293.937696522553,8360.720156880894,8428.04034698531,8495.90259661459,8564.311270410717,8633.270768159597,8702.785525074065,8772.860012079082,8843.498736099358,8914.706240349144,8986.487104624512,9058.845945597834,9131.787417114787,9205.31621049359,9279.437054826807,9354.154717285446,9429.47400342559,9505.399757497484,9581.936862757088,9659.090241780126,9736.864856778713,9815.265709920519,9894.297843650465,9973.966341015032,10054.276325989182,10135.232963805956,10216.841461288606,10299.107067185563,10382.035072507933,10465.630810869876,10549.89965883156,10634.84703624505,10720.478406602804,10806.799277389146,10893.815200434417,10981.531772272076,11069.954634498676,11159.08947413668,11248.94202400021,11339.518063063782,11430.823416834026,11522.863957724268,11615.64560543233,11709.174327321158,11803.456138802712,11898.49710372478,11994.303334761045,12090.880993804161,12188.23629236214,12286.375491957784,12385.304904531427,12485.030892846919,12585.55987090084,12686.898304334996,12789.052710852275,12892.029660635888,12995.8357767719,13100.477735675182,13205.962267518828,13312.296156667053,13419.486242111492,13527.539417911097,13636.462633635434,13746.262894811807,13856.947263375758,13968.522858125163,14080.996855178266,14194.376488435144,14308.66905004285,14423.881890864615] 0.31126199007860056 [Infinity,Infinity,Infinity,Infinity,Infinity,Infinity,Infinity,Infinity,Infinity,Infinity,Infinity,Infinity,Infinity,Infinity,Infinity,Infinity,Infinity,Infinity,Infinity,Infinity,Infinity,Infinity,Infinity,Infinity,Infinity,Infinity,Infinity,Infinity,Infinity,Infinity,Infinity,Infinity,Infinity,Infinity,Infinity,Infinity,Infinity,Infinity,Infinity,Infinity,Infinity,Infinity,Infinity,Infinity,Infinity,Infinity,Infinity,Infinity,Infinity,Infinity,Infinity,Infinity,Infinity,Infinity,Infinity,Infinity,Infinity,Infinity,Infinity,Infinity,Infinity,Infinity,Infinity,Infinity,Infinity,Infinity,Infinity,Infinity,Infinity,Infinity,Infinity,Infinity,Infinity,Infinity,Infinity,Infinity,Infinity,Infinity,Infinity,Infinity,Infinity,Infinity,Infinity,Infinity,Infinity,Infinity,Infinity,Infinity,Infinity,Infinity,Infinity,Infinity,Infinity,Infinity,Infinity,Infinity,Infinity,Infinity,Infinity,Infinity,Infinity,Infinity,Infinity,Infinity,Infinity,Infinity,Infinity,Infinity,Infinity,Infinity,Infinity,Infinity,Infinity,Infinity,Infinity,Infinity,Infinity,Infinity,Infinity,Infinity,Infinity,Infinity,Infinity,Infinity,Infinity,Infinity,Infinity,Infinity,Infinity,Infinity,Infinity,Infinity,Infinity,Infinity,Infinity,Infinity,Infinity,Infinity,Infinity,Infinity,Infinity,Infinity,Infinity,Infinity,Infinity,Infinity,Infinity,Infinity,Infinity,Infinity,Infinity,Infinity,Infinity,Infinity,Infinity,Infinity,Infinity,Infinity,Infinity,Infinity,Infinity,Infinity,Infinity,Infinity,Infinity,Infinity,Infinity,Infinity,Infinity,Infinity,Infinity,Infinity,Infinity,Infinity,Infinity,Infinity,Infinity,Infinity,Infinity,Infinity,Infinity,Infinity,Infinity,Infinity,Infinity,Infinity,Infinity,Infinity,Infinity,Infinity,Infinity,Infinity,Infinity,Infinity,Infinity,Infinity,Infinity,Infinity,Infinity,Infinity,Infinity,Infinity,Infinity,Infinity,Infinity,Infinity,Infinity,Infinity,Infinity,Infinity,Infinity,Infinity,Infinity,Infinity,Infinity,Infinity,Infinity,Infinity,Infinity,Infinity,Infinity,Infinity,Infinity,Infinity,Infinity,Infinity,Infinity,Infinity,Infinity,Infinity,Infinity,Infinity,Infinity,Infinity,Infinity,Infinity,Infinity,Infinity,Infinity,Infinity,Infinity,Infinity,Infinity,Infinity,Infinity,Infinity,Infinity,Infinity,Infinity,Infinity,Infinity,Infinity,Infinity,Infinity,Infinity,Infinity,Infinity,Infinity,Infinity,Infinity,Infinity,Infinity,Infinity,Infinity,Infinity,Infinity,Infinity,Infinity,Infinity,Infinity,Infinity,Infinity,Infinity,Infinity,Infinity,Infinity,Infinity,Infinity,Infinity,Infinity,Infinity,Infinity,Infinity,Infinity,Infinity,Infinity,Infinity,Infinity,Infinity,Infinity,Infinity,Infinity,Infinity,Infinity,Infinity,Infinity,Infinity,Infinity,Infinity,Infinity] [0.0,0.0,0.0,0.0,0.0,0.0,0.0,0.0,0.0,0.0,0.0,0.0,0.0,0.0,0.0,0.0,0.0,0.0,0.0,0.0,0.0,0.0,0.0,0.0,0.0,0.0,0.0,0.0,0.0,0.0,0.0,0.0,0.0,0.0,0.0,0.0,0.0,0.0,0.0,0.0,0.0,0.0,0.0,0.0,0.0,0.0,0.0,0.0,0.0,0.0,0.0,0.0,0.0,0.0,0.0,0.0,0.0,0.0,0.0,0.0,0.0,0.0,0.0,0.0,0.0,0.0,0.0,0.0,0.0,0.0,0.0,0.0,0.0,0.0,0.0,0.0,0.0,0.0,0.0,0.0,0.0,0.0,0.0,0.0,0.0,0.0,0.0,0.0,0.0,0.0,0.0,0.0,0.0,0.0,0.0,0.0,0.0,0.0,0.0,0.0,0.0,0.0,0.0,0.0,0.0,0.0,0.0,0.0,0.0,0.0,0.0,0.0,0.0,0.0,0.0,0.0,0.0,0.0,0.0,0.0,0.0,0.0,0.0,0.0,0.0,0.0,0.0,0.0,0.0,0.0,0.0,0.0,0.0,0.0,0.0,0.0,0.0,0.0,0.0,0.0,0.0,0.0,0.0,0.0,0.0,0.0,0.0,0.0,0.0,0.0,0.0,0.0,0.0,0.0,0.0,0.0,0.0,0.0,0.0,0.0,0.0,0.0,0.0,0.0,0.0,0.0,0.0,0.0,0.0,0.0,0.0,0.0,0.0,0.0,0.0,0.0,0.0,0.0,0.0,0.0,0.0,0.0,0.0,0.0,0.0,0.0,0.0,0.0,0.0,0.0,0.0,0.0,0.0,0.0,0.0,0.0,0.0,0.0,0.0,0.0,0.0,0.0,0.0,0.0,0.0,0.0,0.0,0.0,0.0,0.0,0.0,0.0,0.0,0.0,0.0,0.0,0.0,0.0,0.0,0.0,0.0,0.0,0.0,0.0,0.0,0.0,0.0,0.0,0.0,0.0,0.0,0.0,0.0,0.0,0.0,0.0,0.0,0.0,0.0,0.0,0.0,0.0,0.0,0.0,0.0,0.0,0.0,0.0,0.0,0.0,0.0,0.0,0.0,0.0,0.0,0.0,0.0,0.0,0.0,0.0,0.0,0.0,0.0,0.0,0.0,0.0,0.0,0.0,0.0,0.0,0.0,0.0,0.0,0.0,0.0,0.0,0.0,0.0,0.0,0.0,0.0,0.0,0.0,0.0,0.0,0.0,0.0,0.0,0.0,0.0,0.0,0.0,0.0,0.0,0.0,0.0,0.0,0.0,0.0,0.0]
56224.755851927475 [0.0,0.0,0.0,0.0,0.0,0.0,0.0,0.0,0.0,0.0,0.0,0.0,0.0,0.0,0.0,0.0,0.0,0.0,0.0,0.0,0.0,0.0,0.0,0.0,0.0,0.0,0.0,0.0,0.0,0.0,0.0,0.0,0.0,0.0,0.0,0.0,0.0,0.0,0.0,0.0,0.0,0.0,0.0,0.0,0.0,0.0,0.0,0.0,0.0,0.0,0.0,0.0,0.0,0.0,0.0,0.0,0.0,0.0,0.0,0.0,0.0,0.0,0.0,0.0,0.0,0.0,0.0,0.0,0.0,0.0,0.0,0.0,0.0,0.0,0.0,0.0,0.0,0.0,0.0,0.0,0.0,0.0,0.0,0.0,0.0,0.0,0.0,0.0,0.0,0.0,0.0,0.0,0.0,0.0,0.0,0.0,0.0,0.0,0.0,0.0,0.0,0.0,0.0,0.0,0.0,0.0,0.0,0.0,0.0,0.0,0.0,0.0,0.0,0.0,0.0,0.0,0.0,0.0,0.0,0.0,0.0,0.0,0.0,0.0,0.0,0.0,0.0,0.0,0.0,0.0,0.0,0.0,0.0,0.0,0.0,0.0,0.0,0.0,0.0,0.0,145.7529856172243,101.08010702087398,59.973437208785924,43.89338443034621,40.48199146534153,54.91072173003889,82.03204456556418,90.09859579851803,85.07223380969819,98.1903009813189,94.35962829694472,113.95953429940676,162.17755736442814,181.20032701395635,181.49063701237174,195.79733930176923,199.86534398050097,210.98533516710617,202.16455640548114,178.02384614838152,192.77792893314938,170.42992221665176,194.4875359717067,205.37744471056075,210.3591085318274,202.97674402621416,213.13044818232297,237.64467328845794,278.2091752504896,285.04837641743853,295.97803075914555,246.43035157072225,270.67199190780957,283.5568906562476,301.1107432695662,262.526597966753,248.91947737851916,232.11111646316124,184.26301983276238,191.67381825209833,165.51757277195586,180.7040235282779,183.33175006555103,187.3460088020036,207.98875235380387,198.6053063838856,207.74740575014363,200.61953106495196,198.05959405994898,214.09545585170076,194.9109312923068,179.16927209289813,171.49485583844475,153.98501860380188,162.58431689533052,163.19394421555413,148.8059688710502,134.10804770842194,122.2864298788439,135.40477937648976,120.96944170989809,161.6324889274489,161.1996699636996,158.67360391811513,165.17874754653317,156.325439199545,137.53328099469488,129.206100560789,136.6800915966454,122.44315710952824,110.90726525744466,118.16598568249177,119.01544999222672,112.90596957514501,131.19233458265214,130.39005835066354,125.38100421736772,115.61531575306483,112.45699993515733,102.0608202502841,114.76732272499592,104.05682360680623,105.76924192506414,94.43667869304787,88.62388264443518,85.98899568643209,91.51356447856125,97.25441484388433,94.77424812908944,93.04073537579761,89.68131246879423,97.55209240146883,96.05073890409112,89.71766464936492,85.08985810330243,85.38510312146421,86.47960867846705,85.78115349084005,74.3683717188094,77.13359919230487,73.44218317367378,72.42944022327806,73.50640951328607,67.01555650286095,71.56313846461524,72.09400810771498,63.408509230796724,54.56106958715731,59.27583949911017,56.77976794483528,54.018016037556876,48.73345019282153,47.18278595584495,51.74047298591323,52.319379010277025,49.10332133534704,40.85205600319717,39.499978409945896,35.11508254138198,33.53159083202564,34.42760054955631,36.655832050932254,33.311713407566664,30.627737022438964,36.3878394795027,35.42856192581442,38.162487740317246,36.711599476924675,37.9269607784801,38.56759228210163,36.79503598058026,36.035767703581676,35.43272493578321,32.83672172999082,33.41630508468694,29.785090504587394,30.888080813377176,27.287436603663696,24.679510358951983,24.398320776034414,26.099710483667334,29.929382440014958,34.17131644965483,33.809841816365314,29.098430260215213,30.14734060685551,30.14722440080171,25.904489077001603,22.891134590077932,16.556793979177698,13.733685475392845,10.16516576853406,10.837244268975304,9.348429809969401,11.5487446365316,9.100843818010386,9.7018472103876,7.9659512113618325,7.953061175008296,7.518782944292969] [1311.2619900786005,1321.8202200865917,1332.463464547639,1343.19240799478,1354.0077404728797,1364.9101575830227,1375.9003605272408,1386.9790561536227,1398.1469570017646,1409.4047813486081,1420.7532532546286,1432.193102610412,1443.7250651835902,1455.3498826661717,1467.068302722235,1478.881079036026,1490.78897136042,1502.7927455657994,1514.8931736892998,1527.0910339844697,1539.3871109713293,1551.7821954868166,1564.2770847356642,1576.872582341659,1589.569498399342,1602.368649526097,1615.270858914685,1628.2769563861766,1641.3877784433362,1654.6041683244075,1667.9269760573632,1681.3570585145608,1694.895279467867,1708.5425096441993,1722.2996267815402,1736.1675156853773,1750.1470682856248,1764.2391836939755,1778.4447682617345,1792.7647356381167,1807.2000068289992,1821.7515102561672,1836.4201818170154,1851.2069649447558,1866.112810669078,1881.1386776773347,1896.285532376183,1911.5543489537563,1926.9461094423048,1942.4618037813711,1958.1024298814455,1973.8689936881608,1989.7625092469793,2005.7839987684179,2021.9344926937952,2038.215029761504,2054.626657073813,2071.1704301642176,2087.8474130653335,2104.6586783773164,2121.605307336866,2138.6883898867477,2155.9090247459117,2173.268319480143,2190.767390573309,2208.407363499154,2226.1893727937027,2244.1145621282076,2262.184084382728,2280.399101720259,2298.7607856614945,2317.2703171601615,2335.9288866789793,2354.7376942662327,2373.6979496329395,2392.810872230673,2412.077691329971,2431.4996460994216,2451.0779856853383,2470.813969292122,2490.7088662632277,2510.763956162824,2530.9805288580706,2551.359884602096,2571.9033341176064,2592.612198681206,2613.487810208354,2634.5315113390543,2655.7446555241822,2677.1286071125573,2698.6847414386757,2720.4144449111714,2742.319115101994,2764.4001608362782,2786.6590022829737,2809.097071046162,2831.715810257159,2854.5166746673017,2877.5011307415425,2900.67065675274,2924.0267428767575,2947.570891288285,2971.304616257478,2995.22944424732,3019.346914011829,3043.658576695001,3068.1659959305807,3092.870747942638,3117.7744216469364,3142.87861875312,3168.1849538677375,3193.695054598094,3219.410561656912,3245.333128967883,3271.4644237720117,3297.806126734876,3324.3599320546946,3351.1275475713155,3378.1106948760344,3405.3111094223436,3432.7305406375262,3460.3707520352004,3488.23352132871,3516.320640545493,3544.6339161423107,3573.1751691214417,3601.9462351478164,3630.9489646670518,3660.1852230244945,3689.6568905851636,3719.3658628547196,3749.3140506013438,3779.5033799786634,3809.935792649603,3840.6132459112973,3871.5377128209448,3902.7111823227383,3934.135659375755,3965.8131650829396,3997.7457368210635,4029.9354283717907,4062.3843100537392,4095.0944688556665,4128.068008570669,4161.3070499315045,4194.813730746993,4228.590206039511,4262.638648183577,4296.961247045588,4331.560210124669,4366.437762694626,4401.596147947099,4437.037627135803,4472.764479721992,4508.779003521039,4545.083514850253,4581.680348677821,4618.571858773019,4655.7604178575675,4693.248417758249,4731.038269560753,4769.132403764733,4807.533270440121,4846.243339384716,4885.265100283049,4924.601062866471,4964.253757074609,5004.22573321805,5044.519562142395,5085.137835393579,5126.08316538458,5167.3581855634,5208.965550582488,5250.907936469426,5293.188040799074,5335.808582867062,5378.772303864684,5422.081967055189,5465.740357951513,5509.7502844954415,5554.1145772382,5598.836089522486,5643.917697666003,5689.362301146471,5735.17282278806,5781.352208949439,5827.903429713208,5874.829479076986,5922.133375145914,5969.818160326825,6017.886901523867,6066.342690335802,6115.188643254807,6164.427901866934,6214.06363305417,6264.099029198114,6314.537308385285,6365.381714614103,6416.635518003553,6468.302015003491,6520.384528606639,6572.88640856233,6625.811031591967,6679.16180160615,6732.942149923667,6787.155535492116,6841.805445110439,6896.895393653112,6952.428924296275,7008.409608745552,7064.841047465831,7121.726869912778,7179.070734766296,7236.876330165845,7295.147373947643,7353.887613883764,7413.100827923194,7472.790824434837,7532.961442452409,7593.616551921397,7654.7600539479145,7716.395881049652,7778.527997408752,7841.160399126823,7904.2971144818985,7967.94220418758,8032.099761654146,8096.773913251861,8161.968818576374,8227.688670716232,8293.937696522553,8360.720156880894,8428.04034698531,8495.90259661459,8564.311270410717,8633.270768159597,8702.785525074065,8772.860012079082,8843.498736099358,8914.706240349144,8986.487104624512,9058.845945597834,9131.787417114787,9205.31621049359,9279.437054826807,9354.154717285446,9429.47400342559,9505.399757497484,9581.936862757088,9659.090241780126,9736.864856778713,9815.265709920519,9894.297843650465,9973.966341015032,10054.276325989182,10135.232963805956,10216.841461288606,10299.107067185563,10382.035072507933,10465.630810869876,10549.89965883156,10634.84703624505,10720.478406602804,10806.799277389146,10893.815200434417,10981.531772272076,11069.954634498676,11159.08947413668,11248.94202400021,11339.518063063782,11430.823416834026,11522.863957724268,11615.64560543233,11709.174327321158,11803.456138802712,11898.49710372478,11994.303334761045,12090.880993804161,12188.23629236214,12286.375491957784,12385.304904531427,12485.030892846919,12585.55987090084,12686.898304334996,12789.052710852275,12892.029660635888,12995.8357767719,13100.477735675182,13205.962267518828,13312.296156667053,13419.486242111492,13527.539417911097,13636.462633635434,13746.262894811807,13856.947263375758,13968.522858125163,14080.996855178266,14194.376488435144,14308.66905004285,14423.881890864615] 0.31126199007860056 [Infinity,Infinity,Infinity,Infinity,Infinity,Infinity,Infinity,Infinity,Infinity,Infinity,Infinity,Infinity,Infinity,Infinity,Infinity,Infinity,Infinity,Infinity,Infinity,Infinity,Infinity,Infinity,Infinity,Infinity,Infinity,Infinity,Infinity,Infinity,Infinity,Infinity,Infinity,Infinity,Infinity,Infinity,Infinity,Infinity,Infinity,Infinity,Infinity,Infinity,Infinity,Infinity,Infinity,Infinity,Infinity,Infinity,Infinity,Infinity,Infinity,Infinity,Infinity,Infinity,Infinity,Infinity,Infinity,Infinity,Infinity,Infinity,Infinity,Infinity,Infinity,Infinity,Infinity,Infinity,Infinity,Infinity,Infinity,Infinity,Infinity,Infinity,Infinity,Infinity,Infinity,Infinity,Infinity,Infinity,Infinity,Infinity,Infinity,Infinity,Infinity,Infinity,Infinity,Infinity,Infinity,Infinity,Infinity,Infinity,Infinity,Infinity,Infinity,Infinity,Infinity,Infinity,Infinity,Infinity,Infinity,Infinity,Infinity,Infinity,Infinity,Infinity,Infinity,Infinity,Infinity,Infinity,Infinity,Infinity,Infinity,Infinity,Infinity,Infinity,Infinity,Infinity,Infinity,Infinity,Infinity,Infinity,Infinity,Infinity,Infinity,Infinity,Infinity,Infinity,Infinity,Infinity,Infinity,Infinity,Infinity,Infinity,Infinity,Infinity,Infinity,Infinity,Infinity,Infinity,Infinity,Infinity,Infinity,Infinity,7.029681782783561,4.922630588567773,3.0287036946855164,2.0627034333711354,2.0357303602292274,2.8762006593295952,4.1023414962450335,4.9496913427951155,4.880492508672688,4.521243738936539,4.835487264820108,6.135613810885678,7.668049275916728,8.649087108340424,9.077720287010527,9.376232072749998,9.752980458931217,9.948657574762532,9.688222951707955,9.191782233969473,8.95442423282255,9.186665797115534,9.612560021126033,9.957393475807585,10.231445575203468,10.538919861632907,11.004467443519998,11.768238760669005,12.736369546257993,13.400586300666026,13.432545766237798,13.344883178009358,13.727071098282746,14.25098010253814,14.229402051190135,13.6365306272365,12.895620656384787,12.050674052429859,10.765135988611629,9.290080617434892,8.656179766544808,9.133681676742059,9.689187584552714,9.764736842262248,9.842208513167202,10.144915283852901,10.266795032289634,10.08702715022159,10.03697822992903,10.153440331840278,9.883934828639234,9.195349080010098,8.645200653413294,8.439498134726511,8.455985508329576,8.33415590166793,7.719001980314106,6.935306294892705,6.44651332938071,6.461386304133525,6.943933141896908,7.553396780301965,8.020300900817757,8.183224168637512,8.069011187198061,7.7541893634972965,7.269268181029602,6.765171274838036,6.472443256014121,6.267633540687553,6.043115488505679,6.040898843471095,6.122100795801932,5.963618778693806,5.908483835918313,6.0236707615072955,5.901656477982243,5.686182806135738,5.589727295357375,5.5788651843800015,5.554769991228985,5.386369878151635,4.974484145021178,4.547717437032662,4.297841581706536,4.204000118065395,4.3538248472993475,4.643200031521064,4.820171446840364,4.88480246295322,4.881310363489852,4.8139560100768986,4.6574125414342475,4.517768536726368,4.426094713677239,4.324488209972946,4.191230265721101,4.135688337607209,3.95537409185847,3.6543603340817983,3.6636270208493245,3.5477840050971197,3.4268916510243295,3.4261887406922633,3.373954514803669,3.225891424490585,3.110061309051852,3.031552610938751,2.982941719765469,2.923852557374201,2.784030925272818,2.6074760938196677,2.4748060521943502,2.517046127064819,2.577875699424914,2.4118963415103876,2.158175196952934,1.9670761948003013,1.7801718878189488,1.790123863648483,1.7663673026104352,1.7700831007640339,1.74911782529933,1.7614782607616708,1.7592372714919862,1.8820934204698285,1.9569688693516354,1.912916998252373,1.8898448093732934,1.9023558985574478,1.8329676111687803,1.7828059399516882,1.7063777907074655,1.6614446214623773,1.5334067597020096,1.5298726762420947,1.5779624087428898,1.3221341250217098,1.3220735821291505,1.3878761438716805,1.3683939330909092,1.5644388823329625,1.6818574638383759,1.6328247112511414,1.5221700596805556,1.5076844323129688,1.420174738109918,1.2722757324844705,1.0847404513882881,0.8831295448127078,0.7110078603070121,0.49101040896092557,0.5214694585754533,0.5080550036671433,0.5555178747491192,0.49240235932537557,0.4989020689903386,0.3992031164931949,0.3855310029220166,0.3597084255898756] [0.0,0.0,0.0,0.0,0.0,0.0,0.0,0.0,0.0,0.0,0.0,0.0,0.0,0.0,0.0,0.0,0.0,0.0,0.0,0.0,0.0,0.0,0.0,0.0,0.0,0.0,0.0,0.0,0.0,0.0,0.0,0.0,0.0,0.0,0.0,0.0,0.0,0.0,0.0,0.0,0.0,0.0,0.0,0.0,0.0,0.0,0.0,0.0,0.0,0.0,0.0,0.0,0.0,0.0,0.0,0.0,0.0,0.0,0.0,0.0,0.0,0.0,0.0,0.0,0.0,0.0,0.0,0.0,0.0,0.0,0.0,0.0,0.0,0.0,0.0,0.0,0.0,0.0,0.0,0.0,0.0,0.0,0.0,0.0,0.0,0.0,0.0,0.0,0.0,0.0,0.0,0.0,0.0,0.0,0.0,0.0,0.0,0.0,0.0,0.0,0.0,0.0,0.0,0.0,0.0,0.0,0.0,0.0,0.0,0.0,0.0,0.0,0.0,0.0,0.0,0.0,0.0,0.0,0.0,0.0,0.0,0.0,0.0,0.0,0.0,0.0,0.0,0.0,0.0,0.0,0.0,0.0,0.0,0.0,0.0,0.0,0.0,0.0,0.0,0.0,5.159349961553099,2.627495249518511,-0.6006366849244065,2.6393157629235007,-0.2326157392430183,-2.613291456553024,-0.014785359336494757,-8.895231057384285,-12.537616363755573,7.7654262025881104,-2.3501169994574465,-8.752741918306803,8.816571846093593,8.218584847147877,-0.06376872783881245,8.272697846769255,4.805734801876601,12.012183671855551,8.400097371322042,-5.811798531007915,13.689444276698383,-13.303393725658948,2.2363355491860775,6.229575194409043,5.730197027758032,-7.801653206443973,-6.958900688076983,2.27989807507783,23.481784325329713,17.036650404118003,27.327115434389604,-20.467311989464882,-3.8694300578453764,-1.4627113945151708,16.522702245763508,-10.204014577976997,-8.992935749176587,-8.902364585435935,-31.039699939470196,5.872205903400475,-7.606022558940299,-1.9696100065632791,-10.452001625503234,-7.948728043241344,11.14458209045983,-4.292999293172456,2.4115051043509226,-1.1210119394798557,-2.6799705386316357,11.026649214895201,-2.7677652804778696,-4.737709507303833,-1.4091572298211603,-14.804944090728346,-6.535393271261007,-3.4891738178044873,-5.574070735231902,-4.59807818943216,-6.643836708770298,6.177053293819267,-17.909221128040066,10.564553321409605,0.7936519473444565,-4.9908794546351,3.79852380257197,1.2416519295990742,-7.852082625897173,-6.09732493597174,7.231226476362991,-2.909513704222831,-9.955044512668923,-2.651991186930136,-3.4265659238119106,-6.366405998731109,13.022657864285883,9.916643120517644,7.3478746577228575,1.8916596303500668,0.6624540280098267,-9.516483437315927,3.671922900416217,-3.670573956226467,6.279559024640587,3.482329952394619,2.6670510103044687,1.9089933251241795,4.437067532574305,4.39041421346305,-1.6291808077178385,-4.6553138832667935,-7.944894801002802,1.272972199930865,2.9024880754061666,-0.6377060851624381,-3.432036170242345,-1.1046610779947212,2.655003364045012,3.0673867386958777,-4.7391101183600055,4.046392510668909,0.1696427566873005,1.47376012133567,4.968576492799482,-1.508218310984319,4.084048168541854,7.576179617903284,1.2072830497596831,-6.069982631617713,-0.38299489619920596,-1.6972832026487443,-1.6626024678994815,-3.416071683571829,-2.3133350880420545,1.399550444616854,0.761865021778739,0.8653945051392923,-2.31144793586151,0.15845451393987084,-0.4883552149969954,-2.270886440944016,-0.8997455026523946,1.254170035651573,-1.6706430984199367,-4.601828192794448,1.203094049662977,-2.2133064835821514,-0.9768896467154617,-1.5467404881227875,0.13006459101423473,0.5204743109526713,0.13568375720465328,0.3796489045479146,1.3051691216339016,-0.3921706992567236,2.7481698906467433,-0.8123630202544965,-0.6711673614806214,0.8447541032295001,-1.7619612836310268,-3.3592021013991946,-1.2681681781508503,-1.3593952066442911,0.5341671728873182,1.1533475913424849,-1.3449709333959,-0.006348039403862741,1.7437296386033547,0.45897442731219623,1.1963255623121671,-1.1057969170764568,-0.48647173074739836,0.34495758931554854,0.4078550974662381,-0.8126702633734649,0.43838714154921576,-0.7472033684971252,-0.2761941694191722,-0.018111118502065635,0.2424411165679644,0.3246144324954572]
56397.01805411218 [0.0,0.0,0.0,0.0,0.0,0.0,0.0,0.0,0.0,0.0,0.0,0.0,0.0,0.0,0.0,0.0,0.0,0.0,0.0,0.0,0.0,0.0,0.0,0.0,0.0,0.0,0.0,0.0,0.0,0.0,0.0,0.0,0.0,0.0,0.0,0.0,0.0,0.0,0.0,0.0,0.0,0.0,0.0,0.0,0.0,0.0,0.0,0.0,0.0,0.0,0.0,0.0,0.0,0.0,0.0,0.0,0.0,0.0,0.0,0.0,0.0,0.0,0.0,0.0,0.0,0.0,0.0,0.0,0.0,0.0,0.0,0.0,0.0,0.0,0.0,0.0,0.0,0.0,0.0,0.0,0.0,0.0,0.0,0.0,0.0,0.0,0.0,0.0,0.0,0.0,0.0,0.0,0.0,0.0,0.0,0.0,0.0,0.0,0.0,0.0,0.0,0.0,0.0,0.0,0.0,0.0,0.0,0.0,0.0,0.0,0.0,0.0,0.0,0.0,0.0,0.0,0.0,0.0,0.0,0.0,0.0,0.0,0.0,0.0,0.0,0.0,0.0,0.0,0.0,0.0,0.0,0.0,0.0,0.0,0.0,0.0,0.0,0.0,0.0,0.0,0.0,0.0,0.0,0.0,0.0,0.0,0.0,0.0,0.0,0.0,0.0,0.0,0.0,0.0,0.0,0.0,0.0,0.0,0.0,0.0,0.0,0.0,0.0,0.0,0.0,0.0,0.0,0.0,0.0,0.0,0.0,0.0,0.0,0.0,0.0,0.0,0.0,0.0,0.0,0.0,0.0,0.0,0.0,0.0,0.0,0.0,0.0,0.0,0.0,0.0,0.0,0.0,0.0,0.0,0.0,0.0,0.0,0.0,0.0,0.0,0.0,0.0,0.0,0.0,0.0,0.0,0.0,0.0,0.0,0.0,0.0,0.0,0.0,0.0,0.0,0.0,0.0,0.0,0.0,0.0,0.0,0.0,0.0,0.0,0.0,0.0,0.0,0.0,0.0,0.0,0.0,0.0,0.0,0.0,0.0,0.0,0.0,0.0,0.0,0.0,0.0,0.0,0.0,0.0,0.0,0.0,0.0,0.0,0.0,0.0,0.0,0.0,0.0,0.0,0.0,0.0,0.0,0.0,0.0,0.0,0.0,0.0,0.0,0.0,0.0,0.0,0.0,0.0,0.0,0.0,0.0,0.0,0.0,0.0,0.0,0.0,0.0,0.0,0.0,0.0,0.0,0.0,0.0,0.0,0.0,0.0,0.0,0.0,0.0,0.0,0.0,0.0,0.0,0.0,0.0,0.0,0.0,0.0,0.0,0.0] [1311.2619900786005,1321.8202200865917,1332.463464547639,1343.19240799478,1354.0077404728797,1364.9101575830227,1375.9003605272408,1386.9790561536227,1398.1469570017646,1409.4047813486081,1420.7532532546286,1432.193102610412,1443.7250651835902,1455.3498826661717,1467.068302722235,1478.881079036026,1490.78897136042,1502.7927455657994,1514.8931736892998,1527.0910339844697,1539.3871109713293,1551.7821954868166,1564.2770847356642,1576.872582341659,1589.569498399342,1602.368649526097,1615.270858914685,1628.2769563861766,1641.3877784433362,1654.6041683244075,1667.9269760573632,1681.3570585145608,1694.895279467867,1708.5425096441993,1722.2996267815402,1736.1675156853773,1750.1470682856248,1764.2391836939755,1778.4447682617345,1792.7647356381167,1807.2000068289992,1821.7515102561672,1836.4201818170154,1851.2069649447558,1866.112810669078,1881.1386776773347,1896.285532376183,1911.5543489537563,1926.9461094423048,1942.4618037813711,1958.1024298814455,1973.8689936881608,1989.7625092469793,2005.7839987684179,2021.9344926937952,2038.215029761504,2054.626657073813,2071.1704301642176,2087.8474130653335,2104.6586783773164,2121.605307336866,2138.6883898867477,2155.9090247459117,2173.268319480143,2190.767390573309,2208.407363499154,2226.1893727937027,2244.1145621282076,2262.184084382728,2280.399101720259,2298.7607856614945,2317.2703171601615,2335.9288866789793,2354.7376942662327,2373.6979496329395,2392.810872230673,2412.077691329971,2431.4996460994216,2451.0779856853383,2470.813969292122,2490.7088662632277,2510.763956162824,2530.9805288580706,2551.359884602096,2571.9033341176064,2592.612198681206,2613.487810208354,2634.5315113390543,2655.7446555241822,2677.1286071125573,2698.6847414386757,2720.4144449111714,2742.319115101994,2764.4001608362782,2786.6590022829737,2809.097071046162,2831.715810257159,2854.5166746673017,2877.5011307415425,2900.67065675274,2924.0267428767575,2947.570891288285,2971.304616257478,2995.22944424732,3019.346914011829,3043.658576695001,3068.1659959305807,3092.870747942638,3117.7744216469364,3142.87861875312,3168.1849538677375,3193.695054598094,3219.410561656912,3245.333128967883,3271.4644237720117,3297.806126734876,3324.3599320546946,3351.1275475713155,3378.1106948760344,3405.3111094223436,3432.7305406375262,3460.3707520352004,3488.23352132871,3516.320640545493,3544.6339161423107,3573.1751691214417,3601.9462351478164,3630.9489646670518,3660.1852230244945,3689.6568905851636,3719.3658628547196,3749.3140506013438,3779.5033799786634,3809.935792649603,3840.6132459112973,3871.5377128209448,3902.7111823227383,3934.135659375755,3965.8131650829396,3997.7457368210635,4029.9354283717907,4062.3843100537392,4095.0944688556665,4128.068008570669,4161.3070499315045,4194.813730746993,4228.590206039511,4262.638648183577,4296.961247045588,4331.560210124669,4366.437762694626,4401.596147947099,4437.037627135803,4472.764479721992,4508.779003521039,4545.083514850253,4581.680348677821,4618.571858773019,4655.7604178575675,4693.248417758249,4731.038269560753,4769.132403764733,4807.533270440121,4846.243339384716,4885.265100283049,4924.601062866471,4964.253757074609,5004.22573321805,5044.519562142395,5085.137835393579,5126.08316538458,5167.3581855634,5208.965550582488,5250.907936469426,5293.188040799074,5335.808582867062,5378.772303864684,5422.081967055189,5465.740357951513,5509.7502844954415,5554.1145772382,5598.836089522486,5643.917697666003,5689.362301146471,5735.17282278806,5781.352208949439,5827.903429713208,5874.829479076986,5922.133375145914,5969.818160326825,6017.886901523867,6066.342690335802,6115.188643254807,6164.427901866934,6214.06363305417,6264.099029198114,6314.537308385285,6365.381714614103,6416.635518003553,6468.302015003491,6520.384528606639,6572.88640856233,6625.811031591967,6679.16180160615,6732.942149923667,6787.155535492116,6841.805445110439,6896.895393653112,6952.428924296275,7008.409608745552,7064.841047465831,7121.726869912778,7179.070734766296,7236.876330165845,7295.147373947643,7353.887613883764,7413.100827923194,7472.790824434837,7532.961442452409,7593.616551921397,7654.7600539479145,7716.395881049652,7778.527997408752,7841.160399126823,7904.2971144818985,7967.94220418758,8032.099761654146,8096.773913251861,8161.968818576374,8227.688670716232,8293.937696522553,8360.720156880894,8428.04034698531,8495.90259661459,8564.311270410717,8633.270768159597,8702.785525074065,8772.860012079082,8843.498736099358,8914.706240349144,8986.487104624512,9058.845945597834,9131.787417114787,9205.31621049359,9279.437054826807,9354.154717285446,9429.47400342559,9505.399757497484,9581.936862757088,9659.090241780126,9736.864856778713,9815.265709920519,9894.297843650465,9973.966341015032,10054.276325989182,10135.232963805956,10216.841461288606,10299.107067185563,10382.035072507933,10465.630810869876,10549.89965883156,10634.84703624505,10720.478406602804,10806.799277389146,10893.815200434417,10981.531772272076,11069.954634498676,11159.08947413668,11248.94202400021,11339.518063063782,11430.823416834026,11522.863957724268,11615.64560543233,11709.174327321158,11803.456138802712,11898.49710372478,11994.303334761045,12090.880993804161,12188.23629236214,12286.375491957784,12385.304904531427,12485.030892846919,12585.55987090084,12686.898304334996,12789.052710852275,12892.029660635888,12995.8357767719,13100.477735675182,13205.962267518828,13312.296156667053,13419.486242111492,13527.539417911097,13636.462633635434,13746.262894811807,13856.947263375758,13968.522858125163,14080.996855178266,14194.376488435144,14308.66905004285,14423.881890864615] 0.31126199007860056 [Infinity,Infinity,Infinity,Infinity,Infinity,Infinity,Infinity,Infinity,Infinity,Infinity,Infinity,Infinity,Infinity,Infinity,Infinity,Infinity,Infinity,Infinity,Infinity,Infinity,Infinity,Infinity,Infinity,Infinity,Infinity,Infinity,Infinity,Infinity,Infinity,Infinity,Infinity,Infinity,Infinity,Infinity,Infinity,Infinity,Infinity,Infinity,Infinity,Infinity,Infinity,Infinity,Infinity,Infinity,Infinity,Infinity,Infinity,Infinity,Infinity,Infinity,Infinity,Infinity,Infinity,Infinity,Infinity,Infinity,Infinity,Infinity,Infinity,Infinity,Infinity,Infinity,Infinity,Infinity,Infinity,Infinity,Infinity,Infinity,Infinity,Infinity,Infinity,Infinity,Infinity,Infinity,Infinity,Infinity,Infinity,Infinity,Infinity,Infinity,Infinity,Infinity,Infinity,Infinity,Infinity,Infinity,Infinity,Infinity,Infinity,Infinity,Infinity,Infinity,Infinity,Infinity,Infinity,Infinity,Infinity,Infinity,Infinity,Infinity,Infinity,Infinity,Infinity,Infinity,Infinity,Infinity,Infinity,Infinity,Infinity,Infinity,Infinity,Infinity,Infinity,Infinity,Infinity,Infinity,Infinity,Infinity,Infinity,Infinity,Infinity,Infinity,Infinity,Infinity,Infinity,Infinity,Infinity,Infinity,Infinity,Infinity,Infinity,Infinity,Infinity,Infinity,Infinity,Infinity,Infinity,Infinity,Infinity,Infinity,Infinity,Infinity,Infinity,Infinity,Infinity,Infinity,Infinity,Infinity,Infinity,Infinity,Infinity,Infinity,Infinity,Infinity,Infinity,Infinity,Infinity,Infinity,Infinity,Infinity,Infinity,Infinity,Infinity,Infinity,Infinity,Infinity,Infinity,Infinity,Infinity,Infinity,Infinity,Infinity,Infinity,Infinity,Infinity,Infinity,Infinity,Infinity,Infinity,Infinity,Infinity,Infinity,Infinity,Infinity,Infinity,Infinity,Infinity,Infinity,Infinity,Infinity,Infinity,Infinity,Infinity,Infinity,Infinity,Infinity,Infinity,Infinity,Infinity,Infinity,Infinity,Infinity,Infinity,Infinity,Infinity,Infinity,Infinity,Infinity,Infinity,Infinity,Infinity,Infinity,Infinity,Infinity,Infinity,Infinity,Infinity,Infinity,Infinity,Infinity,Infinity,Infinity,Infinity,Infinity,Infinity,Infinity,Infinity,Infinity,Infinity,Infinity,Infinity,Infinity,Infinity,Infinity,Infinity,Infinity,Infinity,Infinity,Infinity,Infinity,Infinity,Infinity,Infinity,Infinity,Infinity,Infinity,Infinity,Infinity,Infinity,Infinity,Infinity,Infinity,Infinity,Infinity,Infinity,Infinity,Infinity,Infinity,Infinity,Infinity,Infinity,Infinity,Infinity,Infinity,Infinity,Infinity,Infinity,Infinity,Infinity,Infinity,Infinity,Infinity,Infinity,Infinity,Infinity,Infinity,Infinity,Infinity,Infinity,Infinity,Infinity,Infinity,Infinity,Infinity,Infinity,Infinity,Infinity,Infinity,Infinity,Infinity,Infinity,Infinity,Infinity,Infinity,Infinity,Infinity,Infinity,Infinity,Infinity,Infinity] [0.0,0.0,0.0,0.0,0.0,0.0,0.0,0.0,0.0,0.0,0.0,0.0,0.0,0.0,0.0,0.0,0.0,0.0,0.0,0.0,0.0,0.0,0.0,0.0,0.0,0.0,0.0,0.0,0.0,0.0,0.0,0.0,0.0,0.0,0.0,0.0,0.0,0.0,0.0,0.0,0.0,0.0,0.0,0.0,0.0,0.0,0.0,0.0,0.0,0.0,0.0,0.0,0.0,0.0,0.0,0.0,0.0,0.0,0.0,0.0,0.0,0.0,0.0,0.0,0.0,0.0,0.0,0.0,0.0,0.0,0.0,0.0,0.0,0.0,0.0,0.0,0.0,0.0,0.0,0.0,0.0,0.0,0.0,0.0,0.0,0.0,0.0,0.0,0.0,0.0,0.0,0.0,0.0,0.0,0.0,0.0,0.0,0.0,0.0,0.0,0.0,0.0,0.0,0.0,0.0,0.0,0.0,0.0,0.0,0.0,0.0,0.0,0.0,0.0,0.0,0.0,0.0,0.0,0.0,0.0,0.0,0.0,0.0,0.0,0.0,0.0,0.0,0.0,0.0,0.0,0.0,0.0,0.0,0.0,0.0,0.0,0.0,0.0,0.0,0.0,0.0,0.0,0.0,0.0,0.0,0.0,0.0,0.0,0.0,0.0,0.0,0.0,0.0,0.0,0.0,0.0,0.0,0.0,0.0,0.0,0.0,0.0,0.0,0.0,0.0,0.0,0.0,0.0,0.0,0.0,0.0,0.0,0.0,0.0,0.0,0.0,0.0,0.0,0.0,0.0,0.0,0.0,0.0,0.0,0.0,0.0,0.0,0.0,0.0,0.0,0.0,0.0,0.0,0.0,0.0,0.0,0.0,0.0,0.0,0.0,0.0,0.0,0.0,0.0,0.0,0.0,0.0,0.0,0.0,0.0,0.0,0.0,0.0,0.0,0.0,0.0,0.0,0.0,0.0,0.0,0.0,0.0,0.0,0.0,0.0,0.0,0.0,0.0,0.0,0.0,0.0,0.0,0.0,0.0,0.0,0.0,0.0,0.0,0.0,0.0,0.0,0.0,0.0,0.0,0.0,0.0,0.0,0.0,0.0,0.0,0.0,0.0,0.0,0.0,0.0,0.0,0.0,0.0,0.0,0.0,0.0,0.0,0.0,0.0,0.0,0.0,0.0,0.0,0.0,0.0,0.0,0.0,0.0,0.0,0.0,0.0,0.0,0.0,0.0,0.0,0.0,0.0,0.0,0.0,0.0,0.0,0.0,0.0,0.0,0.0,0.0,0.0,0.0,0.0,0.0,0.0,0.0,0.0,0.0,0.0]
56136.621930042216 [0.0,0.0,0.0,0.0,0.0,0.0,0.0,0.0,0.0,0.0,0.0,0.0,0.0,0.0,0.0,0.0,0.0,0.0,0.0,0.0,0.0,0.0,0.0,0.0,0.0,0.0,0.0,0.0,0.0,0.0,0.0,0.0,0.0,0.0,0.0,0.0,0.0,0.0,0.0,0.0,0.0,0.0,0.0,0.0,0.0,0.0,0.0,0.0,0.0,0.0,0.0,0.0,0.0,0.0,0.0,0.0,0.0,0.0,0.0,0.0,0.0,0.0,0.0,0.0,0.0,0.0,0.0,0.0,0.0,0.0,0.0,0.0,0.0,0.0,0.0,0.0,0.0,0.0,0.0,0.0,0.0,0.0,0.0,0.0,0.0,0.0,0.0,0.0,0.0,0.0,0.0,0.0,0.0,0.0,0.0,0.0,0.0,0.0,0.0,0.0,0.0,0.0,0.0,0.0,0.0,0.0,0.0,0.0,0.0,0.0,0.0,0.0,0.0,0.0,0.0,0.0,0.0,0.0,0.0,0.0,0.0,0.0,0.0,0.0,0.0,0.0,0.0,0.0,0.0,0.0,0.0,0.0,0.0,0.0,0.0,0.0,0.0,0.0,0.0,0.0,0.0,0.0,0.0,0.0,0.0,0.0,0.0,0.0,0.0,0.0,0.0,0.0,0.0,0.0,0.0,0.0,0.0,0.0,0.0,0.0,0.0,0.0,0.0,0.0,0.0,0.0,0.0,0.0,0.0,0.0,0.0,0.0,0.0,0.0,0.0,0.0,0.0,0.0,0.0,0.0,0.0,0.0,0.0,0.0,0.0,0.0,0.0,0.0,0.0,0.0,0.0,0.0,0.0,0.0,0.0,0.0,0.0,0.0,0.0,0.0,0.0,0.0,0.0,0.0,0.0,0.0,0.0,0.0,0.0,0.0,0.0,0.0,0.0,0.0,0.0,0.0,0.0,0.0,0.0,0.0,0.0,0.0,0.0,0.0,0.0,0.0,0.0,0.0,0.0,0.0,0.0,0.0,0.0,0.0,0.0,0.0,0.0,0.0,0.0,0.0,0.0,0.0,0.0,0.0,0.0,0.0,0.0,0.0,0.0,0.0,0.0,0.0,0.0,0.0,0.0,0.0,0.0,0.0,0.0,0.0,0.0,0.0,0.0,0.0,0.0,0.0,0.0,0.0,0.0,0.0,0.0,0.0,0.0,0.0,0.0,0.0,0.0,0.0,0.0,0.0,0.0,0.0,0.0,0.0,0.0,0.0,0.0,0.0,0.0,0.0,0.0,0.0,0.0,0.0,0.0,0.0,0.0,0.0,0.0,0.0] [1311.2619900786005,1321.8202200865917,1332.463464547639,1343.19240799478,1354.0077404728797,1364.9101575830227,1375.9003605272408,1386.9790561536227,1398.1469570017646,1409.4047813486081,1420.7532532546286,1432.193102610412,1443.7250651835902,1455.3498826661717,1467.068302722235,1478.881079036026,1490.78897136042,1502.7927455657994,1514.8931736892998,1527.0910339844697,1539.3871109713293,1551.7821954868166,1564.2770847356642,1576.872582341659,1589.569498399342,1602.368649526097,1615.270858914685,1628.2769563861766,1641.3877784433362,1654.6041683244075,1667.9269760573632,1681.3570585145608,1694.895279467867,1708.5425096441993,1722.2996267815402,1736.1675156853773,1750.1470682856248,1764.2391836939755,1778.4447682617345,1792.7647356381167,1807.2000068289992,1821.7515102561672,1836.4201818170154,1851.2069649447558,1866.112810669078,1881.1386776773347,1896.285532376183,1911.5543489537563,1926.9461094423048,1942.4618037813711,1958.1024298814455,1973.8689936881608,1989.7625092469793,2005.7839987684179,2021.9344926937952,2038.215029761504,2054.626657073813,2071.1704301642176,2087.8474130653335,2104.6586783773164,2121.605307336866,2138.6883898867477,2155.9090247459117,2173.268319480143,2190.767390573309,2208.407363499154,2226.1893727937027,2244.1145621282076,2262.184084382728,2280.399101720259,2298.7607856614945,2317.2703171601615,2335.9288866789793,2354.7376942662327,2373.6979496329395,2392.810872230673,2412.077691329971,2431.4996460994216,2451.0779856853383,2470.813969292122,2490.7088662632277,2510.763956162824,2530.9805288580706,2551.359884602096,2571.9033341176064,2592.612198681206,2613.487810208354,2634.5315113390543,2655.7446555241822,2677.1286071125573,2698.6847414386757,2720.4144449111714,2742.319115101994,2764.4001608362782,2786.6590022829737,2809.097071046162,2831.715810257159,2854.5166746673017,2877.5011307415425,2900.67065675274,2924.0267428767575,2947.570891288285,2971.304616257478,2995.22944424732,3019.346914011829,3043.658576695001,3068.1659959305807,3092.870747942638,3117.7744216469364,3142.87861875312,3168.1849538677375,3193.695054598094,3219.410561656912,3245.333128967883,3271.4644237720117,3297.806126734876,3324.3599320546946,3351.1275475713155,3378.1106948760344,3405.3111094223436,3432.7305406375262,3460.3707520352004,3488.23352132871,3516.320640545493,3544.6339161423107,3573.1751691214417,3601.9462351478164,3630.9489646670518,3660.1852230244945,3689.6568905851636,3719.3658628547196,3749.3140506013438,3779.5033799786634,3809.935792649603,3840.6132459112973,3871.5377128209448,3902.7111823227383,3934.135659375755,3965.8131650829396,3997.7457368210635,4029.9354283717907,4062.3843100537392,4095.0944688556665,4128.068008570669,4161.3070499315045,4194.813730746993,4228.590206039511,4262.638648183577,4296.961247045588,4331.560210124669,4366.437762694626,4401.596147947099,4437.037627135803,4472.764479721992,4508.779003521039,4545.083514850253,4581.680348677821,4618.571858773019,4655.7604178575675,4693.248417758249,4731.038269560753,4769.132403764733,4807.533270440121,4846.243339384716,4885.265100283049,4924.601062866471,4964.253757074609,5004.22573321805,5044.519562142395,5085.137835393579,5126.08316538458,5167.3581855634,5208.965550582488,5250.907936469426,5293.188040799074,5335.808582867062,5378.772303864684,5422.081967055189,5465.740357951513,5509.7502844954415,5554.1145772382,5598.836089522486,5643.917697666003,5689.362301146471,5735.17282278806,5781.352208949439,5827.903429713208,5874.829479076986,5922.133375145914,5969.818160326825,6017.886901523867,6066.342690335802,6115.188643254807,6164.427901866934,6214.06363305417,6264.099029198114,6314.537308385285,6365.381714614103,6416.635518003553,6468.302015003491,6520.384528606639,6572.88640856233,6625.811031591967,6679.16180160615,6732.942149923667,6787.155535492116,6841.805445110439,6896.895393653112,6952.428924296275,7008.409608745552,7064.841047465831,7121.726869912778,7179.070734766296,7236.876330165845,7295.147373947643,7353.887613883764,7413.100827923194,7472.790824434837,7532.961442452409,7593.616551921397,7654.7600539479145,7716.395881049652,7778.527997408752,7841.160399126823,7904.2971144818985,7967.94220418758,8032.099761654146,8096.773913251861,8161.968818576374,8227.688670716232,8293.937696522553,8360.720156880894,8428.04034698531,8495.90259661459,8564.311270410717,8633.270768159597,8702.785525074065,8772.860012079082,8843.498736099358,8914.706240349144,8986.487104624512,9058.845945597834,9131.787417114787,9205.31621049359,9279.437054826807,9354.154717285446,9429.47400342559,9505.399757497484,9581.936862757088,9659.090241780126,9736.864856778713,9815.265709920519,9894.297843650465,9973.966341015032,10054.276325989182,10135.232963805956,10216.841461288606,10299.107067185563,10382.035072507933,10465.630810869876,10549.89965883156,10634.84703624505,10720.478406602804,10806.799277389146,10893.815200434417,10981.531772272076,11069.954634498676,11159.08947413668,11248.94202400021,11339.518063063782,11430.823416834026,11522.863957724268,11615.64560543233,11709.174327321158,11803.456138802712,11898.49710372478,11994.303334761045,12090.880993804161,12188.23629236214,12286.375491957784,12385.304904531427,12485.030892846919,12585.55987090084,12686.898304334996,12789.052710852275,12892.029660635888,12995.8357767719,13100.477735675182,13205.962267518828,13312.296156667053,13419.486242111492,13527.539417911097,13636.462633635434,13746.262894811807,13856.947263375758,13968.522858125163,14080.996855178266,14194.376488435144,14308.66905004285,14423.881890864615] 0.31126199007860056 [Infinity,Infinity,Infinity,Infinity,Infinity,Infinity,Infinity,Infinity,Infinity,Infinity,Infinity,Infinity,Infinity,Infinity,Infinity,Infinity,Infinity,Infinity,Infinity,Infinity,Infinity,Infinity,Infinity,Infinity,Infinity,Infinity,Infinity,Infinity,Infinity,Infinity,Infinity,Infinity,Infinity,Infinity,Infinity,Infinity,Infinity,Infinity,Infinity,Infinity,Infinity,Infinity,Infinity,Infinity,Infinity,Infinity,Infinity,Infinity,Infinity,Infinity,Infinity,Infinity,Infinity,Infinity,Infinity,Infinity,Infinity,Infinity,Infinity,Infinity,Infinity,Infinity,Infinity,Infinity,Infinity,Infinity,Infinity,Infinity,Infinity,Infinity,Infinity,Infinity,Infinity,Infinity,Infinity,Infinity,Infinity,Infinity,Infinity,Infinity,Infinity,Infinity,Infinity,Infinity,Infinity,Infinity,Infinity,Infinity,Infinity,Infinity,Infinity,Infinity,Infinity,Infinity,Infinity,Infinity,Infinity,Infinity,Infinity,Infinity,Infinity,Infinity,Infinity,Infinity,Infinity,Infinity,Infinity,Infinity,Infinity,Infinity,Infinity,Infinity,Infinity,Infinity,Infinity,Infinity,Infinity,Infinity,Infinity,Infinity,Infinity,Infinity,Infinity,Infinity,Infinity,Infinity,Infinity,Infinity,Infinity,Infinity,Infinity,Infinity,Infinity,Infinity,Infinity,Infinity,Infinity,Infinity,Infinity,Infinity,Infinity,Infinity,Infinity,Infinity,Infinity,Infinity,Infinity,Infinity,Infinity,Infinity,Infinity,Infinity,Infinity,Infinity,Infinity,Infinity,Infinity,Infinity,Infinity,Infinity,Infinity,Infinity,Infinity,Infinity,Infinity,Infinity,Infinity,Infinity,Infinity,Infinity,Infinity,Infinity,Infinity,Infinity,Infinity,Infinity,Infinity,Infinity,Infinity,Infinity,Infinity,Infinity,Infinity,Infinity,Infinity,Infinity,Infinity,Infinity,Infinity,Infinity,Infinity,Infinity,Infinity,Infinity,Infinity,Infinity,Infinity,Infinity,Infinity,Infinity,Infinity,Infinity,Infinity,Infinity,Infinity,Infinity,Infinity,Infinity,Infinity,Infinity,Infinity,Infinity,Infinity,Infinity,Infinity,Infinity,Infinity,Infinity,Infinity,Infinity,Infinity,Infinity,Infinity,Infinity,Infinity,Infinity,Infinity,Infinity,Infinity,Infinity,Infinity,Infinity,Infinity,Infinity,Infinity,Infinity,Infinity,Infinity,Infinity,Infinity,Infinity,Infinity,Infinity,Infinity,Infinity,Infinity,Infinity,Infinity,Infinity,Infinity,Infinity,Infinity,Infinity,Infinity,Infinity,Infinity,Infinity,Infinity,Infinity,Infinity,Infinity,Infinity,Infinity,Infinity,Infinity,Infinity,Infinity,Infinity,Infinity,Infinity,Infinity,Infinity,Infinity,Infinity,Infinity,Infinity,Infinity,Infinity,Infinity,Infinity,Infinity,Infinity,Infinity,Infinity,Infinity,Infinity,Infinity,Infinity,Infinity,Infinity,Infinity,Infinity,Infinity,Infinity,Infinity,Infinity,Infinity,Infinity,Infinity,Infinity] [0.0,0.0,0.0,0.0,0.0,0.0,0.0,0.0,0.0,0.0,0.0,0.0,0.0,0.0,0.0,0.0,0.0,0.0,0.0,0.0,0.0,0.0,0.0,0.0,0.0,0.0,0.0,0.0,0.0,0.0,0.0,0.0,0.0,0.0,0.0,0.0,0.0,0.0,0.0,0.0,0.0,0.0,0.0,0.0,0.0,0.0,0.0,0.0,0.0,0.0,0.0,0.0,0.0,0.0,0.0,0.0,0.0,0.0,0.0,0.0,0.0,0.0,0.0,0.0,0.0,0.0,0.0,0.0,0.0,0.0,0.0,0.0,0.0,0.0,0.0,0.0,0.0,0.0,0.0,0.0,0.0,0.0,0.0,0.0,0.0,0.0,0.0,0.0,0.0,0.0,0.0,0.0,0.0,0.0,0.0,0.0,0.0,0.0,0.0,0.0,0.0,0.0,0.0,0.0,0.0,0.0,0.0,0.0,0.0,0.0,0.0,0.0,0.0,0.0,0.0,0.0,0.0,0.0,0.0,0.0,0.0,0.0,0.0,0.0,0.0,0.0,0.0,0.0,0.0,0.0,0.0,0.0,0.0,0.0,0.0,0.0,0.0,0.0,0.0,0.0,0.0,0.0,0.0,0.0,0.0,0.0,0.0,0.0,0.0,0.0,0.0,0.0,0.0,0.0,0.0,0.0,0.0,0.0,0.0,0.0,0.0,0.0,0.0,0.0,0.0,0.0,0.0,0.0,0.0,0.0,0.0,0.0,0.0,0.0,0.0,0.0,0.0,0.0,0.0,0.0,0.0,0.0,0.0,0.0,0.0,0.0,0.0,0.0,0.0,0.0,0.0,0.0,0.0,0.0,0.0,0.0,0.0,0.0,0.0,0.0,0.0,0.0,0.0,0.0,0.0,0.0,0.0,0.0,0.0,0.0,0.0,0.0,0.0,0.0,0.0,0.0,0.0,0.0,0.0,0.0,0.0,0.0,0.0,0.0,0.0,0.0,0.0,0.0,0.0,0.0,0.0,0.0,0.0,0.0,0.0,0.0,0.0,0.0,0.0,0.0,0.0,0.0,0.0,0.0,0.0,0.0,0.0,0.0,0.0,0.0,0.0,0.0,0.0,0.0,0.0,0.0,0.0,0.0,0.0,0.0,0.0,0.0,0.0,0.0,0.0,0.0,0.0,0.0,0.0,0.0,0.0,0.0,0.0,0.0,0.0,0.0,0.0,0.0,0.0,0.0,0.0,0.0,0.0,0.0,0.0,0.0,0.0,0.0,0.0,0.0,0.0,0.0,0.0,0.0,0.0,0.0,0.0,0.0,0.0,0.0]
56316.37816222768 [0.0,0.0,0.0,0.0,0.0,0.0,0.0,0.0,0.0,0.0,0.0,0.0,0.0,0.0,0.0,0.0,0.0,0.0,0.0,0.0,0.0,0.0,0.0,0.0,0.0,0.0,0.0,0.0,0.0,0.0,0.0,0.0,0.0,0.0,0.0,0.0,0.0,0.0,0.0,0.0,0.0,0.0,0.0,0.0,0.0,0.0,0.0,0.0,0.0,0.0,0.0,0.0,0.0,0.0,0.0,0.0,0.0,0.0,0.0,0.0,0.0,0.0,0.0,0.0,0.0,0.0,0.0,0.0,0.0,0.0,0.0,0.0,0.0,0.0,0.0,0.0,0.0,0.0,0.0,0.0,0.0,0.0,0.0,0.0,0.0,0.0,0.0,0.0,0.0,0.0,0.0,0.0,0.0,0.0,0.0,0.0,0.0,0.0,0.0,0.0,0.0,0.0,0.0,0.0,0.0,0.0,0.0,0.0,0.0,0.0,0.0,0.0,0.0,0.0,0.0,0.0,0.0,0.0,0.0,0.0,0.0,0.0,0.0,0.0,0.0,0.0,0.0,0.0,0.0,0.0,0.0,0.0,0.0,0.0,0.0,0.0,0.0,0.0,0.0,0.0,0.0,0.0,0.0,0.0,0.0,0.0,0.0,0.0,0.0,0.0,0.0,0.0,0.0,0.0,0.0,0.0,0.0,0.0,0.0,0.0,0.0,0.0,0.0,0.0,0.0,0.0,0.0,0.0,0.0,0.0,0.0,0.0,0.0,0.0,0.0,0.0,0.0,0.0,0.0,0.0,0.0,0.0,0.0,0.0,0.0,0.0,0.0,0.0,0.0,0.0,0.0,0.0,0.0,0.0,0.0,0.0,0.0,0.0,0.0,0.0,0.0,0.0,0.0,0.0,0.0,0.0,0.0,0.0,0.0,0.0,0.0,0.0,0.0,0.0,0.0,0.0,0.0,0.0,0.0,0.0,0.0,0.0,0.0,0.0,0.0,0.0,0.0,0.0,0.0,0.0,0.0,0.0,0.0,0.0,0.0,0.0,0.0,0.0,0.0,0.0,0.0,0.0,0.0,0.0,0.0,0.0,0.0,0.0,0.0,0.0,0.0,0.0,0.0,0.0,0.0,0.0,0.0,0.0,0.0,0.0,0.0,0.0,0.0,0.0,0.0,0.0,0.0,0.0,0.0,0.0,0.0,0.0,0.0,0.0,0.0,0.0,0.0,0.0,0.0,0.0,0.0,0.0,0.0,0.0,0.0,0.0,0.0,0.0,0.0,0.0,0.0,0.0,0.0,0.0,0.0,0.0,0.0,0.0,0.0,0.0] [1311.2619900786005,1321.8202200865917,1332.463464547639,1343.19240799478,1354.0077404728797,1364.9101575830227,1375.9003605272408,1386.9790561536227,1398.1469570017646,1409.4047813486081,1420.7532532546286,1432.193102610412,1443.7250651835902,1455.3498826661717,1467.068302722235,1478.881079036026,1490.78897136042,1502.7927455657994,1514.8931736892998,1527.0910339844697,1539.3871109713293,1551.7821954868166,1564.2770847356642,1576.872582341659,1589.569498399342,1602.368649526097,1615.270858914685,1628.2769563861766,1641.3877784433362,1654.6041683244075,1667.9269760573632,1681.3570585145608,1694.895279467867,1708.5425096441993,1722.2996267815402,1736.1675156853773,1750.1470682856248,1764.2391836939755,1778.4447682617345,1792.7647356381167,1807.2000068289992,1821.7515102561672,1836.4201818170154,1851.2069649447558,1866.112810669078,1881.1386776773347,1896.285532376183,1911.5543489537563,1926.9461094423048,1942.4618037813711,1958.1024298814455,1973.8689936881608,1989.7625092469793,2005.7839987684179,2021.9344926937952,2038.215029761504,2054.626657073813,2071.1704301642176,2087.8474130653335,2104.6586783773164,2121.605307336866,2138.6883898867477,2155.9090247459117,2173.268319480143,2190.767390573309,2208.407363499154,2226.1893727937027,2244.1145621282076,2262.184084382728,2280.399101720259,2298.7607856614945,2317.2703171601615,2335.9288866789793,2354.7376942662327,2373.6979496329395,2392.810872230673,2412.077691329971,2431.4996460994216,2451.0779856853383,2470.813969292122,2490.7088662632277,2510.763956162824,2530.9805288580706,2551.359884602096,2571.9033341176064,2592.612198681206,2613.487810208354,2634.5315113390543,2655.7446555241822,2677.1286071125573,2698.6847414386757,2720.4144449111714,2742.319115101994,2764.4001608362782,2786.6590022829737,2809.097071046162,2831.715810257159,2854.5166746673017,2877.5011307415425,2900.67065675274,2924.0267428767575,2947.570891288285,2971.304616257478,2995.22944424732,3019.346914011829,3043.658576695001,3068.1659959305807,3092.870747942638,3117.7744216469364,3142.87861875312,3168.1849538677375,3193.695054598094,3219.410561656912,3245.333128967883,3271.4644237720117,3297.806126734876,3324.3599320546946,3351.1275475713155,3378.1106948760344,3405.3111094223436,3432.7305406375262,3460.3707520352004,3488.23352132871,3516.320640545493,3544.6339161423107,3573.1751691214417,3601.9462351478164,3630.9489646670518,3660.1852230244945,3689.6568905851636,3719.3658628547196,3749.3140506013438,3779.5033799786634,3809.935792649603,3840.6132459112973,3871.5377128209448,3902.7111823227383,3934.135659375755,3965.8131650829396,3997.7457368210635,4029.9354283717907,4062.3843100537392,4095.0944688556665,4128.068008570669,4161.3070499315045,4194.813730746993,4228.590206039511,4262.638648183577,4296.961247045588,4331.560210124669,4366.437762694626,4401.596147947099,4437.037627135803,4472.764479721992,4508.779003521039,4545.083514850253,4581.680348677821,4618.571858773019,4655.7604178575675,4693.248417758249,4731.038269560753,4769.132403764733,4807.533270440121,4846.243339384716,4885.265100283049,4924.601062866471,4964.253757074609,5004.22573321805,5044.519562142395,5085.137835393579,5126.08316538458,5167.3581855634,5208.965550582488,5250.907936469426,5293.188040799074,5335.808582867062,5378.772303864684,5422.081967055189,5465.740357951513,5509.7502844954415,5554.1145772382,5598.836089522486,5643.917697666003,5689.362301146471,5735.17282278806,5781.352208949439,5827.903429713208,5874.829479076986,5922.133375145914,5969.818160326825,6017.886901523867,6066.342690335802,6115.188643254807,6164.427901866934,6214.06363305417,6264.099029198114,6314.537308385285,6365.381714614103,6416.635518003553,6468.302015003491,6520.384528606639,6572.88640856233,6625.811031591967,6679.16180160615,6732.942149923667,6787.155535492116,6841.805445110439,6896.895393653112,6952.428924296275,7008.409608745552,7064.841047465831,7121.726869912778,7179.070734766296,7236.876330165845,7295.147373947643,7353.887613883764,7413.100827923194,7472.790824434837,7532.961442452409,7593.616551921397,7654.7600539479145,7716.395881049652,7778.527997408752,7841.160399126823,7904.2971144818985,7967.94220418758,8032.099761654146,8096.773913251861,8161.968818576374,8227.688670716232,8293.937696522553,8360.720156880894,8428.04034698531,8495.90259661459,8564.311270410717,8633.270768159597,8702.785525074065,8772.860012079082,8843.498736099358,8914.706240349144,8986.487104624512,9058.845945597834,9131.787417114787,9205.31621049359,9279.437054826807,9354.154717285446,9429.47400342559,9505.399757497484,9581.936862757088,9659.090241780126,9736.864856778713,9815.265709920519,9894.297843650465,9973.966341015032,10054.276325989182,10135.232963805956,10216.841461288606,10299.107067185563,10382.035072507933,10465.630810869876,10549.89965883156,10634.84703624505,10720.478406602804,10806.799277389146,10893.815200434417,10981.531772272076,11069.954634498676,11159.08947413668,11248.94202400021,11339.518063063782,11430.823416834026,11522.863957724268,11615.64560543233,11709.174327321158,11803.456138802712,11898.49710372478,11994.303334761045,12090.880993804161,12188.23629236214,12286.375491957784,12385.304904531427,12485.030892846919,12585.55987090084,12686.898304334996,12789.052710852275,12892.029660635888,12995.8357767719,13100.477735675182,13205.962267518828,13312.296156667053,13419.486242111492,13527.539417911097,13636.462633635434,13746.262894811807,13856.947263375758,13968.522858125163,14080.996855178266,14194.376488435144,14308.66905004285,14423.881890864615] 0.31126199007860056 [Infinity,Infinity,Infinity,Infinity,Infinity,Infinity,Infinity,Infinity,Infinity,Infinity,Infinity,Infinity,Infinity,Infinity,Infinity,Infinity,Infinity,Infinity,Infinity,Infinity,Infinity,Infinity,Infinity,Infinity,Infinity,Infinity,Infinity,Infinity,Infinity,Infinity,Infinity,Infinity,Infinity,Infinity,Infinity,Infinity,Infinity,Infinity,Infinity,Infinity,Infinity,Infinity,Infinity,Infinity,Infinity,Infinity,Infinity,Infinity,Infinity,Infinity,Infinity,Infinity,Infinity,Infinity,Infinity,Infinity,Infinity,Infinity,Infinity,Infinity,Infinity,Infinity,Infinity,Infinity,Infinity,Infinity,Infinity,Infinity,Infinity,Infinity,Infinity,Infinity,Infinity,Infinity,Infinity,Infinity,Infinity,Infinity,Infinity,Infinity,Infinity,Infinity,Infinity,Infinity,Infinity,Infinity,Infinity,Infinity,Infinity,Infinity,Infinity,Infinity,Infinity,Infinity,Infinity,Infinity,Infinity,Infinity,Infinity,Infinity,Infinity,Infinity,Infinity,Infinity,Infinity,Infinity,Infinity,Infinity,Infinity,Infinity,Infinity,Infinity,Infinity,Infinity,Infinity,Infinity,Infinity,Infinity,Infinity,Infinity,Infinity,Infinity,Infinity,Infinity,Infinity,Infinity,Infinity,Infinity,Infinity,Infinity,Infinity,Infinity,Infinity,Infinity,Infinity,Infinity,Infinity,Infinity,Infinity,Infinity,Infinity,Infinity,Infinity,Infinity,Infinity,Infinity,Infinity,Infinity,Infinity,Infinity,Infinity,Infinity,Infinity,Infinity,Infinity,Infinity,Infinity,Infinity,Infinity,Infinity,Infinity,Infinity,Infinity,Infinity,Infinity,Infinity,Infinity,Infinity,Infinity,Infinity,Infinity,Infinity,Infinity,Infinity,Infinity,Infinity,Infinity,Infinity,Infinity,Infinity,Infinity,Infinity,Infinity,Infinity,Infinity,Infinity,Infinity,Infinity,Infinity,Infinity,Infinity,Infinity,Infinity,Infinity,Infinity,Infinity,Infinity,Infinity,Infinity,Infinity,Infinity,Infinity,Infinity,Infinity,Infinity,Infinity,Infinity,Infinity,Infinity,Infinity,Infinity,Infinity,Infinity,Infinity,Infinity,Infinity,Infinity,Infinity,Infinity,Infinity,Infinity,Infinity,Infinity,Infinity,Infinity,Infinity,Infinity,Infinity,Infinity,Infinity,Infinity,Infinity,Infinity,Infinity,Infinity,Infinity,Infinity,Infinity,Infinity,Infinity,Infinity,Infinity,Infinity,Infinity,Infinity,Infinity,Infinity,Infinity,Infinity,Infinity,Infinity,Infinity,Infinity,Infinity,Infinity,Infinity,Infinity,Infinity,Infinity,Infinity,Infinity,Infinity,Infinity,Infinity,Infinity,Infinity,Infinity,Infinity,Infinity,Infinity,Infinity,Infinity,Infinity,Infinity,Infinity,Infinity,Infinity,Infinity,Infinity,Infinity,Infinity,Infinity,Infinity,Infinity,Infinity,Infinity,Infinity,Infinity,Infinity,Infinity,Infinity,Infinity,Infinity,Infinity,Infinity,Infinity,Infinity,Infinity,Infinity,Infinity] [0.0,0.0,0.0,0.0,0.0,0.0,0.0,0.0,0.0,0.0,0.0,0.0,0.0,0.0,0.0,0.0,0.0,0.0,0.0,0.0,0.0,0.0,0.0,0.0,0.0,0.0,0.0,0.0,0.0,0.0,0.0,0.0,0.0,0.0,0.0,0.0,0.0,0.0,0.0,0.0,0.0,0.0,0.0,0.0,0.0,0.0,0.0,0.0,0.0,0.0,0.0,0.0,0.0,0.0,0.0,0.0,0.0,0.0,0.0,0.0,0.0,0.0,0.0,0.0,0.0,0.0,0.0,0.0,0.0,0.0,0.0,0.0,0.0,0.0,0.0,0.0,0.0,0.0,0.0,0.0,0.0,0.0,0.0,0.0,0.0,0.0,0.0,0.0,0.0,0.0,0.0,0.0,0.0,0.0,0.0,0.0,0.0,0.0,0.0,0.0,0.0,0.0,0.0,0.0,0.0,0.0,0.0,0.0,0.0,0.0,0.0,0.0,0.0,0.0,0.0,0.0,0.0,0.0,0.0,0.0,0.0,0.0,0.0,0.0,0.0,0.0,0.0,0.0,0.0,0.0,0.0,0.0,0.0,0.0,0.0,0.0,0.0,0.0,0.0,0.0,0.0,0.0,0.0,0.0,0.0,0.0,0.0,0.0,0.0,0.0,0.0,0.0,0.0,0.0,0.0,0.0,0.0,0.0,0.0,0.0,0.0,0.0,0.0,0.0,0.0,0.0,0.0,0.0,0.0,0.0,0.0,0.0,0.0,0.0,0.0,0.0,0.0,0.0,0.0,0.0,0.0,0.0,0.0,0.0,0.0,0.0,0.0,0.0,0.0,0.0,0.0,0.0,0.0,0.0,0.0,0.0,0.0,0.0,0.0,0.0,0.0,0.0,0.0,0.0,0.0,0.0,0.0,0.0,0.0,0.0,0.0,0.0,0.0,0.0,0.0,0.0,0.0,0.0,0.0,0.0,0.0,0.0,0.0,0.0,0.0,0.0,0.0,0.0,0.0,0.0,0.0,0.0,0.0,0.0,0.0,0.0,0.0,0.0,0.0,0.0,0.0,0.0,0.0,0.0,0.0,0.0,0.0,0.0,0.0,0.0,0.0,0.0,0.0,0.0,0.0,0.0,0.0,0.0,0.0,0.0,0.0,0.0,0.0,0.0,0.0,0.0,0.0,0.0,0.0,0.0,0.0,0.0,0.0,0.0,0.0,0.0,0.0,0.0,0.0,0.0,0.0,0.0,0.0,0.0,0.0,0.0,0.0,0.0,0.0,0.0,0.0,0.0,0.0,0.0,0.0,0.0,0.0,0.0,0.0,0.0]
56156.46257721654 [0.0,0.0,0.0,0.0,0.0,0.0,0.0,0.0,0.0,0.0,0.0,0.0,0.0,0.0,0.0,0.0,0.0,0.0,0.0,0.0,0.0,0.0,0.0,0.0,0.0,0.0,0.0,0.0,0.0,0.0,0.0,0.0,0.0,0.0,0.0,0.0,0.0,0.0,0.0,0.0,0.0,0.0,0.0,0.0,0.0,0.0,0.0,0.0,0.0,0.0,0.0,0.0,0.0,0.0,0.0,0.0,0.0,0.0,0.0,0.0,0.0,0.0,0.0,0.0,0.0,0.0,0.0,0.0,0.0,0.0,0.0,0.0,0.0,0.0,0.0,0.0,0.0,0.0,0.0,0.0,0.0,0.0,0.0,0.0,0.0,0.0,0.0,0.0,0.0,0.0,0.0,0.0,0.0,0.0,0.0,0.0,0.0,0.0,0.0,0.0,0.0,0.0,0.0,0.0,0.0,0.0,0.0,0.0,0.0,0.0,0.0,0.0,0.0,0.0,0.0,0.0,0.0,0.0,0.0,0.0,0.0,0.0,0.0,0.0,0.0,0.0,0.0,0.0,0.0,0.0,0.0,0.0,0.0,0.0,0.0,0.0,0.0,0.0,0.0,0.0,0.0,0.0,0.0,0.0,0.0,0.0,0.0,0.0,0.0,0.0,0.0,0.0,0.0,0.0,0.0,0.0,0.0,0.0,0.0,0.0,0.0,0.0,0.0,0.0,0.0,0.0,0.0,0.0,0.0,0.0,0.0,0.0,0.0,0.0,0.0,0.0,0.0,0.0,0.0,0.0,0.0,0.0,0.0,0.0,0.0,0.0,0.0,0.0,0.0,0.0,0.0,0.0,0.0,0.0,0.0,0.0,0.0,0.0,0.0,0.0,0.0,0.0,0.0,0.0,0.0,0.0,0.0,0.0,0.0,0.0,0.0,0.0,0.0,0.0,0.0,0.0,0.0,0.0,0.0,0.0,0.0,0.0,0.0,0.0,0.0,0.0,0.0,0.0,0.0,0.0,0.0,0.0,0.0,0.0,0.0,0.0,0.0,0.0,0.0,0.0,0.0,0.0,0.0,0.0,0.0,0.0,0.0,0.0,0.0,0.0,0.0,0.0,0.0,0.0,0.0,0.0,0.0,0.0,0.0,0.0,0.0,0.0,0.0,0.0,0.0,0.0,0.0,0.0,0.0,0.0,0.0,0.0,0.0,0.0,0.0,0.0,0.0,0.0,0.0,0.0,0.0,0.0,0.0,0.0,0.0,0.0,0.0,0.0,0.0,0.0,0.0,0.0,0.0,0.0,0.0,0.0,0.0,0.0,0.0,0.0] [1311.2619900786005,1321.8202200865917,1332.463464547639,1343.19240799478,1354.0077404728797,1364.9101575830227,1375.9003605272408,1386.9790561536227,1398.1469570017646,1409.4047813486081,1420.7532532546286,1432.193102610412,1443.7250651835902,1455.3498826661717,1467.068302722235,1478.881079036026,1490.78897136042,1502.7927455657994,1514.8931736892998,1527.0910339844697,1539.3871109713293,1551.7821954868166,1564.2770847356642,1576.872582341659,1589.569498399342,1602.368649526097,1615.270858914685,1628.2769563861766,1641.3877784433362,1654.6041683244075,1667.9269760573632,1681.3570585145608,1694.895279467867,1708.5425096441993,1722.2996267815402,1736.1675156853773,1750.1470682856248,1764.2391836939755,1778.4447682617345,1792.7647356381167,1807.2000068289992,1821.7515102561672,1836.4201818170154,1851.2069649447558,1866.112810669078,1881.1386776773347,1896.285532376183,1911.5543489537563,1926.9461094423048,1942.4618037813711,1958.1024298814455,1973.8689936881608,1989.7625092469793,2005.7839987684179,2021.9344926937952,2038.215029761504,2054.626657073813,2071.1704301642176,2087.8474130653335,2104.6586783773164,2121.605307336866,2138.6883898867477,2155.9090247459117,2173.268319480143,2190.767390573309,2208.407363499154,2226.1893727937027,2244.1145621282076,2262.184084382728,2280.399101720259,2298.7607856614945,2317.2703171601615,2335.9288866789793,2354.7376942662327,2373.6979496329395,2392.810872230673,2412.077691329971,2431.4996460994216,2451.0779856853383,2470.813969292122,2490.7088662632277,2510.763956162824,2530.9805288580706,2551.359884602096,2571.9033341176064,2592.612198681206,2613.487810208354,2634.5315113390543,2655.7446555241822,2677.1286071125573,2698.6847414386757,2720.4144449111714,2742.319115101994,2764.4001608362782,2786.6590022829737,2809.097071046162,2831.715810257159,2854.5166746673017,2877.5011307415425,2900.67065675274,2924.0267428767575,2947.570891288285,2971.304616257478,2995.22944424732,3019.346914011829,3043.658576695001,3068.1659959305807,3092.870747942638,3117.7744216469364,3142.87861875312,3168.1849538677375,3193.695054598094,3219.410561656912,3245.333128967883,3271.4644237720117,3297.806126734876,3324.3599320546946,3351.1275475713155,3378.1106948760344,3405.3111094223436,3432.7305406375262,3460.3707520352004,3488.23352132871,3516.320640545493,3544.6339161423107,3573.1751691214417,3601.9462351478164,3630.9489646670518,3660.1852230244945,3689.6568905851636,3719.3658628547196,3749.3140506013438,3779.5033799786634,3809.935792649603,3840.6132459112973,3871.5377128209448,3902.7111823227383,3934.135659375755,3965.8131650829396,3997.7457368210635,4029.9354283717907,4062.3843100537392,4095.0944688556665,4128.068008570669,4161.3070499315045,4194.813730746993,4228.590206039511,4262.638648183577,4296.961247045588,4331.560210124669,4366.437762694626,4401.596147947099,4437.037627135803,4472.764479721992,4508.779003521039,4545.083514850253,4581.680348677821,4618.571858773019,4655.7604178575675,4693.248417758249,4731.038269560753,4769.132403764733,4807.533270440121,4846.243339384716,4885.265100283049,4924.601062866471,4964.253757074609,5004.22573321805,5044.519562142395,5085.137835393579,5126.08316538458,5167.3581855634,5208.965550582488,5250.907936469426,5293.188040799074,5335.808582867062,5378.772303864684,5422.081967055189,5465.740357951513,5509.7502844954415,5554.1145772382,5598.836089522486,5643.917697666003,5689.362301146471,5735.17282278806,5781.352208949439,5827.903429713208,5874.829479076986,5922.133375145914,5969.818160326825,6017.886901523867,6066.342690335802,6115.188643254807,6164.427901866934,6214.06363305417,6264.099029198114,6314.537308385285,6365.381714614103,6416.635518003553,6468.302015003491,6520.384528606639,6572.88640856233,6625.811031591967,6679.16180160615,6732.942149923667,6787.155535492116,6841.805445110439,6896.895393653112,6952.428924296275,7008.409608745552,7064.841047465831,7121.726869912778,7179.070734766296,7236.876330165845,7295.147373947643,7353.887613883764,7413.100827923194,7472.790824434837,7532.961442452409,7593.616551921397,7654.7600539479145,7716.395881049652,7778.527997408752,7841.160399126823,7904.2971144818985,7967.94220418758,8032.099761654146,8096.773913251861,8161.968818576374,8227.688670716232,8293.937696522553,8360.720156880894,8428.04034698531,8495.90259661459,8564.311270410717,8633.270768159597,8702.785525074065,8772.860012079082,8843.498736099358,8914.706240349144,8986.487104624512,9058.845945597834,9131.787417114787,9205.31621049359,9279.437054826807,9354.154717285446,9429.47400342559,9505.399757497484,9581.936862757088,9659.090241780126,9736.864856778713,9815.265709920519,9894.297843650465,9973.966341015032,10054.276325989182,10135.232963805956,10216.841461288606,10299.107067185563,10382.035072507933,10465.630810869876,10549.89965883156,10634.84703624505,10720.478406602804,10806.799277389146,10893.815200434417,10981.531772272076,11069.954634498676,11159.08947413668,11248.94202400021,11339.518063063782,11430.823416834026,11522.863957724268,11615.64560543233,11709.174327321158,11803.456138802712,11898.49710372478,11994.303334761045,12090.880993804161,12188.23629236214,12286.375491957784,12385.304904531427,12485.030892846919,12585.55987090084,12686.898304334996,12789.052710852275,12892.029660635888,12995.8357767719,13100.477735675182,13205.962267518828,13312.296156667053,13419.486242111492,13527.539417911097,13636.462633635434,13746.262894811807,13856.947263375758,13968.522858125163,14080.996855178266,14194.376488435144,14308.66905004285,14423.881890864615] 0.31126199007860056 [Infinity,Infinity,Infinity,Infinity,Infinity,Infinity,Infinity,Infinity,Infinity,Infinity,Infinity,Infinity,Infinity,Infinity,Infinity,Infinity,Infinity,Infinity,Infinity,Infinity,Infinity,Infinity,Infinity,Infinity,Infinity,Infinity,Infinity,Infinity,Infinity,Infinity,Infinity,Infinity,Infinity,Infinity,Infinity,Infinity,Infinity,Infinity,Infinity,Infinity,Infinity,Infinity,Infinity,Infinity,Infinity,Infinity,Infinity,Infinity,Infinity,Infinity,Infinity,Infinity,Infinity,Infinity,Infinity,Infinity,Infinity,Infinity,Infinity,Infinity,Infinity,Infinity,Infinity,Infinity,Infinity,Infinity,Infinity,Infinity,Infinity,Infinity,Infinity,Infinity,Infinity,Infinity,Infinity,Infinity,Infinity,Infinity,Infinity,Infinity,Infinity,Infinity,Infinity,Infinity,Infinity,Infinity,Infinity,Infinity,Infinity,Infinity,Infinity,Infinity,Infinity,Infinity,Infinity,Infinity,Infinity,Infinity,Infinity,Infinity,Infinity,Infinity,Infinity,Infinity,Infinity,Infinity,Infinity,Infinity,Infinity,Infinity,Infinity,Infinity,Infinity,Infinity,Infinity,Infinity,Infinity,Infinity,Infinity,Infinity,Infinity,Infinity,Infinity,Infinity,Infinity,Infinity,Infinity,Infinity,Infinity,Infinity,Infinity,Infinity,Infinity,Infinity,Infinity,Infinity,Infinity,Infinity,Infinity,Infinity,Infinity,Infinity,Infinity,Infinity,Infinity,Infinity,Infinity,Infinity,Infinity,Infinity,Infinity,Infinity,Infinity,Infinity,Infinity,Infinity,Infinity,Infinity,Infinity,Infinity,Infinity,Infinity,Infinity,Infinity,Infinity,Infinity,Infinity,Infinity,Infinity,Infinity,Infinity,Infinity,Infinity,Infinity,Infinity,Infinity,Infinity,Infinity,Infinity,Infinity,Infinity,Infinity,Infinity,Infinity,Infinity,Infinity,Infinity,Infinity,Infinity,Infinity,Infinity,Infinity,Infinity,Infinity,Infinity,Infinity,Infinity,Infinity,Infinity,Infinity,Infinity,Infinity,Infinity,Infinity,Infinity,Infinity,Infinity,Infinity,Infinity,Infinity,Infinity,Infinity,Infinity,Infinity,Infinity,Infinity,Infinity,Infinity,Infinity,Infinity,Infinity,Infinity,Infinity,Infinity,Infinity,Infinity,Infinity,Infinity,Infinity,Infinity,Infinity,Infinity,Infinity,Infinity,Infinity,Infinity,Infinity,Infinity,Infinity,Infinity,Infinity,Infinity,Infinity,Infinity,Infinity,Infinity,Infinity,Infinity,Infinity,Infinity,Infinity,Infinity,Infinity,Infinity,Infinity,Infinity,Infinity,Infinity,Infinity,Infinity,Infinity,Infinity,Infinity,Infinity,Infinity,Infinity,Infinity,Infinity,Infinity,Infinity,Infinity,Infinity,Infinity,Infinity,Infinity,Infinity,Infinity,Infinity,Infinity,Infinity,Infinity,Infinity,Infinity,Infinity,Infinity,Infinity,Infinity,Infinity,Infinity,Infinity,Infinity,Infinity,Infinity,Infinity,Infinity,Infinity,Infinity,Infinity,Infinity,Infinity] [0.0,0.0,0.0,0.0,0.0,0.0,0.0,0.0,0.0,0.0,0.0,0.0,0.0,0.0,0.0,0.0,0.0,0.0,0.0,0.0,0.0,0.0,0.0,0.0,0.0,0.0,0.0,0.0,0.0,0.0,0.0,0.0,0.0,0.0,0.0,0.0,0.0,0.0,0.0,0.0,0.0,0.0,0.0,0.0,0.0,0.0,0.0,0.0,0.0,0.0,0.0,0.0,0.0,0.0,0.0,0.0,0.0,0.0,0.0,0.0,0.0,0.0,0.0,0.0,0.0,0.0,0.0,0.0,0.0,0.0,0.0,0.0,0.0,0.0,0.0,0.0,0.0,0.0,0.0,0.0,0.0,0.0,0.0,0.0,0.0,0.0,0.0,0.0,0.0,0.0,0.0,0.0,0.0,0.0,0.0,0.0,0.0,0.0,0.0,0.0,0.0,0.0,0.0,0.0,0.0,0.0,0.0,0.0,0.0,0.0,0.0,0.0,0.0,0.0,0.0,0.0,0.0,0.0,0.0,0.0,0.0,0.0,0.0,0.0,0.0,0.0,0.0,0.0,0.0,0.0,0.0,0.0,0.0,0.0,0.0,0.0,0.0,0.0,0.0,0.0,0.0,0.0,0.0,0.0,0.0,0.0,0.0,0.0,0.0,0.0,0.0,0.0,0.0,0.0,0.0,0.0,0.0,0.0,0.0,0.0,0.0,0.0,0.0,0.0,0.0,0.0,0.0,0.0,0.0,0.0,0.0,0.0,0.0,0.0,0.0,0.0,0.0,0.0,0.0,0.0,0.0,0.0,0.0,0.0,0.0,0.0,0.0,0.0,0.0,0.0,0.0,0.0,0.0,0.0,0.0,0.0,0.0,0.0,0.0,0.0,0.0,0.0,0.0,0.0,0.0,0.0,0.0,0.0,0.0,0.0,0.0,0.0,0.0,0.0,0.0,0.0,0.0,0.0,0.0,0.0,0.0,0.0,0.0,0.0,0.0,0.0,0.0,0.0,0.0,0.0,0.0,0.0,0.0,0.0,0.0,0.0,0.0,0.0,0.0,0.0,0.0,0.0,0.0,0.0,0.0,0.0,0.0,0.0,0.0,0.0,0.0,0.0,0.0,0.0,0.0,0.0,0.0,0.0,0.0,0.0,0.0,0.0,0.0,0.0,0.0,0.0,0.0,0.0,0.0,0.0,0.0,0.0,0.0,0.0,0.0,0.0,0.0,0.0,0.0,0.0,0.0,0.0,0.0,0.0,0.0,0.0,0.0,0.0,0.0,0.0,0.0,0.0,0.0,0.0,0.0,0.0,0.0,0.0,0.0,0.0]
56166.038477728995 [0.0,0.0,0.0,0.0,0.0,0.0,0.0,0.0,0.0,0.0,0.0,0.0,0.0,0.0,0.0,0.0,0.0,0.0,0.0,0.0,0.0,0.0,0.0,0.0,0.0,0.0,0.0,0.0,0.0,0.0,0.0,0.0,0.0,0.0,0.0,0.0,0.0,0.0,0.0,0.0,0.0,0.0,0.0,0.0,0.0,0.0,0.0,0.0,0.0,0.0,0.0,0.0,0.0,0.0,0.0,0.0,0.0,0.0,0.0,0.0,0.0,0.0,0.0,0.0,0.0,0.0,0.0,0.0,0.0,0.0,0.0,0.0,0.0,0.0,0.0,0.0,0.0,0.0,0.0,0.0,0.0,0.0,0.0,0.0,0.0,0.0,0.0,0.0,0.0,0.0,0.0,0.0,0.0,0.0,0.0,0.0,0.0,0.0,0.0,0.0,0.0,0.0,0.0,0.0,0.0,0.0,0.0,0.0,0.0,0.0,0.0,0.0,0.0,0.0,0.0,0.0,0.0,0.0,0.0,0.0,0.0,0.0,0.0,0.0,0.0,0.0,0.0,0.0,0.0,0.0,0.0,0.0,0.0,0.0,0.0,0.0,0.0,0.0,0.0,0.0,0.0,0.0,0.0,0.0,0.0,0.0,0.0,0.0,0.0,0.0,0.0,0.0,0.0,0.0,0.0,0.0,0.0,0.0,0.0,0.0,0.0,0.0,0.0,0.0,0.0,0.0,0.0,0.0,0.0,0.0,0.0,0.0,0.0,0.0,0.0,0.0,0.0,0.0,0.0,0.0,0.0,0.0,0.0,0.0,0.0,0.0,0.0,0.0,0.0,0.0,0.0,0.0,0.0,0.0,0.0,0.0,0.0,0.0,0.0,0.0,0.0,0.0,0.0,0.0,0.0,0.0,0.0,0.0,0.0,0.0,0.0,0.0,0.0,0.0,0.0,0.0,0.0,0.0,0.0,0.0,0.0,0.0,0.0,0.0,0.0,0.0,0.0,0.0,0.0,0.0,0.0,0.0,0.0,0.0,0.0,0.0,0.0,0.0,0.0,0.0,0.0,0.0,0.0,0.0,0.0,0.0,0.0,0.0,0.0,0.0,0.0,0.0,0.0,0.0,0.0,0.0,0.0,0.0,0.0,0.0,0.0,0.0,0.0,0.0,0.0,0.0,0.0,0.0,0.0,0.0,0.0,0.0,0.0,0.0,0.0,0.0,0.0,0.0,0.0,0.0,0.0,0.0,0.0,0.0,0.0,0.0,0.0,0.0,0.0,0.0,0.0,0.0,0.0,0.0,0.0,0.0,0.0,0.0,0.0,0.0] [1311.2619900786005,1321.8202200865917,1332.463464547639,1343.19240799478,1354.0077404728797,1364.9101575830227,1375.9003605272408,1386.9790561536227,1398.1469570017646,1409.4047813486081,1420.7532532546286,1432.193102610412,1443.7250651835902,1455.3498826661717,1467.068302722235,1478.881079036026,1490.78897136042,1502.7927455657994,1514.8931736892998,1527.0910339844697,1539.3871109713293,1551.7821954868166,1564.2770847356642,1576.872582341659,1589.569498399342,1602.368649526097,1615.270858914685,1628.2769563861766,1641.3877784433362,1654.6041683244075,1667.9269760573632,1681.3570585145608,1694.895279467867,1708.5425096441993,1722.2996267815402,1736.1675156853773,1750.1470682856248,1764.2391836939755,1778.4447682617345,1792.7647356381167,1807.2000068289992,1821.7515102561672,1836.4201818170154,1851.2069649447558,1866.112810669078,1881.1386776773347,1896.285532376183,1911.5543489537563,1926.9461094423048,1942.4618037813711,1958.1024298814455,1973.8689936881608,1989.7625092469793,2005.7839987684179,2021.9344926937952,2038.215029761504,2054.626657073813,2071.1704301642176,2087.8474130653335,2104.6586783773164,2121.605307336866,2138.6883898867477,2155.9090247459117,2173.268319480143,2190.767390573309,2208.407363499154,2226.1893727937027,2244.1145621282076,2262.184084382728,2280.399101720259,2298.7607856614945,2317.2703171601615,2335.9288866789793,2354.7376942662327,2373.6979496329395,2392.810872230673,2412.077691329971,2431.4996460994216,2451.0779856853383,2470.813969292122,2490.7088662632277,2510.763956162824,2530.9805288580706,2551.359884602096,2571.9033341176064,2592.612198681206,2613.487810208354,2634.5315113390543,2655.7446555241822,2677.1286071125573,2698.6847414386757,2720.4144449111714,2742.319115101994,2764.4001608362782,2786.6590022829737,2809.097071046162,2831.715810257159,2854.5166746673017,2877.5011307415425,2900.67065675274,2924.0267428767575,2947.570891288285,2971.304616257478,2995.22944424732,3019.346914011829,3043.658576695001,3068.1659959305807,3092.870747942638,3117.7744216469364,3142.87861875312,3168.1849538677375,3193.695054598094,3219.410561656912,3245.333128967883,3271.4644237720117,3297.806126734876,3324.3599320546946,3351.1275475713155,3378.1106948760344,3405.3111094223436,3432.7305406375262,3460.3707520352004,3488.23352132871,3516.320640545493,3544.6339161423107,3573.1751691214417,3601.9462351478164,3630.9489646670518,3660.1852230244945,3689.6568905851636,3719.3658628547196,3749.3140506013438,3779.5033799786634,3809.935792649603,3840.6132459112973,3871.5377128209448,3902.7111823227383,3934.135659375755,3965.8131650829396,3997.7457368210635,4029.9354283717907,4062.3843100537392,4095.0944688556665,4128.068008570669,4161.3070499315045,4194.813730746993,4228.590206039511,4262.638648183577,4296.961247045588,4331.560210124669,4366.437762694626,4401.596147947099,4437.037627135803,4472.764479721992,4508.779003521039,4545.083514850253,4581.680348677821,4618.571858773019,4655.7604178575675,4693.248417758249,4731.038269560753,4769.132403764733,4807.533270440121,4846.243339384716,4885.265100283049,4924.601062866471,4964.253757074609,5004.22573321805,5044.519562142395,5085.137835393579,5126.08316538458,5167.3581855634,5208.965550582488,5250.907936469426,5293.188040799074,5335.808582867062,5378.772303864684,5422.081967055189,5465.740357951513,5509.7502844954415,5554.1145772382,5598.836089522486,5643.917697666003,5689.362301146471,5735.17282278806,5781.352208949439,5827.903429713208,5874.829479076986,5922.133375145914,5969.818160326825,6017.886901523867,6066.342690335802,6115.188643254807,6164.427901866934,6214.06363305417,6264.099029198114,6314.537308385285,6365.381714614103,6416.635518003553,6468.302015003491,6520.384528606639,6572.88640856233,6625.811031591967,6679.16180160615,6732.942149923667,6787.155535492116,6841.805445110439,6896.895393653112,6952.428924296275,7008.409608745552,7064.841047465831,7121.726869912778,7179.070734766296,7236.876330165845,7295.147373947643,7353.887613883764,7413.100827923194,7472.790824434837,7532.961442452409,7593.616551921397,7654.7600539479145,7716.395881049652,7778.527997408752,7841.160399126823,7904.2971144818985,7967.94220418758,8032.099761654146,8096.773913251861,8161.968818576374,8227.688670716232,8293.937696522553,8360.720156880894,8428.04034698531,8495.90259661459,8564.311270410717,8633.270768159597,8702.785525074065,8772.860012079082,8843.498736099358,8914.706240349144,8986.487104624512,9058.845945597834,9131.787417114787,9205.31621049359,9279.437054826807,9354.154717285446,9429.47400342559,9505.399757497484,9581.936862757088,9659.090241780126,9736.864856778713,9815.265709920519,9894.297843650465,9973.966341015032,10054.276325989182,10135.232963805956,10216.841461288606,10299.107067185563,10382.035072507933,10465.630810869876,10549.89965883156,10634.84703624505,10720.478406602804,10806.799277389146,10893.815200434417,10981.531772272076,11069.954634498676,11159.08947413668,11248.94202400021,11339.518063063782,11430.823416834026,11522.863957724268,11615.64560543233,11709.174327321158,11803.456138802712,11898.49710372478,11994.303334761045,12090.880993804161,12188.23629236214,12286.375491957784,12385.304904531427,12485.030892846919,12585.55987090084,12686.898304334996,12789.052710852275,12892.029660635888,12995.8357767719,13100.477735675182,13205.962267518828,13312.296156667053,13419.486242111492,13527.539417911097,13636.462633635434,13746.262894811807,13856.947263375758,13968.522858125163,14080.996855178266,14194.376488435144,14308.66905004285,14423.881890864615] 0.31126199007860056 [Infinity,Infinity,Infinity,Infinity,Infinity,Infinity,Infinity,Infinity,Infinity,Infinity,Infinity,Infinity,Infinity,Infinity,Infinity,Infinity,Infinity,Infinity,Infinity,Infinity,Infinity,Infinity,Infinity,Infinity,Infinity,Infinity,Infinity,Infinity,Infinity,Infinity,Infinity,Infinity,Infinity,Infinity,Infinity,Infinity,Infinity,Infinity,Infinity,Infinity,Infinity,Infinity,Infinity,Infinity,Infinity,Infinity,Infinity,Infinity,Infinity,Infinity,Infinity,Infinity,Infinity,Infinity,Infinity,Infinity,Infinity,Infinity,Infinity,Infinity,Infinity,Infinity,Infinity,Infinity,Infinity,Infinity,Infinity,Infinity,Infinity,Infinity,Infinity,Infinity,Infinity,Infinity,Infinity,Infinity,Infinity,Infinity,Infinity,Infinity,Infinity,Infinity,Infinity,Infinity,Infinity,Infinity,Infinity,Infinity,Infinity,Infinity,Infinity,Infinity,Infinity,Infinity,Infinity,Infinity,Infinity,Infinity,Infinity,Infinity,Infinity,Infinity,Infinity,Infinity,Infinity,Infinity,Infinity,Infinity,Infinity,Infinity,Infinity,Infinity,Infinity,Infinity,Infinity,Infinity,Infinity,Infinity,Infinity,Infinity,Infinity,Infinity,Infinity,Infinity,Infinity,Infinity,Infinity,Infinity,Infinity,Infinity,Infinity,Infinity,Infinity,Infinity,Infinity,Infinity,Infinity,Infinity,Infinity,Infinity,Infinity,Infinity,Infinity,Infinity,Infinity,Infinity,Infinity,Infinity,Infinity,Infinity,Infinity,Infinity,Infinity,Infinity,Infinity,Infinity,Infinity,Infinity,Infinity,Infinity,Infinity,Infinity,Infinity,Infinity,Infinity,Infinity,Infinity,Infinity,Infinity,Infinity,Infinity,Infinity,Infinity,Infinity,Infinity,Infinity,Infinity,Infinity,Infinity,Infinity,Infinity,Infinity,Infinity,Infinity,Infinity,Infinity,Infinity,Infinity,Infinity,Infinity,Infinity,Infinity,Infinity,Infinity,Infinity,Infinity,Infinity,Infinity,Infinity,Infinity,Infinity,Infinity,Infinity,Infinity,Infinity,Infinity,Infinity,Infinity,Infinity,Infinity,Infinity,Infinity,Infinity,Infinity,Infinity,Infinity,Infinity,Infinity,Infinity,Infinity,Infinity,Infinity,Infinity,Infinity,Infinity,Infinity,Infinity,Infinity,Infinity,Infinity,Infinity,Infinity,Infinity,Infinity,Infinity,Infinity,Infinity,Infinity,Infinity,Infinity,Infinity,Infinity,Infinity,Infinity,Infinity,Infinity,Infinity,Infinity,Infinity,Infinity,Infinity,Infinity,Infinity,Infinity,Infinity,Infinity,Infinity,Infinity,Infinity,Infinity,Infinity,Infinity,Infinity,Infinity,Infinity,Infinity,Infinity,Infinity,Infinity,Infinity,Infinity,Infinity,Infinity,Infinity,Infinity,Infinity,Infinity,Infinity,Infinity,Infinity,Infinity,Infinity,Infinity,Infinity,Infinity,Infinity,Infinity,Infinity,Infinity,Infinity,Infinity,Infinity,Infinity,Infinity,Infinity,Infinity,Infinity,Infinity,Infinity,Infinity] [0.0,0.0,0.0,0.0,0.0,0.0,0.0,0.0,0.0,0.0,0.0,0.0,0.0,0.0,0.0,0.0,0.0,0.0,0.0,0.0,0.0,0.0,0.0,0.0,0.0,0.0,0.0,0.0,0.0,0.0,0.0,0.0,0.0,0.0,0.0,0.0,0.0,0.0,0.0,0.0,0.0,0.0,0.0,0.0,0.0,0.0,0.0,0.0,0.0,0.0,0.0,0.0,0.0,0.0,0.0,0.0,0.0,0.0,0.0,0.0,0.0,0.0,0.0,0.0,0.0,0.0,0.0,0.0,0.0,0.0,0.0,0.0,0.0,0.0,0.0,0.0,0.0,0.0,0.0,0.0,0.0,0.0,0.0,0.0,0.0,0.0,0.0,0.0,0.0,0.0,0.0,0.0,0.0,0.0,0.0,0.0,0.0,0.0,0.0,0.0,0.0,0.0,0.0,0.0,0.0,0.0,0.0,0.0,0.0,0.0,0.0,0.0,0.0,0.0,0.0,0.0,0.0,0.0,0.0,0.0,0.0,0.0,0.0,0.0,0.0,0.0,0.0,0.0,0.0,0.0,0.0,0.0,0.0,0.0,0.0,0.0,0.0,0.0,0.0,0.0,0.0,0.0,0.0,0.0,0.0,0.0,0.0,0.0,0.0,0.0,0.0,0.0,0.0,0.0,0.0,0.0,0.0,0.0,0.0,0.0,0.0,0.0,0.0,0.0,0.0,0.0,0.0,0.0,0.0,0.0,0.0,0.0,0.0,0.0,0.0,0.0,0.0,0.0,0.0,0.0,0.0,0.0,0.0,0.0,0.0,0.0,0.0,0.0,0.0,0.0,0.0,0.0,0.0,0.0,0.0,0.0,0.0,0.0,0.0,0.0,0.0,0.0,0.0,0.0,0.0,0.0,0.0,0.0,0.0,0.0,0.0,0.0,0.0,0.0,0.0,0.0,0.0,0.0,0.0,0.0,0.0,0.0,0.0,0.0,0.0,0.0,0.0,0.0,0.0,0.0,0.0,0.0,0.0,0.0,0.0,0.0,0.0,0.0,0.0,0.0,0.0,0.0,0.0,0.0,0.0,0.0,0.0,0.0,0.0,0.0,0.0,0.0,0.0,0.0,0.0,0.0,0.0,0.0,0.0,0.0,0.0,0.0,0.0,0.0,0.0,0.0,0.0,0.0,0.0,0.0,0.0,0.0,0.0,0.0,0.0,0.0,0.0,0.0,0.0,0.0,0.0,0.0,0.0,0.0,0.0,0.0,0.0,0.0,0.0,0.0,0.0,0.0,0.0,0.0,0.0,0.0,0.0,0.0,0.0,0.0]
56224.016094321574 [0.0,0.0,0.0,0.0,0.0,0.0,0.0,0.0,0.0,0.0,0.0,0.0,0.0,0.0,0.0,0.0,0.0,0.0,0.0,0.0,0.0,0.0,0.0,0.0,0.0,0.0,0.0,0.0,0.0,0.0,0.0,0.0,0.0,0.0,0.0,0.0,0.0,0.0,0.0,0.0,0.0,0.0,0.0,0.0,0.0,0.0,0.0,0.0,0.0,0.0,0.0,0.0,0.0,0.0,0.0,0.0,0.0,0.0,0.0,0.0,0.0,0.0,0.0,0.0,0.0,0.0,0.0,0.0,0.0,0.0,0.0,0.0,0.0,0.0,0.0,0.0,0.0,0.0,0.0,0.0,0.0,0.0,0.0,0.0,0.0,0.0,0.0,0.0,0.0,0.0,0.0,0.0,0.0,0.0,0.0,0.0,0.0,0.0,0.0,0.0,0.0,0.0,0.0,0.0,0.0,0.0,0.0,0.0,0.0,0.0,0.0,0.0,0.0,0.0,0.0,0.0,0.0,0.0,0.0,0.0,0.0,0.0,0.0,0.0,0.0,0.0,0.0,0.0,0.0,0.0,0.0,0.0,0.0,0.0,0.0,0.0,0.0,0.0,0.0,0.0,114.82280508915183,75.67080081497936,45.3976735394034,28.527466372626208,31.44953745059244,47.410128058458476,70.22517493235793,82.28112345592409,84.06133437553326,78.50403251796608,78.02463018486836,104.64980549831897,125.0536490252144,133.15358505487504,142.9561910849801,141.66045817724634,160.05849283443138,163.77861739780496,163.00248760421704,159.82163975373373,150.84488734922888,146.39463654766232,179.61669469416194,180.33010874549018,180.81253491373695,175.04888351000955,184.77821298485765,216.7601280457011,214.33968735515836,248.96083768603825,227.1493522772262,232.72703970428523,227.85816430914488,260.00258535752704,252.30233366822017,221.45126806675913,215.18452710925808,200.7655607357736,189.5018987695371,169.24309406229577,145.24132792322575,159.35076643587055,164.48556412162773,166.5978932248773,171.33055644713104,166.57988463831586,181.4654608513406,169.02159605764308,168.60678183464606,178.1677855979618,171.75778304231932,154.73442879028343,153.31614358886097,151.39253614667342,148.16002020932066,155.27047087639673,131.5153773753696,125.13492759781614,112.65575670391421,109.79768078113806,123.04254407408636,132.9387582057561,140.63074063608394,136.82924954353834,130.7058911200434,128.4386816345087,124.6716008224036,123.80518188015255,108.25042122241841,102.90470428798078,101.37534675057627,108.98052001085571,110.93123117736093,109.005306084212,111.27656859012963,103.44586185845425,100.69408363066593,108.06772552321235,98.052388584808,99.81449277027225,104.6117521853652,95.56069015005815,82.14011761557032,75.79063588997604,73.63525061472534,70.3520353261838,81.18654926877497,79.37638989761194,76.91685140695304,89.55936575761979,87.96547666258512,83.61584433078383,77.22010222397519,78.11150105310466,76.47379531622244,78.3582119847138,76.73475204709898,77.68364965436146,71.85973404307019,65.93275261831934,68.07690733933714,57.421506896193335,56.749642886108205,64.03477671867743,62.06497516039747,57.19289115200586,53.913981386884196,53.95337046901607,54.68832176042958,47.47583101419488,47.59660833463401,47.2153231273245,46.53162614580997,47.54065850912123,46.45910362836912,42.61604420923042,36.03275710715613,29.341534485805752,28.83138436758059,31.308407976816518,29.276081193172544,29.799583666711406,30.771059693668423,27.243061146231994,30.540323890598415,32.76625184589637,33.147976474768605,33.863949107259174,34.541732528129316,32.26972978746266,31.742223911477815,32.108996157065576,28.52540472230302,27.420048859612148,27.20920361813719,27.781099585140254,27.40915889726114,24.268671075601596,22.46981844996577,24.79218782627658,23.22756734699791,27.724580471337998,28.54269786197364,30.844988993032572,24.39164307327996,25.62720811816873,24.986154219334153,21.840959754884274,18.22716402619806,15.066959051802133,12.492898294444435,8.802132350233903,8.774938780206304,8.446059935161543,9.894824879291669,8.024466355445572,8.911732387598938,6.146564994157397,6.070020188064488,5.915096008707213] [1311.2619900786005,1321.8202200865917,1332.463464547639,1343.19240799478,1354.0077404728797,1364.9101575830227,1375.9003605272408,1386.9790561536227,1398.1469570017646,1409.4047813486081,1420.7532532546286,1432.193102610412,1443.7250651835902,1455.3498826661717,1467.068302722235,1478.881079036026,1490.78897136042,1502.7927455657994,1514.8931736892998,1527.0910339844697,1539.3871109713293,1551.7821954868166,1564.2770847356642,1576.872582341659,1589.569498399342,1602.368649526097,1615.270858914685,1628.2769563861766,1641.3877784433362,1654.6041683244075,1667.9269760573632,1681.3570585145608,1694.895279467867,1708.5425096441993,1722.2996267815402,1736.1675156853773,1750.1470682856248,1764.2391836939755,1778.4447682617345,1792.7647356381167,1807.2000068289992,1821.7515102561672,1836.4201818170154,1851.2069649447558,1866.112810669078,1881.1386776773347,1896.285532376183,1911.5543489537563,1926.9461094423048,1942.4618037813711,1958.1024298814455,1973.8689936881608,1989.7625092469793,2005.7839987684179,2021.9344926937952,2038.215029761504,2054.626657073813,2071.1704301642176,2087.8474130653335,2104.6586783773164,2121.605307336866,2138.6883898867477,2155.9090247459117,2173.268319480143,2190.767390573309,2208.407363499154,2226.1893727937027,2244.1145621282076,2262.184084382728,2280.399101720259,2298.7607856614945,2317.2703171601615,2335.9288866789793,2354.7376942662327,2373.6979496329395,2392.810872230673,2412.077691329971,2431.4996460994216,2451.0779856853383,2470.813969292122,2490.7088662632277,2510.763956162824,2530.9805288580706,2551.359884602096,2571.9033341176064,2592.612198681206,2613.487810208354,2634.5315113390543,2655.7446555241822,2677.1286071125573,2698.6847414386757,2720.4144449111714,2742.319115101994,2764.4001608362782,2786.6590022829737,2809.097071046162,2831.715810257159,2854.5166746673017,2877.5011307415425,2900.67065675274,2924.0267428767575,2947.570891288285,2971.304616257478,2995.22944424732,3019.346914011829,3043.658576695001,3068.1659959305807,3092.870747942638,3117.7744216469364,3142.87861875312,3168.1849538677375,3193.695054598094,3219.410561656912,3245.333128967883,3271.4644237720117,3297.806126734876,3324.3599320546946,3351.1275475713155,3378.1106948760344,3405.3111094223436,3432.7305406375262,3460.3707520352004,3488.23352132871,3516.320640545493,3544.6339161423107,3573.1751691214417,3601.9462351478164,3630.9489646670518,3660.1852230244945,3689.6568905851636,3719.3658628547196,3749.3140506013438,3779.5033799786634,3809.935792649603,3840.6132459112973,3871.5377128209448,3902.7111823227383,3934.135659375755,3965.8131650829396,3997.7457368210635,4029.9354283717907,4062.3843100537392,4095.0944688556665,4128.068008570669,4161.3070499315045,4194.813730746993,4228.590206039511,4262.638648183577,4296.961247045588,4331.560210124669,4366.437762694626,4401.596147947099,4437.037627135803,4472.764479721992,4508.779003521039,4545.083514850253,4581.680348677821,4618.571858773019,4655.7604178575675,4693.248417758249,4731.038269560753,4769.132403764733,4807.533270440121,4846.243339384716,4885.265100283049,4924.601062866471,4964.253757074609,5004.22573321805,5044.519562142395,5085.137835393579,5126.08316538458,5167.3581855634,5208.965550582488,5250.907936469426,5293.188040799074,5335.808582867062,5378.772303864684,5422.081967055189,5465.740357951513,5509.7502844954415,5554.1145772382,5598.836089522486,5643.917697666003,5689.362301146471,5735.17282278806,5781.352208949439,5827.903429713208,5874.829479076986,5922.133375145914,5969.818160326825,6017.886901523867,6066.342690335802,6115.188643254807,6164.427901866934,6214.06363305417,6264.099029198114,6314.537308385285,6365.381714614103,6416.635518003553,6468.302015003491,6520.384528606639,6572.88640856233,6625.811031591967,6679.16180160615,6732.942149923667,6787.155535492116,6841.805445110439,6896.895393653112,6952.428924296275,7008.409608745552,7064.841047465831,7121.726869912778,7179.070734766296,7236.876330165845,7295.147373947643,7353.887613883764,7413.100827923194,7472.790824434837,7532.961442452409,7593.616551921397,7654.7600539479145,7716.395881049652,7778.527997408752,7841.160399126823,7904.2971144818985,7967.94220418758,8032.099761654146,8096.773913251861,8161.968818576374,8227.688670716232,8293.937696522553,8360.720156880894,8428.04034698531,8495.90259661459,8564.311270410717,8633.270768159597,8702.785525074065,8772.860012079082,8843.498736099358,8914.706240349144,8986.487104624512,9058.845945597834,9131.787417114787,9205.31621049359,9279.437054826807,9354.154717285446,9429.47400342559,9505.399757497484,9581.936862757088,9659.090241780126,9736.864856778713,9815.265709920519,9894.297843650465,9973.966341015032,10054.276325989182,10135.232963805956,10216.841461288606,10299.107067185563,10382.035072507933,10465.630810869876,10549.89965883156,10634.84703624505,10720.478406602804,10806.799277389146,10893.815200434417,10981.531772272076,11069.954634498676,11159.08947413668,11248.94202400021,11339.518063063782,11430.823416834026,11522.863957724268,11615.64560543233,11709.174327321158,11803.456138802712,11898.49710372478,11994.303334761045,12090.880993804161,12188.23629236214,12286.375491957784,12385.304904531427,12485.030892846919,12585.55987090084,12686.898304334996,12789.052710852275,12892.029660635888,12995.8357767719,13100.477735675182,13205.962267518828,13312.296156667053,13419.486242111492,13527.539417911097,13636.462633635434,13746.262894811807,13856.947263375758,13968.522858125163,14080.996855178266,14194.376488435144,14308.66905004285,14423.881890864615] 0.31126199007860056 [Infinity,Infinity,Infinity,Infinity,Infinity,Infinity,Infinity,Infinity,Infinity,Infinity,Infinity,Infinity,Infinity,Infinity,Infinity,Infinity,Infinity,Infinity,Infinity,Infinity,Infinity,Infinity,Infinity,Infinity,Infinity,Infinity,Infinity,Infinity,Infinity,Infinity,Infinity,Infinity,Infinity,Infinity,Infinity,Infinity,Infinity,Infinity,Infinity,Infinity,Infinity,Infinity,Infinity,Infinity,Infinity,Infinity,Infinity,Infinity,Infinity,Infinity,Infinity,Infinity,Infinity,Infinity,Infinity,Infinity,Infinity,Infinity,Infinity,Infinity,Infinity,Infinity,Infinity,Infinity,Infinity,Infinity,Infinity,Infinity,Infinity,Infinity,Infinity,Infinity,Infinity,Infinity,Infinity,Infinity,Infinity,Infinity,Infinity,Infinity,Infinity,Infinity,Infinity,Infinity,Infinity,Infinity,Infinity,Infinity,Infinity,Infinity,Infinity,Infinity,Infinity,Infinity,Infinity,Infinity,Infinity,Infinity,Infinity,Infinity,Infinity,Infinity,Infinity,Infinity,Infinity,Infinity,Infinity,Infinity,Infinity,Infinity,Infinity,Infinity,Infinity,Infinity,Infinity,Infinity,Infinity,Infinity,Infinity,Infinity,Infinity,Infinity,Infinity,Infinity,Infinity,Infinity,Infinity,Infinity,Infinity,Infinity,Infinity,Infinity,Infinity,Infinity,Infinity,Infinity,Infinity,Infinity,Infinity,Infinity,5.97585975344901,4.0060508506156,2.2880198114426755,1.4776208318014339,1.5392817054355539,2.3598652825177346,3.486905703455367,4.233578282747509,4.121465879043201,3.7370891752801376,3.9755815511283936,5.124659245085342,6.477815093307328,7.302661336553996,7.615935026296661,7.840038565375131,8.178373272620393,8.356490998610575,8.086875248048479,7.617682068339414,7.494205379954832,7.909964446843925,8.459901919284565,8.76224731718183,8.902331982187881,9.113226017065726,9.525512777202042,10.18543441192455,10.973115019732102,11.481141964709966,11.460930592830199,11.372966914668842,11.733769184494147,12.220683288280801,12.185459294836047,11.627430440267533,10.984810149497347,10.300864585386089,9.221577142056736,7.9495121671292335,7.4285944533530754,7.898453672656991,8.390078512540573,8.40240643862472,8.44505272057776,8.741763411757109,8.844218472292507,8.619398403696485,8.541627358074992,8.675777850588101,8.46916032339202,7.8715767586320435,7.407391701179821,7.252220579133048,7.2653243310505315,7.150114971152616,6.632001047803131,5.971163939712467,5.5467732844132716,5.564617196018078,6.001239181617024,6.5314167723751115,6.920293274741686,7.048522722741536,6.938726665102588,6.658942871764152,6.261241619225207,5.8554137626791585,5.582901698319983,5.379448080766339,5.19769852882975,5.2049096784455795,5.267985158747698,5.124651360924914,5.0752649352729575,5.174816705822595,5.06609867018186,4.8794196383363415,4.801103311179142,4.793936630477208,4.770848551068292,4.617826145037975,4.247329330599192,3.872779887933259,3.6748896751174946,3.632618901992136,3.7877414734921735,4.033173891374021,4.164938488615476,4.208812788050417,4.205835373069318,4.152575240173428,4.026501137925735,3.9096438932915136,3.8311718524005762,3.746342168307269,3.630163268299614,3.5906830255855553,3.431963423938844,3.157058680078448,3.182117101585969,3.0752772186349637,2.9653445950329527,2.9742798249362394,2.9281173247979018,2.7966595703948256,2.701454655224219,2.633752618345761,2.5926698470872127,2.5465288621778526,2.4209129718043942,2.2609817207870337,2.1434065044671566,2.185134923438786,2.2438554012626275,2.0885795402829674,1.8578891294181865,1.6950409670797906,1.530081421426877,1.5471290023362492,1.518894322915967,1.5230275876528072,1.5042565774670913,1.5191489021295796,1.5158652112681328,1.6260008517689921,1.6935082728653839,1.6531270586955906,1.634288010438214,1.6514410137582274,1.5902786817915107,1.5481495216801926,1.484524614681745,1.4462487795172145,1.3304995859988,1.3250986932648672,1.3689826059466665,1.1312086082508273,1.1437696409766929,1.2039638734071814,1.191099970834142,1.3704345374908875,1.4776243024964024,1.431382853109897,1.3293594559004895,1.3184734390769874,1.2422740097589804,1.116529999351151,0.9492858847025764,0.7659774225202588,0.61021375708642,0.4101814645596167,0.440683511350065,0.42831740477432645,0.47619338142269474,0.41408526339611174,0.42073875887186685,0.3267504321707487,0.317824214293856,0.2926138932366478] [0.0,0.0,0.0,0.0,0.0,0.0,0.0,0.0,0.0,0.0,0.0,0.0,0.0,0.0,0.0,0.0,0.0,0.0,0.0,0.0,0.0,0.0,0.0,0.0,0.0,0.0,0.0,0.0,0.0,0.0,0.0,0.0,0.0,0.0,0.0,0.0,0.0,0.0,0.0,0.0,0.0,0.0,0.0,0.0,0.0,0.0,0.0,0.0,0.0,0.0,0.0,0.0,0.0,0.0,0.0,0.0,0.0,0.0,0.0,0.0,0.0,0.0,0.0,0.0,0.0,0.0,0.0,0.0,0.0,0.0,0.0,0.0,0.0,0.0,0.0,0.0,0.0,0.0,0.0,0.0,0.0,0.0,0.0,0.0,0.0,0.0,0.0,0.0,0.0,0.0,0.0,0.0,0.0,0.0,0.0,0.0,0.0,0.0,0.0,0.0,0.0,0.0,0.0,0.0,0.0,0.0,0.0,0.0,0.0,0.0,0.0,0.0,0.0,0.0,0.0,0.0,0.0,0.0,0.0,0.0,0.0,0.0,0.0,0.0,0.0,0.0,0.0,0.0,0.0,0.0,0.0,0.0,0.0,0.0,0.0,0.0,0.0,0.0,0.0,0.0,-4.694389979828354,-4.450216197332655,-0.3627226894501065,-1.0249502634024705,0.6639033418813612,0.21282240810378353,0.4870608632505886,-2.39044219902608,1.6320167946692585,3.7622490123633217,-1.4870008376995052,2.156620596612142,-4.5026528409321624,-12.899641676204892,-9.362509440953128,-15.140313130256294,-3.5089726179764757,-3.3512025744065266,1.2649826432474651,7.46799838694545,0.96077975013226,-11.804652389216194,10.41865630847065,5.085162401853586,2.765895269979323,-7.215636831304977,-5.7320425591831725,13.051439807210091,-5.122613039483672,19.337998391838944,-2.0692595793777757,5.267701410908376,-6.817219380738042,15.588919591911027,8.593147771499257,-11.097340738591537,-4.5116758806888715,-5.251730971948169,5.070355928402365,10.252850719711104,-3.330561143835759,1.3816929827307312,-3.3160061291837413,-1.4502355476170603,2.4295020355758283,-8.255383596826336,4.581091405490469,-3.3663720162866198,-2.225765326853786,4.652228586199746,2.3745765744789407,-2.697106382357442,5.168309565264525,6.348124564012462,2.853533588310016,12.268171453344387,-1.12464358069299,5.711648803566813,1.7202910156487723,-1.4946631392235252,3.0177604417458905,2.3104227582538774,2.224875141250207,-4.141204911292386,-8.068642182008377,-4.740175800774352,-0.5532315621005324,6.696906626569376,-3.407612743981244,-4.684257327346023,-2.578623826018724,4.882326441944125,5.571528002406963,6.512278865713715,9.771269884670472,-0.05047225799764867,-0.627889772971267,10.479332756485523,2.030322361225153,3.93576016072809,9.194781163999364,3.204167249298634,-2.806468996413535,-1.6649618686891385,0.13745711237544472,-2.3003427136589187,5.431719798931491,-1.2870879298684865,-6.381918365356484,5.383109996611448,3.848769201198764,0.5643395273152518,-3.3099205345395095,-0.08137681272560555,-0.14964173178909176,3.4313686185684236,4.131486681106699,5.869989142650357,3.2204655642933067,2.7915790167503807,4.434565307617762,-4.0840374765059435,-2.557249014550851,4.549180219952645,3.5026286644394333,1.2596997441093558,-0.11511171760017971,1.27831810210085,2.83492481868533,-3.4547462293621716,-0.821651101453875,1.9956887115838307,3.663496056466843,3.8379600403455094,1.5819956031165752,0.8444534035710637,-1.1250254812075995,-4.559284855790063,-1.770244060956946,0.36582793009153486,-1.101805265146796,-0.6609680863447384,0.6859281443265943,-3.139916896359597,0.2230196652357609,0.24623481051652957,-0.7221889825390757,0.8014079333473628,1.855972319365038,-0.75909048770189,-0.06334972435239894,1.1460057234617242,-1.16508757133188,-1.5049267307321423,0.5992118981611904,1.279125719842909,0.02950677832780667,1.6444989105850485,-0.405574369568086,0.712910358132954,-0.5944320696849333,0.31588972152024664,-1.009788187954409,2.217331930834627,-2.1955460447298325,-0.7422606633710171,0.14067402415454403,-0.4896402321387477,-0.7585536678534642,-0.2525893986030421,0.2886231527160347,0.5985030590415689,-0.038731446794995864,-0.1202881603249849,0.3709572508377736,-0.2572389124766617,0.49695721016160166,-0.388443649257576,-0.2864640978126319,0.06281814397425642]
56110.75719508905 [0.0,0.0,0.0,0.0,0.0,0.0,0.0,0.0,0.0,0.0,0.0,0.0,0.0,0.0,0.0,0.0,0.0,0.0,0.0,0.0,0.0,0.0,0.0,0.0,0.0,0.0,0.0,0.0,0.0,0.0,0.0,0.0,0.0,0.0,0.0,0.0,0.0,0.0,0.0,0.0,0.0,0.0,0.0,0.0,0.0,0.0,0.0,0.0,0.0,0.0,0.0,0.0,0.0,0.0,0.0,0.0,0.0,0.0,0.0,0.0,0.0,0.0,0.0,0.0,0.0,0.0,0.0,0.0,0.0,0.0,0.0,0.0,0.0,0.0,0.0,0.0,0.0,0.0,0.0,0.0,0.0,0.0,0.0,0.0,0.0,0.0,0.0,0.0,0.0,0.0,0.0,0.0,0.0,0.0,0.0,0.0,0.0,0.0,0.0,0.0,0.0,0.0,0.0,0.0,0.0,0.0,0.0,0.0,0.0,0.0,0.0,0.0,0.0,0.0,0.0,0.0,0.0,0.0,0.0,0.0,0.0,0.0,0.0,0.0,0.0,0.0,0.0,0.0,0.0,0.0,0.0,0.0,0.0,0.0,0.0,0.0,0.0,0.0,0.0,0.0,0.0,0.0,0.0,0.0,0.0,0.0,0.0,0.0,0.0,0.0,0.0,0.0,0.0,0.0,0.0,0.0,0.0,0.0,0.0,0.0,0.0,0.0,0.0,0.0,0.0,0.0,0.0,0.0,0.0,0.0,0.0,0.0,0.0,0.0,0.0,0.0,0.0,0.0,0.0,0.0,0.0,0.0,0.0,0.0,0.0,0.0,0.0,0.0,0.0,0.0,0.0,0.0,0.0,0.0,0.0,0.0,0.0,0.0,0.0,0.0,0.0,0.0,0.0,0.0,0.0,0.0,0.0,0.0,0.0,0.0,0.0,0.0,0.0,0.0,0.0,0.0,0.0,0.0,0.0,0.0,0.0,0.0,0.0,0.0,0.0,0.0,0.0,0.0,0.0,0.0,0.0,0.0,0.0,0.0,0.0,0.0,0.0,0.0,0.0,0.0,0.0,0.0,0.0,0.0,0.0,0.0,0.0,0.0,0.0,0.0,0.0,0.0,0.0,0.0,0.0,0.0,0.0,0.0,0.0,0.0,0.0,0.0,0.0,0.0,0.0,0.0,0.0,0.0,0.0,0.0,0.0,0.0,0.0,0.0,0.0,0.0,0.0,0.0,0.0,0.0,0.0,0.0,0.0,0.0,0.0,0.0,0.0,0.0,0.0,0.0,0.0,0.0,0.0,0.0,0.0,0.0,0.0,0.0,0.0,0.0] [1311.2619900786005,1321.8202200865917,1332.463464547639,1343.19240799478,1354.0077404728797,1364.9101575830227,1375.9003605272408,1386.9790561536227,1398.1469570017646,1409.4047813486081,1420.7532532546286,1432.193102610412,1443.7250651835902,1455.3498826661717,1467.068302722235,1478.881079036026,1490.78897136042,1502.7927455657994,1514.8931736892998,1527.0910339844697,1539.3871109713293,1551.7821954868166,1564.2770847356642,1576.872582341659,1589.569498399342,1602.368649526097,1615.270858914685,1628.2769563861766,1641.3877784433362,1654.6041683244075,1667.9269760573632,1681.3570585145608,1694.895279467867,1708.5425096441993,1722.2996267815402,1736.1675156853773,1750.1470682856248,1764.2391836939755,1778.4447682617345,1792.7647356381167,1807.2000068289992,1821.7515102561672,1836.4201818170154,1851.2069649447558,1866.112810669078,1881.1386776773347,1896.285532376183,1911.5543489537563,1926.9461094423048,1942.4618037813711,1958.1024298814455,1973.8689936881608,1989.7625092469793,2005.7839987684179,2021.9344926937952,2038.215029761504,2054.626657073813,2071.1704301642176,2087.8474130653335,2104.6586783773164,2121.605307336866,2138.6883898867477,2155.9090247459117,2173.268319480143,2190.767390573309,2208.407363499154,2226.1893727937027,2244.1145621282076,2262.184084382728,2280.399101720259,2298.7607856614945,2317.2703171601615,2335.9288866789793,2354.7376942662327,2373.6979496329395,2392.810872230673,2412.077691329971,2431.4996460994216,2451.0779856853383,2470.813969292122,2490.7088662632277,2510.763956162824,2530.9805288580706,2551.359884602096,2571.9033341176064,2592.612198681206,2613.487810208354,2634.5315113390543,2655.7446555241822,2677.1286071125573,2698.6847414386757,2720.4144449111714,2742.319115101994,2764.4001608362782,2786.6590022829737,2809.097071046162,2831.715810257159,2854.5166746673017,2877.5011307415425,2900.67065675274,2924.0267428767575,2947.570891288285,2971.304616257478,2995.22944424732,3019.346914011829,3043.658576695001,3068.1659959305807,3092.870747942638,3117.7744216469364,3142.87861875312,3168.1849538677375,3193.695054598094,3219.410561656912,3245.333128967883,3271.4644237720117,3297.806126734876,3324.3599320546946,3351.1275475713155,3378.1106948760344,3405.3111094223436,3432.7305406375262,3460.3707520352004,3488.23352132871,3516.320640545493,3544.6339161423107,3573.1751691214417,3601.9462351478164,3630.9489646670518,3660.1852230244945,3689.6568905851636,3719.3658628547196,3749.3140506013438,3779.5033799786634,3809.935792649603,3840.6132459112973,3871.5377128209448,3902.7111823227383,3934.135659375755,3965.8131650829396,3997.7457368210635,4029.9354283717907,4062.3843100537392,4095.0944688556665,4128.068008570669,4161.3070499315045,4194.813730746993,4228.590206039511,4262.638648183577,4296.961247045588,4331.560210124669,4366.437762694626,4401.596147947099,4437.037627135803,4472.764479721992,4508.779003521039,4545.083514850253,4581.680348677821,4618.571858773019,4655.7604178575675,4693.248417758249,4731.038269560753,4769.132403764733,4807.533270440121,4846.243339384716,4885.265100283049,4924.601062866471,4964.253757074609,5004.22573321805,5044.519562142395,5085.137835393579,5126.08316538458,5167.3581855634,5208.965550582488,5250.907936469426,5293.188040799074,5335.808582867062,5378.772303864684,5422.081967055189,5465.740357951513,5509.7502844954415,5554.1145772382,5598.836089522486,5643.917697666003,5689.362301146471,5735.17282278806,5781.352208949439,5827.903429713208,5874.829479076986,5922.133375145914,5969.818160326825,6017.886901523867,6066.342690335802,6115.188643254807,6164.427901866934,6214.06363305417,6264.099029198114,6314.537308385285,6365.381714614103,6416.635518003553,6468.302015003491,6520.384528606639,6572.88640856233,6625.811031591967,6679.16180160615,6732.942149923667,6787.155535492116,6841.805445110439,6896.895393653112,6952.428924296275,7008.409608745552,7064.841047465831,7121.726869912778,7179.070734766296,7236.876330165845,7295.147373947643,7353.887613883764,7413.100827923194,7472.790824434837,7532.961442452409,7593.616551921397,7654.7600539479145,7716.395881049652,7778.527997408752,7841.160399126823,7904.2971144818985,7967.94220418758,8032.099761654146,8096.773913251861,8161.968818576374,8227.688670716232,8293.937696522553,8360.720156880894,8428.04034698531,8495.90259661459,8564.311270410717,8633.270768159597,8702.785525074065,8772.860012079082,8843.498736099358,8914.706240349144,8986.487104624512,9058.845945597834,9131.787417114787,9205.31621049359,9279.437054826807,9354.154717285446,9429.47400342559,9505.399757497484,9581.936862757088,9659.090241780126,9736.864856778713,9815.265709920519,9894.297843650465,9973.966341015032,10054.276325989182,10135.232963805956,10216.841461288606,10299.107067185563,10382.035072507933,10465.630810869876,10549.89965883156,10634.84703624505,10720.478406602804,10806.799277389146,10893.815200434417,10981.531772272076,11069.954634498676,11159.08947413668,11248.94202400021,11339.518063063782,11430.823416834026,11522.863957724268,11615.64560543233,11709.174327321158,11803.456138802712,11898.49710372478,11994.303334761045,12090.880993804161,12188.23629236214,12286.375491957784,12385.304904531427,12485.030892846919,12585.55987090084,12686.898304334996,12789.052710852275,12892.029660635888,12995.8357767719,13100.477735675182,13205.962267518828,13312.296156667053,13419.486242111492,13527.539417911097,13636.462633635434,13746.262894811807,13856.947263375758,13968.522858125163,14080.996855178266,14194.376488435144,14308.66905004285,14423.881890864615] 0.31126199007860056 [Infinity,Infinity,Infinity,Infinity,Infinity,Infinity,Infinity,Infinity,Infinity,Infinity,Infinity,Infinity,Infinity,Infinity,Infinity,Infinity,Infinity,Infinity,Infinity,Infinity,Infinity,Infinity,Infinity,Infinity,Infinity,Infinity,Infinity,Infinity,Infinity,Infinity,Infinity,Infinity,Infinity,Infinity,Infinity,Infinity,Infinity,Infinity,Infinity,Infinity,Infinity,Infinity,Infinity,Infinity,Infinity,Infinity,Infinity,Infinity,Infinity,Infinity,Infinity,Infinity,Infinity,Infinity,Infinity,Infinity,Infinity,Infinity,Infinity,Infinity,Infinity,Infinity,Infinity,Infinity,Infinity,Infinity,Infinity,Infinity,Infinity,Infinity,Infinity,Infinity,Infinity,Infinity,Infinity,Infinity,Infinity,Infinity,Infinity,Infinity,Infinity,Infinity,Infinity,Infinity,Infinity,Infinity,Infinity,Infinity,Infinity,Infinity,Infinity,Infinity,Infinity,Infinity,Infinity,Infinity,Infinity,Infinity,Infinity,Infinity,Infinity,Infinity,Infinity,Infinity,Infinity,Infinity,Infinity,Infinity,Infinity,Infinity,Infinity,Infinity,Infinity,Infinity,Infinity,Infinity,Infinity,Infinity,Infinity,Infinity,Infinity,Infinity,Infinity,Infinity,Infinity,Infinity,Infinity,Infinity,Infinity,Infinity,Infinity,Infinity,Infinity,Infinity,Infinity,Infinity,Infinity,Infinity,Infinity,Infinity,Infinity,Infinity,Infinity,Infinity,Infinity,Infinity,Infinity,Infinity,Infinity,Infinity,Infinity,Infinity,Infinity,Infinity,Infinity,Infinity,Infinity,Infinity,Infinity,Infinity,Infinity,Infinity,Infinity,Infinity,Infinity,Infinity,Infinity,Infinity,Infinity,Infinity,Infinity,Infinity,Infinity,Infinity,Infinity,Infinity,Infinity,Infinity,Infinity,Infinity,Infinity,Infinity,Infinity,Infinity,Infinity,Infinity,Infinity,Infinity,Infinity,Infinity,Infinity,Infinity,Infinity,Infinity,Infinity,Infinity,Infinity,Infinity,Infinity,Infinity,Infinity,Infinity,Infinity,Infinity,Infinity,Infinity,Infinity,Infinity,Infinity,Infinity,Infinity,Infinity,Infinity,Infinity,Infinity,Infinity,Infinity,Infinity,Infinity,Infinity,Infinity,Infinity,Infinity,Infinity,Infinity,Infinity,Infinity,Infinity,Infinity,Infinity,Infinity,Infinity,Infinity,Infinity,Infinity,Infinity,Infinity,Infinity,Infinity,Infinity,Infinity,Infinity,Infinity,Infinity,Infinity,Infinity,Infinity,Infinity,Infinity,Infinity,Infinity,Infinity,Infinity,Infinity,Infinity,Infinity,Infinity,Infinity,Infinity,Infinity,Infinity,Infinity,Infinity,Infinity,Infinity,Infinity,Infinity,Infinity,Infinity,Infinity,Infinity,Infinity,Infinity,Infinity,Infinity,Infinity,Infinity,Infinity,Infinity,Infinity,Infinity,Infinity,Infinity,Infinity,Infinity,Infinity,Infinity,Infinity,Infinity,Infinity,Infinity,Infinity,Infinity,Infinity,Infinity,Infinity,Infinity,Infinity,Infinity,Infinity] [0.0,0.0,0.0,0.0,0.0,0.0,0.0,0.0,0.0,0.0,0.0,0.0,0.0,0.0,0.0,0.0,0.0,0.0,0.0,0.0,0.0,0.0,0.0,0.0,0.0,0.0,0.0,0.0,0.0,0.0,0.0,0.0,0.0,0.0,0.0,0.0,0.0,0.0,0.0,0.0,0.0,0.0,0.0,0.0,0.0,0.0,0.0,0.0,0.0,0.0,0.0,0.0,0.0,0.0,0.0,0.0,0.0,0.0,0.0,0.0,0.0,0.0,0.0,0.0,0.0,0.0,0.0,0.0,0.0,0.0,0.0,0.0,0.0,0.0,0.0,0.0,0.0,0.0,0.0,0.0,0.0,0.0,0.0,0.0,0.0,0.0,0.0,0.0,0.0,0.0,0.0,0.0,0.0,0.0,0.0,0.0,0.0,0.0,0.0,0.0,0.0,0.0,0.0,0.0,0.0,0.0,0.0,0.0,0.0,0.0,0.0,0.0,0.0,0.0,0.0,0.0,0.0,0.0,0.0,0.0,0.0,0.0,0.0,0.0,0.0,0.0,0.0,0.0,0.0,0.0,0.0,0.0,0.0,0.0,0.0,0.0,0.0,0.0,0.0,0.0,0.0,0.0,0.0,0.0,0.0,0.0,0.0,0.0,0.0,0.0,0.0,0.0,0.0,0.0,0.0,0.0,0.0,0.0,0.0,0.0,0.0,0.0,0.0,0.0,0.0,0.0,0.0,0.0,0.0,0.0,0.0,0.0,0.0,0.0,0.0,0.0,0.0,0.0,0.0,0.0,0.0,0.0,0.0,0.0,0.0,0.0,0.0,0.0,0.0,0.0,0.0,0.0,0.0,0.0,0.0,0.0,0.0,0.0,0.0,0.0,0.0,0.0,0.0,0.0,0.0,0.0,0.0,0.0,0.0,0.0,0.0,0.0,0.0,0.0,0.0,0.0,0.0,0.0,0.0,0.0,0.0,0.0,0.0,0.0,0.0,0.0,0.0,0.0,0.0,0.0,0.0,0.0,0.0,0.0,0.0,0.0,0.0,0.0,0.0,0.0,0.0,0.0,0.0,0.0,0.0,0.0,0.0,0.0,0.0,0.0,0.0,0.0,0.0,0.0,0.0,0.0,0.0,0.0,0.0,0.0,0.0,0.0,0.0,0.0,0.0,0.0,0.0,0.0,0.0,0.0,0.0,0.0,0.0,0.0,0.0,0.0,0.0,0.0,0.0,0.0,0.0,0.0,0.0,0.0,0.0,0.0,0.0,0.0,0.0,0.0,0.0,0.0,0.0,0.0,0.0,0.0,0.0,0.0,0.0,0.0]
56398.42709434321 [0.0,0.0,0.0,0.0,0.0,0.0,0.0,0.0,0.0,0.0,0.0,0.0,0.0,0.0,0.0,0.0,0.0,0.0,0.0,0.0,0.0,0.0,0.0,0.0,0.0,0.0,0.0,0.0,0.0,0.0,0.0,0.0,0.0,0.0,0.0,0.0,0.0,0.0,0.0,0.0,0.0,0.0,0.0,0.0,0.0,0.0,0.0,0.0,0.0,0.0,0.0,0.0,0.0,0.0,0.0,0.0,0.0,0.0,0.0,0.0,0.0,0.0,0.0,0.0,0.0,0.0,0.0,0.0,0.0,0.0,0.0,0.0,0.0,0.0,0.0,0.0,0.0,0.0,0.0,0.0,0.0,0.0,0.0,0.0,0.0,0.0,0.0,0.0,0.0,0.0,0.0,0.0,0.0,0.0,0.0,0.0,0.0,0.0,0.0,0.0,0.0,0.0,0.0,0.0,0.0,0.0,0.0,0.0,0.0,0.0,0.0,0.0,0.0,0.0,0.0,0.0,0.0,0.0,0.0,0.0,0.0,0.0,0.0,0.0,0.0,0.0,0.0,0.0,0.0,0.0,0.0,0.0,0.0,0.0,0.0,0.0,0.0,0.0,0.0,0.0,0.0,0.0,0.0,0.0,0.0,0.0,0.0,0.0,0.0,0.0,0.0,0.0,0.0,0.0,0.0,0.0,0.0,0.0,0.0,0.0,0.0,0.0,0.0,0.0,0.0,0.0,0.0,0.0,0.0,0.0,0.0,0.0,0.0,0.0,0.0,0.0,0.0,0.0,0.0,0.0,0.0,0.0,0.0,0.0,0.0,0.0,0.0,0.0,0.0,0.0,0.0,0.0,0.0,0.0,0.0,0.0,0.0,0.0,0.0,0.0,0.0,0.0,0.0,0.0,0.0,0.0,0.0,0.0,0.0,0.0,0.0,0.0,0.0,0.0,0.0,0.0,0.0,0.0,0.0,0.0,0.0,0.0,0.0,0.0,0.0,0.0,0.0,0.0,0.0,0.0,0.0,0.0,0.0,0.0,0.0,0.0,0.0,0.0,0.0,0.0,0.0,0.0,0.0,0.0,0.0,0.0,0.0,0.0,0.0,0.0,0.0,0.0,0.0,0.0,0.0,0.0,0.0,0.0,0.0,0.0,0.0,0.0,0.0,0.0,0.0,0.0,0.0,0.0,0.0,0.0,0.0,0.0,0.0,0.0,0.0,0.0,0.0,0.0,0.0,0.0,0.0,0.0,0.0,0.0,0.0,0.0,0.0,0.0,0.0,0.0,0.0,0.0,0.0,0.0,0.0,0.0,0.0,0.0,0.0,0.0] [1311.2619900786005,1321.8202200865917,1332.463464547639,1343.19240799478,1354.0077404728797,1364.9101575830227,1375.9003605272408,1386.9790561536227,1398.1469570017646,1409.4047813486081,1420.7532532546286,1432.193102610412,1443.7250651835902,1455.3498826661717,1467.068302722235,1478.881079036026,1490.78897136042,1502.7927455657994,1514.8931736892998,1527.0910339844697,1539.3871109713293,1551.7821954868166,1564.2770847356642,1576.872582341659,1589.569498399342,1602.368649526097,1615.270858914685,1628.2769563861766,1641.3877784433362,1654.6041683244075,1667.9269760573632,1681.3570585145608,1694.895279467867,1708.5425096441993,1722.2996267815402,1736.1675156853773,1750.1470682856248,1764.2391836939755,1778.4447682617345,1792.7647356381167,1807.2000068289992,1821.7515102561672,1836.4201818170154,1851.2069649447558,1866.112810669078,1881.1386776773347,1896.285532376183,1911.5543489537563,1926.9461094423048,1942.4618037813711,1958.1024298814455,1973.8689936881608,1989.7625092469793,2005.7839987684179,2021.9344926937952,2038.215029761504,2054.626657073813,2071.1704301642176,2087.8474130653335,2104.6586783773164,2121.605307336866,2138.6883898867477,2155.9090247459117,2173.268319480143,2190.767390573309,2208.407363499154,2226.1893727937027,2244.1145621282076,2262.184084382728,2280.399101720259,2298.7607856614945,2317.2703171601615,2335.9288866789793,2354.7376942662327,2373.6979496329395,2392.810872230673,2412.077691329971,2431.4996460994216,2451.0779856853383,2470.813969292122,2490.7088662632277,2510.763956162824,2530.9805288580706,2551.359884602096,2571.9033341176064,2592.612198681206,2613.487810208354,2634.5315113390543,2655.7446555241822,2677.1286071125573,2698.6847414386757,2720.4144449111714,2742.319115101994,2764.4001608362782,2786.6590022829737,2809.097071046162,2831.715810257159,2854.5166746673017,2877.5011307415425,2900.67065675274,2924.0267428767575,2947.570891288285,2971.304616257478,2995.22944424732,3019.346914011829,3043.658576695001,3068.1659959305807,3092.870747942638,3117.7744216469364,3142.87861875312,3168.1849538677375,3193.695054598094,3219.410561656912,3245.333128967883,3271.4644237720117,3297.806126734876,3324.3599320546946,3351.1275475713155,3378.1106948760344,3405.3111094223436,3432.7305406375262,3460.3707520352004,3488.23352132871,3516.320640545493,3544.6339161423107,3573.1751691214417,3601.9462351478164,3630.9489646670518,3660.1852230244945,3689.6568905851636,3719.3658628547196,3749.3140506013438,3779.5033799786634,3809.935792649603,3840.6132459112973,3871.5377128209448,3902.7111823227383,3934.135659375755,3965.8131650829396,3997.7457368210635,4029.9354283717907,4062.3843100537392,4095.0944688556665,4128.068008570669,4161.3070499315045,4194.813730746993,4228.590206039511,4262.638648183577,4296.961247045588,4331.560210124669,4366.437762694626,4401.596147947099,4437.037627135803,4472.764479721992,4508.779003521039,4545.083514850253,4581.680348677821,4618.571858773019,4655.7604178575675,4693.248417758249,4731.038269560753,4769.132403764733,4807.533270440121,4846.243339384716,4885.265100283049,4924.601062866471,4964.253757074609,5004.22573321805,5044.519562142395,5085.137835393579,5126.08316538458,5167.3581855634,5208.965550582488,5250.907936469426,5293.188040799074,5335.808582867062,5378.772303864684,5422.081967055189,5465.740357951513,5509.7502844954415,5554.1145772382,5598.836089522486,5643.917697666003,5689.362301146471,5735.17282278806,5781.352208949439,5827.903429713208,5874.829479076986,5922.133375145914,5969.818160326825,6017.886901523867,6066.342690335802,6115.188643254807,6164.427901866934,6214.06363305417,6264.099029198114,6314.537308385285,6365.381714614103,6416.635518003553,6468.302015003491,6520.384528606639,6572.88640856233,6625.811031591967,6679.16180160615,6732.942149923667,6787.155535492116,6841.805445110439,6896.895393653112,6952.428924296275,7008.409608745552,7064.841047465831,7121.726869912778,7179.070734766296,7236.876330165845,7295.147373947643,7353.887613883764,7413.100827923194,7472.790824434837,7532.961442452409,7593.616551921397,7654.7600539479145,7716.395881049652,7778.527997408752,7841.160399126823,7904.2971144818985,7967.94220418758,8032.099761654146,8096.773913251861,8161.968818576374,8227.688670716232,8293.937696522553,8360.720156880894,8428.04034698531,8495.90259661459,8564.311270410717,8633.270768159597,8702.785525074065,8772.860012079082,8843.498736099358,8914.706240349144,8986.487104624512,9058.845945597834,9131.787417114787,9205.31621049359,9279.437054826807,9354.154717285446,9429.47400342559,9505.399757497484,9581.936862757088,9659.090241780126,9736.864856778713,9815.265709920519,9894.297843650465,9973.966341015032,10054.276325989182,10135.232963805956,10216.841461288606,10299.107067185563,10382.035072507933,10465.630810869876,10549.89965883156,10634.84703624505,10720.478406602804,10806.799277389146,10893.815200434417,10981.531772272076,11069.954634498676,11159.08947413668,11248.94202400021,11339.518063063782,11430.823416834026,11522.863957724268,11615.64560543233,11709.174327321158,11803.456138802712,11898.49710372478,11994.303334761045,12090.880993804161,12188.23629236214,12286.375491957784,12385.304904531427,12485.030892846919,12585.55987090084,12686.898304334996,12789.052710852275,12892.029660635888,12995.8357767719,13100.477735675182,13205.962267518828,13312.296156667053,13419.486242111492,13527.539417911097,13636.462633635434,13746.262894811807,13856.947263375758,13968.522858125163,14080.996855178266,14194.376488435144,14308.66905004285,14423.881890864615] 0.31126199007860056 [Infinity,Infinity,Infinity,Infinity,Infinity,Infinity,Infinity,Infinity,Infinity,Infinity,Infinity,Infinity,Infinity,Infinity,Infinity,Infinity,Infinity,Infinity,Infinity,Infinity,Infinity,Infinity,Infinity,Infinity,Infinity,Infinity,Infinity,Infinity,Infinity,Infinity,Infinity,Infinity,Infinity,Infinity,Infinity,Infinity,Infinity,Infinity,Infinity,Infinity,Infinity,Infinity,Infinity,Infinity,Infinity,Infinity,Infinity,Infinity,Infinity,Infinity,Infinity,Infinity,Infinity,Infinity,Infinity,Infinity,Infinity,Infinity,Infinity,Infinity,Infinity,Infinity,Infinity,Infinity,Infinity,Infinity,Infinity,Infinity,Infinity,Infinity,Infinity,Infinity,Infinity,Infinity,Infinity,Infinity,Infinity,Infinity,Infinity,Infinity,Infinity,Infinity,Infinity,Infinity,Infinity,Infinity,Infinity,Infinity,Infinity,Infinity,Infinity,Infinity,Infinity,Infinity,Infinity,Infinity,Infinity,Infinity,Infinity,Infinity,Infinity,Infinity,Infinity,Infinity,Infinity,Infinity,Infinity,Infinity,Infinity,Infinity,Infinity,Infinity,Infinity,Infinity,Infinity,Infinity,Infinity,Infinity,Infinity,Infinity,Infinity,Infinity,Infinity,Infinity,Infinity,Infinity,Infinity,Infinity,Infinity,Infinity,Infinity,Infinity,Infinity,Infinity,Infinity,Infinity,Infinity,Infinity,Infinity,Infinity,Infinity,Infinity,Infinity,Infinity,Infinity,Infinity,Infinity,Infinity,Infinity,Infinity,Infinity,Infinity,Infinity,Infinity,Infinity,Infinity,Infinity,Infinity,Infinity,Infinity,Infinity,Infinity,Infinity,Infinity,Infinity,Infinity,Infinity,Infinity,Infinity,Infinity,Infinity,Infinity,Infinity,Infinity,Infinity,Infinity,Infinity,Infinity,Infinity,Infinity,Infinity,Infinity,Infinity,Infinity,Infinity,Infinity,Infinity,Infinity,Infinity,Infinity,Infinity,Infinity,Infinity,Infinity,Infinity,Infinity,Infinity,Infinity,Infinity,Infinity,Infinity,Infinity,Infinity,Infinity,Infinity,Infinity,Infinity,Infinity,Infinity,Infinity,Infinity,Infinity,Infinity,Infinity,Infinity,Infinity,Infinity,Infinity,Infinity,Infinity,Infinity,Infinity,Infinity,Infinity,Infinity,Infinity,Infinity,Infinity,Infinity,Infinity,Infinity,Infinity,Infinity,Infinity,Infinity,Infinity,Infinity,Infinity,Infinity,Infinity,Infinity,Infinity,Infinity,Infinity,Infinity,Infinity,Infinity,Infinity,Infinity,Infinity,Infinity,Infinity,Infinity,Infinity,Infinity,Infinity,Infinity,Infinity,Infinity,Infinity,Infinity,Infinity,Infinity,Infinity,Infinity,Infinity,Infinity,Infinity,Infinity,Infinity,Infinity,Infinity,Infinity,Infinity,Infinity,Infinity,Infinity,Infinity,Infinity,Infinity,Infinity,Infinity,Infinity,Infinity,Infinity,Infinity,Infinity,Infinity,Infinity,Infinity,Infinity,Infinity,Infinity,Infinity,Infinity,Infinity,Infinity,Infinity,Infinity,Infinity] [0.0,0.0,0.0,0.0,0.0,0.0,0.0,0.0,0.0,0.0,0.0,0.0,0.0,0.0,0.0,0.0,0.0,0.0,0.0,0.0,0.0,0.0,0.0,0.0,0.0,0.0,0.0,0.0,0.0,0.0,0.0,0.0,0.0,0.0,0.0,0.0,0.0,0.0,0.0,0.0,0.0,0.0,0.0,0.0,0.0,0.0,0.0,0.0,0.0,0.0,0.0,0.0,0.0,0.0,0.0,0.0,0.0,0.0,0.0,0.0,0.0,0.0,0.0,0.0,0.0,0.0,0.0,0.0,0.0,0.0,0.0,0.0,0.0,0.0,0.0,0.0,0.0,0.0,0.0,0.0,0.0,0.0,0.0,0.0,0.0,0.0,0.0,0.0,0.0,0.0,0.0,0.0,0.0,0.0,0.0,0.0,0.0,0.0,0.0,0.0,0.0,0.0,0.0,0.0,0.0,0.0,0.0,0.0,0.0,0.0,0.0,0.0,0.0,0.0,0.0,0.0,0.0,0.0,0.0,0.0,0.0,0.0,0.0,0.0,0.0,0.0,0.0,0.0,0.0,0.0,0.0,0.0,0.0,0.0,0.0,0.0,0.0,0.0,0.0,0.0,0.0,0.0,0.0,0.0,0.0,0.0,0.0,0.0,0.0,0.0,0.0,0.0,0.0,0.0,0.0,0.0,0.0,0.0,0.0,0.0,0.0,0.0,0.0,0.0,0.0,0.0,0.0,0.0,0.0,0.0,0.0,0.0,0.0,0.0,0.0,0.0,0.0,0.0,0.0,0.0,0.0,0.0,0.0,0.0,0.0,0.0,0.0,0.0,0.0,0.0,0.0,0.0,0.0,0.0,0.0,0.0,0.0,0.0,0.0,0.0,0.0,0.0,0.0,0.0,0.0,0.0,0.0,0.0,0.0,0.0,0.0,0.0,0.0,0.0,0.0,0.0,0.0,0.0,0.0,0.0,0.0,0.0,0.0,0.0,0.0,0.0,0.0,0.0,0.0,0.0,0.0,0.0,0.0,0.0,0.0,0.0,0.0,0.0,0.0,0.0,0.0,0.0,0.0,0.0,0.0,0.0,0.0,0.0,0.0,0.0,0.0,0.0,0.0,0.0,0.0,0.0,0.0,0.0,0.0,0.0,0.0,0.0,0.0,0.0,0.0,0.0,0.0,0.0,0.0,0.0,0.0,0.0,0.0,0.0,0.0,0.0,0.0,0.0,0.0,0.0,0.0,0.0,0.0,0.0,0.0,0.0,0.0,0.0,0.0,0.0,0.0,0.0,0.0,0.0,0.0,0.0,0.0,0.0,0.0,0.0]
56401.079338565505 [0.0,0.0,0.0,0.0,0.0,0.0,0.0,0.0,0.0,0.0,0.0,0.0,0.0,0.0,0.0,0.0,0.0,0.0,0.0,0.0,0.0,0.0,0.0,0.0,0.0,0.0,0.0,0.0,0.0,0.0,0.0,0.0,0.0,0.0,0.0,0.0,0.0,0.0,0.0,0.0,0.0,0.0,0.0,0.0,0.0,0.0,0.0,0.0,0.0,0.0,0.0,0.0,0.0,0.0,0.0,0.0,0.0,0.0,0.0,0.0,0.0,0.0,0.0,0.0,0.0,0.0,0.0,0.0,0.0,0.0,0.0,0.0,0.0,0.0,0.0,0.0,0.0,0.0,0.0,0.0,0.0,0.0,0.0,0.0,0.0,0.0,0.0,0.0,0.0,0.0,0.0,0.0,0.0,0.0,0.0,0.0,0.0,0.0,0.0,0.0,0.0,0.0,0.0,0.0,0.0,0.0,0.0,0.0,0.0,0.0,0.0,0.0,0.0,0.0,0.0,0.0,0.0,0.0,0.0,0.0,0.0,0.0,0.0,0.0,0.0,0.0,0.0,0.0,0.0,0.0,0.0,0.0,0.0,0.0,0.0,0.0,0.0,0.0,0.0,0.0,0.0,0.0,0.0,0.0,0.0,0.0,0.0,0.0,0.0,0.0,0.0,0.0,0.0,0.0,0.0,0.0,0.0,0.0,0.0,0.0,0.0,0.0,0.0,0.0,0.0,0.0,0.0,0.0,0.0,0.0,0.0,0.0,0.0,0.0,0.0,0.0,0.0,0.0,0.0,0.0,0.0,0.0,0.0,0.0,0.0,0.0,0.0,0.0,0.0,0.0,0.0,0.0,0.0,0.0,0.0,0.0,0.0,0.0,0.0,0.0,0.0,0.0,0.0,0.0,0.0,0.0,0.0,0.0,0.0,0.0,0.0,0.0,0.0,0.0,0.0,0.0,0.0,0.0,0.0,0.0,0.0,0.0,0.0,0.0,0.0,0.0,0.0,0.0,0.0,0.0,0.0,0.0,0.0,0.0,0.0,0.0,0.0,0.0,0.0,0.0,0.0,0.0,0.0,0.0,0.0,0.0,0.0,0.0,0.0,0.0,0.0,0.0,0.0,0.0,0.0,0.0,0.0,0.0,0.0,0.0,0.0,0.0,0.0,0.0,0.0,0.0,0.0,0.0,0.0,0.0,0.0,0.0,0.0,0.0,0.0,0.0,0.0,0.0,0.0,0.0,0.0,0.0,0.0,0.0,0.0,0.0,0.0,0.0,0.0,0.0,0.0,0.0,0.0,0.0,0.0,0.0,0.0,0.0,0.0,0.0] [1311.2619900786005,1321.8202200865917,1332.463464547639,1343.19240799478,1354.0077404728797,1364.9101575830227,1375.9003605272408,1386.9790561536227,1398.1469570017646,1409.4047813486081,1420.7532532546286,1432.193102610412,1443.7250651835902,1455.3498826661717,1467.068302722235,1478.881079036026,1490.78897136042,1502.7927455657994,1514.8931736892998,1527.0910339844697,1539.3871109713293,1551.7821954868166,1564.2770847356642,1576.872582341659,1589.569498399342,1602.368649526097,1615.270858914685,1628.2769563861766,1641.3877784433362,1654.6041683244075,1667.9269760573632,1681.3570585145608,1694.895279467867,1708.5425096441993,1722.2996267815402,1736.1675156853773,1750.1470682856248,1764.2391836939755,1778.4447682617345,1792.7647356381167,1807.2000068289992,1821.7515102561672,1836.4201818170154,1851.2069649447558,1866.112810669078,1881.1386776773347,1896.285532376183,1911.5543489537563,1926.9461094423048,1942.4618037813711,1958.1024298814455,1973.8689936881608,1989.7625092469793,2005.7839987684179,2021.9344926937952,2038.215029761504,2054.626657073813,2071.1704301642176,2087.8474130653335,2104.6586783773164,2121.605307336866,2138.6883898867477,2155.9090247459117,2173.268319480143,2190.767390573309,2208.407363499154,2226.1893727937027,2244.1145621282076,2262.184084382728,2280.399101720259,2298.7607856614945,2317.2703171601615,2335.9288866789793,2354.7376942662327,2373.6979496329395,2392.810872230673,2412.077691329971,2431.4996460994216,2451.0779856853383,2470.813969292122,2490.7088662632277,2510.763956162824,2530.9805288580706,2551.359884602096,2571.9033341176064,2592.612198681206,2613.487810208354,2634.5315113390543,2655.7446555241822,2677.1286071125573,2698.6847414386757,2720.4144449111714,2742.319115101994,2764.4001608362782,2786.6590022829737,2809.097071046162,2831.715810257159,2854.5166746673017,2877.5011307415425,2900.67065675274,2924.0267428767575,2947.570891288285,2971.304616257478,2995.22944424732,3019.346914011829,3043.658576695001,3068.1659959305807,3092.870747942638,3117.7744216469364,3142.87861875312,3168.1849538677375,3193.695054598094,3219.410561656912,3245.333128967883,3271.4644237720117,3297.806126734876,3324.3599320546946,3351.1275475713155,3378.1106948760344,3405.3111094223436,3432.7305406375262,3460.3707520352004,3488.23352132871,3516.320640545493,3544.6339161423107,3573.1751691214417,3601.9462351478164,3630.9489646670518,3660.1852230244945,3689.6568905851636,3719.3658628547196,3749.3140506013438,3779.5033799786634,3809.935792649603,3840.6132459112973,3871.5377128209448,3902.7111823227383,3934.135659375755,3965.8131650829396,3997.7457368210635,4029.9354283717907,4062.3843100537392,4095.0944688556665,4128.068008570669,4161.3070499315045,4194.813730746993,4228.590206039511,4262.638648183577,4296.961247045588,4331.560210124669,4366.437762694626,4401.596147947099,4437.037627135803,4472.764479721992,4508.779003521039,4545.083514850253,4581.680348677821,4618.571858773019,4655.7604178575675,4693.248417758249,4731.038269560753,4769.132403764733,4807.533270440121,4846.243339384716,4885.265100283049,4924.601062866471,4964.253757074609,5004.22573321805,5044.519562142395,5085.137835393579,5126.08316538458,5167.3581855634,5208.965550582488,5250.907936469426,5293.188040799074,5335.808582867062,5378.772303864684,5422.081967055189,5465.740357951513,5509.7502844954415,5554.1145772382,5598.836089522486,5643.917697666003,5689.362301146471,5735.17282278806,5781.352208949439,5827.903429713208,5874.829479076986,5922.133375145914,5969.818160326825,6017.886901523867,6066.342690335802,6115.188643254807,6164.427901866934,6214.06363305417,6264.099029198114,6314.537308385285,6365.381714614103,6416.635518003553,6468.302015003491,6520.384528606639,6572.88640856233,6625.811031591967,6679.16180160615,6732.942149923667,6787.155535492116,6841.805445110439,6896.895393653112,6952.428924296275,7008.409608745552,7064.841047465831,7121.726869912778,7179.070734766296,7236.876330165845,7295.147373947643,7353.887613883764,7413.100827923194,7472.790824434837,7532.961442452409,7593.616551921397,7654.7600539479145,7716.395881049652,7778.527997408752,7841.160399126823,7904.2971144818985,7967.94220418758,8032.099761654146,8096.773913251861,8161.968818576374,8227.688670716232,8293.937696522553,8360.720156880894,8428.04034698531,8495.90259661459,8564.311270410717,8633.270768159597,8702.785525074065,8772.860012079082,8843.498736099358,8914.706240349144,8986.487104624512,9058.845945597834,9131.787417114787,9205.31621049359,9279.437054826807,9354.154717285446,9429.47400342559,9505.399757497484,9581.936862757088,9659.090241780126,9736.864856778713,9815.265709920519,9894.297843650465,9973.966341015032,10054.276325989182,10135.232963805956,10216.841461288606,10299.107067185563,10382.035072507933,10465.630810869876,10549.89965883156,10634.84703624505,10720.478406602804,10806.799277389146,10893.815200434417,10981.531772272076,11069.954634498676,11159.08947413668,11248.94202400021,11339.518063063782,11430.823416834026,11522.863957724268,11615.64560543233,11709.174327321158,11803.456138802712,11898.49710372478,11994.303334761045,12090.880993804161,12188.23629236214,12286.375491957784,12385.304904531427,12485.030892846919,12585.55987090084,12686.898304334996,12789.052710852275,12892.029660635888,12995.8357767719,13100.477735675182,13205.962267518828,13312.296156667053,13419.486242111492,13527.539417911097,13636.462633635434,13746.262894811807,13856.947263375758,13968.522858125163,14080.996855178266,14194.376488435144,14308.66905004285,14423.881890864615] 0.31126199007860056 [Infinity,Infinity,Infinity,Infinity,Infinity,Infinity,Infinity,Infinity,Infinity,Infinity,Infinity,Infinity,Infinity,Infinity,Infinity,Infinity,Infinity,Infinity,Infinity,Infinity,Infinity,Infinity,Infinity,Infinity,Infinity,Infinity,Infinity,Infinity,Infinity,Infinity,Infinity,Infinity,Infinity,Infinity,Infinity,Infinity,Infinity,Infinity,Infinity,Infinity,Infinity,Infinity,Infinity,Infinity,Infinity,Infinity,Infinity,Infinity,Infinity,Infinity,Infinity,Infinity,Infinity,Infinity,Infinity,Infinity,Infinity,Infinity,Infinity,Infinity,Infinity,Infinity,Infinity,Infinity,Infinity,Infinity,Infinity,Infinity,Infinity,Infinity,Infinity,Infinity,Infinity,Infinity,Infinity,Infinity,Infinity,Infinity,Infinity,Infinity,Infinity,Infinity,Infinity,Infinity,Infinity,Infinity,Infinity,Infinity,Infinity,Infinity,Infinity,Infinity,Infinity,Infinity,Infinity,Infinity,Infinity,Infinity,Infinity,Infinity,Infinity,Infinity,Infinity,Infinity,Infinity,Infinity,Infinity,Infinity,Infinity,Infinity,Infinity,Infinity,Infinity,Infinity,Infinity,Infinity,Infinity,Infinity,Infinity,Infinity,Infinity,Infinity,Infinity,Infinity,Infinity,Infinity,Infinity,Infinity,Infinity,Infinity,Infinity,Infinity,Infinity,Infinity,Infinity,Infinity,Infinity,Infinity,Infinity,Infinity,Infinity,Infinity,Infinity,Infinity,Infinity,Infinity,Infinity,Infinity,Infinity,Infinity,Infinity,Infinity,Infinity,Infinity,Infinity,Infinity,Infinity,Infinity,Infinity,Infinity,Infinity,Infinity,Infinity,Infinity,Infinity,Infinity,Infinity,Infinity,Infinity,Infinity,Infinity,Infinity,Infinity,Infinity,Infinity,Infinity,Infinity,Infinity,Infinity,Infinity,Infinity,Infinity,Infinity,Infinity,Infinity,Infinity,Infinity,Infinity,Infinity,Infinity,Infinity,Infinity,Infinity,Infinity,Infinity,Infinity,Infinity,Infinity,Infinity,Infinity,Infinity,Infinity,Infinity,Infinity,Infinity,Infinity,Infinity,Infinity,Infinity,Infinity,Infinity,Infinity,Infinity,Infinity,Infinity,Infinity,Infinity,Infinity,Infinity,Infinity,Infinity,Infinity,Infinity,Infinity,Infinity,Infinity,Infinity,Infinity,Infinity,Infinity,Infinity,Infinity,Infinity,Infinity,Infinity,Infinity,Infinity,Infinity,Infinity,Infinity,Infinity,Infinity,Infinity,Infinity,Infinity,Infinity,Infinity,Infinity,Infinity,Infinity,Infinity,Infinity,Infinity,Infinity,Infinity,Infinity,Infinity,Infinity,Infinity,Infinity,Infinity,Infinity,Infinity,Infinity,Infinity,Infinity,Infinity,Infinity,Infinity,Infinity,Infinity,Infinity,Infinity,Infinity,Infinity,Infinity,Infinity,Infinity,Infinity,Infinity,Infinity,Infinity,Infinity,Infinity,Infinity,Infinity,Infinity,Infinity,Infinity,Infinity,Infinity,Infinity,Infinity,Infinity,Infinity,Infinity,Infinity,Infinity,Infinity,Infinity] [0.0,0.0,0.0,0.0,0.0,0.0,0.0,0.0,0.0,0.0,0.0,0.0,0.0,0.0,0.0,0.0,0.0,0.0,0.0,0.0,0.0,0.0,0.0,0.0,0.0,0.0,0.0,0.0,0.0,0.0,0.0,0.0,0.0,0.0,0.0,0.0,0.0,0.0,0.0,0.0,0.0,0.0,0.0,0.0,0.0,0.0,0.0,0.0,0.0,0.0,0.0,0.0,0.0,0.0,0.0,0.0,0.0,0.0,0.0,0.0,0.0,0.0,0.0,0.0,0.0,0.0,0.0,0.0,0.0,0.0,0.0,0.0,0.0,0.0,0.0,0.0,0.0,0.0,0.0,0.0,0.0,0.0,0.0,0.0,0.0,0.0,0.0,0.0,0.0,0.0,0.0,0.0,0.0,0.0,0.0,0.0,0.0,0.0,0.0,0.0,0.0,0.0,0.0,0.0,0.0,0.0,0.0,0.0,0.0,0.0,0.0,0.0,0.0,0.0,0.0,0.0,0.0,0.0,0.0,0.0,0.0,0.0,0.0,0.0,0.0,0.0,0.0,0.0,0.0,0.0,0.0,0.0,0.0,0.0,0.0,0.0,0.0,0.0,0.0,0.0,0.0,0.0,0.0,0.0,0.0,0.0,0.0,0.0,0.0,0.0,0.0,0.0,0.0,0.0,0.0,0.0,0.0,0.0,0.0,0.0,0.0,0.0,0.0,0.0,0.0,0.0,0.0,0.0,0.0,0.0,0.0,0.0,0.0,0.0,0.0,0.0,0.0,0.0,0.0,0.0,0.0,0.0,0.0,0.0,0.0,0.0,0.0,0.0,0.0,0.0,0.0,0.0,0.0,0.0,0.0,0.0,0.0,0.0,0.0,0.0,0.0,0.0,0.0,0.0,0.0,0.0,0.0,0.0,0.0,0.0,0.0,0.0,0.0,0.0,0.0,0.0,0.0,0.0,0.0,0.0,0.0,0.0,0.0,0.0,0.0,0.0,0.0,0.0,0.0,0.0,0.0,0.0,0.0,0.0,0.0,0.0,0.0,0.0,0.0,0.0,0.0,0.0,0.0,0.0,0.0,0.0,0.0,0.0,0.0,0.0,0.0,0.0,0.0,0.0,0.0,0.0,0.0,0.0,0.0,0.0,0.0,0.0,0.0,0.0,0.0,0.0,0.0,0.0,0.0,0.0,0.0,0.0,0.0,0.0,0.0,0.0,0.0,0.0,0.0,0.0,0.0,0.0,0.0,0.0,0.0,0.0,0.0,0.0,0.0,0.0,0.0,0.0,0.0,0.0,0.0,0.0,0.0,0.0,0.0,0.0]
56372.586161820254 [0.0,0.0,0.0,0.0,0.0,0.0,0.0,0.0,0.0,0.0,0.0,0.0,0.0,0.0,0.0,0.0,0.0,0.0,0.0,0.0,0.0,0.0,0.0,0.0,0.0,0.0,0.0,0.0,0.0,0.0,0.0,0.0,0.0,0.0,0.0,0.0,0.0,0.0,0.0,0.0,0.0,0.0,0.0,0.0,0.0,0.0,0.0,0.0,0.0,0.0,0.0,0.0,0.0,0.0,0.0,0.0,0.0,0.0,0.0,0.0,0.0,0.0,0.0,0.0,0.0,0.0,0.0,0.0,0.0,0.0,0.0,0.0,0.0,0.0,0.0,0.0,0.0,0.0,0.0,0.0,0.0,0.0,0.0,0.0,0.0,0.0,0.0,0.0,0.0,0.0,0.0,0.0,0.0,0.0,0.0,0.0,0.0,0.0,0.0,0.0,0.0,0.0,0.0,0.0,0.0,0.0,0.0,0.0,0.0,0.0,0.0,0.0,0.0,0.0,0.0,0.0,0.0,0.0,0.0,0.0,0.0,0.0,0.0,0.0,0.0,0.0,0.0,0.0,0.0,0.0,0.0,0.0,0.0,0.0,0.0,0.0,0.0,0.0,0.0,0.0,0.0,0.0,0.0,0.0,0.0,0.0,0.0,0.0,0.0,0.0,0.0,0.0,0.0,0.0,0.0,0.0,0.0,0.0,0.0,0.0,0.0,0.0,0.0,0.0,0.0,0.0,0.0,0.0,0.0,0.0,0.0,0.0,0.0,0.0,0.0,0.0,0.0,0.0,0.0,0.0,0.0,0.0,0.0,0.0,0.0,0.0,0.0,0.0,0.0,0.0,0.0,0.0,0.0,0.0,0.0,0.0,0.0,0.0,0.0,0.0,0.0,0.0,0.0,0.0,0.0,0.0,0.0,0.0,0.0,0.0,0.0,0.0,0.0,0.0,0.0,0.0,0.0,0.0,0.0,0.0,0.0,0.0,0.0,0.0,0.0,0.0,0.0,0.0,0.0,0.0,0.0,0.0,0.0,0.0,0.0,0.0,0.0,0.0,0.0,0.0,0.0,0.0,0.0,0.0,0.0,0.0,0.0,0.0,0.0,0.0,0.0,0.0,0.0,0.0,0.0,0.0,0.0,0.0,0.0,0.0,0.0,0.0,0.0,0.0,0.0,0.0,0.0,0.0,0.0,0.0,0.0,0.0,0.0,0.0,0.0,0.0,0.0,0.0,0.0,0.0,0.0,0.0,0.0,0.0,0.0,0.0,0.0,0.0,0.0,0.0,0.0,0.0,0.0,0.0,0.0,0.0,0.0,0.0,0.0,0.0] [1311.2619900786005,1321.8202200865917,1332.463464547639,1343.19240799478,1354.0077404728797,1364.9101575830227,1375.9003605272408,1386.9790561536227,1398.1469570017646,1409.4047813486081,1420.7532532546286,1432.193102610412,1443.7250651835902,1455.3498826661717,1467.068302722235,1478.881079036026,1490.78897136042,1502.7927455657994,1514.8931736892998,1527.0910339844697,1539.3871109713293,1551.7821954868166,1564.2770847356642,1576.872582341659,1589.569498399342,1602.368649526097,1615.270858914685,1628.2769563861766,1641.3877784433362,1654.6041683244075,1667.9269760573632,1681.3570585145608,1694.895279467867,1708.5425096441993,1722.2996267815402,1736.1675156853773,1750.1470682856248,1764.2391836939755,1778.4447682617345,1792.7647356381167,1807.2000068289992,1821.7515102561672,1836.4201818170154,1851.2069649447558,1866.112810669078,1881.1386776773347,1896.285532376183,1911.5543489537563,1926.9461094423048,1942.4618037813711,1958.1024298814455,1973.8689936881608,1989.7625092469793,2005.7839987684179,2021.9344926937952,2038.215029761504,2054.626657073813,2071.1704301642176,2087.8474130653335,2104.6586783773164,2121.605307336866,2138.6883898867477,2155.9090247459117,2173.268319480143,2190.767390573309,2208.407363499154,2226.1893727937027,2244.1145621282076,2262.184084382728,2280.399101720259,2298.7607856614945,2317.2703171601615,2335.9288866789793,2354.7376942662327,2373.6979496329395,2392.810872230673,2412.077691329971,2431.4996460994216,2451.0779856853383,2470.813969292122,2490.7088662632277,2510.763956162824,2530.9805288580706,2551.359884602096,2571.9033341176064,2592.612198681206,2613.487810208354,2634.5315113390543,2655.7446555241822,2677.1286071125573,2698.6847414386757,2720.4144449111714,2742.319115101994,2764.4001608362782,2786.6590022829737,2809.097071046162,2831.715810257159,2854.5166746673017,2877.5011307415425,2900.67065675274,2924.0267428767575,2947.570891288285,2971.304616257478,2995.22944424732,3019.346914011829,3043.658576695001,3068.1659959305807,3092.870747942638,3117.7744216469364,3142.87861875312,3168.1849538677375,3193.695054598094,3219.410561656912,3245.333128967883,3271.4644237720117,3297.806126734876,3324.3599320546946,3351.1275475713155,3378.1106948760344,3405.3111094223436,3432.7305406375262,3460.3707520352004,3488.23352132871,3516.320640545493,3544.6339161423107,3573.1751691214417,3601.9462351478164,3630.9489646670518,3660.1852230244945,3689.6568905851636,3719.3658628547196,3749.3140506013438,3779.5033799786634,3809.935792649603,3840.6132459112973,3871.5377128209448,3902.7111823227383,3934.135659375755,3965.8131650829396,3997.7457368210635,4029.9354283717907,4062.3843100537392,4095.0944688556665,4128.068008570669,4161.3070499315045,4194.813730746993,4228.590206039511,4262.638648183577,4296.961247045588,4331.560210124669,4366.437762694626,4401.596147947099,4437.037627135803,4472.764479721992,4508.779003521039,4545.083514850253,4581.680348677821,4618.571858773019,4655.7604178575675,4693.248417758249,4731.038269560753,4769.132403764733,4807.533270440121,4846.243339384716,4885.265100283049,4924.601062866471,4964.253757074609,5004.22573321805,5044.519562142395,5085.137835393579,5126.08316538458,5167.3581855634,5208.965550582488,5250.907936469426,5293.188040799074,5335.808582867062,5378.772303864684,5422.081967055189,5465.740357951513,5509.7502844954415,5554.1145772382,5598.836089522486,5643.917697666003,5689.362301146471,5735.17282278806,5781.352208949439,5827.903429713208,5874.829479076986,5922.133375145914,5969.818160326825,6017.886901523867,6066.342690335802,6115.188643254807,6164.427901866934,6214.06363305417,6264.099029198114,6314.537308385285,6365.381714614103,6416.635518003553,6468.302015003491,6520.384528606639,6572.88640856233,6625.811031591967,6679.16180160615,6732.942149923667,6787.155535492116,6841.805445110439,6896.895393653112,6952.428924296275,7008.409608745552,7064.841047465831,7121.726869912778,7179.070734766296,7236.876330165845,7295.147373947643,7353.887613883764,7413.100827923194,7472.790824434837,7532.961442452409,7593.616551921397,7654.7600539479145,7716.395881049652,7778.527997408752,7841.160399126823,7904.2971144818985,7967.94220418758,8032.099761654146,8096.773913251861,8161.968818576374,8227.688670716232,8293.937696522553,8360.720156880894,8428.04034698531,8495.90259661459,8564.311270410717,8633.270768159597,8702.785525074065,8772.860012079082,8843.498736099358,8914.706240349144,8986.487104624512,9058.845945597834,9131.787417114787,9205.31621049359,9279.437054826807,9354.154717285446,9429.47400342559,9505.399757497484,9581.936862757088,9659.090241780126,9736.864856778713,9815.265709920519,9894.297843650465,9973.966341015032,10054.276325989182,10135.232963805956,10216.841461288606,10299.107067185563,10382.035072507933,10465.630810869876,10549.89965883156,10634.84703624505,10720.478406602804,10806.799277389146,10893.815200434417,10981.531772272076,11069.954634498676,11159.08947413668,11248.94202400021,11339.518063063782,11430.823416834026,11522.863957724268,11615.64560543233,11709.174327321158,11803.456138802712,11898.49710372478,11994.303334761045,12090.880993804161,12188.23629236214,12286.375491957784,12385.304904531427,12485.030892846919,12585.55987090084,12686.898304334996,12789.052710852275,12892.029660635888,12995.8357767719,13100.477735675182,13205.962267518828,13312.296156667053,13419.486242111492,13527.539417911097,13636.462633635434,13746.262894811807,13856.947263375758,13968.522858125163,14080.996855178266,14194.376488435144,14308.66905004285,14423.881890864615] 0.31126199007860056 [Infinity,Infinity,Infinity,Infinity,Infinity,Infinity,Infinity,Infinity,Infinity,Infinity,Infinity,Infinity,Infinity,Infinity,Infinity,Infinity,Infinity,Infinity,Infinity,Infinity,Infinity,Infinity,Infinity,Infinity,Infinity,Infinity,Infinity,Infinity,Infinity,Infinity,Infinity,Infinity,Infinity,Infinity,Infinity,Infinity,Infinity,Infinity,Infinity,Infinity,Infinity,Infinity,Infinity,Infinity,Infinity,Infinity,Infinity,Infinity,Infinity,Infinity,Infinity,Infinity,Infinity,Infinity,Infinity,Infinity,Infinity,Infinity,Infinity,Infinity,Infinity,Infinity,Infinity,Infinity,Infinity,Infinity,Infinity,Infinity,Infinity,Infinity,Infinity,Infinity,Infinity,Infinity,Infinity,Infinity,Infinity,Infinity,Infinity,Infinity,Infinity,Infinity,Infinity,Infinity,Infinity,Infinity,Infinity,Infinity,Infinity,Infinity,Infinity,Infinity,Infinity,Infinity,Infinity,Infinity,Infinity,Infinity,Infinity,Infinity,Infinity,Infinity,Infinity,Infinity,Infinity,Infinity,Infinity,Infinity,Infinity,Infinity,Infinity,Infinity,Infinity,Infinity,Infinity,Infinity,Infinity,Infinity,Infinity,Infinity,Infinity,Infinity,Infinity,Infinity,Infinity,Infinity,Infinity,Infinity,Infinity,Infinity,Infinity,Infinity,Infinity,Infinity,Infinity,Infinity,Infinity,Infinity,Infinity,Infinity,Infinity,Infinity,Infinity,Infinity,Infinity,Infinity,Infinity,Infinity,Infinity,Infinity,Infinity,Infinity,Infinity,Infinity,Infinity,Infinity,Infinity,Infinity,Infinity,Infinity,Infinity,Infinity,Infinity,Infinity,Infinity,Infinity,Infinity,Infinity,Infinity,Infinity,Infinity,Infinity,Infinity,Infinity,Infinity,Infinity,Infinity,Infinity,Infinity,Infinity,Infinity,Infinity,Infinity,Infinity,Infinity,Infinity,Infinity,Infinity,Infinity,Infinity,Infinity,Infinity,Infinity,Infinity,Infinity,Infinity,Infinity,Infinity,Infinity,Infinity,Infinity,Infinity,Infinity,Infinity,Infinity,Infinity,Infinity,Infinity,Infinity,Infinity,Infinity,Infinity,Infinity,Infinity,Infinity,Infinity,Infinity,Infinity,Infinity,Infinity,Infinity,Infinity,Infinity,Infinity,Infinity,Infinity,Infinity,Infinity,Infinity,Infinity,Infinity,Infinity,Infinity,Infinity,Infinity,Infinity,Infinity,Infinity,Infinity,Infinity,Infinity,Infinity,Infinity,Infinity,Infinity,Infinity,Infinity,Infinity,Infinity,Infinity,Infinity,Infinity,Infinity,Infinity,Infinity,Infinity,Infinity,Infinity,Infinity,Infinity,Infinity,Infinity,Infinity,Infinity,Infinity,Infinity,Infinity,Infinity,Infinity,Infinity,Infinity,Infinity,Infinity,Infinity,Infinity,Infinity,Infinity,Infinity,Infinity,Infinity,Infinity,Infinity,Infinity,Infinity,Infinity,Infinity,Infinity,Infinity,Infinity,Infinity,Infinity,Infinity,Infinity,Infinity,Infinity,Infinity,Infinity,Infinity,Infinity,Infinity] [0.0,0.0,0.0,0.0,0.0,0.0,0.0,0.0,0.0,0.0,0.0,0.0,0.0,0.0,0.0,0.0,0.0,0.0,0.0,0.0,0.0,0.0,0.0,0.0,0.0,0.0,0.0,0.0,0.0,0.0,0.0,0.0,0.0,0.0,0.0,0.0,0.0,0.0,0.0,0.0,0.0,0.0,0.0,0.0,0.0,0.0,0.0,0.0,0.0,0.0,0.0,0.0,0.0,0.0,0.0,0.0,0.0,0.0,0.0,0.0,0.0,0.0,0.0,0.0,0.0,0.0,0.0,0.0,0.0,0.0,0.0,0.0,0.0,0.0,0.0,0.0,0.0,0.0,0.0,0.0,0.0,0.0,0.0,0.0,0.0,0.0,0.0,0.0,0.0,0.0,0.0,0.0,0.0,0.0,0.0,0.0,0.0,0.0,0.0,0.0,0.0,0.0,0.0,0.0,0.0,0.0,0.0,0.0,0.0,0.0,0.0,0.0,0.0,0.0,0.0,0.0,0.0,0.0,0.0,0.0,0.0,0.0,0.0,0.0,0.0,0.0,0.0,0.0,0.0,0.0,0.0,0.0,0.0,0.0,0.0,0.0,0.0,0.0,0.0,0.0,0.0,0.0,0.0,0.0,0.0,0.0,0.0,0.0,0.0,0.0,0.0,0.0,0.0,0.0,0.0,0.0,0.0,0.0,0.0,0.0,0.0,0.0,0.0,0.0,0.0,0.0,0.0,0.0,0.0,0.0,0.0,0.0,0.0,0.0,0.0,0.0,0.0,0.0,0.0,0.0,0.0,0.0,0.0,0.0,0.0,0.0,0.0,0.0,0.0,0.0,0.0,0.0,0.0,0.0,0.0,0.0,0.0,0.0,0.0,0.0,0.0,0.0,0.0,0.0,0.0,0.0,0.0,0.0,0.0,0.0,0.0,0.0,0.0,0.0,0.0,0.0,0.0,0.0,0.0,0.0,0.0,0.0,0.0,0.0,0.0,0.0,0.0,0.0,0.0,0.0,0.0,0.0,0.0,0.0,0.0,0.0,0.0,0.0,0.0,0.0,0.0,0.0,0.0,0.0,0.0,0.0,0.0,0.0,0.0,0.0,0.0,0.0,0.0,0.0,0.0,0.0,0.0,0.0,0.0,0.0,0.0,0.0,0.0,0.0,0.0,0.0,0.0,0.0,0.0,0.0,0.0,0.0,0.0,0.0,0.0,0.0,0.0,0.0,0.0,0.0,0.0,0.0,0.0,0.0,0.0,0.0,0.0,0.0,0.0,0.0,0.0,0.0,0.0,0.0,0.0,0.0,0.0,0.0,0.0,0.0]
56258.54243207022 [0.0,0.0,0.0,0.0,0.0,0.0,0.0,0.0,0.0,0.0,0.0,0.0,0.0,0.0,0.0,0.0,0.0,0.0,0.0,0.0,0.0,0.0,0.0,0.0,0.0,0.0,0.0,0.0,0.0,0.0,0.0,0.0,0.0,0.0,0.0,0.0,0.0,0.0,0.0,0.0,0.0,0.0,0.0,0.0,0.0,0.0,0.0,0.0,0.0,0.0,0.0,0.0,0.0,0.0,0.0,0.0,0.0,0.0,0.0,0.0,0.0,0.0,0.0,0.0,0.0,0.0,0.0,0.0,0.0,0.0,0.0,0.0,0.0,0.0,0.0,0.0,0.0,0.0,0.0,0.0,0.0,0.0,0.0,0.0,0.0,0.0,0.0,0.0,0.0,0.0,0.0,0.0,0.0,0.0,0.0,0.0,0.0,0.0,0.0,0.0,0.0,0.0,0.0,0.0,0.0,0.0,0.0,0.0,0.0,0.0,0.0,0.0,0.0,0.0,0.0,0.0,0.0,0.0,0.0,0.0,0.0,0.0,0.0,0.0,0.0,0.0,0.0,0.0,0.0,0.0,0.0,0.0,0.0,0.0,0.0,0.0,0.0,0.0,0.0,0.0,53.08434161901164,59.0440617419714,53.7649778007421,50.47420028268865,48.044581026621024,69.20481848695576,98.71041071496393,123.21581444588091,138.92967020060956,125.43622890718314,116.97295623294866,94.94948832064868,81.42029687187859,77.43396362025616,105.23346789116277,159.74336331704404,206.0192606249702,225.03930691718813,260.0824825550847,257.7545556370879,301.66013143280475,327.9775978919007,303.1956376341528,280.3585969790415,284.3025381151652,201.92995997275096,177.40146641769212,232.2675114185174,357.77403891041956,477.8028527249833,541.724983441222,528.0653787748425,472.52317133919837,399.8485285042505,377.1209728260428,362.90286746580654,393.02521863885613,405.3348721998081,402.2069238701486,447.4466245943461,459.55348735377095,387.26017536300316,332.02379135216074,281.3041347970456,252.08089204417496,264.512879274531,292.6749574873034,365.60726191486646,434.2948257029482,600.1021097244752,607.4297057963215,631.8833294978434,478.15931802679864,334.34592987018254,275.61293170032985,293.13656604987904,270.24708158573355,271.71966555763976,343.2769405578797,346.7248064198945,252.24740503270473,256.89601714878825,303.5798662988512,291.6307293114895,344.1310415782071,455.88322838526017,475.2540004858249,498.0752577221573,426.66246373833417,419.85046721829576,358.85941716464197,312.7437219851012,349.6637046607136,302.42647553926275,271.5896290110797,243.83741876990726,211.30243933254997,199.41289028797877,232.20271678843602,279.1582729773847,343.13930786389176,369.24326460149274,302.1496007709553,305.3322398285392,282.04345719183993,173.40577932107655,126.3273914456682,143.0810738811366,222.16367794697848,248.18040674548473,216.40711148943788,237.12617866523516,225.89470988537744,216.3253661981352,206.3124504400769,181.7999201619638,157.9072689831183,145.42130939294032,132.86190120210995,102.18211074168084,114.00136086468929,109.63589874886233,98.75174289538143,108.1027977687731,104.83018589721212,97.30442649329459,94.01067850288965,87.0382608721944,83.73098822502163,72.30827922658803,67.04275318321204,66.70152464287047,71.9502204934188,63.88859173614658,53.607677897322354,51.453359688943706,62.13103852239248,66.48383191973376,64.69547895706357,64.6127989378404,51.5879346065104,38.63403470771853,16.4971505345033,33.850921823690854,36.023706263230984,53.51851100973877,76.3932600248894,96.7312303218429,118.65856396136793,121.37758416954782,128.58820191155831,110.36474652407642,85.99687280303726,75.30040292624456,76.39144787355468,58.276167414633974,55.59503076434751,40.68166807882563,46.7100064746351,43.72591439481633,35.24769531652492,37.74767249012439,34.976508372296934,33.97325807811755,35.274962910435626,35.86864762012523,26.29996227467422,19.11500214595381,18.211841373082514,16.731775729269902,13.304228075661623,16.76605111058229,17.90838097725863,19.19631305629506,17.25651285321259,15.347568302643102,20.23816434599215,9.615164258119302,11.29370548496349,5.977119647528078] [1311.2619900786005,1321.8202200865917,1332.463464547639,1343.19240799478,1354.0077404728797,1364.9101575830227,1375.9003605272408,1386.9790561536227,1398.1469570017646,1409.4047813486081,1420.7532532546286,1432.193102610412,1443.7250651835902,1455.3498826661717,1467.068302722235,1478.881079036026,1490.78897136042,1502.7927455657994,1514.8931736892998,1527.0910339844697,1539.3871109713293,1551.7821954868166,1564.2770847356642,1576.872582341659,1589.569498399342,1602.368649526097,1615.270858914685,1628.2769563861766,1641.3877784433362,1654.6041683244075,1667.9269760573632,1681.3570585145608,1694.895279467867,1708.5425096441993,1722.2996267815402,1736.1675156853773,1750.1470682856248,1764.2391836939755,1778.4447682617345,1792.7647356381167,1807.2000068289992,1821.7515102561672,1836.4201818170154,1851.2069649447558,1866.112810669078,1881.1386776773347,1896.285532376183,1911.5543489537563,1926.9461094423048,1942.4618037813711,1958.1024298814455,1973.8689936881608,1989.7625092469793,2005.7839987684179,2021.9344926937952,2038.215029761504,2054.626657073813,2071.1704301642176,2087.8474130653335,2104.6586783773164,2121.605307336866,2138.6883898867477,2155.9090247459117,2173.268319480143,2190.767390573309,2208.407363499154,2226.1893727937027,2244.1145621282076,2262.184084382728,2280.399101720259,2298.7607856614945,2317.2703171601615,2335.9288866789793,2354.7376942662327,2373.6979496329395,2392.810872230673,2412.077691329971,2431.4996460994216,2451.0779856853383,2470.813969292122,2490.7088662632277,2510.763956162824,2530.9805288580706,2551.359884602096,2571.9033341176064,2592.612198681206,2613.487810208354,2634.5315113390543,2655.7446555241822,2677.1286071125573,2698.6847414386757,2720.4144449111714,2742.319115101994,2764.4001608362782,2786.6590022829737,2809.097071046162,2831.715810257159,2854.5166746673017,2877.5011307415425,2900.67065675274,2924.0267428767575,2947.570891288285,2971.304616257478,2995.22944424732,3019.346914011829,3043.658576695001,3068.1659959305807,3092.870747942638,3117.7744216469364,3142.87861875312,3168.1849538677375,3193.695054598094,3219.410561656912,3245.333128967883,3271.4644237720117,3297.806126734876,3324.3599320546946,3351.1275475713155,3378.1106948760344,3405.3111094223436,3432.7305406375262,3460.3707520352004,3488.23352132871,3516.320640545493,3544.6339161423107,3573.1751691214417,3601.9462351478164,3630.9489646670518,3660.1852230244945,3689.6568905851636,3719.3658628547196,3749.3140506013438,3779.5033799786634,3809.935792649603,3840.6132459112973,3871.5377128209448,3902.7111823227383,3934.135659375755,3965.8131650829396,3997.7457368210635,4029.9354283717907,4062.3843100537392,4095.0944688556665,4128.068008570669,4161.3070499315045,4194.813730746993,4228.590206039511,4262.638648183577,4296.961247045588,4331.560210124669,4366.437762694626,4401.596147947099,4437.037627135803,4472.764479721992,4508.779003521039,4545.083514850253,4581.680348677821,4618.571858773019,4655.7604178575675,4693.248417758249,4731.038269560753,4769.132403764733,4807.533270440121,4846.243339384716,4885.265100283049,4924.601062866471,4964.253757074609,5004.22573321805,5044.519562142395,5085.137835393579,5126.08316538458,5167.3581855634,5208.965550582488,5250.907936469426,5293.188040799074,5335.808582867062,5378.772303864684,5422.081967055189,5465.740357951513,5509.7502844954415,5554.1145772382,5598.836089522486,5643.917697666003,5689.362301146471,5735.17282278806,5781.352208949439,5827.903429713208,5874.829479076986,5922.133375145914,5969.818160326825,6017.886901523867,6066.342690335802,6115.188643254807,6164.427901866934,6214.06363305417,6264.099029198114,6314.537308385285,6365.381714614103,6416.635518003553,6468.302015003491,6520.384528606639,6572.88640856233,6625.811031591967,6679.16180160615,6732.942149923667,6787.155535492116,6841.805445110439,6896.895393653112,6952.428924296275,7008.409608745552,7064.841047465831,7121.726869912778,7179.070734766296,7236.876330165845,7295.147373947643,7353.887613883764,7413.100827923194,7472.790824434837,7532.961442452409,7593.616551921397,7654.7600539479145,7716.395881049652,7778.527997408752,7841.160399126823,7904.2971144818985,7967.94220418758,8032.099761654146,8096.773913251861,8161.968818576374,8227.688670716232,8293.937696522553,8360.720156880894,8428.04034698531,8495.90259661459,8564.311270410717,8633.270768159597,8702.785525074065,8772.860012079082,8843.498736099358,8914.706240349144,8986.487104624512,9058.845945597834,9131.787417114787,9205.31621049359,9279.437054826807,9354.154717285446,9429.47400342559,9505.399757497484,9581.936862757088,9659.090241780126,9736.864856778713,9815.265709920519,9894.297843650465,9973.966341015032,10054.276325989182,10135.232963805956,10216.841461288606,10299.107067185563,10382.035072507933,10465.630810869876,10549.89965883156,10634.84703624505,10720.478406602804,10806.799277389146,10893.815200434417,10981.531772272076,11069.954634498676,11159.08947413668,11248.94202400021,11339.518063063782,11430.823416834026,11522.863957724268,11615.64560543233,11709.174327321158,11803.456138802712,11898.49710372478,11994.303334761045,12090.880993804161,12188.23629236214,12286.375491957784,12385.304904531427,12485.030892846919,12585.55987090084,12686.898304334996,12789.052710852275,12892.029660635888,12995.8357767719,13100.477735675182,13205.962267518828,13312.296156667053,13419.486242111492,13527.539417911097,13636.462633635434,13746.262894811807,13856.947263375758,13968.522858125163,14080.996855178266,14194.376488435144,14308.66905004285,14423.881890864615] 0.31126199007860056 [Infinity,Infinity,Infinity,Infinity,Infinity,Infinity,Infinity,Infinity,Infinity,Infinity,Infinity,Infinity,Infinity,Infinity,Infinity,Infinity,Infinity,Infinity,Infinity,Infinity,Infinity,Infinity,Infinity,Infinity,Infinity,Infinity,Infinity,Infinity,Infinity,Infinity,Infinity,Infinity,Infinity,Infinity,Infinity,Infinity,Infinity,Infinity,Infinity,Infinity,Infinity,Infinity,Infinity,Infinity,Infinity,Infinity,Infinity,Infinity,Infinity,Infinity,Infinity,Infinity,Infinity,Infinity,Infinity,Infinity,Infinity,Infinity,Infinity,Infinity,Infinity,Infinity,Infinity,Infinity,Infinity,Infinity,Infinity,Infinity,Infinity,Infinity,Infinity,Infinity,Infinity,Infinity,Infinity,Infinity,Infinity,Infinity,Infinity,Infinity,Infinity,Infinity,Infinity,Infinity,Infinity,Infinity,Infinity,Infinity,Infinity,Infinity,Infinity,Infinity,Infinity,Infinity,Infinity,Infinity,Infinity,Infinity,Infinity,Infinity,Infinity,Infinity,Infinity,Infinity,Infinity,Infinity,Infinity,Infinity,Infinity,Infinity,Infinity,Infinity,Infinity,Infinity,Infinity,Infinity,Infinity,Infinity,Infinity,Infinity,Infinity,Infinity,Infinity,Infinity,Infinity,Infinity,Infinity,Infinity,Infinity,Infinity,Infinity,Infinity,Infinity,Infinity,Infinity,Infinity,Infinity,Infinity,Infinity,Infinity,3.079019546014509,3.0922229444615352,2.8509929339633056,2.448199980378103,2.4157190780673776,3.269006367428198,4.767914778275116,6.157611993323021,6.780930701165255,6.603320229848532,5.767264599010874,4.628762335224166,3.870594564011052,4.152829262849559,5.4611037744787145,7.413854339329488,9.565634978970941,11.36775424831627,12.333183549300779,12.840446312282491,13.74563510838602,15.178848910062007,16.04544204826865,15.345632347510065,13.310504930367276,10.643354757297061,9.005135147635961,10.837555001204844,16.547865768081106,22.864205300005075,26.64604303049606,26.953913509366078,23.71566101984123,19.4700343245732,17.705649755937216,18.539674764552938,19.76972897214187,20.469576675054274,21.047624430126305,21.557794078405358,21.51183467959536,20.43801112833379,17.976512981430847,14.634395696087537,12.401422418398727,12.52091822975668,14.646812686678057,18.423247410828644,23.701087696844162,29.002397175536544,31.100630863826762,28.694341431945485,22.871148033353812,16.68357431801654,14.11311483655788,14.017462821409854,13.3901615167166,13.927833744505739,16.74810365911373,17.010236991475967,13.57605881932623,12.335541530304088,13.933371413265869,15.124426771702783,17.29591102427999,21.59372787699948,24.262475506374663,23.95749475493721,22.494131274494432,20.737436242463613,19.03983754594691,17.589475065035597,16.329469884706114,15.038847096016815,13.580088672426053,12.024408570139304,10.706988874510026,10.14410902498845,11.156009576336618,14.477169071134682,17.699268485768677,18.28280865902294,16.19278892849144,14.392946542302903,13.06523187711852,8.690521337058783,6.065492634750525,7.5989070641419705,10.485526304797244,11.77027082431054,11.605394824424632,11.349086928519071,11.191169920226042,11.046207450578125,10.500076518773126,9.265127780999276,7.781988363283557,6.788479116477364,5.97177162643971,5.3011631846360014,5.622926573403199,5.381967789242849,5.053622219554329,5.051029581739927,4.893436867860055,4.677067805177099,4.508766392450218,4.516194410216168,4.263244825291962,3.671609746273964,3.3019491112940202,3.193294547491571,3.3538816984217044,3.202324643440453,2.6818772090659335,2.6499608937783177,3.109785361600225,3.2974849158897213,3.234845792483849,2.982477825077153,2.5384771579271557,1.9270886649407923,0.9387390095495025,1.4653522122756795,1.7970374189726896,2.5410065152922994,3.787917177580124,5.0073723608584455,5.7739730983452,6.231595658669807,6.316573881023943,5.69861715956509,4.479307535634423,3.879651730424482,3.5714614611608915,2.9917236731594032,2.8489450211457727,2.2081911825809124,2.296890774956828,2.122103031970826,1.8713093324555825,1.9007326665846744,1.7824041701872457,1.7259565272848156,1.7677505747491948,1.7773797809762086,1.354181507629956,1.0545703317966002,0.9756469505392212,0.8086880390922253,0.6865708260254312,0.8024710989575536,0.906955053855258,0.9854597612113972,0.8667225118350894,0.7832101140202024,1.0318009627860856,0.486681024397049,0.6255664366876135,0.28158502897506227] [0.0,0.0,0.0,0.0,0.0,0.0,0.0,0.0,0.0,0.0,0.0,0.0,0.0,0.0,0.0,0.0,0.0,0.0,0.0,0.0,0.0,0.0,0.0,0.0,0.0,0.0,0.0,0.0,0.0,0.0,0.0,0.0,0.0,0.0,0.0,0.0,0.0,0.0,0.0,0.0,0.0,0.0,0.0,0.0,0.0,0.0,0.0,0.0,0.0,0.0,0.0,0.0,0.0,0.0,0.0,0.0,0.0,0.0,0.0,0.0,0.0,0.0,0.0,0.0,0.0,0.0,0.0,0.0,0.0,0.0,0.0,0.0,0.0,0.0,0.0,0.0,0.0,0.0,0.0,0.0,0.0,0.0,0.0,0.0,0.0,0.0,0.0,0.0,0.0,0.0,0.0,0.0,0.0,0.0,0.0,0.0,0.0,0.0,0.0,0.0,0.0,0.0,0.0,0.0,0.0,0.0,0.0,0.0,0.0,0.0,0.0,0.0,0.0,0.0,0.0,0.0,0.0,0.0,0.0,0.0,0.0,0.0,0.0,0.0,0.0,0.0,0.0,0.0,0.0,0.0,0.0,0.0,0.0,0.0,0.0,0.0,0.0,0.0,0.0,0.0,-8.496049301278543,-2.800397147259314,-3.254880878524008,1.5102006751265913,-0.2698005347265303,3.8246911383917976,3.352115149461611,0.06357457942049073,3.3110561773044775,-6.630175689787506,1.6276642527311767,2.3742416161653632,4.008405591657555,-5.622621636735005,-3.9886075984115137,11.466276530454293,14.70656104555139,-2.3157780491372537,13.418811569069131,0.9456293914380515,26.74742926508434,24.40061969066059,-17.71320333122028,-26.55404997115976,18.092439507819687,-10.937135173190265,-2.7012365350270957,15.516411394420482,26.81672354879742,20.51874672488187,8.804122831300766,-11.012891412478966,-1.7900490576262869,10.44784201278657,23.007977707298476,-7.890627825252218,-2.3693608039813148,-4.056661301277359,-18.74556473237747,16.29074302623894,29.31679376186373,-21.500047203672715,-27.506468276456168,-11.383779124705164,4.052443676200396,14.094514679397378,-0.26129624625775205,-2.85768630170642,-39.72692823393509,20.054166213744377,-14.58291148021371,57.99650085893369,20.736357359722398,0.6744435098517437,-6.6493650308277426,12.787309621681983,2.443851251401574,-6.837009332475013,8.314867375605038,6.5200665903751664,-19.273771353819843,10.185186542706507,24.912438033533817,-10.857806122566169,-1.787178907392751,24.008670845270572,-9.995509641668315,18.925362623413115,-23.220161751554482,5.1017423690235075,-21.93733375429623,-39.045779315610744,23.074306966591344,1.649533618926468,-0.012144437441353231,3.3492473671211864,-2.8373381576505454,-3.4692902117902533,9.082525261703651,-10.38510844530895,-10.846061851481787,3.5870914210338847,-21.70617779887343,17.473308982481097,20.738819649469537,-0.4046474200991008,5.0175387506577085,-8.897067401702808,12.45315185103363,12.774990259273956,-15.700784999054777,10.144440094853746,2.0713114808566164,-4.598782813427279,-3.6890799353856196,-3.502635458021722,2.2675017174471823,9.651727063393022,13.426468673315744,-3.841152951039194,1.5428293966253113,1.9965429640053365,-2.3207014957051704,7.082206133974569,6.961448540011017,3.7630703897525946,3.8353506538853006,-3.2856273321289704,-1.5339082808176083,-1.123915698891253,1.0037709573316447,2.835633693039045,4.872586524984706,-0.15790113266247313,-0.029866283996310153,-1.5458581866226435,-0.06466870961202142,0.5341336019393332,-0.001436892613413932,4.963242436297333,0.8183914479672832,0.09226140890267787,-2.277629656486748,4.54387757817726,0.08295788377719264,2.698380703892785,0.6349164732869251,-3.4162168953260172,3.1791019944639354,-3.254329003848328,2.256724291079454,-3.607596667225359,-3.589277909651195,-2.2926316822450894,4.962218650336844,-1.5583060485540938,-1.383869658567939,-3.4821555727926192,0.7721909754985471,1.2838537553998133,-2.178491332586729,-0.26698084156909896,-0.6715750314479819,-0.5458724675787626,-0.080048584548273,0.3210520006010582,-0.7836678779248972,-1.9764044899781927,-1.3010976377019117,0.5580149474253948,-0.42718844484700036,0.7166291314312144,-0.23072009984652914,-0.5128821679328821,-0.07793738348919536,-0.31663397776094554,-0.39785490972956294,-0.11845622982167811,-1.2176232487887775,0.34541906802683287]
56219.40430065807 [0.0,0.0,0.0,0.0,0.0,0.0,0.0,0.0,0.0,0.0,0.0,0.0,0.0,0.0,0.0,0.0,0.0,0.0,0.0,0.0,0.0,0.0,0.0,0.0,0.0,0.0,0.0,0.0,0.0,0.0,0.0,0.0,0.0,0.0,0.0,0.0,0.0,0.0,0.0,0.0,0.0,0.0,0.0,0.0,0.0,0.0,0.0,0.0,0.0,0.0,0.0,0.0,0.0,0.0,0.0,0.0,0.0,0.0,0.0,0.0,0.0,0.0,0.0,0.0,0.0,0.0,0.0,0.0,0.0,0.0,0.0,0.0,0.0,0.0,0.0,0.0,0.0,0.0,0.0,0.0,0.0,0.0,0.0,0.0,0.0,0.0,0.0,0.0,0.0,0.0,0.0,0.0,0.0,0.0,0.0,0.0,0.0,0.0,0.0,0.0,0.0,0.0,0.0,0.0,0.0,0.0,0.0,0.0,0.0,0.0,0.0,0.0,0.0,0.0,0.0,0.0,0.0,0.0,0.0,0.0,0.0,0.0,0.0,0.0,0.0,0.0,0.0,0.0,0.0,0.0,0.0,0.0,0.0,0.0,0.0,0.0,0.0,0.0,0.0,0.0,27.368811757113196,11.696349983788346,2.180644792876698,-0.783099309455005,1.7052909459061822,7.716196900888123,13.815089957340575,18.006349673786403,16.132822025089197,13.392040258405213,13.12123395432738,19.665169541240758,28.051204139020935,28.501660981747513,27.092857199371046,30.83781176279882,30.74481912655188,32.384902572310864,29.13177387295231,25.65902899007217,29.499130106885314,36.18991612733841,43.053497572329746,42.195638740217504,45.01239513823966,44.97755089253328,41.98946018060143,47.73063900170405,48.56833679628302,47.298651454124176,50.85991435836076,47.88040315068381,56.92920454010114,55.12150980556826,51.92060045026134,51.541600312773184,47.70279889363679,46.43057878194882,43.530169796974455,37.92542582101596,30.229169678653076,38.105761145256515,35.65287391823471,39.088181515640706,36.92176624313905,43.80011606037027,38.05672632582197,36.65281856422966,35.47057346973686,36.35919931789389,37.023046117412264,36.500681845795164,33.074221532378154,29.0682085437917,31.73172989495601,31.989141135587317,31.182218281026188,27.957006658681305,24.053437955020126,24.43001007557774,28.77732765260442,33.34891051778609,31.05093733073055,31.154870860469586,29.973917772218606,27.753919142589922,31.353773426080725,26.122157200541444,28.00975309805512,25.507115558630886,22.713259547736193,21.18765766204275,23.44377458599658,23.592176103061405,21.77500383692557,20.549341596752644,23.661188889321693,22.309655452722783,20.542875324996874,22.22299432480006,22.542291582465307,21.123789155915436,20.263225222155114,17.33794648056978,16.117487523685405,18.828591904458523,18.20722809756351,20.3176514232357,18.434237871892243,18.317285766848993,19.769360454429677,19.51676081820827,18.826679108607543,18.748422533187043,17.44911555688515,16.89922029603086,17.270603940227282,17.536427854894548,16.447071963270517,15.69608255795306,15.032707425190306,16.02525557670654,15.48367531590042,15.55898555498043,14.493660099161497,12.422731377911285,14.314163045792775,14.103450093964371,12.170272170000187,12.89974084145556,12.380225124142482,10.948772920156339,9.687311948927654,10.546082278381252,10.280609225868897,10.654183510231366,8.671895731388496,8.055484561128821,7.28040332502528,7.0208536623674735,6.584602848112576,7.059015546553591,6.353606346489009,6.199882181584268,6.867742472229048,7.282539545119164,7.689869295580873,7.7961718404091735,7.274949485360775,8.031001941358266,7.612272856281876,6.835063506018501,7.615088881940289,6.608486568341772,6.904790502427431,6.375118643886274,6.492475713251995,4.665720169084632,5.39443085374082,5.876330968585885,5.66014032629533,6.9450701540522255,7.64938220304704,7.0953839173525255,7.154553926169691,6.732190188512892,6.107044317073023,5.74552795746878,4.916873332041259,3.846633904144735,2.669897243333133,1.4776784023279612,1.652505883483683,1.693632621163719,2.069616341403716,1.5752238911522345,1.683619755557693,1.1445119376919561,1.0000120776328634,0.882178414292612] [1311.2619900786005,1321.8202200865917,1332.463464547639,1343.19240799478,1354.0077404728797,1364.9101575830227,1375.9003605272408,1386.9790561536227,1398.1469570017646,1409.4047813486081,1420.7532532546286,1432.193102610412,1443.7250651835902,1455.3498826661717,1467.068302722235,1478.881079036026,1490.78897136042,1502.7927455657994,1514.8931736892998,1527.0910339844697,1539.3871109713293,1551.7821954868166,1564.2770847356642,1576.872582341659,1589.569498399342,1602.368649526097,1615.270858914685,1628.2769563861766,1641.3877784433362,1654.6041683244075,1667.9269760573632,1681.3570585145608,1694.895279467867,1708.5425096441993,1722.2996267815402,1736.1675156853773,1750.1470682856248,1764.2391836939755,1778.4447682617345,1792.7647356381167,1807.2000068289992,1821.7515102561672,1836.4201818170154,1851.2069649447558,1866.112810669078,1881.1386776773347,1896.285532376183,1911.5543489537563,1926.9461094423048,1942.4618037813711,1958.1024298814455,1973.8689936881608,1989.7625092469793,2005.7839987684179,2021.9344926937952,2038.215029761504,2054.626657073813,2071.1704301642176,2087.8474130653335,2104.6586783773164,2121.605307336866,2138.6883898867477,2155.9090247459117,2173.268319480143,2190.767390573309,2208.407363499154,2226.1893727937027,2244.1145621282076,2262.184084382728,2280.399101720259,2298.7607856614945,2317.2703171601615,2335.9288866789793,2354.7376942662327,2373.6979496329395,2392.810872230673,2412.077691329971,2431.4996460994216,2451.0779856853383,2470.813969292122,2490.7088662632277,2510.763956162824,2530.9805288580706,2551.359884602096,2571.9033341176064,2592.612198681206,2613.487810208354,2634.5315113390543,2655.7446555241822,2677.1286071125573,2698.6847414386757,2720.4144449111714,2742.319115101994,2764.4001608362782,2786.6590022829737,2809.097071046162,2831.715810257159,2854.5166746673017,2877.5011307415425,2900.67065675274,2924.0267428767575,2947.570891288285,2971.304616257478,2995.22944424732,3019.346914011829,3043.658576695001,3068.1659959305807,3092.870747942638,3117.7744216469364,3142.87861875312,3168.1849538677375,3193.695054598094,3219.410561656912,3245.333128967883,3271.4644237720117,3297.806126734876,3324.3599320546946,3351.1275475713155,3378.1106948760344,3405.3111094223436,3432.7305406375262,3460.3707520352004,3488.23352132871,3516.320640545493,3544.6339161423107,3573.1751691214417,3601.9462351478164,3630.9489646670518,3660.1852230244945,3689.6568905851636,3719.3658628547196,3749.3140506013438,3779.5033799786634,3809.935792649603,3840.6132459112973,3871.5377128209448,3902.7111823227383,3934.135659375755,3965.8131650829396,3997.7457368210635,4029.9354283717907,4062.3843100537392,4095.0944688556665,4128.068008570669,4161.3070499315045,4194.813730746993,4228.590206039511,4262.638648183577,4296.961247045588,4331.560210124669,4366.437762694626,4401.596147947099,4437.037627135803,4472.764479721992,4508.779003521039,4545.083514850253,4581.680348677821,4618.571858773019,4655.7604178575675,4693.248417758249,4731.038269560753,4769.132403764733,4807.533270440121,4846.243339384716,4885.265100283049,4924.601062866471,4964.253757074609,5004.22573321805,5044.519562142395,5085.137835393579,5126.08316538458,5167.3581855634,5208.965550582488,5250.907936469426,5293.188040799074,5335.808582867062,5378.772303864684,5422.081967055189,5465.740357951513,5509.7502844954415,5554.1145772382,5598.836089522486,5643.917697666003,5689.362301146471,5735.17282278806,5781.352208949439,5827.903429713208,5874.829479076986,5922.133375145914,5969.818160326825,6017.886901523867,6066.342690335802,6115.188643254807,6164.427901866934,6214.06363305417,6264.099029198114,6314.537308385285,6365.381714614103,6416.635518003553,6468.302015003491,6520.384528606639,6572.88640856233,6625.811031591967,6679.16180160615,6732.942149923667,6787.155535492116,6841.805445110439,6896.895393653112,6952.428924296275,7008.409608745552,7064.841047465831,7121.726869912778,7179.070734766296,7236.876330165845,7295.147373947643,7353.887613883764,7413.100827923194,7472.790824434837,7532.961442452409,7593.616551921397,7654.7600539479145,7716.395881049652,7778.527997408752,7841.160399126823,7904.2971144818985,7967.94220418758,8032.099761654146,8096.773913251861,8161.968818576374,8227.688670716232,8293.937696522553,8360.720156880894,8428.04034698531,8495.90259661459,8564.311270410717,8633.270768159597,8702.785525074065,8772.860012079082,8843.498736099358,8914.706240349144,8986.487104624512,9058.845945597834,9131.787417114787,9205.31621049359,9279.437054826807,9354.154717285446,9429.47400342559,9505.399757497484,9581.936862757088,9659.090241780126,9736.864856778713,9815.265709920519,9894.297843650465,9973.966341015032,10054.276325989182,10135.232963805956,10216.841461288606,10299.107067185563,10382.035072507933,10465.630810869876,10549.89965883156,10634.84703624505,10720.478406602804,10806.799277389146,10893.815200434417,10981.531772272076,11069.954634498676,11159.08947413668,11248.94202400021,11339.518063063782,11430.823416834026,11522.863957724268,11615.64560543233,11709.174327321158,11803.456138802712,11898.49710372478,11994.303334761045,12090.880993804161,12188.23629236214,12286.375491957784,12385.304904531427,12485.030892846919,12585.55987090084,12686.898304334996,12789.052710852275,12892.029660635888,12995.8357767719,13100.477735675182,13205.962267518828,13312.296156667053,13419.486242111492,13527.539417911097,13636.462633635434,13746.262894811807,13856.947263375758,13968.522858125163,14080.996855178266,14194.376488435144,14308.66905004285,14423.881890864615] 0.31126199007860056 [Infinity,Infinity,Infinity,Infinity,Infinity,Infinity,Infinity,Infinity,Infinity,Infinity,Infinity,Infinity,Infinity,Infinity,Infinity,Infinity,Infinity,Infinity,Infinity,Infinity,Infinity,Infinity,Infinity,Infinity,Infinity,Infinity,Infinity,Infinity,Infinity,Infinity,Infinity,Infinity,Infinity,Infinity,Infinity,Infinity,Infinity,Infinity,Infinity,Infinity,Infinity,Infinity,Infinity,Infinity,Infinity,Infinity,Infinity,Infinity,Infinity,Infinity,Infinity,Infinity,Infinity,Infinity,Infinity,Infinity,Infinity,Infinity,Infinity,Infinity,Infinity,Infinity,Infinity,Infinity,Infinity,Infinity,Infinity,Infinity,Infinity,Infinity,Infinity,Infinity,Infinity,Infinity,Infinity,Infinity,Infinity,Infinity,Infinity,Infinity,Infinity,Infinity,Infinity,Infinity,Infinity,Infinity,Infinity,Infinity,Infinity,Infinity,Infinity,Infinity,Infinity,Infinity,Infinity,Infinity,Infinity,Infinity,Infinity,Infinity,Infinity,Infinity,Infinity,Infinity,Infinity,Infinity,Infinity,Infinity,Infinity,Infinity,Infinity,Infinity,Infinity,Infinity,Infinity,Infinity,Infinity,Infinity,Infinity,Infinity,Infinity,Infinity,Infinity,Infinity,Infinity,Infinity,Infinity,Infinity,Infinity,Infinity,Infinity,Infinity,Infinity,Infinity,Infinity,Infinity,Infinity,Infinity,Infinity,Infinity,1.2513229947845015,0.6082032506749869,0.1109702592217023,0.041384205623789104,0.08286604929497661,0.3899632126580155,0.7317276311720309,0.9216839996557258,0.8357179046610572,0.661904654774478,0.6791780325744081,0.9744175547931514,1.3203080748674094,1.4838795057002216,1.4905443842624388,1.5062181363557172,1.6041860318524896,1.6567378414838037,1.534417568258188,1.3702478619116856,1.4425195521492054,1.8117234383937888,2.1702090154198346,2.2441407894818726,2.1511890993049665,2.1286363424413106,2.2356677994558805,2.3864054940643813,2.505540573267212,2.5464946293824293,2.49924693675511,2.4770087877227174,2.5922895574565663,2.733745826734175,2.7060811429821494,2.531768387412126,2.380198066711955,2.267575795199463,2.0552681130557366,1.7770507895851881,1.6987283252139416,1.8736368470554763,1.990866649718286,1.9189440306280585,1.8970381086367891,2.0138805546005103,2.0322198705213035,1.8845917247499433,1.825475878947684,1.9119027517707958,1.897709217459474,1.7434978309221307,1.6488666119731896,1.6512969003627476,1.6553575694690104,1.6118114199908185,1.507290318223633,1.3777985019721954,1.28163244502694,1.2914970983108665,1.410838016211035,1.5349395877268934,1.6065811918932862,1.6170075663385735,1.5775921964284463,1.510066456268509,1.4424962515839161,1.3766038381066537,1.292391440830277,1.2157201577273575,1.1812713235433179,1.1954005364330063,1.2090301624921072,1.1662190803251824,1.1527683150469679,1.181433526358723,1.1511029105049908,1.106396370522342,1.098120159079804,1.098023475836699,1.090395853603114,1.0513300922724553,0.9468719154066401,0.8488895051547296,0.8225811266745338,0.8584026584951069,0.9247388398880763,0.9758632199502969,0.9807602670417868,0.9766036035925142,0.974823662862448,0.9669496323670819,0.9512804986327981,0.9296332450750162,0.912574509872963,0.898926657744146,0.8697160503729824,0.870965649525475,0.829368465495387,0.7472679366540931,0.7829806594446416,0.7429187341447734,0.7049537139126161,0.7248730787051236,0.7142244443139346,0.6717868508645963,0.6611881765130475,0.6433053816204882,0.6330528086294293,0.6318564618984285,0.5881590231276482,0.542485474756907,0.5129059761512684,0.5221781917781358,0.5454543622654672,0.49565256815493824,0.4232886765190102,0.38862055153821606,0.34379395550345254,0.3605745289479183,0.34542551556872264,0.3489251164872739,0.34484383168790794,0.35165054292856945,0.34925001079405965,0.381482389876909,0.3999463396437545,0.38863214338769947,0.3854388678993317,0.39582726755114356,0.3795467006338017,0.3695678558650259,0.35670876202470303,0.34883556174381974,0.3144550628450369,0.31118506364203624,0.3227841532485863,0.24789146727258618,0.26603489847725215,0.2848785904727587,0.2857869693770181,0.3405924817167127,0.37212878003880834,0.35694621454991143,0.3252616998270024,0.32479936655775793,0.3064990578945706,0.2796654556412611,0.2345516850765315,0.18051748753499264,0.13574128370827898,0.07718407241670772,0.08957246047537015,0.0855791148391942,0.10516430274309745,0.08090712612464564,0.08306640369204388,0.05292259168117758,0.0539020485428237,0.04522049524312345] [0.0,0.0,0.0,0.0,0.0,0.0,0.0,0.0,0.0,0.0,0.0,0.0,0.0,0.0,0.0,0.0,0.0,0.0,0.0,0.0,0.0,0.0,0.0,0.0,0.0,0.0,0.0,0.0,0.0,0.0,0.0,0.0,0.0,0.0,0.0,0.0,0.0,0.0,0.0,0.0,0.0,0.0,0.0,0.0,0.0,0.0,0.0,0.0,0.0,0.0,0.0,0.0,0.0,0.0,0.0,0.0,0.0,0.0,0.0,0.0,0.0,0.0,0.0,0.0,0.0,0.0,0.0,0.0,0.0,0.0,0.0,0.0,0.0,0.0,0.0,0.0,0.0,0.0,0.0,0.0,0.0,0.0,0.0,0.0,0.0,0.0,0.0,0.0,0.0,0.0,0.0,0.0,0.0,0.0,0.0,0.0,0.0,0.0,0.0,0.0,0.0,0.0,0.0,0.0,0.0,0.0,0.0,0.0,0.0,0.0,0.0,0.0,0.0,0.0,0.0,0.0,0.0,0.0,0.0,0.0,0.0,0.0,0.0,0.0,0.0,0.0,0.0,0.0,0.0,0.0,0.0,0.0,0.0,0.0,0.0,0.0,0.0,0.0,0.0,0.0,2.342351861423169,-0.46771502971139295,-0.03876039155734772,0.04458480302077701,0.04796996000665007,-0.08306735227218638,-0.8194626661000418,-0.4273303193281153,-0.5815360681319479,0.1539471629156524,-0.4623266971607811,0.17681844537773195,1.6450426416727457,-1.175929132256923,-2.7180304858777307,0.7134490356844762,-1.3389015104979134,-0.7498542573652047,-1.5565774922114504,-1.7459282481615428,0.6487390639012056,-0.044552640537369875,-0.3506827360669407,-2.6871770494199514,1.98861315214033,2.404824043707064,-2.7238958085161795,0.0025291204164261294,-1.542474669061215,-3.631241133524409,0.8749756232585668,-1.6597726037705327,5.08341339096982,0.4465932708847548,-2.2010224093816517,0.9062325645306667,0.09883755939768947,1.079062877959557,2.424807535859722,2.384410029312201,-3.745396825625757,0.6330242041469933,-4.164459076131009,0.7093009030795386,-1.018995929596733,3.5225049683600638,-2.5876710846041044,-1.0390159307692008,-1.0389441092168137,-1.8788557175220286,-0.9311382317772188,1.6307252273525497,0.09688929291435966,-3.957729463463248,-1.375421494424195,-0.24708726422905186,1.0364119165535253,0.4010366192373964,-1.5792109455186745,-1.399931890639591,0.5605673283837193,2.6501187632482224,-1.0806865071351717,-1.1852804663018839,-1.5779261563503204,-2.447409982780263,2.5038483944024,-1.4099195615916271,2.161924281449578,1.192712404083734,-0.912166923130165,-2.7203530666173767,-0.7368286638455652,0.26779449655775855,-1.2803624640137892,-3.079328930421815,0.6391306792218765,0.18172804227594155,-1.4195278565992069,0.26252480806608186,0.7343745104030245,0.09718731046632825,1.3257869140223133,0.3601563774751876,-0.33413500980526906,1.6605387345563876,-0.28754870019801126,0.8003870242297603,-1.1809674689434937,-1.2147863050012888,0.27288719718071663,0.17776817086663277,-0.1989308640484188,0.15575763168671852,-0.8023746405741081,-1.079312858852061,-0.12371706723236536,0.11711486438504827,-0.1402973466372214,0.7507238248711992,-0.6269057637025245,1.1668808938110729,1.3846010376481,1.061523980877957,0.20917121288280396,-1.01300563938064,1.0903995155318258,1.2373424615546065,-0.49078400258839827,0.2626116034869917,0.6170446615895179,0.0990634250181983,-0.5708075740977163,0.10251844281853577,-0.6284780194404473,0.7411321471326019,0.20612220100829187,0.2830735303644991,0.4045242149562292,-0.19063691659089274,-0.3239074632618773,0.08051321680811288,-0.5432702872691494,-0.8331286769871206,-0.11725774365214599,-0.34710825241901716,-0.3090574972942159,0.023528972655183392,-0.4338278726258588,0.11445659033539414,0.02133884360584297,-0.5562936112820175,0.48091364144622906,-0.3682246665346225,0.6156892455266942,0.1514173710455495,0.0367926482802693,-0.29210917636709177,0.07373288419577743,0.17875915913071047,-0.05559906124503204,0.13322051971797116,0.20680660227087325,-0.04354037364570291,0.6493199296296427,0.23620285735773297,-0.022936840818388954,0.15221884464355714,0.22583963051062925,0.23628415344488207,-0.04492843083244678,-0.066003046006193,-0.13894332602372012,-0.017949675620165043,-0.03366971345823313,-0.04291863134067817,0.022291681716815545,0.08606010406840467,-0.07802889322361055,-0.02223149056985703]
56121.98831651713 [0.0,0.0,0.0,0.0,0.0,0.0,0.0,0.0,0.0,0.0,0.0,0.0,0.0,0.0,0.0,0.0,0.0,0.0,0.0,0.0,0.0,0.0,0.0,0.0,0.0,0.0,0.0,0.0,0.0,0.0,0.0,0.0,0.0,0.0,0.0,0.0,0.0,0.0,0.0,0.0,0.0,0.0,0.0,0.0,0.0,0.0,0.0,0.0,0.0,0.0,0.0,0.0,0.0,0.0,0.0,0.0,0.0,0.0,0.0,0.0,0.0,0.0,0.0,0.0,0.0,0.0,0.0,0.0,0.0,0.0,0.0,0.0,0.0,0.0,0.0,0.0,0.0,0.0,0.0,0.0,0.0,0.0,0.0,0.0,0.0,0.0,0.0,0.0,0.0,0.0,0.0,0.0,0.0,0.0,0.0,0.0,0.0,0.0,0.0,0.0,0.0,0.0,0.0,0.0,0.0,0.0,0.0,0.0,0.0,0.0,0.0,0.0,0.0,0.0,0.0,0.0,0.0,0.0,0.0,0.0,0.0,0.0,0.0,0.0,0.0,0.0,0.0,0.0,0.0,0.0,0.0,0.0,0.0,0.0,0.0,0.0,0.0,0.0,0.0,0.0,0.0,0.0,0.0,0.0,0.0,0.0,0.0,0.0,0.0,0.0,0.0,0.0,0.0,0.0,0.0,0.0,0.0,0.0,0.0,0.0,0.0,0.0,0.0,0.0,0.0,0.0,0.0,0.0,0.0,0.0,0.0,0.0,0.0,0.0,0.0,0.0,0.0,0.0,0.0,0.0,0.0,0.0,0.0,0.0,0.0,0.0,0.0,0.0,0.0,0.0,0.0,0.0,0.0,0.0,0.0,0.0,0.0,0.0,0.0,0.0,0.0,0.0,0.0,0.0,0.0,0.0,0.0,0.0,0.0,0.0,0.0,0.0,0.0,0.0,0.0,0.0,0.0,0.0,0.0,0.0,0.0,0.0,0.0,0.0,0.0,0.0,0.0,0.0,0.0,0.0,0.0,0.0,0.0,0.0,0.0,0.0,0.0,0.0,0.0,0.0,0.0,0.0,0.0,0.0,0.0,0.0,0.0,0.0,0.0,0.0,0.0,0.0,0.0,0.0,0.0,0.0,0.0,0.0,0.0,0.0,0.0,0.0,0.0,0.0,0.0,0.0,0.0,0.0,0.0,0.0,0.0,0.0,0.0,0.0,0.0,0.0,0.0,0.0,0.0,0.0,0.0,0.0,0.0,0.0,0.0,0.0,0.0,0.0,0.0,0.0,0.0,0.0,0.0,0.0,0.0,0.0,0.0,0.0,0.0,0.0] [1311.2619900786005,1321.8202200865917,1332.463464547639,1343.19240799478,1354.0077404728797,1364.9101575830227,1375.9003605272408,1386.9790561536227,1398.1469570017646,1409.4047813486081,1420.7532532546286,1432.193102610412,1443.7250651835902,1455.3498826661717,1467.068302722235,1478.881079036026,1490.78897136042,1502.7927455657994,1514.8931736892998,1527.0910339844697,1539.3871109713293,1551.7821954868166,1564.2770847356642,1576.872582341659,1589.569498399342,1602.368649526097,1615.270858914685,1628.2769563861766,1641.3877784433362,1654.6041683244075,1667.9269760573632,1681.3570585145608,1694.895279467867,1708.5425096441993,1722.2996267815402,1736.1675156853773,1750.1470682856248,1764.2391836939755,1778.4447682617345,1792.7647356381167,1807.2000068289992,1821.7515102561672,1836.4201818170154,1851.2069649447558,1866.112810669078,1881.1386776773347,1896.285532376183,1911.5543489537563,1926.9461094423048,1942.4618037813711,1958.1024298814455,1973.8689936881608,1989.7625092469793,2005.7839987684179,2021.9344926937952,2038.215029761504,2054.626657073813,2071.1704301642176,2087.8474130653335,2104.6586783773164,2121.605307336866,2138.6883898867477,2155.9090247459117,2173.268319480143,2190.767390573309,2208.407363499154,2226.1893727937027,2244.1145621282076,2262.184084382728,2280.399101720259,2298.7607856614945,2317.2703171601615,2335.9288866789793,2354.7376942662327,2373.6979496329395,2392.810872230673,2412.077691329971,2431.4996460994216,2451.0779856853383,2470.813969292122,2490.7088662632277,2510.763956162824,2530.9805288580706,2551.359884602096,2571.9033341176064,2592.612198681206,2613.487810208354,2634.5315113390543,2655.7446555241822,2677.1286071125573,2698.6847414386757,2720.4144449111714,2742.319115101994,2764.4001608362782,2786.6590022829737,2809.097071046162,2831.715810257159,2854.5166746673017,2877.5011307415425,2900.67065675274,2924.0267428767575,2947.570891288285,2971.304616257478,2995.22944424732,3019.346914011829,3043.658576695001,3068.1659959305807,3092.870747942638,3117.7744216469364,3142.87861875312,3168.1849538677375,3193.695054598094,3219.410561656912,3245.333128967883,3271.4644237720117,3297.806126734876,3324.3599320546946,3351.1275475713155,3378.1106948760344,3405.3111094223436,3432.7305406375262,3460.3707520352004,3488.23352132871,3516.320640545493,3544.6339161423107,3573.1751691214417,3601.9462351478164,3630.9489646670518,3660.1852230244945,3689.6568905851636,3719.3658628547196,3749.3140506013438,3779.5033799786634,3809.935792649603,3840.6132459112973,3871.5377128209448,3902.7111823227383,3934.135659375755,3965.8131650829396,3997.7457368210635,4029.9354283717907,4062.3843100537392,4095.0944688556665,4128.068008570669,4161.3070499315045,4194.813730746993,4228.590206039511,4262.638648183577,4296.961247045588,4331.560210124669,4366.437762694626,4401.596147947099,4437.037627135803,4472.764479721992,4508.779003521039,4545.083514850253,4581.680348677821,4618.571858773019,4655.7604178575675,4693.248417758249,4731.038269560753,4769.132403764733,4807.533270440121,4846.243339384716,4885.265100283049,4924.601062866471,4964.253757074609,5004.22573321805,5044.519562142395,5085.137835393579,5126.08316538458,5167.3581855634,5208.965550582488,5250.907936469426,5293.188040799074,5335.808582867062,5378.772303864684,5422.081967055189,5465.740357951513,5509.7502844954415,5554.1145772382,5598.836089522486,5643.917697666003,5689.362301146471,5735.17282278806,5781.352208949439,5827.903429713208,5874.829479076986,5922.133375145914,5969.818160326825,6017.886901523867,6066.342690335802,6115.188643254807,6164.427901866934,6214.06363305417,6264.099029198114,6314.537308385285,6365.381714614103,6416.635518003553,6468.302015003491,6520.384528606639,6572.88640856233,6625.811031591967,6679.16180160615,6732.942149923667,6787.155535492116,6841.805445110439,6896.895393653112,6952.428924296275,7008.409608745552,7064.841047465831,7121.726869912778,7179.070734766296,7236.876330165845,7295.147373947643,7353.887613883764,7413.100827923194,7472.790824434837,7532.961442452409,7593.616551921397,7654.7600539479145,7716.395881049652,7778.527997408752,7841.160399126823,7904.2971144818985,7967.94220418758,8032.099761654146,8096.773913251861,8161.968818576374,8227.688670716232,8293.937696522553,8360.720156880894,8428.04034698531,8495.90259661459,8564.311270410717,8633.270768159597,8702.785525074065,8772.860012079082,8843.498736099358,8914.706240349144,8986.487104624512,9058.845945597834,9131.787417114787,9205.31621049359,9279.437054826807,9354.154717285446,9429.47400342559,9505.399757497484,9581.936862757088,9659.090241780126,9736.864856778713,9815.265709920519,9894.297843650465,9973.966341015032,10054.276325989182,10135.232963805956,10216.841461288606,10299.107067185563,10382.035072507933,10465.630810869876,10549.89965883156,10634.84703624505,10720.478406602804,10806.799277389146,10893.815200434417,10981.531772272076,11069.954634498676,11159.08947413668,11248.94202400021,11339.518063063782,11430.823416834026,11522.863957724268,11615.64560543233,11709.174327321158,11803.456138802712,11898.49710372478,11994.303334761045,12090.880993804161,12188.23629236214,12286.375491957784,12385.304904531427,12485.030892846919,12585.55987090084,12686.898304334996,12789.052710852275,12892.029660635888,12995.8357767719,13100.477735675182,13205.962267518828,13312.296156667053,13419.486242111492,13527.539417911097,13636.462633635434,13746.262894811807,13856.947263375758,13968.522858125163,14080.996855178266,14194.376488435144,14308.66905004285,14423.881890864615] 0.31126199007860056 [Infinity,Infinity,Infinity,Infinity,Infinity,Infinity,Infinity,Infinity,Infinity,Infinity,Infinity,Infinity,Infinity,Infinity,Infinity,Infinity,Infinity,Infinity,Infinity,Infinity,Infinity,Infinity,Infinity,Infinity,Infinity,Infinity,Infinity,Infinity,Infinity,Infinity,Infinity,Infinity,Infinity,Infinity,Infinity,Infinity,Infinity,Infinity,Infinity,Infinity,Infinity,Infinity,Infinity,Infinity,Infinity,Infinity,Infinity,Infinity,Infinity,Infinity,Infinity,Infinity,Infinity,Infinity,Infinity,Infinity,Infinity,Infinity,Infinity,Infinity,Infinity,Infinity,Infinity,Infinity,Infinity,Infinity,Infinity,Infinity,Infinity,Infinity,Infinity,Infinity,Infinity,Infinity,Infinity,Infinity,Infinity,Infinity,Infinity,Infinity,Infinity,Infinity,Infinity,Infinity,Infinity,Infinity,Infinity,Infinity,Infinity,Infinity,Infinity,Infinity,Infinity,Infinity,Infinity,Infinity,Infinity,Infinity,Infinity,Infinity,Infinity,Infinity,Infinity,Infinity,Infinity,Infinity,Infinity,Infinity,Infinity,Infinity,Infinity,Infinity,Infinity,Infinity,Infinity,Infinity,Infinity,Infinity,Infinity,Infinity,Infinity,Infinity,Infinity,Infinity,Infinity,Infinity,Infinity,Infinity,Infinity,Infinity,Infinity,Infinity,Infinity,Infinity,Infinity,Infinity,Infinity,Infinity,Infinity,Infinity,Infinity,Infinity,Infinity,Infinity,Infinity,Infinity,Infinity,Infinity,Infinity,Infinity,Infinity,Infinity,Infinity,Infinity,Infinity,Infinity,Infinity,Infinity,Infinity,Infinity,Infinity,Infinity,Infinity,Infinity,Infinity,Infinity,Infinity,Infinity,Infinity,Infinity,Infinity,Infinity,Infinity,Infinity,Infinity,Infinity,Infinity,Infinity,Infinity,Infinity,Infinity,Infinity,Infinity,Infinity,Infinity,Infinity,Infinity,Infinity,Infinity,Infinity,Infinity,Infinity,Infinity,Infinity,Infinity,Infinity,Infinity,Infinity,Infinity,Infinity,Infinity,Infinity,Infinity,Infinity,Infinity,Infinity,Infinity,Infinity,Infinity,Infinity,Infinity,Infinity,Infinity,Infinity,Infinity,Infinity,Infinity,Infinity,Infinity,Infinity,Infinity,Infinity,Infinity,Infinity,Infinity,Infinity,Infinity,Infinity,Infinity,Infinity,Infinity,Infinity,Infinity,Infinity,Infinity,Infinity,Infinity,Infinity,Infinity,Infinity,Infinity,Infinity,Infinity,Infinity,Infinity,Infinity,Infinity,Infinity,Infinity,Infinity,Infinity,Infinity,Infinity,Infinity,Infinity,Infinity,Infinity,Infinity,Infinity,Infinity,Infinity,Infinity,Infinity,Infinity,Infinity,Infinity,Infinity,Infinity,Infinity,Infinity,Infinity,Infinity,Infinity,Infinity,Infinity,Infinity,Infinity,Infinity,Infinity,Infinity,Infinity,Infinity,Infinity,Infinity,Infinity,Infinity,Infinity,Infinity,Infinity,Infinity,Infinity,Infinity,Infinity,Infinity,Infinity,Infinity,Infinity,Infinity,Infinity,Infinity] [0.0,0.0,0.0,0.0,0.0,0.0,0.0,0.0,0.0,0.0,0.0,0.0,0.0,0.0,0.0,0.0,0.0,0.0,0.0,0.0,0.0,0.0,0.0,0.0,0.0,0.0,0.0,0.0,0.0,0.0,0.0,0.0,0.0,0.0,0.0,0.0,0.0,0.0,0.0,0.0,0.0,0.0,0.0,0.0,0.0,0.0,0.0,0.0,0.0,0.0,0.0,0.0,0.0,0.0,0.0,0.0,0.0,0.0,0.0,0.0,0.0,0.0,0.0,0.0,0.0,0.0,0.0,0.0,0.0,0.0,0.0,0.0,0.0,0.0,0.0,0.0,0.0,0.0,0.0,0.0,0.0,0.0,0.0,0.0,0.0,0.0,0.0,0.0,0.0,0.0,0.0,0.0,0.0,0.0,0.0,0.0,0.0,0.0,0.0,0.0,0.0,0.0,0.0,0.0,0.0,0.0,0.0,0.0,0.0,0.0,0.0,0.0,0.0,0.0,0.0,0.0,0.0,0.0,0.0,0.0,0.0,0.0,0.0,0.0,0.0,0.0,0.0,0.0,0.0,0.0,0.0,0.0,0.0,0.0,0.0,0.0,0.0,0.0,0.0,0.0,0.0,0.0,0.0,0.0,0.0,0.0,0.0,0.0,0.0,0.0,0.0,0.0,0.0,0.0,0.0,0.0,0.0,0.0,0.0,0.0,0.0,0.0,0.0,0.0,0.0,0.0,0.0,0.0,0.0,0.0,0.0,0.0,0.0,0.0,0.0,0.0,0.0,0.0,0.0,0.0,0.0,0.0,0.0,0.0,0.0,0.0,0.0,0.0,0.0,0.0,0.0,0.0,0.0,0.0,0.0,0.0,0.0,0.0,0.0,0.0,0.0,0.0,0.0,0.0,0.0,0.0,0.0,0.0,0.0,0.0,0.0,0.0,0.0,0.0,0.0,0.0,0.0,0.0,0.0,0.0,0.0,0.0,0.0,0.0,0.0,0.0,0.0,0.0,0.0,0.0,0.0,0.0,0.0,0.0,0.0,0.0,0.0,0.0,0.0,0.0,0.0,0.0,0.0,0.0,0.0,0.0,0.0,0.0,0.0,0.0,0.0,0.0,0.0,0.0,0.0,0.0,0.0,0.0,0.0,0.0,0.0,0.0,0.0,0.0,0.0,0.0,0.0,0.0,0.0,0.0,0.0,0.0,0.0,0.0,0.0,0.0,0.0,0.0,0.0,0.0,0.0,0.0,0.0,0.0,0.0,0.0,0.0,0.0,0.0,0.0,0.0,0.0,0.0,0.0,0.0,0.0,0.0,0.0,0.0,0.0]
56244.29462372372 [0.0,0.0,0.0,0.0,0.0,0.0,0.0,0.0,0.0,0.0,0.0,0.0,0.0,0.0,0.0,0.0,0.0,0.0,0.0,0.0,0.0,0.0,0.0,0.0,0.0,0.0,0.0,0.0,0.0,0.0,0.0,0.0,0.0,0.0,0.0,0.0,0.0,0.0,0.0,0.0,0.0,0.0,0.0,0.0,0.0,0.0,0.0,0.0,0.0,0.0,0.0,0.0,0.0,0.0,0.0,0.0,0.0,0.0,0.0,0.0,0.0,0.0,0.0,0.0,0.0,0.0,0.0,0.0,0.0,0.0,0.0,0.0,0.0,0.0,0.0,0.0,0.0,0.0,0.0,0.0,0.0,0.0,0.0,0.0,0.0,0.0,0.0,0.0,0.0,0.0,0.0,0.0,0.0,0.0,0.0,0.0,0.0,0.0,0.0,0.0,0.0,0.0,0.0,0.0,0.0,0.0,0.0,0.0,0.0,0.0,0.0,0.0,0.0,0.0,0.0,0.0,0.0,0.0,0.0,0.0,0.0,0.0,0.0,0.0,0.0,0.0,0.0,0.0,0.0,0.0,0.0,0.0,0.0,0.0,0.0,0.0,0.0,0.0,0.0,0.0,248.21218092105775,288.8262254511906,347.49189035690483,373.959171745459,386.45292323734554,370.7062854081045,353.4491028217394,339.1583812134565,363.9418652886408,354.25502847008545,423.40067604031725,439.8104048904827,441.29986062680496,436.38688504351734,545.0981923522326,579.8327709920749,666.1893553839551,838.1216549379393,800.5943817702134,1073.9586286230785,975.9937903052813,738.2118775960016,516.8841139727197,416.2757426726405,396.9296461595984,422.3489536245255,454.9805172504184,584.0237987206208,720.5275398586293,905.5297219924497,913.0375312395005,978.338081294111,963.1291217312051,852.5565455803653,962.4287446523324,997.8329961959397,983.6392062473523,946.0740821382075,872.0573481789462,825.949565091456,763.8135425092482,595.9261865592309,579.8287896474136,645.3281858935155,672.0144228475094,704.3912203487214,743.0223768205818,824.4810204282795,779.8034543327368,888.5639018589235,816.499834735627,758.3132412583703,659.2032884745187,640.6636721138418,572.031589587934,542.7897171134603,531.8235934495835,479.52706584797784,524.8668059795666,512.3861363335628,464.40960753828887,437.7764277353726,590.8209385680975,588.3291219321508,645.354841968939,657.3852860147775,539.0130954707638,490.12710945302297,412.6356558129286,423.92350260119804,436.32471856290084,426.2116275821531,390.45687179278934,509.00940672454647,523.9747200789385,514.3279190823705,546.1734364942298,481.8351967069138,448.41274520914726,445.9140598025021,494.8084093359733,508.5773953349226,471.19378822190896,487.5872767359454,420.2243147606157,258.6585390516917,203.44548114060865,244.99950347769544,318.35364897938234,392.7050974652798,393.1696613816431,340.3691933028755,307.8389116831325,321.29238839051953,319.35202508757277,303.906664234892,290.07061078390103,264.1694216125338,246.8966495427505,225.89361640920288,214.76754720137373,214.48787278429202,204.4135545853564,162.7964365995785,172.4045716303255,154.94465252517705,156.2528938139706,137.71482592593617,133.3189909554251,120.52587246458883,117.22763440494334,102.77683354995338,111.05968734745483,104.36134529221862,107.9598147869927,111.51652345743621,121.69204563304227,133.39543232428977,130.3841479784043,114.37124942135819,104.33537142325828,103.25672691045506,105.39153044979447,88.85602037288076,93.61312009958728,107.00106214711312,116.0940748395352,123.92851696785746,126.25328935468634,121.5572616454208,118.58482510850284,110.24463423942231,96.42930271507409,87.9053759266849,81.65581358833381,85.78066248116308,75.81638699555394,71.3608842855441,70.13182886553301,69.21657929962764,60.23345981604998,57.616889981270305,52.49558996572122,45.35389727007576,42.05531448898327,39.256159431709115,39.70252308235396,34.19975699654534,34.194080009302986,29.556492324648406,27.89537933834327,26.345274366814067,27.0061882931666,25.76396290124275,27.523928601933797,33.28458546281847,33.37710362587899,32.800570379316156,33.56649383318966,35.12987718978022] [1311.2619900786005,1321.8202200865917,1332.463464547639,1343.19240799478,1354.0077404728797,1364.9101575830227,1375.9003605272408,1386.9790561536227,1398.1469570017646,1409.4047813486081,1420.7532532546286,1432.193102610412,1443.7250651835902,1455.3498826661717,1467.068302722235,1478.881079036026,1490.78897136042,1502.7927455657994,1514.8931736892998,1527.0910339844697,1539.3871109713293,1551.7821954868166,1564.2770847356642,1576.872582341659,1589.569498399342,1602.368649526097,1615.270858914685,1628.2769563861766,1641.3877784433362,1654.6041683244075,1667.9269760573632,1681.3570585145608,1694.895279467867,1708.5425096441993,1722.2996267815402,1736.1675156853773,1750.1470682856248,1764.2391836939755,1778.4447682617345,1792.7647356381167,1807.2000068289992,1821.7515102561672,1836.4201818170154,1851.2069649447558,1866.112810669078,1881.1386776773347,1896.285532376183,1911.5543489537563,1926.9461094423048,1942.4618037813711,1958.1024298814455,1973.8689936881608,1989.7625092469793,2005.7839987684179,2021.9344926937952,2038.215029761504,2054.626657073813,2071.1704301642176,2087.8474130653335,2104.6586783773164,2121.605307336866,2138.6883898867477,2155.9090247459117,2173.268319480143,2190.767390573309,2208.407363499154,2226.1893727937027,2244.1145621282076,2262.184084382728,2280.399101720259,2298.7607856614945,2317.2703171601615,2335.9288866789793,2354.7376942662327,2373.6979496329395,2392.810872230673,2412.077691329971,2431.4996460994216,2451.0779856853383,2470.813969292122,2490.7088662632277,2510.763956162824,2530.9805288580706,2551.359884602096,2571.9033341176064,2592.612198681206,2613.487810208354,2634.5315113390543,2655.7446555241822,2677.1286071125573,2698.6847414386757,2720.4144449111714,2742.319115101994,2764.4001608362782,2786.6590022829737,2809.097071046162,2831.715810257159,2854.5166746673017,2877.5011307415425,2900.67065675274,2924.0267428767575,2947.570891288285,2971.304616257478,2995.22944424732,3019.346914011829,3043.658576695001,3068.1659959305807,3092.870747942638,3117.7744216469364,3142.87861875312,3168.1849538677375,3193.695054598094,3219.410561656912,3245.333128967883,3271.4644237720117,3297.806126734876,3324.3599320546946,3351.1275475713155,3378.1106948760344,3405.3111094223436,3432.7305406375262,3460.3707520352004,3488.23352132871,3516.320640545493,3544.6339161423107,3573.1751691214417,3601.9462351478164,3630.9489646670518,3660.1852230244945,3689.6568905851636,3719.3658628547196,3749.3140506013438,3779.5033799786634,3809.935792649603,3840.6132459112973,3871.5377128209448,3902.7111823227383,3934.135659375755,3965.8131650829396,3997.7457368210635,4029.9354283717907,4062.3843100537392,4095.0944688556665,4128.068008570669,4161.3070499315045,4194.813730746993,4228.590206039511,4262.638648183577,4296.961247045588,4331.560210124669,4366.437762694626,4401.596147947099,4437.037627135803,4472.764479721992,4508.779003521039,4545.083514850253,4581.680348677821,4618.571858773019,4655.7604178575675,4693.248417758249,4731.038269560753,4769.132403764733,4807.533270440121,4846.243339384716,4885.265100283049,4924.601062866471,4964.253757074609,5004.22573321805,5044.519562142395,5085.137835393579,5126.08316538458,5167.3581855634,5208.965550582488,5250.907936469426,5293.188040799074,5335.808582867062,5378.772303864684,5422.081967055189,5465.740357951513,5509.7502844954415,5554.1145772382,5598.836089522486,5643.917697666003,5689.362301146471,5735.17282278806,5781.352208949439,5827.903429713208,5874.829479076986,5922.133375145914,5969.818160326825,6017.886901523867,6066.342690335802,6115.188643254807,6164.427901866934,6214.06363305417,6264.099029198114,6314.537308385285,6365.381714614103,6416.635518003553,6468.302015003491,6520.384528606639,6572.88640856233,6625.811031591967,6679.16180160615,6732.942149923667,6787.155535492116,6841.805445110439,6896.895393653112,6952.428924296275,7008.409608745552,7064.841047465831,7121.726869912778,7179.070734766296,7236.876330165845,7295.147373947643,7353.887613883764,7413.100827923194,7472.790824434837,7532.961442452409,7593.616551921397,7654.7600539479145,7716.395881049652,7778.527997408752,7841.160399126823,7904.2971144818985,7967.94220418758,8032.099761654146,8096.773913251861,8161.968818576374,8227.688670716232,8293.937696522553,8360.720156880894,8428.04034698531,8495.90259661459,8564.311270410717,8633.270768159597,8702.785525074065,8772.860012079082,8843.498736099358,8914.706240349144,8986.487104624512,9058.845945597834,9131.787417114787,9205.31621049359,9279.437054826807,9354.154717285446,9429.47400342559,9505.399757497484,9581.936862757088,9659.090241780126,9736.864856778713,9815.265709920519,9894.297843650465,9973.966341015032,10054.276325989182,10135.232963805956,10216.841461288606,10299.107067185563,10382.035072507933,10465.630810869876,10549.89965883156,10634.84703624505,10720.478406602804,10806.799277389146,10893.815200434417,10981.531772272076,11069.954634498676,11159.08947413668,11248.94202400021,11339.518063063782,11430.823416834026,11522.863957724268,11615.64560543233,11709.174327321158,11803.456138802712,11898.49710372478,11994.303334761045,12090.880993804161,12188.23629236214,12286.375491957784,12385.304904531427,12485.030892846919,12585.55987090084,12686.898304334996,12789.052710852275,12892.029660635888,12995.8357767719,13100.477735675182,13205.962267518828,13312.296156667053,13419.486242111492,13527.539417911097,13636.462633635434,13746.262894811807,13856.947263375758,13968.522858125163,14080.996855178266,14194.376488435144,14308.66905004285,14423.881890864615] 0.31126199007860056 [Infinity,Infinity,Infinity,Infinity,Infinity,Infinity,Infinity,Infinity,Infinity,Infinity,Infinity,Infinity,Infinity,Infinity,Infinity,Infinity,Infinity,Infinity,Infinity,Infinity,Infinity,Infinity,Infinity,Infinity,Infinity,Infinity,Infinity,Infinity,Infinity,Infinity,Infinity,Infinity,Infinity,Infinity,Infinity,Infinity,Infinity,Infinity,Infinity,Infinity,Infinity,Infinity,Infinity,Infinity,Infinity,Infinity,Infinity,Infinity,Infinity,Infinity,Infinity,Infinity,Infinity,Infinity,Infinity,Infinity,Infinity,Infinity,Infinity,Infinity,Infinity,Infinity,Infinity,Infinity,Infinity,Infinity,Infinity,Infinity,Infinity,Infinity,Infinity,Infinity,Infinity,Infinity,Infinity,Infinity,Infinity,Infinity,Infinity,Infinity,Infinity,Infinity,Infinity,Infinity,Infinity,Infinity,Infinity,Infinity,Infinity,Infinity,Infinity,Infinity,Infinity,Infinity,Infinity,Infinity,Infinity,Infinity,Infinity,Infinity,Infinity,Infinity,Infinity,Infinity,Infinity,Infinity,Infinity,Infinity,Infinity,Infinity,Infinity,Infinity,Infinity,Infinity,Infinity,Infinity,Infinity,Infinity,Infinity,Infinity,Infinity,Infinity,Infinity,Infinity,Infinity,Infinity,Infinity,Infinity,Infinity,Infinity,Infinity,Infinity,Infinity,Infinity,Infinity,Infinity,Infinity,Infinity,Infinity,Infinity,13.767069834698239,15.668878271035648,17.565647956554265,19.078045886001213,19.736092233723078,19.127676691287366,17.769553795302937,16.813221146307217,17.165646780613255,18.383711956406067,19.63923816310093,20.6044737705025,21.77573239279959,23.68825567599229,26.437353680050364,29.883310264689147,34.02838009699095,39.178041988129145,45.33278407351075,49.47891874554482,46.91342475110632,37.07195471681592,26.351574502522038,20.719870101949162,19.600786682679356,20.422587375671462,22.83126004438774,28.263157535217157,36.494846859875864,44.27098060315273,48.728852448318634,49.88222393527156,48.64581473311563,47.485840676742434,49.261040089145915,52.36362098391741,52.21051469474868,48.47621402036266,45.16312795771127,43.11057458494678,38.78391557184412,32.08062329474225,28.809965246902202,31.251023157107124,34.572597083144366,36.07906632195032,38.05670678502002,41.14665855473592,42.58458060780777,41.444032159227824,39.69200396722794,37.749631466834316,34.28934205188286,30.464127272136455,29.005974917575507,28.42522333390223,25.91254232393507,23.719563227491953,24.01173195911506,23.993924896794418,22.891534621369605,24.18359915495021,27.753172161612497,30.689688081322053,32.32198782761047,32.197423341189364,28.44589496920626,23.049919696656733,21.326804923184227,22.446030290892896,23.149880247923814,21.034159813164546,19.53931753743187,23.916577142843003,27.797924427716588,27.587545061883354,26.543119360378988,25.19863641768123,23.793325270880935,23.64941349236468,24.02101742631484,23.921734381169138,23.554582500107358,23.349801618087263,21.27856788035952,14.146514333900518,9.733333784726334,11.930440917344397,16.753454386277735,19.10506414714271,18.98014024972658,18.26831939951685,16.97586042449388,16.13841749097336,15.540626647942725,14.478450566139603,13.54231525115616,12.575616609734125,11.804561278965434,11.221057481919257,10.251747184269181,9.867257476574894,9.391170821879083,8.774445397222427,8.590378160204418,8.212200648813582,7.971826699675442,7.631425814569619,6.853771116253557,6.115876826375658,5.808643466400932,5.288238640855899,5.354523684887658,5.2426564305324295,5.193029632701426,5.580736742620724,6.1691859256583665,6.525873712541035,6.345764385974286,5.950428833402638,5.698910026640256,5.420657120176851,4.930773142047621,4.329911256091437,4.881468070148866,5.401642414647766,6.282632156105633,6.615218160274571,6.410032879492745,6.2878106646174805,6.048500280279435,5.625047588067976,4.860535032403712,4.392212675240833,4.171340530436982,3.8868450395883527,3.5372665582164906,3.6245905252496606,3.3331541421943607,3.260429121146997,3.0243714849674825,2.796463143547048,2.5321188558128265,2.280090298807747,2.1436772231312538,2.0265861190091643,1.9594317369101972,1.7663047677272146,1.6296181918013506,1.4742375308071443,1.4139359932338897,1.3809149837816035,1.3941803136396405,1.386589454465729,1.4508430068119655,1.5789145225243826,1.6598302594420478,1.6522880409098317,1.6798910421081203,1.6714308813844874] [0.0,0.0,0.0,0.0,0.0,0.0,0.0,0.0,0.0,0.0,0.0,0.0,0.0,0.0,0.0,0.0,0.0,0.0,0.0,0.0,0.0,0.0,0.0,0.0,0.0,0.0,0.0,0.0,0.0,0.0,0.0,0.0,0.0,0.0,0.0,0.0,0.0,0.0,0.0,0.0,0.0,0.0,0.0,0.0,0.0,0.0,0.0,0.0,0.0,0.0,0.0,0.0,0.0,0.0,0.0,0.0,0.0,0.0,0.0,0.0,0.0,0.0,0.0,0.0,0.0,0.0,0.0,0.0,0.0,0.0,0.0,0.0,0.0,0.0,0.0,0.0,0.0,0.0,0.0,0.0,0.0,0.0,0.0,0.0,0.0,0.0,0.0,0.0,0.0,0.0,0.0,0.0,0.0,0.0,0.0,0.0,0.0,0.0,0.0,0.0,0.0,0.0,0.0,0.0,0.0,0.0,0.0,0.0,0.0,0.0,0.0,0.0,0.0,0.0,0.0,0.0,0.0,0.0,0.0,0.0,0.0,0.0,0.0,0.0,0.0,0.0,0.0,0.0,0.0,0.0,0.0,0.0,0.0,0.0,0.0,0.0,0.0,0.0,0.0,0.0,-27.129215772907042,-24.551339969522378,-3.821068774180456,-7.601745974565262,-8.268921437115962,-11.84724841764277,-1.9419730843193128,2.8939582873121705,20.628929676375694,-13.419210658035894,30.615912778298647,27.7209294804327,5.785212770813105,-37.378228476328516,16.35111875122523,-17.83343430170807,-14.378246555863983,54.560815175356424,-106.06129970000164,84.38025371218215,37.72529528315499,-3.2272167403167717,-10.147376077721137,1.878340633657256,4.91391250601126,13.897206111096288,-1.6446836373363654,18.760648016277603,-9.369397338887936,20.110109929395044,-61.53951772687222,-19.306397411320187,-9.787172931107387,-97.16026795448343,-22.792057130585967,-49.43942348240842,-60.571087647621276,-23.45019826904569,-31.205210975279048,-36.261926607479744,-11.864768927634161,-45.68627933561411,3.629484709369496,20.30772275137305,-19.437518815377857,-17.190106090285113,-18.111758879818627,1.5478493335611323,-71.88815782341861,59.683258674367025,22.659755391068142,3.320611921683933,-26.583552563138596,31.38112667111268,-8.087908763576184,-25.714749564584398,13.572746970882097,5.135801298138716,44.63216679726538,32.507638397674434,6.578915110896803,-45.895555363631615,35.757495335847544,-25.464639694290334,-1.0849145832703766,13.436819190990253,-29.904803913361473,29.12871551988833,-13.900442650755966,-24.997103216659873,-26.672886395575464,5.528431318862159,-0.3294789558480418,30.67786386768636,-31.98376847539332,-37.4229821552966,15.311049286649974,-22.137531646710777,-27.453760208471397,-27.074210044791478,14.388060809676471,30.142707711539867,0.10213821976179725,20.591244374200116,-5.34704284657473,-24.271747626318625,8.778805446081961,6.390685130807489,-16.715438746172346,10.603814522425573,13.566856387111445,-24.997194687461576,-31.678296806745106,-1.475961428947684,8.539492128718269,14.337652912099951,19.22430576077783,12.65708941785134,10.805423963441848,1.4724667708177408,9.732603515990094,17.142723252794156,16.590138147774756,-12.692471344870064,0.5970084262371412,-9.299360451094604,-3.1836401795382545,-14.913690365456198,-3.756431369646035,-1.7916640629243306,1.0547650769247066,-2.9879392671645917,3.9692136497016786,-0.49178331842996875,4.099222132964183,-0.0982113949782637,-1.6916728801250744,2.8779580734690815,3.4688602589185784,-4.637327246694576,-9.642829109546842,-5.156415493081967,6.776067608842059,2.2577952510520296,-4.016241303390045,-1.0317861458421995,-9.558568282577449,-8.37584623763396,-1.947368235168553,-4.198951646928821,-2.3851804970858494,-2.2563175219371994,-0.7813979330001585,0.06112242186822947,-1.7709970204058312,8.043761689396021,5.0710558312241245,-1.1309262194491065,3.4687460216457953,4.0079968766877005,-0.2539698832996669,1.6876271103293385,1.8532128494646887,-0.24790870607918017,-0.8182299736418078,-1.275562948474177,0.5138883441500207,-1.1263383579989537,1.601716173275974,0.0717417085055202,-0.3833405263345211,-1.2730253088180021,-0.8774179796262088,-1.9678261880718306,-1.492931534305514,1.7062950123308225,0.18049843703803076,-0.24519043888047456,-0.03132700897274566,1.7012595620904696]
56341.75841532967 [0.0,0.0,0.0,0.0,0.0,0.0,0.0,0.0,0.0,0.0,0.0,0.0,0.0,0.0,0.0,0.0,0.0,0.0,0.0,0.0,0.0,0.0,0.0,0.0,0.0,0.0,0.0,0.0,0.0,0.0,0.0,0.0,0.0,0.0,0.0,0.0,0.0,0.0,0.0,0.0,0.0,0.0,0.0,0.0,0.0,0.0,0.0,0.0,0.0,0.0,0.0,0.0,0.0,0.0,0.0,0.0,0.0,0.0,0.0,0.0,0.0,0.0,0.0,0.0,0.0,0.0,0.0,0.0,0.0,0.0,0.0,0.0,0.0,0.0,0.0,0.0,0.0,0.0,0.0,0.0,0.0,0.0,0.0,0.0,0.0,0.0,0.0,0.0,0.0,0.0,0.0,0.0,0.0,0.0,0.0,0.0,0.0,0.0,0.0,0.0,0.0,0.0,0.0,0.0,0.0,0.0,0.0,0.0,0.0,0.0,0.0,0.0,0.0,0.0,0.0,0.0,0.0,0.0,0.0,0.0,0.0,0.0,0.0,0.0,0.0,0.0,0.0,0.0,0.0,0.0,0.0,0.0,0.0,0.0,0.0,0.0,0.0,0.0,0.0,0.0,0.0,0.0,0.0,0.0,0.0,0.0,0.0,0.0,0.0,0.0,0.0,0.0,0.0,0.0,0.0,0.0,0.0,0.0,0.0,0.0,0.0,0.0,0.0,0.0,0.0,0.0,0.0,0.0,0.0,0.0,0.0,0.0,0.0,0.0,0.0,0.0,0.0,0.0,0.0,0.0,0.0,0.0,0.0,0.0,0.0,0.0,0.0,0.0,0.0,0.0,0.0,0.0,0.0,0.0,0.0,0.0,0.0,0.0,0.0,0.0,0.0,0.0,0.0,0.0,0.0,0.0,0.0,0.0,0.0,0.0,0.0,0.0,0.0,0.0,0.0,0.0,0.0,0.0,0.0,0.0,0.0,0.0,0.0,0.0,0.0,0.0,0.0,0.0,0.0,0.0,0.0,0.0,0.0,0.0,0.0,0.0,0.0,0.0,0.0,0.0,0.0,0.0,0.0,0.0,0.0,0.0,0.0,0.0,0.0,0.0,0.0,0.0,0.0,0.0,0.0,0.0,0.0,0.0,0.0,0.0,0.0,0.0,0.0,0.0,0.0,0.0,0.0,0.0,0.0,0.0,0.0,0.0,0.0,0.0,0.0,0.0,0.0,0.0,0.0,0.0,0.0,0.0,0.0,0.0,0.0,0.0,0.0,0.0,0.0,0.0,0.0,0.0,0.0,0.0,0.0,0.0,0.0,0.0,0.0,0.0] [1311.2619900786005,1321.8202200865917,1332.463464547639,1343.19240799478,1354.0077404728797,1364.9101575830227,1375.9003605272408,1386.9790561536227,1398.1469570017646,1409.4047813486081,1420.7532532546286,1432.193102610412,1443.7250651835902,1455.3498826661717,1467.068302722235,1478.881079036026,1490.78897136042,1502.7927455657994,1514.8931736892998,1527.0910339844697,1539.3871109713293,1551.7821954868166,1564.2770847356642,1576.872582341659,1589.569498399342,1602.368649526097,1615.270858914685,1628.2769563861766,1641.3877784433362,1654.6041683244075,1667.9269760573632,1681.3570585145608,1694.895279467867,1708.5425096441993,1722.2996267815402,1736.1675156853773,1750.1470682856248,1764.2391836939755,1778.4447682617345,1792.7647356381167,1807.2000068289992,1821.7515102561672,1836.4201818170154,1851.2069649447558,1866.112810669078,1881.1386776773347,1896.285532376183,1911.5543489537563,1926.9461094423048,1942.4618037813711,1958.1024298814455,1973.8689936881608,1989.7625092469793,2005.7839987684179,2021.9344926937952,2038.215029761504,2054.626657073813,2071.1704301642176,2087.8474130653335,2104.6586783773164,2121.605307336866,2138.6883898867477,2155.9090247459117,2173.268319480143,2190.767390573309,2208.407363499154,2226.1893727937027,2244.1145621282076,2262.184084382728,2280.399101720259,2298.7607856614945,2317.2703171601615,2335.9288866789793,2354.7376942662327,2373.6979496329395,2392.810872230673,2412.077691329971,2431.4996460994216,2451.0779856853383,2470.813969292122,2490.7088662632277,2510.763956162824,2530.9805288580706,2551.359884602096,2571.9033341176064,2592.612198681206,2613.487810208354,2634.5315113390543,2655.7446555241822,2677.1286071125573,2698.6847414386757,2720.4144449111714,2742.319115101994,2764.4001608362782,2786.6590022829737,2809.097071046162,2831.715810257159,2854.5166746673017,2877.5011307415425,2900.67065675274,2924.0267428767575,2947.570891288285,2971.304616257478,2995.22944424732,3019.346914011829,3043.658576695001,3068.1659959305807,3092.870747942638,3117.7744216469364,3142.87861875312,3168.1849538677375,3193.695054598094,3219.410561656912,3245.333128967883,3271.4644237720117,3297.806126734876,3324.3599320546946,3351.1275475713155,3378.1106948760344,3405.3111094223436,3432.7305406375262,3460.3707520352004,3488.23352132871,3516.320640545493,3544.6339161423107,3573.1751691214417,3601.9462351478164,3630.9489646670518,3660.1852230244945,3689.6568905851636,3719.3658628547196,3749.3140506013438,3779.5033799786634,3809.935792649603,3840.6132459112973,3871.5377128209448,3902.7111823227383,3934.135659375755,3965.8131650829396,3997.7457368210635,4029.9354283717907,4062.3843100537392,4095.0944688556665,4128.068008570669,4161.3070499315045,4194.813730746993,4228.590206039511,4262.638648183577,4296.961247045588,4331.560210124669,4366.437762694626,4401.596147947099,4437.037627135803,4472.764479721992,4508.779003521039,4545.083514850253,4581.680348677821,4618.571858773019,4655.7604178575675,4693.248417758249,4731.038269560753,4769.132403764733,4807.533270440121,4846.243339384716,4885.265100283049,4924.601062866471,4964.253757074609,5004.22573321805,5044.519562142395,5085.137835393579,5126.08316538458,5167.3581855634,5208.965550582488,5250.907936469426,5293.188040799074,5335.808582867062,5378.772303864684,5422.081967055189,5465.740357951513,5509.7502844954415,5554.1145772382,5598.836089522486,5643.917697666003,5689.362301146471,5735.17282278806,5781.352208949439,5827.903429713208,5874.829479076986,5922.133375145914,5969.818160326825,6017.886901523867,6066.342690335802,6115.188643254807,6164.427901866934,6214.06363305417,6264.099029198114,6314.537308385285,6365.381714614103,6416.635518003553,6468.302015003491,6520.384528606639,6572.88640856233,6625.811031591967,6679.16180160615,6732.942149923667,6787.155535492116,6841.805445110439,6896.895393653112,6952.428924296275,7008.409608745552,7064.841047465831,7121.726869912778,7179.070734766296,7236.876330165845,7295.147373947643,7353.887613883764,7413.100827923194,7472.790824434837,7532.961442452409,7593.616551921397,7654.7600539479145,7716.395881049652,7778.527997408752,7841.160399126823,7904.2971144818985,7967.94220418758,8032.099761654146,8096.773913251861,8161.968818576374,8227.688670716232,8293.937696522553,8360.720156880894,8428.04034698531,8495.90259661459,8564.311270410717,8633.270768159597,8702.785525074065,8772.860012079082,8843.498736099358,8914.706240349144,8986.487104624512,9058.845945597834,9131.787417114787,9205.31621049359,9279.437054826807,9354.154717285446,9429.47400342559,9505.399757497484,9581.936862757088,9659.090241780126,9736.864856778713,9815.265709920519,9894.297843650465,9973.966341015032,10054.276325989182,10135.232963805956,10216.841461288606,10299.107067185563,10382.035072507933,10465.630810869876,10549.89965883156,10634.84703624505,10720.478406602804,10806.799277389146,10893.815200434417,10981.531772272076,11069.954634498676,11159.08947413668,11248.94202400021,11339.518063063782,11430.823416834026,11522.863957724268,11615.64560543233,11709.174327321158,11803.456138802712,11898.49710372478,11994.303334761045,12090.880993804161,12188.23629236214,12286.375491957784,12385.304904531427,12485.030892846919,12585.55987090084,12686.898304334996,12789.052710852275,12892.029660635888,12995.8357767719,13100.477735675182,13205.962267518828,13312.296156667053,13419.486242111492,13527.539417911097,13636.462633635434,13746.262894811807,13856.947263375758,13968.522858125163,14080.996855178266,14194.376488435144,14308.66905004285,14423.881890864615] 0.31126199007860056 [Infinity,Infinity,Infinity,Infinity,Infinity,Infinity,Infinity,Infinity,Infinity,Infinity,Infinity,Infinity,Infinity,Infinity,Infinity,Infinity,Infinity,Infinity,Infinity,Infinity,Infinity,Infinity,Infinity,Infinity,Infinity,Infinity,Infinity,Infinity,Infinity,Infinity,Infinity,Infinity,Infinity,Infinity,Infinity,Infinity,Infinity,Infinity,Infinity,Infinity,Infinity,Infinity,Infinity,Infinity,Infinity,Infinity,Infinity,Infinity,Infinity,Infinity,Infinity,Infinity,Infinity,Infinity,Infinity,Infinity,Infinity,Infinity,Infinity,Infinity,Infinity,Infinity,Infinity,Infinity,Infinity,Infinity,Infinity,Infinity,Infinity,Infinity,Infinity,Infinity,Infinity,Infinity,Infinity,Infinity,Infinity,Infinity,Infinity,Infinity,Infinity,Infinity,Infinity,Infinity,Infinity,Infinity,Infinity,Infinity,Infinity,Infinity,Infinity,Infinity,Infinity,Infinity,Infinity,Infinity,Infinity,Infinity,Infinity,Infinity,Infinity,Infinity,Infinity,Infinity,Infinity,Infinity,Infinity,Infinity,Infinity,Infinity,Infinity,Infinity,Infinity,Infinity,Infinity,Infinity,Infinity,Infinity,Infinity,Infinity,Infinity,Infinity,Infinity,Infinity,Infinity,Infinity,Infinity,Infinity,Infinity,Infinity,Infinity,Infinity,Infinity,Infinity,Infinity,Infinity,Infinity,Infinity,Infinity,Infinity,Infinity,Infinity,Infinity,Infinity,Infinity,Infinity,Infinity,Infinity,Infinity,Infinity,Infinity,Infinity,Infinity,Infinity,Infinity,Infinity,Infinity,Infinity,Infinity,Infinity,Infinity,Infinity,Infinity,Infinity,Infinity,Infinity,Infinity,Infinity,Infinity,Infinity,Infinity,Infinity,Infinity,Infinity,Infinity,Infinity,Infinity,Infinity,Infinity,Infinity,Infinity,Infinity,Infinity,Infinity,Infinity,Infinity,Infinity,Infinity,Infinity,Infinity,Infinity,Infinity,Infinity,Infinity,Infinity,Infinity,Infinity,Infinity,Infinity,Infinity,Infinity,Infinity,Infinity,Infinity,Infinity,Infinity,Infinity,Infinity,Infinity,Infinity,Infinity,Infinity,Infinity,Infinity,Infinity,Infinity,Infinity,Infinity,Infinity,Infinity,Infinity,Infinity,Infinity,Infinity,Infinity,Infinity,Infinity,Infinity,Infinity,Infinity,Infinity,Infinity,Infinity,Infinity,Infinity,Infinity,Infinity,Infinity,Infinity,Infinity,Infinity,Infinity,Infinity,Infinity,Infinity,Infinity,Infinity,Infinity,Infinity,Infinity,Infinity,Infinity,Infinity,Infinity,Infinity,Infinity,Infinity,Infinity,Infinity,Infinity,Infinity,Infinity,Infinity,Infinity,Infinity,Infinity,Infinity,Infinity,Infinity,Infinity,Infinity,Infinity,Infinity,Infinity,Infinity,Infinity,Infinity,Infinity,Infinity,Infinity,Infinity,Infinity,Infinity,Infinity,Infinity,Infinity,Infinity,Infinity,Infinity,Infinity,Infinity,Infinity,Infinity,Infinity,Infinity,Infinity,Infinity,Infinity,Infinity,Infinity] [0.0,0.0,0.0,0.0,0.0,0.0,0.0,0.0,0.0,0.0,0.0,0.0,0.0,0.0,0.0,0.0,0.0,0.0,0.0,0.0,0.0,0.0,0.0,0.0,0.0,0.0,0.0,0.0,0.0,0.0,0.0,0.0,0.0,0.0,0.0,0.0,0.0,0.0,0.0,0.0,0.0,0.0,0.0,0.0,0.0,0.0,0.0,0.0,0.0,0.0,0.0,0.0,0.0,0.0,0.0,0.0,0.0,0.0,0.0,0.0,0.0,0.0,0.0,0.0,0.0,0.0,0.0,0.0,0.0,0.0,0.0,0.0,0.0,0.0,0.0,0.0,0.0,0.0,0.0,0.0,0.0,0.0,0.0,0.0,0.0,0.0,0.0,0.0,0.0,0.0,0.0,0.0,0.0,0.0,0.0,0.0,0.0,0.0,0.0,0.0,0.0,0.0,0.0,0.0,0.0,0.0,0.0,0.0,0.0,0.0,0.0,0.0,0.0,0.0,0.0,0.0,0.0,0.0,0.0,0.0,0.0,0.0,0.0,0.0,0.0,0.0,0.0,0.0,0.0,0.0,0.0,0.0,0.0,0.0,0.0,0.0,0.0,0.0,0.0,0.0,0.0,0.0,0.0,0.0,0.0,0.0,0.0,0.0,0.0,0.0,0.0,0.0,0.0,0.0,0.0,0.0,0.0,0.0,0.0,0.0,0.0,0.0,0.0,0.0,0.0,0.0,0.0,0.0,0.0,0.0,0.0,0.0,0.0,0.0,0.0,0.0,0.0,0.0,0.0,0.0,0.0,0.0,0.0,0.0,0.0,0.0,0.0,0.0,0.0,0.0,0.0,0.0,0.0,0.0,0.0,0.0,0.0,0.0,0.0,0.0,0.0,0.0,0.0,0.0,0.0,0.0,0.0,0.0,0.0,0.0,0.0,0.0,0.0,0.0,0.0,0.0,0.0,0.0,0.0,0.0,0.0,0.0,0.0,0.0,0.0,0.0,0.0,0.0,0.0,0.0,0.0,0.0,0.0,0.0,0.0,0.0,0.0,0.0,0.0,0.0,0.0,0.0,0.0,0.0,0.0,0.0,0.0,0.0,0.0,0.0,0.0,0.0,0.0,0.0,0.0,0.0,0.0,0.0,0.0,0.0,0.0,0.0,0.0,0.0,0.0,0.0,0.0,0.0,0.0,0.0,0.0,0.0,0.0,0.0,0.0,0.0,0.0,0.0,0.0,0.0,0.0,0.0,0.0,0.0,0.0,0.0,0.0,0.0,0.0,0.0,0.0,0.0,0.0,0.0,0.0,0.0,0.0,0.0,0.0,0.0]
56142.62871749623 [0.0,0.0,0.0,0.0,0.0,0.0,0.0,0.0,0.0,0.0,0.0,0.0,0.0,0.0,0.0,0.0,0.0,0.0,0.0,0.0,0.0,0.0,0.0,0.0,0.0,0.0,0.0,0.0,0.0,0.0,0.0,0.0,0.0,0.0,0.0,0.0,0.0,0.0,0.0,0.0,0.0,0.0,0.0,0.0,0.0,0.0,0.0,0.0,0.0,0.0,0.0,0.0,0.0,0.0,0.0,0.0,0.0,0.0,0.0,0.0,0.0,0.0,0.0,0.0,0.0,0.0,0.0,0.0,0.0,0.0,0.0,0.0,0.0,0.0,0.0,0.0,0.0,0.0,0.0,0.0,0.0,0.0,0.0,0.0,0.0,0.0,0.0,0.0,0.0,0.0,0.0,0.0,0.0,0.0,0.0,0.0,0.0,0.0,0.0,0.0,0.0,0.0,0.0,0.0,0.0,0.0,0.0,0.0,0.0,0.0,0.0,0.0,0.0,0.0,0.0,0.0,0.0,0.0,0.0,0.0,0.0,0.0,0.0,0.0,0.0,0.0,0.0,0.0,0.0,0.0,0.0,0.0,0.0,0.0,0.0,0.0,0.0,0.0,0.0,0.0,0.0,0.0,0.0,0.0,0.0,0.0,0.0,0.0,0.0,0.0,0.0,0.0,0.0,0.0,0.0,0.0,0.0,0.0,0.0,0.0,0.0,0.0,0.0,0.0,0.0,0.0,0.0,0.0,0.0,0.0,0.0,0.0,0.0,0.0,0.0,0.0,0.0,0.0,0.0,0.0,0.0,0.0,0.0,0.0,0.0,0.0,0.0,0.0,0.0,0.0,0.0,0.0,0.0,0.0,0.0,0.0,0.0,0.0,0.0,0.0,0.0,0.0,0.0,0.0,0.0,0.0,0.0,0.0,0.0,0.0,0.0,0.0,0.0,0.0,0.0,0.0,0.0,0.0,0.0,0.0,0.0,0.0,0.0,0.0,0.0,0.0,0.0,0.0,0.0,0.0,0.0,0.0,0.0,0.0,0.0,0.0,0.0,0.0,0.0,0.0,0.0,0.0,0.0,0.0,0.0,0.0,0.0,0.0,0.0,0.0,0.0,0.0,0.0,0.0,0.0,0.0,0.0,0.0,0.0,0.0,0.0,0.0,0.0,0.0,0.0,0.0,0.0,0.0,0.0,0.0,0.0,0.0,0.0,0.0,0.0,0.0,0.0,0.0,0.0,0.0,0.0,0.0,0.0,0.0,0.0,0.0,0.0,0.0,0.0,0.0,0.0,0.0,0.0,0.0,0.0,0.0,0.0,0.0,0.0,0.0] [1311.2619900786005,1321.8202200865917,1332.463464547639,1343.19240799478,1354.0077404728797,1364.9101575830227,1375.9003605272408,1386.9790561536227,1398.1469570017646,1409.4047813486081,1420.7532532546286,1432.193102610412,1443.7250651835902,1455.3498826661717,1467.068302722235,1478.881079036026,1490.78897136042,1502.7927455657994,1514.8931736892998,1527.0910339844697,1539.3871109713293,1551.7821954868166,1564.2770847356642,1576.872582341659,1589.569498399342,1602.368649526097,1615.270858914685,1628.2769563861766,1641.3877784433362,1654.6041683244075,1667.9269760573632,1681.3570585145608,1694.895279467867,1708.5425096441993,1722.2996267815402,1736.1675156853773,1750.1470682856248,1764.2391836939755,1778.4447682617345,1792.7647356381167,1807.2000068289992,1821.7515102561672,1836.4201818170154,1851.2069649447558,1866.112810669078,1881.1386776773347,1896.285532376183,1911.5543489537563,1926.9461094423048,1942.4618037813711,1958.1024298814455,1973.8689936881608,1989.7625092469793,2005.7839987684179,2021.9344926937952,2038.215029761504,2054.626657073813,2071.1704301642176,2087.8474130653335,2104.6586783773164,2121.605307336866,2138.6883898867477,2155.9090247459117,2173.268319480143,2190.767390573309,2208.407363499154,2226.1893727937027,2244.1145621282076,2262.184084382728,2280.399101720259,2298.7607856614945,2317.2703171601615,2335.9288866789793,2354.7376942662327,2373.6979496329395,2392.810872230673,2412.077691329971,2431.4996460994216,2451.0779856853383,2470.813969292122,2490.7088662632277,2510.763956162824,2530.9805288580706,2551.359884602096,2571.9033341176064,2592.612198681206,2613.487810208354,2634.5315113390543,2655.7446555241822,2677.1286071125573,2698.6847414386757,2720.4144449111714,2742.319115101994,2764.4001608362782,2786.6590022829737,2809.097071046162,2831.715810257159,2854.5166746673017,2877.5011307415425,2900.67065675274,2924.0267428767575,2947.570891288285,2971.304616257478,2995.22944424732,3019.346914011829,3043.658576695001,3068.1659959305807,3092.870747942638,3117.7744216469364,3142.87861875312,3168.1849538677375,3193.695054598094,3219.410561656912,3245.333128967883,3271.4644237720117,3297.806126734876,3324.3599320546946,3351.1275475713155,3378.1106948760344,3405.3111094223436,3432.7305406375262,3460.3707520352004,3488.23352132871,3516.320640545493,3544.6339161423107,3573.1751691214417,3601.9462351478164,3630.9489646670518,3660.1852230244945,3689.6568905851636,3719.3658628547196,3749.3140506013438,3779.5033799786634,3809.935792649603,3840.6132459112973,3871.5377128209448,3902.7111823227383,3934.135659375755,3965.8131650829396,3997.7457368210635,4029.9354283717907,4062.3843100537392,4095.0944688556665,4128.068008570669,4161.3070499315045,4194.813730746993,4228.590206039511,4262.638648183577,4296.961247045588,4331.560210124669,4366.437762694626,4401.596147947099,4437.037627135803,4472.764479721992,4508.779003521039,4545.083514850253,4581.680348677821,4618.571858773019,4655.7604178575675,4693.248417758249,4731.038269560753,4769.132403764733,4807.533270440121,4846.243339384716,4885.265100283049,4924.601062866471,4964.253757074609,5004.22573321805,5044.519562142395,5085.137835393579,5126.08316538458,5167.3581855634,5208.965550582488,5250.907936469426,5293.188040799074,5335.808582867062,5378.772303864684,5422.081967055189,5465.740357951513,5509.7502844954415,5554.1145772382,5598.836089522486,5643.917697666003,5689.362301146471,5735.17282278806,5781.352208949439,5827.903429713208,5874.829479076986,5922.133375145914,5969.818160326825,6017.886901523867,6066.342690335802,6115.188643254807,6164.427901866934,6214.06363305417,6264.099029198114,6314.537308385285,6365.381714614103,6416.635518003553,6468.302015003491,6520.384528606639,6572.88640856233,6625.811031591967,6679.16180160615,6732.942149923667,6787.155535492116,6841.805445110439,6896.895393653112,6952.428924296275,7008.409608745552,7064.841047465831,7121.726869912778,7179.070734766296,7236.876330165845,7295.147373947643,7353.887613883764,7413.100827923194,7472.790824434837,7532.961442452409,7593.616551921397,7654.7600539479145,7716.395881049652,7778.527997408752,7841.160399126823,7904.2971144818985,7967.94220418758,8032.099761654146,8096.773913251861,8161.968818576374,8227.688670716232,8293.937696522553,8360.720156880894,8428.04034698531,8495.90259661459,8564.311270410717,8633.270768159597,8702.785525074065,8772.860012079082,8843.498736099358,8914.706240349144,8986.487104624512,9058.845945597834,9131.787417114787,9205.31621049359,9279.437054826807,9354.154717285446,9429.47400342559,9505.399757497484,9581.936862757088,9659.090241780126,9736.864856778713,9815.265709920519,9894.297843650465,9973.966341015032,10054.276325989182,10135.232963805956,10216.841461288606,10299.107067185563,10382.035072507933,10465.630810869876,10549.89965883156,10634.84703624505,10720.478406602804,10806.799277389146,10893.815200434417,10981.531772272076,11069.954634498676,11159.08947413668,11248.94202400021,11339.518063063782,11430.823416834026,11522.863957724268,11615.64560543233,11709.174327321158,11803.456138802712,11898.49710372478,11994.303334761045,12090.880993804161,12188.23629236214,12286.375491957784,12385.304904531427,12485.030892846919,12585.55987090084,12686.898304334996,12789.052710852275,12892.029660635888,12995.8357767719,13100.477735675182,13205.962267518828,13312.296156667053,13419.486242111492,13527.539417911097,13636.462633635434,13746.262894811807,13856.947263375758,13968.522858125163,14080.996855178266,14194.376488435144,14308.66905004285,14423.881890864615] 0.31126199007860056 [Infinity,Infinity,Infinity,Infinity,Infinity,Infinity,Infinity,Infinity,Infinity,Infinity,Infinity,Infinity,Infinity,Infinity,Infinity,Infinity,Infinity,Infinity,Infinity,Infinity,Infinity,Infinity,Infinity,Infinity,Infinity,Infinity,Infinity,Infinity,Infinity,Infinity,Infinity,Infinity,Infinity,Infinity,Infinity,Infinity,Infinity,Infinity,Infinity,Infinity,Infinity,Infinity,Infinity,Infinity,Infinity,Infinity,Infinity,Infinity,Infinity,Infinity,Infinity,Infinity,Infinity,Infinity,Infinity,Infinity,Infinity,Infinity,Infinity,Infinity,Infinity,Infinity,Infinity,Infinity,Infinity,Infinity,Infinity,Infinity,Infinity,Infinity,Infinity,Infinity,Infinity,Infinity,Infinity,Infinity,Infinity,Infinity,Infinity,Infinity,Infinity,Infinity,Infinity,Infinity,Infinity,Infinity,Infinity,Infinity,Infinity,Infinity,Infinity,Infinity,Infinity,Infinity,Infinity,Infinity,Infinity,Infinity,Infinity,Infinity,Infinity,Infinity,Infinity,Infinity,Infinity,Infinity,Infinity,Infinity,Infinity,Infinity,Infinity,Infinity,Infinity,Infinity,Infinity,Infinity,Infinity,Infinity,Infinity,Infinity,Infinity,Infinity,Infinity,Infinity,Infinity,Infinity,Infinity,Infinity,Infinity,Infinity,Infinity,Infinity,Infinity,Infinity,Infinity,Infinity,Infinity,Infinity,Infinity,Infinity,Infinity,Infinity,Infinity,Infinity,Infinity,Infinity,Infinity,Infinity,Infinity,Infinity,Infinity,Infinity,Infinity,Infinity,Infinity,Infinity,Infinity,Infinity,Infinity,Infinity,Infinity,Infinity,Infinity,Infinity,Infinity,Infinity,Infinity,Infinity,Infinity,Infinity,Infinity,Infinity,Infinity,Infinity,Infinity,Infinity,Infinity,Infinity,Infinity,Infinity,Infinity,Infinity,Infinity,Infinity,Infinity,Infinity,Infinity,Infinity,Infinity,Infinity,Infinity,Infinity,Infinity,Infinity,Infinity,Infinity,Infinity,Infinity,Infinity,Infinity,Infinity,Infinity,Infinity,Infinity,Infinity,Infinity,Infinity,Infinity,Infinity,Infinity,Infinity,Infinity,Infinity,Infinity,Infinity,Infinity,Infinity,Infinity,Infinity,Infinity,Infinity,Infinity,Infinity,Infinity,Infinity,Infinity,Infinity,Infinity,Infinity,Infinity,Infinity,Infinity,Infinity,Infinity,Infinity,Infinity,Infinity,Infinity,Infinity,Infinity,Infinity,Infinity,Infinity,Infinity,Infinity,Infinity,Infinity,Infinity,Infinity,Infinity,Infinity,Infinity,Infinity,Infinity,Infinity,Infinity,Infinity,Infinity,Infinity,Infinity,Infinity,Infinity,Infinity,Infinity,Infinity,Infinity,Infinity,Infinity,Infinity,Infinity,Infinity,Infinity,Infinity,Infinity,Infinity,Infinity,Infinity,Infinity,Infinity,Infinity,Infinity,Infinity,Infinity,Infinity,Infinity,Infinity,Infinity,Infinity,Infinity,Infinity,Infinity,Infinity,Infinity,Infinity,Infinity,Infinity,Infinity,Infinity,Infinity,Infinity] [0.0,0.0,0.0,0.0,0.0,0.0,0.0,0.0,0.0,0.0,0.0,0.0,0.0,0.0,0.0,0.0,0.0,0.0,0.0,0.0,0.0,0.0,0.0,0.0,0.0,0.0,0.0,0.0,0.0,0.0,0.0,0.0,0.0,0.0,0.0,0.0,0.0,0.0,0.0,0.0,0.0,0.0,0.0,0.0,0.0,0.0,0.0,0.0,0.0,0.0,0.0,0.0,0.0,0.0,0.0,0.0,0.0,0.0,0.0,0.0,0.0,0.0,0.0,0.0,0.0,0.0,0.0,0.0,0.0,0.0,0.0,0.0,0.0,0.0,0.0,0.0,0.0,0.0,0.0,0.0,0.0,0.0,0.0,0.0,0.0,0.0,0.0,0.0,0.0,0.0,0.0,0.0,0.0,0.0,0.0,0.0,0.0,0.0,0.0,0.0,0.0,0.0,0.0,0.0,0.0,0.0,0.0,0.0,0.0,0.0,0.0,0.0,0.0,0.0,0.0,0.0,0.0,0.0,0.0,0.0,0.0,0.0,0.0,0.0,0.0,0.0,0.0,0.0,0.0,0.0,0.0,0.0,0.0,0.0,0.0,0.0,0.0,0.0,0.0,0.0,0.0,0.0,0.0,0.0,0.0,0.0,0.0,0.0,0.0,0.0,0.0,0.0,0.0,0.0,0.0,0.0,0.0,0.0,0.0,0.0,0.0,0.0,0.0,0.0,0.0,0.0,0.0,0.0,0.0,0.0,0.0,0.0,0.0,0.0,0.0,0.0,0.0,0.0,0.0,0.0,0.0,0.0,0.0,0.0,0.0,0.0,0.0,0.0,0.0,0.0,0.0,0.0,0.0,0.0,0.0,0.0,0.0,0.0,0.0,0.0,0.0,0.0,0.0,0.0,0.0,0.0,0.0,0.0,0.0,0.0,0.0,0.0,0.0,0.0,0.0,0.0,0.0,0.0,0.0,0.0,0.0,0.0,0.0,0.0,0.0,0.0,0.0,0.0,0.0,0.0,0.0,0.0,0.0,0.0,0.0,0.0,0.0,0.0,0.0,0.0,0.0,0.0,0.0,0.0,0.0,0.0,0.0,0.0,0.0,0.0,0.0,0.0,0.0,0.0,0.0,0.0,0.0,0.0,0.0,0.0,0.0,0.0,0.0,0.0,0.0,0.0,0.0,0.0,0.0,0.0,0.0,0.0,0.0,0.0,0.0,0.0,0.0,0.0,0.0,0.0,0.0,0.0,0.0,0.0,0.0,0.0,0.0,0.0,0.0,0.0,0.0,0.0,0.0,0.0,0.0,0.0,0.0,0.0,0.0,0.0]
56236.72784168691 [0.0,0.0,0.0,0.0,0.0,0.0,0.0,0.0,0.0,0.0,0.0,0.0,0.0,0.0,0.0,0.0,0.0,0.0,0.0,0.0,0.0,0.0,0.0,0.0,0.0,0.0,0.0,0.0,0.0,0.0,0.0,0.0,0.0,0.0,0.0,0.0,0.0,0.0,0.0,0.0,0.0,0.0,0.0,0.0,0.0,0.0,0.0,0.0,0.0,0.0,0.0,0.0,0.0,0.0,0.0,0.0,0.0,0.0,0.0,0.0,0.0,0.0,0.0,0.0,0.0,0.0,0.0,0.0,0.0,0.0,0.0,0.0,0.0,0.0,0.0,0.0,0.0,0.0,0.0,0.0,0.0,0.0,0.0,0.0,0.0,0.0,0.0,0.0,0.0,0.0,0.0,0.0,0.0,0.0,0.0,0.0,0.0,0.0,0.0,0.0,0.0,0.0,0.0,0.0,0.0,0.0,0.0,0.0,0.0,0.0,0.0,0.0,0.0,0.0,0.0,0.0,0.0,0.0,0.0,0.0,0.0,0.0,0.0,0.0,0.0,0.0,0.0,0.0,0.0,0.0,0.0,0.0,0.0,0.0,0.0,0.0,0.0,0.0,0.0,0.0,472.4477430265744,575.8698328215924,598.9516253992902,507.7587472977394,405.13856927850054,363.488614134697,406.03326729424805,432.38824041007126,467.7159941262502,529.051531988158,530.6345695101537,552.6395725784652,559.4009750256621,739.1751084629582,744.8848814615606,845.7990408234986,921.8818729117137,908.2145500652039,866.1596780024823,995.5568118659039,995.6076230567637,699.5124000847352,582.9999277412995,522.0909144444774,548.9310510853161,576.9160140871254,656.5394238607123,677.2334905620401,745.8340802187204,963.078262420864,1030.320359356218,1047.7793215669394,1087.5741154200712,1015.7047885956473,1113.8189714459536,1099.6697286156236,1067.7155018547023,1040.9064128784757,857.3702222841381,756.4790600377391,603.5059362393507,609.3960473251929,571.0666666477264,685.1420946139449,685.9172735792456,722.0222963789091,685.7639344114581,856.6737866057263,776.0450584105686,723.8951945413605,744.8579721009592,658.0671356867399,661.1201725850489,593.8397442554511,564.7066656282786,574.7153035757074,571.7005227427592,499.3401606181725,437.87199588559196,407.6832431615382,454.49636670120873,506.65152118332077,521.023112590041,596.8596800151796,565.2239651557762,572.9974567168994,562.1612968357874,453.2759368988215,420.4213206371555,481.8645204402311,481.03817404381783,430.9799236222789,406.1846623289436,450.7353203626483,410.51497873064,450.1706014229556,452.3557627036795,425.13037417888887,413.1147098726611,372.69310095429427,374.94816227632333,381.431585273509,395.75309880826967,373.92716889080793,338.05952615686783,281.00626730998107,227.4022351600977,245.81631729056616,336.2611146988395,313.89988732338145,372.17057187793665,315.81711903006556,311.25244518280635,269.3274362069252,265.45838700337794,257.56719741062335,243.24609074742418,239.2497799621488,227.73179087716997,206.9560676349136,191.3738278675862,194.73731684033353,205.08828181880338,184.9182170445784,185.62453512409235,189.96462259647194,179.6481207332486,173.92015424597258,163.8557686995921,147.01304649906248,150.57659817121257,120.47885921529534,129.14267895108094,133.01541708204923,131.39326065884336,144.42533825459898,157.2620018870753,143.22909618372512,128.423878567592,104.8709200495123,102.4124398786187,126.51033149860984,122.27206033043004,107.19501235202951,128.5685716307341,109.73097741335367,120.2876318805892,119.01543370903653,121.05898595281954,124.1110148971631,101.07672095633966,100.16186895008818,95.83284451739485,78.57305587813977,80.15578521273345,86.03222718632567,82.0828862592295,85.33924446933202,78.61049657221805,70.14948046158547,68.4643577493172,67.39419540155087,67.11886806434629,62.79446775545284,68.0213496471469,62.63765274739735,57.79106736267244,55.58841714370992,49.891444127217156,45.319326586176274,45.106483855915904,49.23087186763983,44.19923225141276,40.26886515679076,32.18204565227873,40.98776976798442,40.3184312600748,51.29959322388112,45.13358902925278,44.77460991341603] [1311.2619900786005,1321.8202200865917,1332.463464547639,1343.19240799478,1354.0077404728797,1364.9101575830227,1375.9003605272408,1386.9790561536227,1398.1469570017646,1409.4047813486081,1420.7532532546286,1432.193102610412,1443.7250651835902,1455.3498826661717,1467.068302722235,1478.881079036026,1490.78897136042,1502.7927455657994,1514.8931736892998,1527.0910339844697,1539.3871109713293,1551.7821954868166,1564.2770847356642,1576.872582341659,1589.569498399342,1602.368649526097,1615.270858914685,1628.2769563861766,1641.3877784433362,1654.6041683244075,1667.9269760573632,1681.3570585145608,1694.895279467867,1708.5425096441993,1722.2996267815402,1736.1675156853773,1750.1470682856248,1764.2391836939755,1778.4447682617345,1792.7647356381167,1807.2000068289992,1821.7515102561672,1836.4201818170154,1851.2069649447558,1866.112810669078,1881.1386776773347,1896.285532376183,1911.5543489537563,1926.9461094423048,1942.4618037813711,1958.1024298814455,1973.8689936881608,1989.7625092469793,2005.7839987684179,2021.9344926937952,2038.215029761504,2054.626657073813,2071.1704301642176,2087.8474130653335,2104.6586783773164,2121.605307336866,2138.6883898867477,2155.9090247459117,2173.268319480143,2190.767390573309,2208.407363499154,2226.1893727937027,2244.1145621282076,2262.184084382728,2280.399101720259,2298.7607856614945,2317.2703171601615,2335.9288866789793,2354.7376942662327,2373.6979496329395,2392.810872230673,2412.077691329971,2431.4996460994216,2451.0779856853383,2470.813969292122,2490.7088662632277,2510.763956162824,2530.9805288580706,2551.359884602096,2571.9033341176064,2592.612198681206,2613.487810208354,2634.5315113390543,2655.7446555241822,2677.1286071125573,2698.6847414386757,2720.4144449111714,2742.319115101994,2764.4001608362782,2786.6590022829737,2809.097071046162,2831.715810257159,2854.5166746673017,2877.5011307415425,2900.67065675274,2924.0267428767575,2947.570891288285,2971.304616257478,2995.22944424732,3019.346914011829,3043.658576695001,3068.1659959305807,3092.870747942638,3117.7744216469364,3142.87861875312,3168.1849538677375,3193.695054598094,3219.410561656912,3245.333128967883,3271.4644237720117,3297.806126734876,3324.3599320546946,3351.1275475713155,3378.1106948760344,3405.3111094223436,3432.7305406375262,3460.3707520352004,3488.23352132871,3516.320640545493,3544.6339161423107,3573.1751691214417,3601.9462351478164,3630.9489646670518,3660.1852230244945,3689.6568905851636,3719.3658628547196,3749.3140506013438,3779.5033799786634,3809.935792649603,3840.6132459112973,3871.5377128209448,3902.7111823227383,3934.135659375755,3965.8131650829396,3997.7457368210635,4029.9354283717907,4062.3843100537392,4095.0944688556665,4128.068008570669,4161.3070499315045,4194.813730746993,4228.590206039511,4262.638648183577,4296.961247045588,4331.560210124669,4366.437762694626,4401.596147947099,4437.037627135803,4472.764479721992,4508.779003521039,4545.083514850253,4581.680348677821,4618.571858773019,4655.7604178575675,4693.248417758249,4731.038269560753,4769.132403764733,4807.533270440121,4846.243339384716,4885.265100283049,4924.601062866471,4964.253757074609,5004.22573321805,5044.519562142395,5085.137835393579,5126.08316538458,5167.3581855634,5208.965550582488,5250.907936469426,5293.188040799074,5335.808582867062,5378.772303864684,5422.081967055189,5465.740357951513,5509.7502844954415,5554.1145772382,5598.836089522486,5643.917697666003,5689.362301146471,5735.17282278806,5781.352208949439,5827.903429713208,5874.829479076986,5922.133375145914,5969.818160326825,6017.886901523867,6066.342690335802,6115.188643254807,6164.427901866934,6214.06363305417,6264.099029198114,6314.537308385285,6365.381714614103,6416.635518003553,6468.302015003491,6520.384528606639,6572.88640856233,6625.811031591967,6679.16180160615,6732.942149923667,6787.155535492116,6841.805445110439,6896.895393653112,6952.428924296275,7008.409608745552,7064.841047465831,7121.726869912778,7179.070734766296,7236.876330165845,7295.147373947643,7353.887613883764,7413.100827923194,7472.790824434837,7532.961442452409,7593.616551921397,7654.7600539479145,7716.395881049652,7778.527997408752,7841.160399126823,7904.2971144818985,7967.94220418758,8032.099761654146,8096.773913251861,8161.968818576374,8227.688670716232,8293.937696522553,8360.720156880894,8428.04034698531,8495.90259661459,8564.311270410717,8633.270768159597,8702.785525074065,8772.860012079082,8843.498736099358,8914.706240349144,8986.487104624512,9058.845945597834,9131.787417114787,9205.31621049359,9279.437054826807,9354.154717285446,9429.47400342559,9505.399757497484,9581.936862757088,9659.090241780126,9736.864856778713,9815.265709920519,9894.297843650465,9973.966341015032,10054.276325989182,10135.232963805956,10216.841461288606,10299.107067185563,10382.035072507933,10465.630810869876,10549.89965883156,10634.84703624505,10720.478406602804,10806.799277389146,10893.815200434417,10981.531772272076,11069.954634498676,11159.08947413668,11248.94202400021,11339.518063063782,11430.823416834026,11522.863957724268,11615.64560543233,11709.174327321158,11803.456138802712,11898.49710372478,11994.303334761045,12090.880993804161,12188.23629236214,12286.375491957784,12385.304904531427,12485.030892846919,12585.55987090084,12686.898304334996,12789.052710852275,12892.029660635888,12995.8357767719,13100.477735675182,13205.962267518828,13312.296156667053,13419.486242111492,13527.539417911097,13636.462633635434,13746.262894811807,13856.947263375758,13968.522858125163,14080.996855178266,14194.376488435144,14308.66905004285,14423.881890864615] 0.31126199007860056 [Infinity,Infinity,Infinity,Infinity,Infinity,Infinity,Infinity,Infinity,Infinity,Infinity,Infinity,Infinity,Infinity,Infinity,Infinity,Infinity,Infinity,Infinity,Infinity,Infinity,Infinity,Infinity,Infinity,Infinity,Infinity,Infinity,Infinity,Infinity,Infinity,Infinity,Infinity,Infinity,Infinity,Infinity,Infinity,Infinity,Infinity,Infinity,Infinity,Infinity,Infinity,Infinity,Infinity,Infinity,Infinity,Infinity,Infinity,Infinity,Infinity,Infinity,Infinity,Infinity,Infinity,Infinity,Infinity,Infinity,Infinity,Infinity,Infinity,Infinity,Infinity,Infinity,Infinity,Infinity,Infinity,Infinity,Infinity,Infinity,Infinity,Infinity,Infinity,Infinity,Infinity,Infinity,Infinity,Infinity,Infinity,Infinity,Infinity,Infinity,Infinity,Infinity,Infinity,Infinity,Infinity,Infinity,Infinity,Infinity,Infinity,Infinity,Infinity,Infinity,Infinity,Infinity,Infinity,Infinity,Infinity,Infinity,Infinity,Infinity,Infinity,Infinity,Infinity,Infinity,Infinity,Infinity,Infinity,Infinity,Infinity,Infinity,Infinity,Infinity,Infinity,Infinity,Infinity,Infinity,Infinity,Infinity,Infinity,Infinity,Infinity,Infinity,Infinity,Infinity,Infinity,Infinity,Infinity,Infinity,Infinity,Infinity,Infinity,Infinity,Infinity,Infinity,Infinity,Infinity,Infinity,Infinity,Infinity,Infinity,24.730316639890162,29.07005631676007,29.570240358303476,25.70535388482317,20.89970436271019,18.700355508699708,19.466072275770635,21.397123003577967,22.953769237982485,24.258482612063066,25.898154630368207,28.278188977187767,31.49291826993802,35.517880209183375,39.559436560734994,42.38427431661376,43.70785638486081,45.26581226882145,48.63115848250886,51.02587197116724,47.26308737024097,36.88523024055919,27.38993840341782,25.40169973356236,28.231624626237796,30.39318125569319,31.305643218825004,34.37285112635107,40.75417742666654,47.372589088277024,51.39393580477014,52.74368842604836,52.152848787429676,51.472995397512705,52.80983007429508,54.65349543958247,53.09281745955385,47.87157940958913,42.46342962928198,38.2684402806958,33.75025717959481,29.372525586482702,29.046070038674525,33.296790136002365,36.22818154234756,35.47929001031369,35.98728288668276,39.50963657561614,41.552201091608175,40.22332102221984,37.93950304101243,35.64536262701736,32.47647769804245,29.591409943924987,29.337505564400892,29.610467326088887,26.98602753097261,23.742595300237177,22.623233543732443,22.342318592560243,22.37599727156285,24.320474190361573,27.303549549564092,28.807315005989288,29.15983192739705,28.79053519722752,25.841749897832113,21.880061858612923,21.425523924099977,22.41182577561147,21.800334491002157,20.734932592159982,20.533638018851782,21.666578237737063,22.476437411269636,22.36846894007278,22.469860652969196,22.106573821232438,21.024304363753203,20.556158434454435,20.651547959546978,20.766957713660783,20.626490966231326,19.871850633093104,17.78931153140202,14.030064460572419,11.987116548556413,13.104046242923815,15.515286264876227,16.945872001561984,17.020937459595366,16.352104196047943,15.284688938804653,14.433700002307296,13.8186525687536,13.168452959670086,12.607197315756048,11.962811257039334,11.396802563337697,11.031832151993655,10.582064527903734,10.221471637246278,10.028530034020635,9.835495589241232,9.523470661890688,9.212238269195181,8.79609892338059,8.536308914985849,8.169504361476923,7.725155456631178,7.322288659032249,6.359318262748617,6.524767343473504,6.608449016726953,6.745967218378949,7.290954019511879,7.613085663380883,7.033187245684933,5.874049610206538,5.36383830681357,5.411093019429903,6.0484953263730485,6.388624009725822,5.758370236847182,6.036135171402886,5.969982658522966,6.1612245232803975,6.5070449527312615,6.243822791487917,5.8228146812457116,5.530458434965793,5.1399672976642,4.57554707142541,4.2841695929009544,4.158093461792398,4.1246888990695005,4.033911889672039,4.365217831323427,3.851722702219699,3.7328718448968394,3.4131388230184356,3.2473426523727236,3.169700519384287,3.2074266298215313,3.209781206755747,3.048126611573058,2.8683634874168553,2.5518712538447,2.4199785006792656,2.460405857884877,2.3615579504178426,2.3337194715286778,2.1725458021539166,2.0741552561387104,1.8065468186144085,1.9958750087430286,1.959103305042841,2.3872021663716008,2.1590058428738064,2.248855815057633] [0.0,0.0,0.0,0.0,0.0,0.0,0.0,0.0,0.0,0.0,0.0,0.0,0.0,0.0,0.0,0.0,0.0,0.0,0.0,0.0,0.0,0.0,0.0,0.0,0.0,0.0,0.0,0.0,0.0,0.0,0.0,0.0,0.0,0.0,0.0,0.0,0.0,0.0,0.0,0.0,0.0,0.0,0.0,0.0,0.0,0.0,0.0,0.0,0.0,0.0,0.0,0.0,0.0,0.0,0.0,0.0,0.0,0.0,0.0,0.0,0.0,0.0,0.0,0.0,0.0,0.0,0.0,0.0,0.0,0.0,0.0,0.0,0.0,0.0,0.0,0.0,0.0,0.0,0.0,0.0,0.0,0.0,0.0,0.0,0.0,0.0,0.0,0.0,0.0,0.0,0.0,0.0,0.0,0.0,0.0,0.0,0.0,0.0,0.0,0.0,0.0,0.0,0.0,0.0,0.0,0.0,0.0,0.0,0.0,0.0,0.0,0.0,0.0,0.0,0.0,0.0,0.0,0.0,0.0,0.0,0.0,0.0,0.0,0.0,0.0,0.0,0.0,0.0,0.0,0.0,0.0,0.0,0.0,0.0,0.0,0.0,0.0,0.0,0.0,0.0,-22.15858977122882,-5.531293513609063,7.546818233220669,-6.348330398724048,-12.855517975703233,-10.518496039297196,16.711821778835326,4.445780338511887,8.640609366600543,43.88187974689667,12.671476902789554,-12.924206965290132,-70.45739037309824,28.817504279290723,-46.303849753139396,-1.8864455087766292,47.7247452144975,2.8983046887747883,-106.46349164769481,-24.960627557440926,50.34587565194429,-38.192204726448615,35.20115967294318,14.056919773230282,-15.701441439439808,-30.947611026738393,30.426559484212227,-10.223531964981339,-69.24946831461034,15.626480655323556,2.441643260815127,-7.094446954027688,44.517139671477715,-13.755119354606842,57.62236996005204,6.599819823974287,5.859152663625262,83.47482468669295,8.101629698498462,-8.889745576176795,-71.4992073525455,21.94553559553875,-9.8547341257641,19.206291893897653,-38.646357267705675,12.43649617263532,-33.98172332219722,66.48105509340337,-54.99896342159485,-80.5712259030363,-13.932088719289501,-54.8401168536073,11.59061862419985,2.0115453769513656,-22.04344565973918,-17.494042946070365,31.979972123307036,24.488254613428904,-14.592674989056892,-39.16312868966668,6.976421269951731,20.242037376089268,-25.047878401240823,20.71337989539376,-17.97267339216474,-2.8132472276510163,45.32629887914512,15.674699726563038,-8.08915784484409,33.62800492800168,45.031484223774655,16.281271779079244,-4.488098048092001,17.403755607907005,-39.013769494752665,2.8012226215000036,2.958549644295545,-17.00110224575989,-7.371377402402981,-38.43006773479441,-38.082796914616225,-33.907568999706704,-16.776720516356864,-23.50984377105416,-17.72670447117258,0.40497809853271505,-12.340095811030578,-16.264607567910137,25.955389401314935,-25.01755270785823,31.751822686029303,-11.224964890893313,5.558666406713299,-19.34656383922072,-10.91466437169408,-5.801861782778349,-8.897855567696789,-0.006445178637868644,-0.2042603895839806,-13.680575404959484,-20.26746269048849,-9.692115904592024,4.517681138390689,-11.791694740246253,-4.84487811372142,5.7198572125683205,3.7261422656367924,3.1939759462556085,0.46568147005361255,-7.4900626335610925,4.130824990567589,-6.707506039676987,-1.3526679183891293,0.8464367475101668,-3.5260837087356394,-1.393742135638613,5.000288619457632,2.565351270026481,10.942886363461229,-2.405846086759097,-5.809420509979361,5.540424971148874,-5.500419864086408,-7.972392384914131,7.845868202676396,-9.668675757105643,-2.9368585850187547,-11.125465345588713,-3.817469876938793,7.654721272248877,-9.532447742976201,-2.6374770031958197,4.321903088886661,-7.110335979879321,-3.006084023114515,3.538449204935654,1.404648465788722,-1.965112157136531,1.5760425278240728,-4.507956436351323,0.2015812889484886,2.4473423540964085,3.7248576766605463,-1.3540648409777851,3.825725512031965,1.6751205159361828,0.4237976143353318,4.550992066815917,1.4918741136318479,-3.888790571521268,-2.124675152440942,2.556482437066273,0.7483162083344289,-1.214239965983452,-3.948890720009436,1.0702695931238464,1.1363651592179775,3.5555498964491004,1.9534721717766552,-0.20250638773663565]
56159.38814719986 [0.0,0.0,0.0,0.0,0.0,0.0,0.0,0.0,0.0,0.0,0.0,0.0,0.0,0.0,0.0,0.0,0.0,0.0,0.0,0.0,0.0,0.0,0.0,0.0,0.0,0.0,0.0,0.0,0.0,0.0,0.0,0.0,0.0,0.0,0.0,0.0,0.0,0.0,0.0,0.0,0.0,0.0,0.0,0.0,0.0,0.0,0.0,0.0,0.0,0.0,0.0,0.0,0.0,0.0,0.0,0.0,0.0,0.0,0.0,0.0,0.0,0.0,0.0,0.0,0.0,0.0,0.0,0.0,0.0,0.0,0.0,0.0,0.0,0.0,0.0,0.0,0.0,0.0,0.0,0.0,0.0,0.0,0.0,0.0,0.0,0.0,0.0,0.0,0.0,0.0,0.0,0.0,0.0,0.0,0.0,0.0,0.0,0.0,0.0,0.0,0.0,0.0,0.0,0.0,0.0,0.0,0.0,0.0,0.0,0.0,0.0,0.0,0.0,0.0,0.0,0.0,0.0,0.0,0.0,0.0,0.0,0.0,0.0,0.0,0.0,0.0,0.0,0.0,0.0,0.0,0.0,0.0,0.0,0.0,0.0,0.0,0.0,0.0,0.0,0.0,0.0,0.0,0.0,0.0,0.0,0.0,0.0,0.0,0.0,0.0,0.0,0.0,0.0,0.0,0.0,0.0,0.0,0.0,0.0,0.0,0.0,0.0,0.0,0.0,0.0,0.0,0.0,0.0,0.0,0.0,0.0,0.0,0.0,0.0,0.0,0.0,0.0,0.0,0.0,0.0,0.0,0.0,0.0,0.0,0.0,0.0,0.0,0.0,0.0,0.0,0.0,0.0,0.0,0.0,0.0,0.0,0.0,0.0,0.0,0.0,0.0,0.0,0.0,0.0,0.0,0.0,0.0,0.0,0.0,0.0,0.0,0.0,0.0,0.0,0.0,0.0,0.0,0.0,0.0,0.0,0.0,0.0,0.0,0.0,0.0,0.0,0.0,0.0,0.0,0.0,0.0,0.0,0.0,0.0,0.0,0.0,0.0,0.0,0.0,0.0,0.0,0.0,0.0,0.0,0.0,0.0,0.0,0.0,0.0,0.0,0.0,0.0,0.0,0.0,0.0,0.0,0.0,0.0,0.0,0.0,0.0,0.0,0.0,0.0,0.0,0.0,0.0,0.0,0.0,0.0,0.0,0.0,0.0,0.0,0.0,0.0,0.0,0.0,0.0,0.0,0.0,0.0,0.0,0.0,0.0,0.0,0.0,0.0,0.0,0.0,0.0,0.0,0.0,0.0,0.0,0.0,0.0,0.0,0.0,0.0] [1311.2619900786005,1321.8202200865917,1332.463464547639,1343.19240799478,1354.0077404728797,1364.9101575830227,1375.9003605272408,1386.9790561536227,1398.1469570017646,1409.4047813486081,1420.7532532546286,1432.193102610412,1443.7250651835902,1455.3498826661717,1467.068302722235,1478.881079036026,1490.78897136042,1502.7927455657994,1514.8931736892998,1527.0910339844697,1539.3871109713293,1551.7821954868166,1564.2770847356642,1576.872582341659,1589.569498399342,1602.368649526097,1615.270858914685,1628.2769563861766,1641.3877784433362,1654.6041683244075,1667.9269760573632,1681.3570585145608,1694.895279467867,1708.5425096441993,1722.2996267815402,1736.1675156853773,1750.1470682856248,1764.2391836939755,1778.4447682617345,1792.7647356381167,1807.2000068289992,1821.7515102561672,1836.4201818170154,1851.2069649447558,1866.112810669078,1881.1386776773347,1896.285532376183,1911.5543489537563,1926.9461094423048,1942.4618037813711,1958.1024298814455,1973.8689936881608,1989.7625092469793,2005.7839987684179,2021.9344926937952,2038.215029761504,2054.626657073813,2071.1704301642176,2087.8474130653335,2104.6586783773164,2121.605307336866,2138.6883898867477,2155.9090247459117,2173.268319480143,2190.767390573309,2208.407363499154,2226.1893727937027,2244.1145621282076,2262.184084382728,2280.399101720259,2298.7607856614945,2317.2703171601615,2335.9288866789793,2354.7376942662327,2373.6979496329395,2392.810872230673,2412.077691329971,2431.4996460994216,2451.0779856853383,2470.813969292122,2490.7088662632277,2510.763956162824,2530.9805288580706,2551.359884602096,2571.9033341176064,2592.612198681206,2613.487810208354,2634.5315113390543,2655.7446555241822,2677.1286071125573,2698.6847414386757,2720.4144449111714,2742.319115101994,2764.4001608362782,2786.6590022829737,2809.097071046162,2831.715810257159,2854.5166746673017,2877.5011307415425,2900.67065675274,2924.0267428767575,2947.570891288285,2971.304616257478,2995.22944424732,3019.346914011829,3043.658576695001,3068.1659959305807,3092.870747942638,3117.7744216469364,3142.87861875312,3168.1849538677375,3193.695054598094,3219.410561656912,3245.333128967883,3271.4644237720117,3297.806126734876,3324.3599320546946,3351.1275475713155,3378.1106948760344,3405.3111094223436,3432.7305406375262,3460.3707520352004,3488.23352132871,3516.320640545493,3544.6339161423107,3573.1751691214417,3601.9462351478164,3630.9489646670518,3660.1852230244945,3689.6568905851636,3719.3658628547196,3749.3140506013438,3779.5033799786634,3809.935792649603,3840.6132459112973,3871.5377128209448,3902.7111823227383,3934.135659375755,3965.8131650829396,3997.7457368210635,4029.9354283717907,4062.3843100537392,4095.0944688556665,4128.068008570669,4161.3070499315045,4194.813730746993,4228.590206039511,4262.638648183577,4296.961247045588,4331.560210124669,4366.437762694626,4401.596147947099,4437.037627135803,4472.764479721992,4508.779003521039,4545.083514850253,4581.680348677821,4618.571858773019,4655.7604178575675,4693.248417758249,4731.038269560753,4769.132403764733,4807.533270440121,4846.243339384716,4885.265100283049,4924.601062866471,4964.253757074609,5004.22573321805,5044.519562142395,5085.137835393579,5126.08316538458,5167.3581855634,5208.965550582488,5250.907936469426,5293.188040799074,5335.808582867062,5378.772303864684,5422.081967055189,5465.740357951513,5509.7502844954415,5554.1145772382,5598.836089522486,5643.917697666003,5689.362301146471,5735.17282278806,5781.352208949439,5827.903429713208,5874.829479076986,5922.133375145914,5969.818160326825,6017.886901523867,6066.342690335802,6115.188643254807,6164.427901866934,6214.06363305417,6264.099029198114,6314.537308385285,6365.381714614103,6416.635518003553,6468.302015003491,6520.384528606639,6572.88640856233,6625.811031591967,6679.16180160615,6732.942149923667,6787.155535492116,6841.805445110439,6896.895393653112,6952.428924296275,7008.409608745552,7064.841047465831,7121.726869912778,7179.070734766296,7236.876330165845,7295.147373947643,7353.887613883764,7413.100827923194,7472.790824434837,7532.961442452409,7593.616551921397,7654.7600539479145,7716.395881049652,7778.527997408752,7841.160399126823,7904.2971144818985,7967.94220418758,8032.099761654146,8096.773913251861,8161.968818576374,8227.688670716232,8293.937696522553,8360.720156880894,8428.04034698531,8495.90259661459,8564.311270410717,8633.270768159597,8702.785525074065,8772.860012079082,8843.498736099358,8914.706240349144,8986.487104624512,9058.845945597834,9131.787417114787,9205.31621049359,9279.437054826807,9354.154717285446,9429.47400342559,9505.399757497484,9581.936862757088,9659.090241780126,9736.864856778713,9815.265709920519,9894.297843650465,9973.966341015032,10054.276325989182,10135.232963805956,10216.841461288606,10299.107067185563,10382.035072507933,10465.630810869876,10549.89965883156,10634.84703624505,10720.478406602804,10806.799277389146,10893.815200434417,10981.531772272076,11069.954634498676,11159.08947413668,11248.94202400021,11339.518063063782,11430.823416834026,11522.863957724268,11615.64560543233,11709.174327321158,11803.456138802712,11898.49710372478,11994.303334761045,12090.880993804161,12188.23629236214,12286.375491957784,12385.304904531427,12485.030892846919,12585.55987090084,12686.898304334996,12789.052710852275,12892.029660635888,12995.8357767719,13100.477735675182,13205.962267518828,13312.296156667053,13419.486242111492,13527.539417911097,13636.462633635434,13746.262894811807,13856.947263375758,13968.522858125163,14080.996855178266,14194.376488435144,14308.66905004285,14423.881890864615] 0.31126199007860056 [Infinity,Infinity,Infinity,Infinity,Infinity,Infinity,Infinity,Infinity,Infinity,Infinity,Infinity,Infinity,Infinity,Infinity,Infinity,Infinity,Infinity,Infinity,Infinity,Infinity,Infinity,Infinity,Infinity,Infinity,Infinity,Infinity,Infinity,Infinity,Infinity,Infinity,Infinity,Infinity,Infinity,Infinity,Infinity,Infinity,Infinity,Infinity,Infinity,Infinity,Infinity,Infinity,Infinity,Infinity,Infinity,Infinity,Infinity,Infinity,Infinity,Infinity,Infinity,Infinity,Infinity,Infinity,Infinity,Infinity,Infinity,Infinity,Infinity,Infinity,Infinity,Infinity,Infinity,Infinity,Infinity,Infinity,Infinity,Infinity,Infinity,Infinity,Infinity,Infinity,Infinity,Infinity,Infinity,Infinity,Infinity,Infinity,Infinity,Infinity,Infinity,Infinity,Infinity,Infinity,Infinity,Infinity,Infinity,Infinity,Infinity,Infinity,Infinity,Infinity,Infinity,Infinity,Infinity,Infinity,Infinity,Infinity,Infinity,Infinity,Infinity,Infinity,Infinity,Infinity,Infinity,Infinity,Infinity,Infinity,Infinity,Infinity,Infinity,Infinity,Infinity,Infinity,Infinity,Infinity,Infinity,Infinity,Infinity,Infinity,Infinity,Infinity,Infinity,Infinity,Infinity,Infinity,Infinity,Infinity,Infinity,Infinity,Infinity,Infinity,Infinity,Infinity,Infinity,Infinity,Infinity,Infinity,Infinity,Infinity,Infinity,Infinity,Infinity,Infinity,Infinity,Infinity,Infinity,Infinity,Infinity,Infinity,Infinity,Infinity,Infinity,Infinity,Infinity,Infinity,Infinity,Infinity,Infinity,Infinity,Infinity,Infinity,Infinity,Infinity,Infinity,Infinity,Infinity,Infinity,Infinity,Infinity,Infinity,Infinity,Infinity,Infinity,Infinity,Infinity,Infinity,Infinity,Infinity,Infinity,Infinity,Infinity,Infinity,Infinity,Infinity,Infinity,Infinity,Infinity,Infinity,Infinity,Infinity,Infinity,Infinity,Infinity,Infinity,Infinity,Infinity,Infinity,Infinity,Infinity,Infinity,Infinity,Infinity,Infinity,Infinity,Infinity,Infinity,Infinity,Infinity,Infinity,Infinity,Infinity,Infinity,Infinity,Infinity,Infinity,Infinity,Infinity,Infinity,Infinity,Infinity,Infinity,Infinity,Infinity,Infinity,Infinity,Infinity,Infinity,Infinity,Infinity,Infinity,Infinity,Infinity,Infinity,Infinity,Infinity,Infinity,Infinity,Infinity,Infinity,Infinity,Infinity,Infinity,Infinity,Infinity,Infinity,Infinity,Infinity,Infinity,Infinity,Infinity,Infinity,Infinity,Infinity,Infinity,Infinity,Infinity,Infinity,Infinity,Infinity,Infinity,Infinity,Infinity,Infinity,Infinity,Infinity,Infinity,Infinity,Infinity,Infinity,Infinity,Infinity,Infinity,Infinity,Infinity,Infinity,Infinity,Infinity,Infinity,Infinity,Infinity,Infinity,Infinity,Infinity,Infinity,Infinity,Infinity,Infinity,Infinity,Infinity,Infinity,Infinity,Infinity,Infinity,Infinity,Infinity,Infinity,Infinity,Infinity,Infinity] [0.0,0.0,0.0,0.0,0.0,0.0,0.0,0.0,0.0,0.0,0.0,0.0,0.0,0.0,0.0,0.0,0.0,0.0,0.0,0.0,0.0,0.0,0.0,0.0,0.0,0.0,0.0,0.0,0.0,0.0,0.0,0.0,0.0,0.0,0.0,0.0,0.0,0.0,0.0,0.0,0.0,0.0,0.0,0.0,0.0,0.0,0.0,0.0,0.0,0.0,0.0,0.0,0.0,0.0,0.0,0.0,0.0,0.0,0.0,0.0,0.0,0.0,0.0,0.0,0.0,0.0,0.0,0.0,0.0,0.0,0.0,0.0,0.0,0.0,0.0,0.0,0.0,0.0,0.0,0.0,0.0,0.0,0.0,0.0,0.0,0.0,0.0,0.0,0.0,0.0,0.0,0.0,0.0,0.0,0.0,0.0,0.0,0.0,0.0,0.0,0.0,0.0,0.0,0.0,0.0,0.0,0.0,0.0,0.0,0.0,0.0,0.0,0.0,0.0,0.0,0.0,0.0,0.0,0.0,0.0,0.0,0.0,0.0,0.0,0.0,0.0,0.0,0.0,0.0,0.0,0.0,0.0,0.0,0.0,0.0,0.0,0.0,0.0,0.0,0.0,0.0,0.0,0.0,0.0,0.0,0.0,0.0,0.0,0.0,0.0,0.0,0.0,0.0,0.0,0.0,0.0,0.0,0.0,0.0,0.0,0.0,0.0,0.0,0.0,0.0,0.0,0.0,0.0,0.0,0.0,0.0,0.0,0.0,0.0,0.0,0.0,0.0,0.0,0.0,0.0,0.0,0.0,0.0,0.0,0.0,0.0,0.0,0.0,0.0,0.0,0.0,0.0,0.0,0.0,0.0,0.0,0.0,0.0,0.0,0.0,0.0,0.0,0.0,0.0,0.0,0.0,0.0,0.0,0.0,0.0,0.0,0.0,0.0,0.0,0.0,0.0,0.0,0.0,0.0,0.0,0.0,0.0,0.0,0.0,0.0,0.0,0.0,0.0,0.0,0.0,0.0,0.0,0.0,0.0,0.0,0.0,0.0,0.0,0.0,0.0,0.0,0.0,0.0,0.0,0.0,0.0,0.0,0.0,0.0,0.0,0.0,0.0,0.0,0.0,0.0,0.0,0.0,0.0,0.0,0.0,0.0,0.0,0.0,0.0,0.0,0.0,0.0,0.0,0.0,0.0,0.0,0.0,0.0,0.0,0.0,0.0,0.0,0.0,0.0,0.0,0.0,0.0,0.0,0.0,0.0,0.0,0.0,0.0,0.0,0.0,0.0,0.0,0.0,0.0,0.0,0.0,0.0,0.0,0.0,0.0]
56083.57480112845 [0.0,0.0,0.0,0.0,0.0,0.0,0.0,0.0,0.0,0.0,0.0,0.0,0.0,0.0,0.0,0.0,0.0,0.0,0.0,0.0,0.0,0.0,0.0,0.0,0.0,0.0,0.0,0.0,0.0,0.0,0.0,0.0,0.0,0.0,0.0,0.0,0.0,0.0,0.0,0.0,0.0,0.0,0.0,0.0,0.0,0.0,0.0,0.0,0.0,0.0,0.0,0.0,0.0,0.0,0.0,0.0,0.0,0.0,0.0,0.0,0.0,0.0,0.0,0.0,0.0,0.0,0.0,0.0,0.0,0.0,0.0,0.0,0.0,0.0,0.0,0.0,0.0,0.0,0.0,0.0,0.0,0.0,0.0,0.0,0.0,0.0,0.0,0.0,0.0,0.0,0.0,0.0,0.0,0.0,0.0,0.0,0.0,0.0,0.0,0.0,0.0,0.0,0.0,0.0,0.0,0.0,0.0,0.0,0.0,0.0,0.0,0.0,0.0,0.0,0.0,0.0,0.0,0.0,0.0,0.0,0.0,0.0,0.0,0.0,0.0,0.0,0.0,0.0,0.0,0.0,0.0,0.0,0.0,0.0,0.0,0.0,0.0,0.0,0.0,0.0,0.0,0.0,0.0,0.0,0.0,0.0,0.0,0.0,0.0,0.0,0.0,0.0,0.0,0.0,0.0,0.0,0.0,0.0,0.0,0.0,0.0,0.0,0.0,0.0,0.0,0.0,0.0,0.0,0.0,0.0,0.0,0.0,0.0,0.0,0.0,0.0,0.0,0.0,0.0,0.0,0.0,0.0,0.0,0.0,0.0,0.0,0.0,0.0,0.0,0.0,0.0,0.0,0.0,0.0,0.0,0.0,0.0,0.0,0.0,0.0,0.0,0.0,0.0,0.0,0.0,0.0,0.0,0.0,0.0,0.0,0.0,0.0,0.0,0.0,0.0,0.0,0.0,0.0,0.0,0.0,0.0,0.0,0.0,0.0,0.0,0.0,0.0,0.0,0.0,0.0,0.0,0.0,0.0,0.0,0.0,0.0,0.0,0.0,0.0,0.0,0.0,0.0,0.0,0.0,0.0,0.0,0.0,0.0,0.0,0.0,0.0,0.0,0.0,0.0,0.0,0.0,0.0,0.0,0.0,0.0,0.0,0.0,0.0,0.0,0.0,0.0,0.0,0.0,0.0,0.0,0.0,0.0,0.0,0.0,0.0,0.0,0.0,0.0,0.0,0.0,0.0,0.0,0.0,0.0,0.0,0.0,0.0,0.0,0.0,0.0,0.0,0.0,0.0,0.0,0.0,0.0,0.0,0.0,0.0,0.0] [1311.2619900786005,1321.8202200865917,1332.463464547639,1343.19240799478,1354.0077404728797,1364.9101575830227,1375.9003605272408,1386.9790561536227,1398.1469570017646,1409.4047813486081,1420.7532532546286,1432.193102610412,1443.7250651835902,1455.3498826661717,1467.068302722235,1478.881079036026,1490.78897136042,1502.7927455657994,1514.8931736892998,1527.0910339844697,1539.3871109713293,1551.7821954868166,1564.2770847356642,1576.872582341659,1589.569498399342,1602.368649526097,1615.270858914685,1628.2769563861766,1641.3877784433362,1654.6041683244075,1667.9269760573632,1681.3570585145608,1694.895279467867,1708.5425096441993,1722.2996267815402,1736.1675156853773,1750.1470682856248,1764.2391836939755,1778.4447682617345,1792.7647356381167,1807.2000068289992,1821.7515102561672,1836.4201818170154,1851.2069649447558,1866.112810669078,1881.1386776773347,1896.285532376183,1911.5543489537563,1926.9461094423048,1942.4618037813711,1958.1024298814455,1973.8689936881608,1989.7625092469793,2005.7839987684179,2021.9344926937952,2038.215029761504,2054.626657073813,2071.1704301642176,2087.8474130653335,2104.6586783773164,2121.605307336866,2138.6883898867477,2155.9090247459117,2173.268319480143,2190.767390573309,2208.407363499154,2226.1893727937027,2244.1145621282076,2262.184084382728,2280.399101720259,2298.7607856614945,2317.2703171601615,2335.9288866789793,2354.7376942662327,2373.6979496329395,2392.810872230673,2412.077691329971,2431.4996460994216,2451.0779856853383,2470.813969292122,2490.7088662632277,2510.763956162824,2530.9805288580706,2551.359884602096,2571.9033341176064,2592.612198681206,2613.487810208354,2634.5315113390543,2655.7446555241822,2677.1286071125573,2698.6847414386757,2720.4144449111714,2742.319115101994,2764.4001608362782,2786.6590022829737,2809.097071046162,2831.715810257159,2854.5166746673017,2877.5011307415425,2900.67065675274,2924.0267428767575,2947.570891288285,2971.304616257478,2995.22944424732,3019.346914011829,3043.658576695001,3068.1659959305807,3092.870747942638,3117.7744216469364,3142.87861875312,3168.1849538677375,3193.695054598094,3219.410561656912,3245.333128967883,3271.4644237720117,3297.806126734876,3324.3599320546946,3351.1275475713155,3378.1106948760344,3405.3111094223436,3432.7305406375262,3460.3707520352004,3488.23352132871,3516.320640545493,3544.6339161423107,3573.1751691214417,3601.9462351478164,3630.9489646670518,3660.1852230244945,3689.6568905851636,3719.3658628547196,3749.3140506013438,3779.5033799786634,3809.935792649603,3840.6132459112973,3871.5377128209448,3902.7111823227383,3934.135659375755,3965.8131650829396,3997.7457368210635,4029.9354283717907,4062.3843100537392,4095.0944688556665,4128.068008570669,4161.3070499315045,4194.813730746993,4228.590206039511,4262.638648183577,4296.961247045588,4331.560210124669,4366.437762694626,4401.596147947099,4437.037627135803,4472.764479721992,4508.779003521039,4545.083514850253,4581.680348677821,4618.571858773019,4655.7604178575675,4693.248417758249,4731.038269560753,4769.132403764733,4807.533270440121,4846.243339384716,4885.265100283049,4924.601062866471,4964.253757074609,5004.22573321805,5044.519562142395,5085.137835393579,5126.08316538458,5167.3581855634,5208.965550582488,5250.907936469426,5293.188040799074,5335.808582867062,5378.772303864684,5422.081967055189,5465.740357951513,5509.7502844954415,5554.1145772382,5598.836089522486,5643.917697666003,5689.362301146471,5735.17282278806,5781.352208949439,5827.903429713208,5874.829479076986,5922.133375145914,5969.818160326825,6017.886901523867,6066.342690335802,6115.188643254807,6164.427901866934,6214.06363305417,6264.099029198114,6314.537308385285,6365.381714614103,6416.635518003553,6468.302015003491,6520.384528606639,6572.88640856233,6625.811031591967,6679.16180160615,6732.942149923667,6787.155535492116,6841.805445110439,6896.895393653112,6952.428924296275,7008.409608745552,7064.841047465831,7121.726869912778,7179.070734766296,7236.876330165845,7295.147373947643,7353.887613883764,7413.100827923194,7472.790824434837,7532.961442452409,7593.616551921397,7654.7600539479145,7716.395881049652,7778.527997408752,7841.160399126823,7904.2971144818985,7967.94220418758,8032.099761654146,8096.773913251861,8161.968818576374,8227.688670716232,8293.937696522553,8360.720156880894,8428.04034698531,8495.90259661459,8564.311270410717,8633.270768159597,8702.785525074065,8772.860012079082,8843.498736099358,8914.706240349144,8986.487104624512,9058.845945597834,9131.787417114787,9205.31621049359,9279.437054826807,9354.154717285446,9429.47400342559,9505.399757497484,9581.936862757088,9659.090241780126,9736.864856778713,9815.265709920519,9894.297843650465,9973.966341015032,10054.276325989182,10135.232963805956,10216.841461288606,10299.107067185563,10382.035072507933,10465.630810869876,10549.89965883156,10634.84703624505,10720.478406602804,10806.799277389146,10893.815200434417,10981.531772272076,11069.954634498676,11159.08947413668,11248.94202400021,11339.518063063782,11430.823416834026,11522.863957724268,11615.64560543233,11709.174327321158,11803.456138802712,11898.49710372478,11994.303334761045,12090.880993804161,12188.23629236214,12286.375491957784,12385.304904531427,12485.030892846919,12585.55987090084,12686.898304334996,12789.052710852275,12892.029660635888,12995.8357767719,13100.477735675182,13205.962267518828,13312.296156667053,13419.486242111492,13527.539417911097,13636.462633635434,13746.262894811807,13856.947263375758,13968.522858125163,14080.996855178266,14194.376488435144,14308.66905004285,14423.881890864615] 0.31126199007860056 [Infinity,Infinity,Infinity,Infinity,Infinity,Infinity,Infinity,Infinity,Infinity,Infinity,Infinity,Infinity,Infinity,Infinity,Infinity,Infinity,Infinity,Infinity,Infinity,Infinity,Infinity,Infinity,Infinity,Infinity,Infinity,Infinity,Infinity,Infinity,Infinity,Infinity,Infinity,Infinity,Infinity,Infinity,Infinity,Infinity,Infinity,Infinity,Infinity,Infinity,Infinity,Infinity,Infinity,Infinity,Infinity,Infinity,Infinity,Infinity,Infinity,Infinity,Infinity,Infinity,Infinity,Infinity,Infinity,Infinity,Infinity,Infinity,Infinity,Infinity,Infinity,Infinity,Infinity,Infinity,Infinity,Infinity,Infinity,Infinity,Infinity,Infinity,Infinity,Infinity,Infinity,Infinity,Infinity,Infinity,Infinity,Infinity,Infinity,Infinity,Infinity,Infinity,Infinity,Infinity,Infinity,Infinity,Infinity,Infinity,Infinity,Infinity,Infinity,Infinity,Infinity,Infinity,Infinity,Infinity,Infinity,Infinity,Infinity,Infinity,Infinity,Infinity,Infinity,Infinity,Infinity,Infinity,Infinity,Infinity,Infinity,Infinity,Infinity,Infinity,Infinity,Infinity,Infinity,Infinity,Infinity,Infinity,Infinity,Infinity,Infinity,Infinity,Infinity,Infinity,Infinity,Infinity,Infinity,Infinity,Infinity,Infinity,Infinity,Infinity,Infinity,Infinity,Infinity,Infinity,Infinity,Infinity,Infinity,Infinity,Infinity,Infinity,Infinity,Infinity,Infinity,Infinity,Infinity,Infinity,Infinity,Infinity,Infinity,Infinity,Infinity,Infinity,Infinity,Infinity,Infinity,Infinity,Infinity,Infinity,Infinity,Infinity,Infinity,Infinity,Infinity,Infinity,Infinity,Infinity,Infinity,Infinity,Infinity,Infinity,Infinity,Infinity,Infinity,Infinity,Infinity,Infinity,Infinity,Infinity,Infinity,Infinity,Infinity,Infinity,Infinity,Infinity,Infinity,Infinity,Infinity,Infinity,Infinity,Infinity,Infinity,Infinity,Infinity,Infinity,Infinity,Infinity,Infinity,Infinity,Infinity,Infinity,Infinity,Infinity,Infinity,Infinity,Infinity,Infinity,Infinity,Infinity,Infinity,Infinity,Infinity,Infinity,Infinity,Infinity,Infinity,Infinity,Infinity,Infinity,Infinity,Infinity,Infinity,Infinity,Infinity,Infinity,Infinity,Infinity,Infinity,Infinity,Infinity,Infinity,Infinity,Infinity,Infinity,Infinity,Infinity,Infinity,Infinity,Infinity,Infinity,Infinity,Infinity,Infinity,Infinity,Infinity,Infinity,Infinity,Infinity,Infinity,Infinity,Infinity,Infinity,Infinity,Infinity,Infinity,Infinity,Infinity,Infinity,Infinity,Infinity,Infinity,Infinity,Infinity,Infinity,Infinity,Infinity,Infinity,Infinity,Infinity,Infinity,Infinity,Infinity,Infinity,Infinity,Infinity,Infinity,Infinity,Infinity,Infinity,Infinity,Infinity,Infinity,Infinity,Infinity,Infinity,Infinity,Infinity,Infinity,Infinity,Infinity,Infinity,Infinity,Infinity,Infinity,Infinity,Infinity,Infinity,Infinity,Infinity] [0.0,0.0,0.0,0.0,0.0,0.0,0.0,0.0,0.0,0.0,0.0,0.0,0.0,0.0,0.0,0.0,0.0,0.0,0.0,0.0,0.0,0.0,0.0,0.0,0.0,0.0,0.0,0.0,0.0,0.0,0.0,0.0,0.0,0.0,0.0,0.0,0.0,0.0,0.0,0.0,0.0,0.0,0.0,0.0,0.0,0.0,0.0,0.0,0.0,0.0,0.0,0.0,0.0,0.0,0.0,0.0,0.0,0.0,0.0,0.0,0.0,0.0,0.0,0.0,0.0,0.0,0.0,0.0,0.0,0.0,0.0,0.0,0.0,0.0,0.0,0.0,0.0,0.0,0.0,0.0,0.0,0.0,0.0,0.0,0.0,0.0,0.0,0.0,0.0,0.0,0.0,0.0,0.0,0.0,0.0,0.0,0.0,0.0,0.0,0.0,0.0,0.0,0.0,0.0,0.0,0.0,0.0,0.0,0.0,0.0,0.0,0.0,0.0,0.0,0.0,0.0,0.0,0.0,0.0,0.0,0.0,0.0,0.0,0.0,0.0,0.0,0.0,0.0,0.0,0.0,0.0,0.0,0.0,0.0,0.0,0.0,0.0,0.0,0.0,0.0,0.0,0.0,0.0,0.0,0.0,0.0,0.0,0.0,0.0,0.0,0.0,0.0,0.0,0.0,0.0,0.0,0.0,0.0,0.0,0.0,0.0,0.0,0.0,0.0,0.0,0.0,0.0,0.0,0.0,0.0,0.0,0.0,0.0,0.0,0.0,0.0,0.0,0.0,0.0,0.0,0.0,0.0,0.0,0.0,0.0,0.0,0.0,0.0,0.0,0.0,0.0,0.0,0.0,0.0,0.0,0.0,0.0,0.0,0.0,0.0,0.0,0.0,0.0,0.0,0.0,0.0,0.0,0.0,0.0,0.0,0.0,0.0,0.0,0.0,0.0,0.0,0.0,0.0,0.0,0.0,0.0,0.0,0.0,0.0,0.0,0.0,0.0,0.0,0.0,0.0,0.0,0.0,0.0,0.0,0.0,0.0,0.0,0.0,0.0,0.0,0.0,0.0,0.0,0.0,0.0,0.0,0.0,0.0,0.0,0.0,0.0,0.0,0.0,0.0,0.0,0.0,0.0,0.0,0.0,0.0,0.0,0.0,0.0,0.0,0.0,0.0,0.0,0.0,0.0,0.0,0.0,0.0,0.0,0.0,0.0,0.0,0.0,0.0,0.0,0.0,0.0,0.0,0.0,0.0,0.0,0.0,0.0,0.0,0.0,0.0,0.0,0.0,0.0,0.0,0.0,0.0,0.0,0.0,0.0,0.0]
56376.13881572762 [0.0,0.0,0.0,0.0,0.0,0.0,0.0,0.0,0.0,0.0,0.0,0.0,0.0,0.0,0.0,0.0,0.0,0.0,0.0,0.0,0.0,0.0,0.0,0.0,0.0,0.0,0.0,0.0,0.0,0.0,0.0,0.0,0.0,0.0,0.0,0.0,0.0,0.0,0.0,0.0,0.0,0.0,0.0,0.0,0.0,0.0,0.0,0.0,0.0,0.0,0.0,0.0,0.0,0.0,0.0,0.0,0.0,0.0,0.0,0.0,0.0,0.0,0.0,0.0,0.0,0.0,0.0,0.0,0.0,0.0,0.0,0.0,0.0,0.0,0.0,0.0,0.0,0.0,0.0,0.0,0.0,0.0,0.0,0.0,0.0,0.0,0.0,0.0,0.0,0.0,0.0,0.0,0.0,0.0,0.0,0.0,0.0,0.0,0.0,0.0,0.0,0.0,0.0,0.0,0.0,0.0,0.0,0.0,0.0,0.0,0.0,0.0,0.0,0.0,0.0,0.0,0.0,0.0,0.0,0.0,0.0,0.0,0.0,0.0,0.0,0.0,0.0,0.0,0.0,0.0,0.0,0.0,0.0,0.0,0.0,0.0,0.0,0.0,0.0,0.0,0.0,0.0,0.0,0.0,0.0,0.0,0.0,0.0,0.0,0.0,0.0,0.0,0.0,0.0,0.0,0.0,0.0,0.0,0.0,0.0,0.0,0.0,0.0,0.0,0.0,0.0,0.0,0.0,0.0,0.0,0.0,0.0,0.0,0.0,0.0,0.0,0.0,0.0,0.0,0.0,0.0,0.0,0.0,0.0,0.0,0.0,0.0,0.0,0.0,0.0,0.0,0.0,0.0,0.0,0.0,0.0,0.0,0.0,0.0,0.0,0.0,0.0,0.0,0.0,0.0,0.0,0.0,0.0,0.0,0.0,0.0,0.0,0.0,0.0,0.0,0.0,0.0,0.0,0.0,0.0,0.0,0.0,0.0,0.0,0.0,0.0,0.0,0.0,0.0,0.0,0.0,0.0,0.0,0.0,0.0,0.0,0.0,0.0,0.0,0.0,0.0,0.0,0.0,0.0,0.0,0.0,0.0,0.0,0.0,0.0,0.0,0.0,0.0,0.0,0.0,0.0,0.0,0.0,0.0,0.0,0.0,0.0,0.0,0.0,0.0,0.0,0.0,0.0,0.0,0.0,0.0,0.0,0.0,0.0,0.0,0.0,0.0,0.0,0.0,0.0,0.0,0.0,0.0,0.0,0.0,0.0,0.0,0.0,0.0,0.0,0.0,0.0,0.0,0.0,0.0,0.0,0.0,0.0,0.0,0.0] [1311.2619900786005,1321.8202200865917,1332.463464547639,1343.19240799478,1354.0077404728797,1364.9101575830227,1375.9003605272408,1386.9790561536227,1398.1469570017646,1409.4047813486081,1420.7532532546286,1432.193102610412,1443.7250651835902,1455.3498826661717,1467.068302722235,1478.881079036026,1490.78897136042,1502.7927455657994,1514.8931736892998,1527.0910339844697,1539.3871109713293,1551.7821954868166,1564.2770847356642,1576.872582341659,1589.569498399342,1602.368649526097,1615.270858914685,1628.2769563861766,1641.3877784433362,1654.6041683244075,1667.9269760573632,1681.3570585145608,1694.895279467867,1708.5425096441993,1722.2996267815402,1736.1675156853773,1750.1470682856248,1764.2391836939755,1778.4447682617345,1792.7647356381167,1807.2000068289992,1821.7515102561672,1836.4201818170154,1851.2069649447558,1866.112810669078,1881.1386776773347,1896.285532376183,1911.5543489537563,1926.9461094423048,1942.4618037813711,1958.1024298814455,1973.8689936881608,1989.7625092469793,2005.7839987684179,2021.9344926937952,2038.215029761504,2054.626657073813,2071.1704301642176,2087.8474130653335,2104.6586783773164,2121.605307336866,2138.6883898867477,2155.9090247459117,2173.268319480143,2190.767390573309,2208.407363499154,2226.1893727937027,2244.1145621282076,2262.184084382728,2280.399101720259,2298.7607856614945,2317.2703171601615,2335.9288866789793,2354.7376942662327,2373.6979496329395,2392.810872230673,2412.077691329971,2431.4996460994216,2451.0779856853383,2470.813969292122,2490.7088662632277,2510.763956162824,2530.9805288580706,2551.359884602096,2571.9033341176064,2592.612198681206,2613.487810208354,2634.5315113390543,2655.7446555241822,2677.1286071125573,2698.6847414386757,2720.4144449111714,2742.319115101994,2764.4001608362782,2786.6590022829737,2809.097071046162,2831.715810257159,2854.5166746673017,2877.5011307415425,2900.67065675274,2924.0267428767575,2947.570891288285,2971.304616257478,2995.22944424732,3019.346914011829,3043.658576695001,3068.1659959305807,3092.870747942638,3117.7744216469364,3142.87861875312,3168.1849538677375,3193.695054598094,3219.410561656912,3245.333128967883,3271.4644237720117,3297.806126734876,3324.3599320546946,3351.1275475713155,3378.1106948760344,3405.3111094223436,3432.7305406375262,3460.3707520352004,3488.23352132871,3516.320640545493,3544.6339161423107,3573.1751691214417,3601.9462351478164,3630.9489646670518,3660.1852230244945,3689.6568905851636,3719.3658628547196,3749.3140506013438,3779.5033799786634,3809.935792649603,3840.6132459112973,3871.5377128209448,3902.7111823227383,3934.135659375755,3965.8131650829396,3997.7457368210635,4029.9354283717907,4062.3843100537392,4095.0944688556665,4128.068008570669,4161.3070499315045,4194.813730746993,4228.590206039511,4262.638648183577,4296.961247045588,4331.560210124669,4366.437762694626,4401.596147947099,4437.037627135803,4472.764479721992,4508.779003521039,4545.083514850253,4581.680348677821,4618.571858773019,4655.7604178575675,4693.248417758249,4731.038269560753,4769.132403764733,4807.533270440121,4846.243339384716,4885.265100283049,4924.601062866471,4964.253757074609,5004.22573321805,5044.519562142395,5085.137835393579,5126.08316538458,5167.3581855634,5208.965550582488,5250.907936469426,5293.188040799074,5335.808582867062,5378.772303864684,5422.081967055189,5465.740357951513,5509.7502844954415,5554.1145772382,5598.836089522486,5643.917697666003,5689.362301146471,5735.17282278806,5781.352208949439,5827.903429713208,5874.829479076986,5922.133375145914,5969.818160326825,6017.886901523867,6066.342690335802,6115.188643254807,6164.427901866934,6214.06363305417,6264.099029198114,6314.537308385285,6365.381714614103,6416.635518003553,6468.302015003491,6520.384528606639,6572.88640856233,6625.811031591967,6679.16180160615,6732.942149923667,6787.155535492116,6841.805445110439,6896.895393653112,6952.428924296275,7008.409608745552,7064.841047465831,7121.726869912778,7179.070734766296,7236.876330165845,7295.147373947643,7353.887613883764,7413.100827923194,7472.790824434837,7532.961442452409,7593.616551921397,7654.7600539479145,7716.395881049652,7778.527997408752,7841.160399126823,7904.2971144818985,7967.94220418758,8032.099761654146,8096.773913251861,8161.968818576374,8227.688670716232,8293.937696522553,8360.720156880894,8428.04034698531,8495.90259661459,8564.311270410717,8633.270768159597,8702.785525074065,8772.860012079082,8843.498736099358,8914.706240349144,8986.487104624512,9058.845945597834,9131.787417114787,9205.31621049359,9279.437054826807,9354.154717285446,9429.47400342559,9505.399757497484,9581.936862757088,9659.090241780126,9736.864856778713,9815.265709920519,9894.297843650465,9973.966341015032,10054.276325989182,10135.232963805956,10216.841461288606,10299.107067185563,10382.035072507933,10465.630810869876,10549.89965883156,10634.84703624505,10720.478406602804,10806.799277389146,10893.815200434417,10981.531772272076,11069.954634498676,11159.08947413668,11248.94202400021,11339.518063063782,11430.823416834026,11522.863957724268,11615.64560543233,11709.174327321158,11803.456138802712,11898.49710372478,11994.303334761045,12090.880993804161,12188.23629236214,12286.375491957784,12385.304904531427,12485.030892846919,12585.55987090084,12686.898304334996,12789.052710852275,12892.029660635888,12995.8357767719,13100.477735675182,13205.962267518828,13312.296156667053,13419.486242111492,13527.539417911097,13636.462633635434,13746.262894811807,13856.947263375758,13968.522858125163,14080.996855178266,14194.376488435144,14308.66905004285,14423.881890864615] 0.31126199007860056 [Infinity,Infinity,Infinity,Infinity,Infinity,Infinity,Infinity,Infinity,Infinity,Infinity,Infinity,Infinity,Infinity,Infinity,Infinity,Infinity,Infinity,Infinity,Infinity,Infinity,Infinity,Infinity,Infinity,Infinity,Infinity,Infinity,Infinity,Infinity,Infinity,Infinity,Infinity,Infinity,Infinity,Infinity,Infinity,Infinity,Infinity,Infinity,Infinity,Infinity,Infinity,Infinity,Infinity,Infinity,Infinity,Infinity,Infinity,Infinity,Infinity,Infinity,Infinity,Infinity,Infinity,Infinity,Infinity,Infinity,Infinity,Infinity,Infinity,Infinity,Infinity,Infinity,Infinity,Infinity,Infinity,Infinity,Infinity,Infinity,Infinity,Infinity,Infinity,Infinity,Infinity,Infinity,Infinity,Infinity,Infinity,Infinity,Infinity,Infinity,Infinity,Infinity,Infinity,Infinity,Infinity,Infinity,Infinity,Infinity,Infinity,Infinity,Infinity,Infinity,Infinity,Infinity,Infinity,Infinity,Infinity,Infinity,Infinity,Infinity,Infinity,Infinity,Infinity,Infinity,Infinity,Infinity,Infinity,Infinity,Infinity,Infinity,Infinity,Infinity,Infinity,Infinity,Infinity,Infinity,Infinity,Infinity,Infinity,Infinity,Infinity,Infinity,Infinity,Infinity,Infinity,Infinity,Infinity,Infinity,Infinity,Infinity,Infinity,Infinity,Infinity,Infinity,Infinity,Infinity,Infinity,Infinity,Infinity,Infinity,Infinity,Infinity,Infinity,Infinity,Infinity,Infinity,Infinity,Infinity,Infinity,Infinity,Infinity,Infinity,Infinity,Infinity,Infinity,Infinity,Infinity,Infinity,Infinity,Infinity,Infinity,Infinity,Infinity,Infinity,Infinity,Infinity,Infinity,Infinity,Infinity,Infinity,Infinity,Infinity,Infinity,Infinity,Infinity,Infinity,Infinity,Infinity,Infinity,Infinity,Infinity,Infinity,Infinity,Infinity,Infinity,Infinity,Infinity,Infinity,Infinity,Infinity,Infinity,Infinity,Infinity,Infinity,Infinity,Infinity,Infinity,Infinity,Infinity,Infinity,Infinity,Infinity,Infinity,Infinity,Infinity,Infinity,Infinity,Infinity,Infinity,Infinity,Infinity,Infinity,Infinity,Infinity,Infinity,Infinity,Infinity,Infinity,Infinity,Infinity,Infinity,Infinity,Infinity,Infinity,Infinity,Infinity,Infinity,Infinity,Infinity,Infinity,Infinity,Infinity,Infinity,Infinity,Infinity,Infinity,Infinity,Infinity,Infinity,Infinity,Infinity,Infinity,Infinity,Infinity,Infinity,Infinity,Infinity,Infinity,Infinity,Infinity,Infinity,Infinity,Infinity,Infinity,Infinity,Infinity,Infinity,Infinity,Infinity,Infinity,Infinity,Infinity,Infinity,Infinity,Infinity,Infinity,Infinity,Infinity,Infinity,Infinity,Infinity,Infinity,Infinity,Infinity,Infinity,Infinity,Infinity,Infinity,Infinity,Infinity,Infinity,Infinity,Infinity,Infinity,Infinity,Infinity,Infinity,Infinity,Infinity,Infinity,Infinity,Infinity,Infinity,Infinity,Infinity,Infinity,Infinity,Infinity,Infinity,Infinity] [0.0,0.0,0.0,0.0,0.0,0.0,0.0,0.0,0.0,0.0,0.0,0.0,0.0,0.0,0.0,0.0,0.0,0.0,0.0,0.0,0.0,0.0,0.0,0.0,0.0,0.0,0.0,0.0,0.0,0.0,0.0,0.0,0.0,0.0,0.0,0.0,0.0,0.0,0.0,0.0,0.0,0.0,0.0,0.0,0.0,0.0,0.0,0.0,0.0,0.0,0.0,0.0,0.0,0.0,0.0,0.0,0.0,0.0,0.0,0.0,0.0,0.0,0.0,0.0,0.0,0.0,0.0,0.0,0.0,0.0,0.0,0.0,0.0,0.0,0.0,0.0,0.0,0.0,0.0,0.0,0.0,0.0,0.0,0.0,0.0,0.0,0.0,0.0,0.0,0.0,0.0,0.0,0.0,0.0,0.0,0.0,0.0,0.0,0.0,0.0,0.0,0.0,0.0,0.0,0.0,0.0,0.0,0.0,0.0,0.0,0.0,0.0,0.0,0.0,0.0,0.0,0.0,0.0,0.0,0.0,0.0,0.0,0.0,0.0,0.0,0.0,0.0,0.0,0.0,0.0,0.0,0.0,0.0,0.0,0.0,0.0,0.0,0.0,0.0,0.0,0.0,0.0,0.0,0.0,0.0,0.0,0.0,0.0,0.0,0.0,0.0,0.0,0.0,0.0,0.0,0.0,0.0,0.0,0.0,0.0,0.0,0.0,0.0,0.0,0.0,0.0,0.0,0.0,0.0,0.0,0.0,0.0,0.0,0.0,0.0,0.0,0.0,0.0,0.0,0.0,0.0,0.0,0.0,0.0,0.0,0.0,0.0,0.0,0.0,0.0,0.0,0.0,0.0,0.0,0.0,0.0,0.0,0.0,0.0,0.0,0.0,0.0,0.0,0.0,0.0,0.0,0.0,0.0,0.0,0.0,0.0,0.0,0.0,0.0,0.0,0.0,0.0,0.0,0.0,0.0,0.0,0.0,0.0,0.0,0.0,0.0,0.0,0.0,0.0,0.0,0.0,0.0,0.0,0.0,0.0,0.0,0.0,0.0,0.0,0.0,0.0,0.0,0.0,0.0,0.0,0.0,0.0,0.0,0.0,0.0,0.0,0.0,0.0,0.0,0.0,0.0,0.0,0.0,0.0,0.0,0.0,0.0,0.0,0.0,0.0,0.0,0.0,0.0,0.0,0.0,0.0,0.0,0.0,0.0,0.0,0.0,0.0,0.0,0.0,0.0,0.0,0.0,0.0,0.0,0.0,0.0,0.0,0.0,0.0,0.0,0.0,0.0,0.0,0.0,0.0,0.0,0.0,0.0,0.0,0.0]
56296.949213665255 [0.0,0.0,0.0,0.0,0.0,0.0,0.0,0.0,0.0,0.0,0.0,0.0,0.0,0.0,0.0,0.0,0.0,0.0,0.0,0.0,0.0,0.0,0.0,0.0,0.0,0.0,0.0,0.0,0.0,0.0,0.0,0.0,0.0,0.0,0.0,0.0,0.0,0.0,0.0,0.0,0.0,0.0,0.0,0.0,0.0,0.0,0.0,0.0,0.0,0.0,0.0,0.0,0.0,0.0,0.0,0.0,0.0,0.0,0.0,0.0,0.0,0.0,0.0,0.0,0.0,0.0,0.0,0.0,0.0,0.0,0.0,0.0,0.0,0.0,0.0,0.0,0.0,0.0,0.0,0.0,0.0,0.0,0.0,0.0,0.0,0.0,0.0,0.0,0.0,0.0,0.0,0.0,0.0,0.0,0.0,0.0,0.0,0.0,0.0,0.0,0.0,0.0,0.0,0.0,0.0,0.0,0.0,0.0,0.0,0.0,0.0,0.0,0.0,0.0,0.0,0.0,0.0,0.0,0.0,0.0,0.0,0.0,0.0,0.0,0.0,0.0,0.0,0.0,0.0,0.0,0.0,0.0,0.0,0.0,0.0,0.0,0.0,0.0,0.0,0.0,1.5595482139007717,1.0349433652555742,1.0289268815439805,1.9687412591502085,3.178077296974343,5.293354373136787,5.246310938916133,5.66172998982768,4.231136118459812,2.4450152775757643,3.0181759528994134,6.754732405389056,12.570740495052949,14.275230483653218,15.687571573456779,17.45109710225038,22.62950040216654,24.783520822989892,26.5690617302531,31.102111079925976,30.796347873143233,33.931640359942485,36.51266120645292,43.05650132377603,33.69899824678017,28.010784163930204,17.14808797432227,16.634688531586125,30.683470160850877,47.63582556233829,55.674441695963594,66.82716141655554,57.996890899062116,57.00915565918026,54.20966382827168,39.69792261475644,40.19380457288272,39.378227293948925,42.53361661869074,41.79708451635835,44.52621721948947,50.18567341176107,51.86381384268761,46.70391302116543,41.865117844016794,33.278270004893024,30.194789431231943,36.72366630577566,48.67982153539247,68.02885869217538,90.67207591647471,95.09913596667684,81.98820138115053,54.72548100828919,44.499503513631,48.67985340329305,47.12284061649088,51.918866272254434,65.92921536087732,79.21912658520513,69.06356323246136,52.12204145061419,42.57614227466099,36.7121153820028,40.96362882672916,48.95683944701737,58.39272199185326,72.63497178759998,76.46714479498847,81.9167278409417,84.06422311902955,102.52289318724543,114.2540279078901,138.95768600675615,123.31010516041998,107.42112524124359,83.38009678105945,65.22088739484448,82.27000579105051,100.01517938078993,112.17137678145276,98.3077454605188,80.60987512327367,64.6047458481647,55.327442021946815,57.80274842121139,64.54049021144816,72.11575568364529,68.16232898102143,51.04536347309998,49.806227037893066,79.54191226919465,95.06299673172906,105.08852829601086,105.28480273245232,91.85951019662843,82.11132890326554,49.95353336767546,39.849898280525345,42.24540414300244,38.520929610904126,40.00789103415809,43.03049319610439,36.51900700707981,37.04767508215764,39.278505996072504,50.95214539912281,52.61627967714907,51.46976471995336,54.31981786124569,60.83756005032102,56.302226681806374,51.05755664423877,54.86901169072307,54.182316918770184,64.56929600482297,61.31824817722468,51.648423021272436,39.07656254076599,35.740419617528374,28.683720786115376,23.525403515110575,12.367058189246233,6.039065009239985,12.013858998913513,15.948852545370382,34.92224818014513,50.79588022219274,56.24986538873196,54.480100840672606,59.87648033192745,63.901187338806025,54.20560717759186,47.90802995893203,39.94269409403972,38.81154050515007,40.28676354224676,37.32877701643537,36.76816542307424,36.32236939171769,35.989483930586495,43.73991907932895,39.82416067246907,32.2355195280453,28.46898700905453,41.43714745692815,50.476795451571526,50.43051002408517,44.847682771335464,33.90113919809047,29.38695151512252,25.77700964577667,31.066442707276057,32.70900473492576,26.568876914439265,24.054551650406143,25.535473439417512,29.400310167722846,27.01995197519089,23.94857158099449] [1311.2619900786005,1321.8202200865917,1332.463464547639,1343.19240799478,1354.0077404728797,1364.9101575830227,1375.9003605272408,1386.9790561536227,1398.1469570017646,1409.4047813486081,1420.7532532546286,1432.193102610412,1443.7250651835902,1455.3498826661717,1467.068302722235,1478.881079036026,1490.78897136042,1502.7927455657994,1514.8931736892998,1527.0910339844697,1539.3871109713293,1551.7821954868166,1564.2770847356642,1576.872582341659,1589.569498399342,1602.368649526097,1615.270858914685,1628.2769563861766,1641.3877784433362,1654.6041683244075,1667.9269760573632,1681.3570585145608,1694.895279467867,1708.5425096441993,1722.2996267815402,1736.1675156853773,1750.1470682856248,1764.2391836939755,1778.4447682617345,1792.7647356381167,1807.2000068289992,1821.7515102561672,1836.4201818170154,1851.2069649447558,1866.112810669078,1881.1386776773347,1896.285532376183,1911.5543489537563,1926.9461094423048,1942.4618037813711,1958.1024298814455,1973.8689936881608,1989.7625092469793,2005.7839987684179,2021.9344926937952,2038.215029761504,2054.626657073813,2071.1704301642176,2087.8474130653335,2104.6586783773164,2121.605307336866,2138.6883898867477,2155.9090247459117,2173.268319480143,2190.767390573309,2208.407363499154,2226.1893727937027,2244.1145621282076,2262.184084382728,2280.399101720259,2298.7607856614945,2317.2703171601615,2335.9288866789793,2354.7376942662327,2373.6979496329395,2392.810872230673,2412.077691329971,2431.4996460994216,2451.0779856853383,2470.813969292122,2490.7088662632277,2510.763956162824,2530.9805288580706,2551.359884602096,2571.9033341176064,2592.612198681206,2613.487810208354,2634.5315113390543,2655.7446555241822,2677.1286071125573,2698.6847414386757,2720.4144449111714,2742.319115101994,2764.4001608362782,2786.6590022829737,2809.097071046162,2831.715810257159,2854.5166746673017,2877.5011307415425,2900.67065675274,2924.0267428767575,2947.570891288285,2971.304616257478,2995.22944424732,3019.346914011829,3043.658576695001,3068.1659959305807,3092.870747942638,3117.7744216469364,3142.87861875312,3168.1849538677375,3193.695054598094,3219.410561656912,3245.333128967883,3271.4644237720117,3297.806126734876,3324.3599320546946,3351.1275475713155,3378.1106948760344,3405.3111094223436,3432.7305406375262,3460.3707520352004,3488.23352132871,3516.320640545493,3544.6339161423107,3573.1751691214417,3601.9462351478164,3630.9489646670518,3660.1852230244945,3689.6568905851636,3719.3658628547196,3749.3140506013438,3779.5033799786634,3809.935792649603,3840.6132459112973,3871.5377128209448,3902.7111823227383,3934.135659375755,3965.8131650829396,3997.7457368210635,4029.9354283717907,4062.3843100537392,4095.0944688556665,4128.068008570669,4161.3070499315045,4194.813730746993,4228.590206039511,4262.638648183577,4296.961247045588,4331.560210124669,4366.437762694626,4401.596147947099,4437.037627135803,4472.764479721992,4508.779003521039,4545.083514850253,4581.680348677821,4618.571858773019,4655.7604178575675,4693.248417758249,4731.038269560753,4769.132403764733,4807.533270440121,4846.243339384716,4885.265100283049,4924.601062866471,4964.253757074609,5004.22573321805,5044.519562142395,5085.137835393579,5126.08316538458,5167.3581855634,5208.965550582488,5250.907936469426,5293.188040799074,5335.808582867062,5378.772303864684,5422.081967055189,5465.740357951513,5509.7502844954415,5554.1145772382,5598.836089522486,5643.917697666003,5689.362301146471,5735.17282278806,5781.352208949439,5827.903429713208,5874.829479076986,5922.133375145914,5969.818160326825,6017.886901523867,6066.342690335802,6115.188643254807,6164.427901866934,6214.06363305417,6264.099029198114,6314.537308385285,6365.381714614103,6416.635518003553,6468.302015003491,6520.384528606639,6572.88640856233,6625.811031591967,6679.16180160615,6732.942149923667,6787.155535492116,6841.805445110439,6896.895393653112,6952.428924296275,7008.409608745552,7064.841047465831,7121.726869912778,7179.070734766296,7236.876330165845,7295.147373947643,7353.887613883764,7413.100827923194,7472.790824434837,7532.961442452409,7593.616551921397,7654.7600539479145,7716.395881049652,7778.527997408752,7841.160399126823,7904.2971144818985,7967.94220418758,8032.099761654146,8096.773913251861,8161.968818576374,8227.688670716232,8293.937696522553,8360.720156880894,8428.04034698531,8495.90259661459,8564.311270410717,8633.270768159597,8702.785525074065,8772.860012079082,8843.498736099358,8914.706240349144,8986.487104624512,9058.845945597834,9131.787417114787,9205.31621049359,9279.437054826807,9354.154717285446,9429.47400342559,9505.399757497484,9581.936862757088,9659.090241780126,9736.864856778713,9815.265709920519,9894.297843650465,9973.966341015032,10054.276325989182,10135.232963805956,10216.841461288606,10299.107067185563,10382.035072507933,10465.630810869876,10549.89965883156,10634.84703624505,10720.478406602804,10806.799277389146,10893.815200434417,10981.531772272076,11069.954634498676,11159.08947413668,11248.94202400021,11339.518063063782,11430.823416834026,11522.863957724268,11615.64560543233,11709.174327321158,11803.456138802712,11898.49710372478,11994.303334761045,12090.880993804161,12188.23629236214,12286.375491957784,12385.304904531427,12485.030892846919,12585.55987090084,12686.898304334996,12789.052710852275,12892.029660635888,12995.8357767719,13100.477735675182,13205.962267518828,13312.296156667053,13419.486242111492,13527.539417911097,13636.462633635434,13746.262894811807,13856.947263375758,13968.522858125163,14080.996855178266,14194.376488435144,14308.66905004285,14423.881890864615] 0.31126199007860056 [Infinity,Infinity,Infinity,Infinity,Infinity,Infinity,Infinity,Infinity,Infinity,Infinity,Infinity,Infinity,Infinity,Infinity,Infinity,Infinity,Infinity,Infinity,Infinity,Infinity,Infinity,Infinity,Infinity,Infinity,Infinity,Infinity,Infinity,Infinity,Infinity,Infinity,Infinity,Infinity,Infinity,Infinity,Infinity,Infinity,Infinity,Infinity,Infinity,Infinity,Infinity,Infinity,Infinity,Infinity,Infinity,Infinity,Infinity,Infinity,Infinity,Infinity,Infinity,Infinity,Infinity,Infinity,Infinity,Infinity,Infinity,Infinity,Infinity,Infinity,Infinity,Infinity,Infinity,Infinity,Infinity,Infinity,Infinity,Infinity,Infinity,Infinity,Infinity,Infinity,Infinity,Infinity,Infinity,Infinity,Infinity,Infinity,Infinity,Infinity,Infinity,Infinity,Infinity,Infinity,Infinity,Infinity,Infinity,Infinity,Infinity,Infinity,Infinity,Infinity,Infinity,Infinity,Infinity,Infinity,Infinity,Infinity,Infinity,Infinity,Infinity,Infinity,Infinity,Infinity,Infinity,Infinity,Infinity,Infinity,Infinity,Infinity,Infinity,Infinity,Infinity,Infinity,Infinity,Infinity,Infinity,Infinity,Infinity,Infinity,Infinity,Infinity,Infinity,Infinity,Infinity,Infinity,Infinity,Infinity,Infinity,Infinity,Infinity,Infinity,Infinity,Infinity,Infinity,Infinity,Infinity,Infinity,Infinity,Infinity,0.0710550896403737,0.04825349842508242,0.05685812126882778,0.10341643627905783,0.17351460000738278,0.24954614215785517,0.3012253462997766,0.28940254057105974,0.19692189894419135,0.11016210125372246,0.14604997431591088,0.3317722163103228,0.5483835554419699,0.6771440873120923,0.7476554346408161,0.8706119391491635,1.0903220676926293,1.307808571737497,1.4177891010556563,1.4634934851763668,1.5698604054034473,1.772387559700142,1.9549115444384655,1.9907763188580918,1.7967246073622285,1.3214153735961716,0.8293644851224313,0.8428811662557593,1.5201703726663154,2.3516542970017853,2.874098904341852,3.091160203018209,3.103170472830897,2.931756029632749,2.5765184291971064,2.1806467623619645,1.9809738622514594,2.0062707476787662,2.0739704523918228,2.125363292323225,2.275903920939048,2.5123700127572555,2.599098392929678,2.404789101621445,2.0192981386603597,1.6166568285991587,1.476347325424175,1.7629333814007366,2.4336596297389184,3.366409391176675,4.344382311470602,4.836497425716148,4.071734943312103,2.6515145314093838,2.098210981902427,2.2507577986710254,2.2699319924659567,2.5577502016885476,3.4465044696575595,3.9209519406330067,3.465706240418446,2.7077583412945403,2.157072420194547,2.072572845859338,2.2164308515384055,2.3769748145346057,2.851639955297826,3.5641697497024234,4.03442394489211,4.233894366466443,4.390098391546454,4.849098844018766,5.700780678798961,6.6383214895067395,6.675227075300683,5.535973640970126,4.094171729064207,3.4156171703248446,3.956706382569861,5.060766563787314,5.563283699847888,4.987151009450338,4.179893053018587,3.448010946720367,2.950619393831149,2.921745281983287,3.140004548935769,3.3518142649107006,3.359329443742788,2.89967341900203,2.7440169957025136,3.491350097113842,4.470903099545189,5.251695994412872,5.40011094862418,4.726092942917046,3.6484883742389114,2.5628030997933364,2.038649995289553,2.0772025569798656,1.9453319275750836,2.0332502772724093,2.019807020206844,1.8222103068540427,1.8080246742374677,1.9819035429752503,2.3291317345049887,2.5336292524457327,2.4914647045519382,2.639535257559812,3.016501778903554,2.7181243902786005,2.3601969201917266,2.6307832700249376,3.1004633212495962,3.3724472795529588,3.2150243762680795,2.60763219892387,2.0570660577939983,1.7071045192960093,1.4780468964013047,1.2749083341929186,0.6033250803573562,0.32138455648552167,0.596965113087615,0.8020258453853465,1.792471430478848,2.6261714065285955,2.711298495656422,2.83276891888005,3.0157762868382862,3.1227440232609465,2.7959518618407615,2.3612210415559156,2.02878270717831,1.8352609149957613,1.985580622002697,1.7932656188695166,1.7692854380119336,1.6664453773313568,1.8902298107868798,2.021904373067856,1.8613467046866532,1.6040030915954862,1.5555798394597418,1.9405585882728833,2.516093717482547,2.620803741558111,2.18844567179174,1.7861708859542151,1.4855861120662204,1.3140720522810614,1.550374598047918,1.6404644419351182,1.4231414990523656,1.2202672001093555,1.3148899249834893,1.512284542166017,1.4082268551395771,1.2579358147186066] [0.0,0.0,0.0,0.0,0.0,0.0,0.0,0.0,0.0,0.0,0.0,0.0,0.0,0.0,0.0,0.0,0.0,0.0,0.0,0.0,0.0,0.0,0.0,0.0,0.0,0.0,0.0,0.0,0.0,0.0,0.0,0.0,0.0,0.0,0.0,0.0,0.0,0.0,0.0,0.0,0.0,0.0,0.0,0.0,0.0,0.0,0.0,0.0,0.0,0.0,0.0,0.0,0.0,0.0,0.0,0.0,0.0,0.0,0.0,0.0,0.0,0.0,0.0,0.0,0.0,0.0,0.0,0.0,0.0,0.0,0.0,0.0,0.0,0.0,0.0,0.0,0.0,0.0,0.0,0.0,0.0,0.0,0.0,0.0,0.0,0.0,0.0,0.0,0.0,0.0,0.0,0.0,0.0,0.0,0.0,0.0,0.0,0.0,0.0,0.0,0.0,0.0,0.0,0.0,0.0,0.0,0.0,0.0,0.0,0.0,0.0,0.0,0.0,0.0,0.0,0.0,0.0,0.0,0.0,0.0,0.0,0.0,0.0,0.0,0.0,0.0,0.0,0.0,0.0,0.0,0.0,0.0,0.0,0.0,0.0,0.0,0.0,0.0,0.0,0.0,0.13844642109329772,0.06987339675392584,-0.10823554383257503,-0.09958746643094812,-0.2922147031733123,0.30243152997968326,-0.7781959870793994,-0.12632082159351585,0.2926981395759853,0.24177325250131518,0.09717646658119589,0.11928807918260055,1.60306938621355,0.732348737411372,0.7344628806404574,0.038858319267111044,0.8230590483139512,-1.3726506117600459,-1.7867202908600255,1.8322413763986396,-0.6008602349257129,-1.5161108340603533,-2.5855696823163874,3.240974946614194,-2.2354939004643968,1.5824766920067728,0.5607982718736434,-0.22293479352905837,0.2800627075245707,0.6027396223025867,-1.8075363908734416,5.00395735619136,-4.066518557555822,-1.6259649334747284,2.679295244329551,-3.9150126324828514,0.5743273278535309,-0.7471876596263947,1.0542075708542902,-0.7101813301061488,-0.9918611992914885,-0.061726843384037125,-0.11815401590594389,-1.3918690112634702,1.4791550708095957,0.9451334329098504,0.66784292274844,1.464998677760926,0.006628940614108385,0.7006708686418746,3.784429687062668,-1.6308125476461088,0.5535025149084759,1.6951903801015133,2.535283875582462,3.664697429872543,1.724200767171752,0.7638622384834863,-3.0008740322738676,0.8000877725450034,-0.2505615759075543,-2.0331253752766183,-0.5653061292299535,-4.73934153518396,-3.3649882040389465,1.4173431563252556,1.3599228858967265,1.3515767935515106,-4.221334102853711,-2.7611594883871606,-3.737744711899529,5.540916306870114,0.23841433191088374,6.191256216621344,-10.19443634559367,-3.2983475781589364,1.4966621997753111,-3.091456011652407,3.1358781396532835,-1.2001518949563492,0.9057027844950091,-1.4352747284879555,-2.987985937098074,-4.35547308624264,-3.684945854676168,-0.6321572184543449,1.7403992327327777,5.079470385431273,0.9757401061656805,-6.948104906940617,-5.074112876157211,9.714910326917822,5.644934740825282,0.054608407753427755,-2.717416240031282,-2.6623486617124876,9.141561418487308,-1.3025286281912682,-0.9231016252657149,0.7013530034051334,-0.38570894059754773,-0.6571145112900908,2.63435279196751,0.07480086999895419,0.887181597408283,-0.35956486343250393,4.3695107090230385,1.9436946282344179,1.6404706289145927,1.5291127100494497,0.5075244722499352,1.9397388762343672,3.853618240404237,2.2533462902243127,-7.826949506221736,-2.879649586236195,-2.982239348136905,-0.5042209572049619,-2.064758615113974,1.598329231608191,-0.8772171419107155,-1.9727631687477956,0.3005565820991093,-0.38862612047044903,0.07455673716121106,-0.09166436233654879,-0.9271804294318252,-1.7275479083791645,2.023895475603521,-2.1752775369283954,-0.43904540483827653,1.446306873587098,-1.7134300592233687,0.6836091278137277,-0.6329600495264807,2.106322205234847,0.5751511021928173,1.4634646390450339,1.3824566628355641,2.9934618450905592,-1.8151122851510986,3.3018316179718368,2.5972265787360027,0.15545769613557503,-2.642609780140304,2.625975691470485,0.1549211019205925,-1.9855648070770504,1.0787693355006598,-1.8222785209938326,-0.32477072620189046,-0.5044313998445603,0.05895074631769942,-0.10028410377660414,-1.8939530666080469,-0.3507923517809683,-0.7623250602522782,-0.8453806755974923,-1.1445851276006516,-1.2101447133776417]
56243.10809009066 [0.0,0.0,0.0,0.0,0.0,0.0,0.0,0.0,0.0,0.0,0.0,0.0,0.0,0.0,0.0,0.0,0.0,0.0,0.0,0.0,0.0,0.0,0.0,0.0,0.0,0.0,0.0,0.0,0.0,0.0,0.0,0.0,0.0,0.0,0.0,0.0,0.0,0.0,0.0,0.0,0.0,0.0,0.0,0.0,0.0,0.0,0.0,0.0,0.0,0.0,0.0,0.0,0.0,0.0,0.0,0.0,0.0,0.0,0.0,0.0,0.0,0.0,0.0,0.0,0.0,0.0,0.0,0.0,0.0,0.0,0.0,0.0,0.0,0.0,0.0,0.0,0.0,0.0,0.0,0.0,0.0,0.0,0.0,0.0,0.0,0.0,0.0,0.0,0.0,0.0,0.0,0.0,0.0,0.0,0.0,0.0,0.0,0.0,0.0,0.0,0.0,0.0,0.0,0.0,0.0,0.0,0.0,0.0,0.0,0.0,0.0,0.0,0.0,0.0,0.0,0.0,0.0,0.0,0.0,0.0,0.0,0.0,0.0,0.0,0.0,0.0,0.0,0.0,0.0,0.0,0.0,0.0,0.0,0.0,0.0,0.0,0.0,0.0,0.0,0.0,300.33777261843755,310.14301375737335,399.31411466086115,424.1764410350288,482.6177440375648,381.3187631669054,373.6865904576919,398.64596755729804,371.1234222689129,359.61153788680986,441.72194137020256,420.003421231595,457.7247454245064,590.0747890494109,578.3992265750867,717.3491424351873,738.6529735811589,873.9061413484794,854.2972728346051,1013.4537908849226,1066.0660011666691,743.2381456691492,568.3249839303019,430.68493793429775,412.77827874580635,386.3983867551229,484.12831498856417,599.0621103449567,761.0020973699866,1003.0736396037125,1002.056427119182,996.068626745017,926.3578299238906,920.440378955524,1060.5367942318321,1078.183681398954,1085.7753559894961,1098.4538692249967,948.1808186355712,886.4310406477035,748.3921529959636,650.9744906829656,524.0674440953395,683.9966682301712,723.9044154681845,691.6218530051939,732.4831277981328,854.4860555381749,896.7255282791823,902.4377798590168,809.1204886329677,723.7621116794687,731.3377907109365,576.7038841676291,629.1924645158653,535.6542567034905,508.0196529556329,442.1732288711522,449.9141331859007,500.7254023561171,442.8624132855267,499.06300547001445,556.7843780006147,666.2052173029283,677.6987357601391,619.8902500475647,561.7916767318334,474.3840291737047,434.25414646256985,459.7935380011143,452.17509544488473,419.5609834845342,400.44586352753885,517.6395977186802,570.428805634007,571.293875145661,490.28902252831546,517.0365958716845,521.5798210600392,470.94388206577355,489.772949815054,448.51692517299665,470.84330593428047,472.05276973534114,410.4195590604081,262.51543415287694,194.96388148216732,226.31580403742572,355.893570651513,391.1321497398398,383.24904535008227,360.755641371728,342.28479724669626,318.7822804443813,302.985312113176,257.7287722145041,269.4926711054451,251.32966265990973,241.1297630011544,237.3880571609476,204.13444883258953,192.29099707144982,188.08226087285803,177.17497137320012,188.77006048445114,187.00458556503634,174.34533970959606,142.3450761918128,137.1660021252334,133.5811035389944,116.59911362736406,114.4803399017728,109.50653018650408,116.51071770043647,105.64853473794415,118.85701336723606,137.50806791134204,125.07043206435758,124.33081163905682,129.40633757788916,115.31394566843302,110.04463116933591,107.43404608593195,90.56514327453733,107.17488049945979,113.41965894174882,122.79494715832494,128.61669383249006,125.4343539823852,111.66565851502536,125.2468577277957,103.08409041304839,97.00073588187989,86.59515092800359,90.43650436261647,76.05813604877558,70.23836030574412,75.94433661297336,67.66429896288113,64.4687211619943,62.383949531807744,60.54045525074204,49.95484204361352,43.31956180795754,47.19624310294225,43.921220643997984,46.439635724797434,36.421954042014775,38.87528344935532,29.75213303827725,30.2739884294961,29.704739964538078,33.51071937799116,27.448603085286397,32.12475610747977,36.02505999254214,34.407767440172314,35.49188555015595,41.05847540931509,38.50831811231999] [1311.2619900786005,1321.8202200865917,1332.463464547639,1343.19240799478,1354.0077404728797,1364.9101575830227,1375.9003605272408,1386.9790561536227,1398.1469570017646,1409.4047813486081,1420.7532532546286,1432.193102610412,1443.7250651835902,1455.3498826661717,1467.068302722235,1478.881079036026,1490.78897136042,1502.7927455657994,1514.8931736892998,1527.0910339844697,1539.3871109713293,1551.7821954868166,1564.2770847356642,1576.872582341659,1589.569498399342,1602.368649526097,1615.270858914685,1628.2769563861766,1641.3877784433362,1654.6041683244075,1667.9269760573632,1681.3570585145608,1694.895279467867,1708.5425096441993,1722.2996267815402,1736.1675156853773,1750.1470682856248,1764.2391836939755,1778.4447682617345,1792.7647356381167,1807.2000068289992,1821.7515102561672,1836.4201818170154,1851.2069649447558,1866.112810669078,1881.1386776773347,1896.285532376183,1911.5543489537563,1926.9461094423048,1942.4618037813711,1958.1024298814455,1973.8689936881608,1989.7625092469793,2005.7839987684179,2021.9344926937952,2038.215029761504,2054.626657073813,2071.1704301642176,2087.8474130653335,2104.6586783773164,2121.605307336866,2138.6883898867477,2155.9090247459117,2173.268319480143,2190.767390573309,2208.407363499154,2226.1893727937027,2244.1145621282076,2262.184084382728,2280.399101720259,2298.7607856614945,2317.2703171601615,2335.9288866789793,2354.7376942662327,2373.6979496329395,2392.810872230673,2412.077691329971,2431.4996460994216,2451.0779856853383,2470.813969292122,2490.7088662632277,2510.763956162824,2530.9805288580706,2551.359884602096,2571.9033341176064,2592.612198681206,2613.487810208354,2634.5315113390543,2655.7446555241822,2677.1286071125573,2698.6847414386757,2720.4144449111714,2742.319115101994,2764.4001608362782,2786.6590022829737,2809.097071046162,2831.715810257159,2854.5166746673017,2877.5011307415425,2900.67065675274,2924.0267428767575,2947.570891288285,2971.304616257478,2995.22944424732,3019.346914011829,3043.658576695001,3068.1659959305807,3092.870747942638,3117.7744216469364,3142.87861875312,3168.1849538677375,3193.695054598094,3219.410561656912,3245.333128967883,3271.4644237720117,3297.806126734876,3324.3599320546946,3351.1275475713155,3378.1106948760344,3405.3111094223436,3432.7305406375262,3460.3707520352004,3488.23352132871,3516.320640545493,3544.6339161423107,3573.1751691214417,3601.9462351478164,3630.9489646670518,3660.1852230244945,3689.6568905851636,3719.3658628547196,3749.3140506013438,3779.5033799786634,3809.935792649603,3840.6132459112973,3871.5377128209448,3902.7111823227383,3934.135659375755,3965.8131650829396,3997.7457368210635,4029.9354283717907,4062.3843100537392,4095.0944688556665,4128.068008570669,4161.3070499315045,4194.813730746993,4228.590206039511,4262.638648183577,4296.961247045588,4331.560210124669,4366.437762694626,4401.596147947099,4437.037627135803,4472.764479721992,4508.779003521039,4545.083514850253,4581.680348677821,4618.571858773019,4655.7604178575675,4693.248417758249,4731.038269560753,4769.132403764733,4807.533270440121,4846.243339384716,4885.265100283049,4924.601062866471,4964.253757074609,5004.22573321805,5044.519562142395,5085.137835393579,5126.08316538458,5167.3581855634,5208.965550582488,5250.907936469426,5293.188040799074,5335.808582867062,5378.772303864684,5422.081967055189,5465.740357951513,5509.7502844954415,5554.1145772382,5598.836089522486,5643.917697666003,5689.362301146471,5735.17282278806,5781.352208949439,5827.903429713208,5874.829479076986,5922.133375145914,5969.818160326825,6017.886901523867,6066.342690335802,6115.188643254807,6164.427901866934,6214.06363305417,6264.099029198114,6314.537308385285,6365.381714614103,6416.635518003553,6468.302015003491,6520.384528606639,6572.88640856233,6625.811031591967,6679.16180160615,6732.942149923667,6787.155535492116,6841.805445110439,6896.895393653112,6952.428924296275,7008.409608745552,7064.841047465831,7121.726869912778,7179.070734766296,7236.876330165845,7295.147373947643,7353.887613883764,7413.100827923194,7472.790824434837,7532.961442452409,7593.616551921397,7654.7600539479145,7716.395881049652,7778.527997408752,7841.160399126823,7904.2971144818985,7967.94220418758,8032.099761654146,8096.773913251861,8161.968818576374,8227.688670716232,8293.937696522553,8360.720156880894,8428.04034698531,8495.90259661459,8564.311270410717,8633.270768159597,8702.785525074065,8772.860012079082,8843.498736099358,8914.706240349144,8986.487104624512,9058.845945597834,9131.787417114787,9205.31621049359,9279.437054826807,9354.154717285446,9429.47400342559,9505.399757497484,9581.936862757088,9659.090241780126,9736.864856778713,9815.265709920519,9894.297843650465,9973.966341015032,10054.276325989182,10135.232963805956,10216.841461288606,10299.107067185563,10382.035072507933,10465.630810869876,10549.89965883156,10634.84703624505,10720.478406602804,10806.799277389146,10893.815200434417,10981.531772272076,11069.954634498676,11159.08947413668,11248.94202400021,11339.518063063782,11430.823416834026,11522.863957724268,11615.64560543233,11709.174327321158,11803.456138802712,11898.49710372478,11994.303334761045,12090.880993804161,12188.23629236214,12286.375491957784,12385.304904531427,12485.030892846919,12585.55987090084,12686.898304334996,12789.052710852275,12892.029660635888,12995.8357767719,13100.477735675182,13205.962267518828,13312.296156667053,13419.486242111492,13527.539417911097,13636.462633635434,13746.262894811807,13856.947263375758,13968.522858125163,14080.996855178266,14194.376488435144,14308.66905004285,14423.881890864615] 0.31126199007860056 [Infinity,Infinity,Infinity,Infinity,Infinity,Infinity,Infinity,Infinity,Infinity,Infinity,Infinity,Infinity,Infinity,Infinity,Infinity,Infinity,Infinity,Infinity,Infinity,Infinity,Infinity,Infinity,Infinity,Infinity,Infinity,Infinity,Infinity,Infinity,Infinity,Infinity,Infinity,Infinity,Infinity,Infinity,Infinity,Infinity,Infinity,Infinity,Infinity,Infinity,Infinity,Infinity,Infinity,Infinity,Infinity,Infinity,Infinity,Infinity,Infinity,Infinity,Infinity,Infinity,Infinity,Infinity,Infinity,Infinity,Infinity,Infinity,Infinity,Infinity,Infinity,Infinity,Infinity,Infinity,Infinity,Infinity,Infinity,Infinity,Infinity,Infinity,Infinity,Infinity,Infinity,Infinity,Infinity,Infinity,Infinity,Infinity,Infinity,Infinity,Infinity,Infinity,Infinity,Infinity,Infinity,Infinity,Infinity,Infinity,Infinity,Infinity,Infinity,Infinity,Infinity,Infinity,Infinity,Infinity,Infinity,Infinity,Infinity,Infinity,Infinity,Infinity,Infinity,Infinity,Infinity,Infinity,Infinity,Infinity,Infinity,Infinity,Infinity,Infinity,Infinity,Infinity,Infinity,Infinity,Infinity,Infinity,Infinity,Infinity,Infinity,Infinity,Infinity,Infinity,Infinity,Infinity,Infinity,Infinity,Infinity,Infinity,Infinity,Infinity,Infinity,Infinity,Infinity,Infinity,Infinity,Infinity,Infinity,Infinity,15.471326850281894,17.179112096669396,19.05485891245194,20.83036741889341,21.856974046276104,21.51936092215122,20.157226012191238,18.76121322781155,18.213127652721685,18.66042856472705,20.04799025925288,22.175084687669973,24.61648714740226,26.97733157303835,29.43349656809541,32.47538686958874,36.46766422742274,41.48669778315639,47.2648273524186,50.94646895321057,48.22143766712388,38.61306535083553,28.089959282341777,22.233359195581773,20.60398271188426,20.94017118841007,23.174473350931716,29.009242355964197,38.08782511670767,46.315934604435434,50.26366678357665,50.68580288728738,49.405782824707074,48.70778325378958,50.8234629709748,54.006635277336215,53.869195131222455,50.068244472899295,46.37228293399551,43.64889959503425,38.7483715866703,31.884874571075983,29.021180294808595,32.22934096942163,35.87452266927058,36.99177071524883,38.63762511387044,41.81657189740467,43.30666586127269,41.98314804482641,40.06655852964671,38.054360617649856,34.48253603574107,30.606594286984397,29.402564757274526,29.111658217204592,26.500425091928133,24.04165190466013,24.214634040819938,24.19534962231625,23.20314334792674,24.81364549529549,28.617801301275495,31.24928491503534,32.50377155782398,32.367355668871824,28.489663312062852,22.863981138173468,21.333509945368835,22.641249597467358,23.12268987249545,20.909369988782366,19.550461862687893,23.993201089993388,27.73903739193088,27.364432125405056,26.502792703690112,25.36925483788802,23.92721755675787,23.691743408539043,23.976377588465486,23.853672860662662,23.638537831555375,23.443885531274155,21.15078188719477,13.981319322722234,9.836685837576415,12.273426445860261,16.93033747721079,19.221878094644246,19.17865039600512,18.461880232857926,17.08355301896906,16.170488465395522,15.493506093359258,14.364972931974828,13.530297681234547,12.545128976739552,11.742449009496067,11.230321916229498,10.161284179554452,9.820319448943982,9.42297412740732,8.850126921120207,8.73904859041068,8.333965094201854,8.079259614685487,7.7680424276963365,6.995021757204592,6.2860867026462595,5.997310854928437,5.248820199328003,5.348926078565709,5.310368809668397,5.393687136967576,5.8572503819729445,6.372805791908442,6.664295458765965,6.455460958110805,6.116442146485065,5.997001509242019,5.791720695050161,5.307704211439608,4.6838663763472805,5.1683582183837915,5.655890099439273,6.386754628040107,6.5925982622960575,6.272082383538672,6.116845105584014,5.859046341720306,5.4501100533513185,4.782559134469855,4.3987115279019715,4.20968470125474,3.9207444635918485,3.633968659800525,3.7091992751801612,3.43822171434653,3.382840140916369,3.1757708502545268,2.9164739924047263,2.630963538210386,2.3692027221226635,2.2606640058891885,2.159906288074008,2.080674424980898,1.8546378309749691,1.7160271228656523,1.581840726280362,1.5222363986849634,1.5085408313679973,1.5182477769374447,1.5070524305565243,1.5668654971883598,1.683987406704322,1.7608934569601196,1.8151322511616979,1.8054972090986587,1.8060010785608445] [0.0,0.0,0.0,0.0,0.0,0.0,0.0,0.0,0.0,0.0,0.0,0.0,0.0,0.0,0.0,0.0,0.0,0.0,0.0,0.0,0.0,0.0,0.0,0.0,0.0,0.0,0.0,0.0,0.0,0.0,0.0,0.0,0.0,0.0,0.0,0.0,0.0,0.0,0.0,0.0,0.0,0.0,0.0,0.0,0.0,0.0,0.0,0.0,0.0,0.0,0.0,0.0,0.0,0.0,0.0,0.0,0.0,0.0,0.0,0.0,0.0,0.0,0.0,0.0,0.0,0.0,0.0,0.0,0.0,0.0,0.0,0.0,0.0,0.0,0.0,0.0,0.0,0.0,0.0,0.0,0.0,0.0,0.0,0.0,0.0,0.0,0.0,0.0,0.0,0.0,0.0,0.0,0.0,0.0,0.0,0.0,0.0,0.0,0.0,0.0,0.0,0.0,0.0,0.0,0.0,0.0,0.0,0.0,0.0,0.0,0.0,0.0,0.0,0.0,0.0,0.0,0.0,0.0,0.0,0.0,0.0,0.0,0.0,0.0,0.0,0.0,0.0,0.0,0.0,0.0,0.0,0.0,0.0,0.0,0.0,0.0,0.0,0.0,0.0,0.0,-9.088764387200333,-33.43922817601457,18.216936411822292,7.5690926571605575,45.47826311204271,-49.068455276118996,-29.457929786132887,23.42170300106706,6.860869214479228,-13.597033407731145,40.76213618514495,-23.498272521804466,-34.60499752353882,50.52815758864392,-10.270704786821533,67.8414050434126,9.29968903270414,44.1721856853517,-90.99927421376687,-5.475588179288833,101.63724782419156,-29.023161347561278,6.525798283466303,-13.982245977337715,0.6986245081211668,-32.40503701307855,20.638847969929802,18.877263225672802,-0.7544049641668007,76.75494751500383,-3.216908552351111,-17.64743100073056,-61.75782657025098,-53.71528612026764,44.06753481233616,-1.9490241477704036,8.391453365046948,97.0889797670107,20.73515995566111,13.453048747018563,-26.575278737442524,13.276999261445853,-56.35616180083237,39.409848841738565,6.413962082772825,-48.213561299782825,-40.26937447927605,18.154617590081486,30.592211053728388,62.774818962488666,7.789318040033418,-37.32510067352841,41.68706999611509,-35.42800157205888,41.1411693703748,-46.578907640601294,-21.988848882929723,-38.65980922205043,-34.37854763049802,16.818409909792052,-21.200453673008074,2.7900955641046497,-15.571648024895191,41.21951900222157,27.623304603659573,-27.45686332987174,-8.00158950942364,17.104406410235285,7.583947555193137,6.968546051767131,-10.27870200502429,1.3735837088868603,9.43662627378096,37.775575918812386,15.64805779538942,24.005232637559896,-39.766831545486795,9.651499113924118,43.035469924881845,-2.890986105007285,10.245398045744318,-28.55653204025663,-1.92745069682709,3.1750591098579863,-12.596078683487313,-17.110952301567732,-1.7698352693609782,-19.152724879779495,17.28682110729718,6.6945878469548585,-0.32396257002019857,-8.481963285430458,0.6137368673150991,-4.627488863529149,-6.884809754009161,-29.57068642499245,-1.1132825192458529,0.427083125118712,6.28078281123309,12.781618836357628,0.9087652415005074,-4.115391907429819,-0.3772216752883914,0.17243295079599175,13.989088676237502,20.325283680999277,12.76014741588633,-13.01577236211393,-2.7344330188584154,7.859369486069201,-3.3471034712046803,9.503935915212727,2.528008615189907,10.303341507068541,-2.225208001407361,1.7120057277771794,10.051952073173204,-8.215477110961709,-4.778407523159288,7.077494648187847,-4.626084516407357,-5.789782731667305,1.279961857139794,-3.1121842524082672,3.807716131783956,0.30185695296336557,-4.940145402477179,-3.2352714134310823,-0.007293688388229905,-10.671243596654913,8.065930893389588,-5.918110653977978,1.3495531924827835,-1.3790796300358312,6.242810337521674,-2.3567532230613915,-2.4410128902663737,1.760351109370136,-1.1001353240494576,-3.188081656333088,-1.1314674732827883,2.2109754026475157,-2.664428720594202,-4.064492634495727,1.98296298515848,0.7230948825178192,4.826147225179467,-0.6708025774846043,4.554740992042274,-1.884681487329987,-0.1707395442031687,-0.4660766628218704,3.145763839242266,-2.6924455258440885,0.7874461637125708,2.345311858455705,-0.8101016990300789,-0.8107594730780071,4.948531227341913,2.388296541103102]
56118.1772611595 [0.0,0.0,0.0,0.0,0.0,0.0,0.0,0.0,0.0,0.0,0.0,0.0,0.0,0.0,0.0,0.0,0.0,0.0,0.0,0.0,0.0,0.0,0.0,0.0,0.0,0.0,0.0,0.0,0.0,0.0,0.0,0.0,0.0,0.0,0.0,0.0,0.0,0.0,0.0,0.0,0.0,0.0,0.0,0.0,0.0,0.0,0.0,0.0,0.0,0.0,0.0,0.0,0.0,0.0,0.0,0.0,0.0,0.0,0.0,0.0,0.0,0.0,0.0,0.0,0.0,0.0,0.0,0.0,0.0,0.0,0.0,0.0,0.0,0.0,0.0,0.0,0.0,0.0,0.0,0.0,0.0,0.0,0.0,0.0,0.0,0.0,0.0,0.0,0.0,0.0,0.0,0.0,0.0,0.0,0.0,0.0,0.0,0.0,0.0,0.0,0.0,0.0,0.0,0.0,0.0,0.0,0.0,0.0,0.0,0.0,0.0,0.0,0.0,0.0,0.0,0.0,0.0,0.0,0.0,0.0,0.0,0.0,0.0,0.0,0.0,0.0,0.0,0.0,0.0,0.0,0.0,0.0,0.0,0.0,0.0,0.0,0.0,0.0,0.0,0.0,0.0,0.0,0.0,0.0,0.0,0.0,0.0,0.0,0.0,0.0,0.0,0.0,0.0,0.0,0.0,0.0,0.0,0.0,0.0,0.0,0.0,0.0,0.0,0.0,0.0,0.0,0.0,0.0,0.0,0.0,0.0,0.0,0.0,0.0,0.0,0.0,0.0,0.0,0.0,0.0,0.0,0.0,0.0,0.0,0.0,0.0,0.0,0.0,0.0,0.0,0.0,0.0,0.0,0.0,0.0,0.0,0.0,0.0,0.0,0.0,0.0,0.0,0.0,0.0,0.0,0.0,0.0,0.0,0.0,0.0,0.0,0.0,0.0,0.0,0.0,0.0,0.0,0.0,0.0,0.0,0.0,0.0,0.0,0.0,0.0,0.0,0.0,0.0,0.0,0.0,0.0,0.0,0.0,0.0,0.0,0.0,0.0,0.0,0.0,0.0,0.0,0.0,0.0,0.0,0.0,0.0,0.0,0.0,0.0,0.0,0.0,0.0,0.0,0.0,0.0,0.0,0.0,0.0,0.0,0.0,0.0,0.0,0.0,0.0,0.0,0.0,0.0,0.0,0.0,0.0,0.0,0.0,0.0,0.0,0.0,0.0,0.0,0.0,0.0,0.0,0.0,0.0,0.0,0.0,0.0,0.0,0.0,0.0,0.0,0.0,0.0,0.0,0.0,0.0,0.0,0.0,0.0,0.0,0.0,0.0] [1311.2619900786005,1321.8202200865917,1332.463464547639,1343.19240799478,1354.0077404728797,1364.9101575830227,1375.9003605272408,1386.9790561536227,1398.1469570017646,1409.4047813486081,1420.7532532546286,1432.193102610412,1443.7250651835902,1455.3498826661717,1467.068302722235,1478.881079036026,1490.78897136042,1502.7927455657994,1514.8931736892998,1527.0910339844697,1539.3871109713293,1551.7821954868166,1564.2770847356642,1576.872582341659,1589.569498399342,1602.368649526097,1615.270858914685,1628.2769563861766,1641.3877784433362,1654.6041683244075,1667.9269760573632,1681.3570585145608,1694.895279467867,1708.5425096441993,1722.2996267815402,1736.1675156853773,1750.1470682856248,1764.2391836939755,1778.4447682617345,1792.7647356381167,1807.2000068289992,1821.7515102561672,1836.4201818170154,1851.2069649447558,1866.112810669078,1881.1386776773347,1896.285532376183,1911.5543489537563,1926.9461094423048,1942.4618037813711,1958.1024298814455,1973.8689936881608,1989.7625092469793,2005.7839987684179,2021.9344926937952,2038.215029761504,2054.626657073813,2071.1704301642176,2087.8474130653335,2104.6586783773164,2121.605307336866,2138.6883898867477,2155.9090247459117,2173.268319480143,2190.767390573309,2208.407363499154,2226.1893727937027,2244.1145621282076,2262.184084382728,2280.399101720259,2298.7607856614945,2317.2703171601615,2335.9288866789793,2354.7376942662327,2373.6979496329395,2392.810872230673,2412.077691329971,2431.4996460994216,2451.0779856853383,2470.813969292122,2490.7088662632277,2510.763956162824,2530.9805288580706,2551.359884602096,2571.9033341176064,2592.612198681206,2613.487810208354,2634.5315113390543,2655.7446555241822,2677.1286071125573,2698.6847414386757,2720.4144449111714,2742.319115101994,2764.4001608362782,2786.6590022829737,2809.097071046162,2831.715810257159,2854.5166746673017,2877.5011307415425,2900.67065675274,2924.0267428767575,2947.570891288285,2971.304616257478,2995.22944424732,3019.346914011829,3043.658576695001,3068.1659959305807,3092.870747942638,3117.7744216469364,3142.87861875312,3168.1849538677375,3193.695054598094,3219.410561656912,3245.333128967883,3271.4644237720117,3297.806126734876,3324.3599320546946,3351.1275475713155,3378.1106948760344,3405.3111094223436,3432.7305406375262,3460.3707520352004,3488.23352132871,3516.320640545493,3544.6339161423107,3573.1751691214417,3601.9462351478164,3630.9489646670518,3660.1852230244945,3689.6568905851636,3719.3658628547196,3749.3140506013438,3779.5033799786634,3809.935792649603,3840.6132459112973,3871.5377128209448,3902.7111823227383,3934.135659375755,3965.8131650829396,3997.7457368210635,4029.9354283717907,4062.3843100537392,4095.0944688556665,4128.068008570669,4161.3070499315045,4194.813730746993,4228.590206039511,4262.638648183577,4296.961247045588,4331.560210124669,4366.437762694626,4401.596147947099,4437.037627135803,4472.764479721992,4508.779003521039,4545.083514850253,4581.680348677821,4618.571858773019,4655.7604178575675,4693.248417758249,4731.038269560753,4769.132403764733,4807.533270440121,4846.243339384716,4885.265100283049,4924.601062866471,4964.253757074609,5004.22573321805,5044.519562142395,5085.137835393579,5126.08316538458,5167.3581855634,5208.965550582488,5250.907936469426,5293.188040799074,5335.808582867062,5378.772303864684,5422.081967055189,5465.740357951513,5509.7502844954415,5554.1145772382,5598.836089522486,5643.917697666003,5689.362301146471,5735.17282278806,5781.352208949439,5827.903429713208,5874.829479076986,5922.133375145914,5969.818160326825,6017.886901523867,6066.342690335802,6115.188643254807,6164.427901866934,6214.06363305417,6264.099029198114,6314.537308385285,6365.381714614103,6416.635518003553,6468.302015003491,6520.384528606639,6572.88640856233,6625.811031591967,6679.16180160615,6732.942149923667,6787.155535492116,6841.805445110439,6896.895393653112,6952.428924296275,7008.409608745552,7064.841047465831,7121.726869912778,7179.070734766296,7236.876330165845,7295.147373947643,7353.887613883764,7413.100827923194,7472.790824434837,7532.961442452409,7593.616551921397,7654.7600539479145,7716.395881049652,7778.527997408752,7841.160399126823,7904.2971144818985,7967.94220418758,8032.099761654146,8096.773913251861,8161.968818576374,8227.688670716232,8293.937696522553,8360.720156880894,8428.04034698531,8495.90259661459,8564.311270410717,8633.270768159597,8702.785525074065,8772.860012079082,8843.498736099358,8914.706240349144,8986.487104624512,9058.845945597834,9131.787417114787,9205.31621049359,9279.437054826807,9354.154717285446,9429.47400342559,9505.399757497484,9581.936862757088,9659.090241780126,9736.864856778713,9815.265709920519,9894.297843650465,9973.966341015032,10054.276325989182,10135.232963805956,10216.841461288606,10299.107067185563,10382.035072507933,10465.630810869876,10549.89965883156,10634.84703624505,10720.478406602804,10806.799277389146,10893.815200434417,10981.531772272076,11069.954634498676,11159.08947413668,11248.94202400021,11339.518063063782,11430.823416834026,11522.863957724268,11615.64560543233,11709.174327321158,11803.456138802712,11898.49710372478,11994.303334761045,12090.880993804161,12188.23629236214,12286.375491957784,12385.304904531427,12485.030892846919,12585.55987090084,12686.898304334996,12789.052710852275,12892.029660635888,12995.8357767719,13100.477735675182,13205.962267518828,13312.296156667053,13419.486242111492,13527.539417911097,13636.462633635434,13746.262894811807,13856.947263375758,13968.522858125163,14080.996855178266,14194.376488435144,14308.66905004285,14423.881890864615] 0.31126199007860056 [Infinity,Infinity,Infinity,Infinity,Infinity,Infinity,Infinity,Infinity,Infinity,Infinity,Infinity,Infinity,Infinity,Infinity,Infinity,Infinity,Infinity,Infinity,Infinity,Infinity,Infinity,Infinity,Infinity,Infinity,Infinity,Infinity,Infinity,Infinity,Infinity,Infinity,Infinity,Infinity,Infinity,Infinity,Infinity,Infinity,Infinity,Infinity,Infinity,Infinity,Infinity,Infinity,Infinity,Infinity,Infinity,Infinity,Infinity,Infinity,Infinity,Infinity,Infinity,Infinity,Infinity,Infinity,Infinity,Infinity,Infinity,Infinity,Infinity,Infinity,Infinity,Infinity,Infinity,Infinity,Infinity,Infinity,Infinity,Infinity,Infinity,Infinity,Infinity,Infinity,Infinity,Infinity,Infinity,Infinity,Infinity,Infinity,Infinity,Infinity,Infinity,Infinity,Infinity,Infinity,Infinity,Infinity,Infinity,Infinity,Infinity,Infinity,Infinity,Infinity,Infinity,Infinity,Infinity,Infinity,Infinity,Infinity,Infinity,Infinity,Infinity,Infinity,Infinity,Infinity,Infinity,Infinity,Infinity,Infinity,Infinity,Infinity,Infinity,Infinity,Infinity,Infinity,Infinity,Infinity,Infinity,Infinity,Infinity,Infinity,Infinity,Infinity,Infinity,Infinity,Infinity,Infinity,Infinity,Infinity,Infinity,Infinity,Infinity,Infinity,Infinity,Infinity,Infinity,Infinity,Infinity,Infinity,Infinity,Infinity,Infinity,Infinity,Infinity,Infinity,Infinity,Infinity,Infinity,Infinity,Infinity,Infinity,Infinity,Infinity,Infinity,Infinity,Infinity,Infinity,Infinity,Infinity,Infinity,Infinity,Infinity,Infinity,Infinity,Infinity,Infinity,Infinity,Infinity,Infinity,Infinity,Infinity,Infinity,Infinity,Infinity,Infinity,Infinity,Infinity,Infinity,Infinity,Infinity,Infinity,Infinity,Infinity,Infinity,Infinity,Infinity,Infinity,Infinity,Infinity,Infinity,Infinity,Infinity,Infinity,Infinity,Infinity,Infinity,Infinity,Infinity,Infinity,Infinity,Infinity,Infinity,Infinity,Infinity,Infinity,Infinity,Infinity,Infinity,Infinity,Infinity,Infinity,Infinity,Infinity,Infinity,Infinity,Infinity,Infinity,Infinity,Infinity,Infinity,Infinity,Infinity,Infinity,Infinity,Infinity,Infinity,Infinity,Infinity,Infinity,Infinity,Infinity,Infinity,Infinity,Infinity,Infinity,Infinity,Infinity,Infinity,Infinity,Infinity,Infinity,Infinity,Infinity,Infinity,Infinity,Infinity,Infinity,Infinity,Infinity,Infinity,Infinity,Infinity,Infinity,Infinity,Infinity,Infinity,Infinity,Infinity,Infinity,Infinity,Infinity,Infinity,Infinity,Infinity,Infinity,Infinity,Infinity,Infinity,Infinity,Infinity,Infinity,Infinity,Infinity,Infinity,Infinity,Infinity,Infinity,Infinity,Infinity,Infinity,Infinity,Infinity,Infinity,Infinity,Infinity,Infinity,Infinity,Infinity,Infinity,Infinity,Infinity,Infinity,Infinity,Infinity,Infinity,Infinity,Infinity,Infinity,Infinity,Infinity,Infinity] [0.0,0.0,0.0,0.0,0.0,0.0,0.0,0.0,0.0,0.0,0.0,0.0,0.0,0.0,0.0,0.0,0.0,0.0,0.0,0.0,0.0,0.0,0.0,0.0,0.0,0.0,0.0,0.0,0.0,0.0,0.0,0.0,0.0,0.0,0.0,0.0,0.0,0.0,0.0,0.0,0.0,0.0,0.0,0.0,0.0,0.0,0.0,0.0,0.0,0.0,0.0,0.0,0.0,0.0,0.0,0.0,0.0,0.0,0.0,0.0,0.0,0.0,0.0,0.0,0.0,0.0,0.0,0.0,0.0,0.0,0.0,0.0,0.0,0.0,0.0,0.0,0.0,0.0,0.0,0.0,0.0,0.0,0.0,0.0,0.0,0.0,0.0,0.0,0.0,0.0,0.0,0.0,0.0,0.0,0.0,0.0,0.0,0.0,0.0,0.0,0.0,0.0,0.0,0.0,0.0,0.0,0.0,0.0,0.0,0.0,0.0,0.0,0.0,0.0,0.0,0.0,0.0,0.0,0.0,0.0,0.0,0.0,0.0,0.0,0.0,0.0,0.0,0.0,0.0,0.0,0.0,0.0,0.0,0.0,0.0,0.0,0.0,0.0,0.0,0.0,0.0,0.0,0.0,0.0,0.0,0.0,0.0,0.0,0.0,0.0,0.0,0.0,0.0,0.0,0.0,0.0,0.0,0.0,0.0,0.0,0.0,0.0,0.0,0.0,0.0,0.0,0.0,0.0,0.0,0.0,0.0,0.0,0.0,0.0,0.0,0.0,0.0,0.0,0.0,0.0,0.0,0.0,0.0,0.0,0.0,0.0,0.0,0.0,0.0,0.0,0.0,0.0,0.0,0.0,0.0,0.0,0.0,0.0,0.0,0.0,0.0,0.0,0.0,0.0,0.0,0.0,0.0,0.0,0.0,0.0,0.0,0.0,0.0,0.0,0.0,0.0,0.0,0.0,0.0,0.0,0.0,0.0,0.0,0.0,0.0,0.0,0.0,0.0,0.0,0.0,0.0,0.0,0.0,0.0,0.0,0.0,0.0,0.0,0.0,0.0,0.0,0.0,0.0,0.0,0.0,0.0,0.0,0.0,0.0,0.0,0.0,0.0,0.0,0.0,0.0,0.0,0.0,0.0,0.0,0.0,0.0,0.0,0.0,0.0,0.0,0.0,0.0,0.0,0.0,0.0,0.0,0.0,0.0,0.0,0.0,0.0,0.0,0.0,0.0,0.0,0.0,0.0,0.0,0.0,0.0,0.0,0.0,0.0,0.0,0.0,0.0,0.0,0.0,0.0,0.0,0.0,0.0,0.0,0.0,0.0]
56206.35937600246 [0.0,0.0,0.0,0.0,0.0,0.0,0.0,0.0,0.0,0.0,0.0,0.0,0.0,0.0,0.0,0.0,0.0,0.0,0.0,0.0,0.0,0.0,0.0,0.0,0.0,0.0,0.0,0.0,0.0,0.0,0.0,0.0,0.0,0.0,0.0,0.0,0.0,0.0,0.0,0.0,0.0,0.0,0.0,0.0,0.0,0.0,0.0,0.0,0.0,0.0,0.0,0.0,0.0,0.0,0.0,0.0,0.0,0.0,0.0,0.0,0.0,0.0,0.0,0.0,0.0,0.0,0.0,0.0,0.0,0.0,0.0,0.0,0.0,0.0,0.0,0.0,0.0,0.0,0.0,0.0,0.0,0.0,0.0,0.0,0.0,0.0,0.0,0.0,0.0,0.0,0.0,0.0,0.0,0.0,0.0,0.0,0.0,0.0,0.0,0.0,0.0,0.0,0.0,0.0,0.0,0.0,0.0,0.0,0.0,0.0,0.0,0.0,0.0,0.0,0.0,0.0,0.0,0.0,0.0,0.0,0.0,0.0,0.0,0.0,0.0,0.0,0.0,0.0,0.0,0.0,0.0,0.0,0.0,0.0,0.0,0.0,0.0,0.0,0.0,0.0,0.0,0.0,0.0,0.0,0.0,0.0,0.0,0.0,0.0,0.0,0.0,0.0,0.0,0.0,0.0,0.0,0.0,0.0,0.0,0.0,0.0,0.0,0.0,0.0,0.0,0.0,0.0,0.0,0.0,0.0,0.0,0.0,0.0,0.0,0.0,0.0,0.0,0.0,0.0,0.0,0.0,0.0,0.0,0.0,0.0,0.0,0.0,0.0,0.0,0.0,0.0,0.0,0.0,0.0,0.0,0.0,0.0,0.0,0.0,0.0,0.0,0.0,0.0,0.0,0.0,0.0,0.0,0.0,0.0,0.0,0.0,0.0,0.0,0.0,0.0,0.0,0.0,0.0,0.0,0.0,0.0,0.0,0.0,0.0,0.0,0.0,0.0,0.0,0.0,0.0,0.0,0.0,0.0,0.0,0.0,0.0,0.0,0.0,0.0,0.0,0.0,0.0,0.0,0.0,0.0,0.0,0.0,0.0,0.0,0.0,0.0,0.0,0.0,0.0,0.0,0.0,0.0,0.0,0.0,0.0,0.0,0.0,0.0,0.0,0.0,0.0,0.0,0.0,0.0,0.0,0.0,0.0,0.0,0.0,0.0,0.0,0.0,0.0,0.0,0.0,0.0,0.0,0.0,0.0,0.0,0.0,0.0,0.0,0.0,0.0,0.0,0.0,0.0,0.0,0.0,0.0,0.0,0.0,0.0,0.0] [1311.2619900786005,1321.8202200865917,1332.463464547639,1343.19240799478,1354.0077404728797,1364.9101575830227,1375.9003605272408,1386.9790561536227,1398.1469570017646,1409.4047813486081,1420.7532532546286,1432.193102610412,1443.7250651835902,1455.3498826661717,1467.068302722235,1478.881079036026,1490.78897136042,1502.7927455657994,1514.8931736892998,1527.0910339844697,1539.3871109713293,1551.7821954868166,1564.2770847356642,1576.872582341659,1589.569498399342,1602.368649526097,1615.270858914685,1628.2769563861766,1641.3877784433362,1654.6041683244075,1667.9269760573632,1681.3570585145608,1694.895279467867,1708.5425096441993,1722.2996267815402,1736.1675156853773,1750.1470682856248,1764.2391836939755,1778.4447682617345,1792.7647356381167,1807.2000068289992,1821.7515102561672,1836.4201818170154,1851.2069649447558,1866.112810669078,1881.1386776773347,1896.285532376183,1911.5543489537563,1926.9461094423048,1942.4618037813711,1958.1024298814455,1973.8689936881608,1989.7625092469793,2005.7839987684179,2021.9344926937952,2038.215029761504,2054.626657073813,2071.1704301642176,2087.8474130653335,2104.6586783773164,2121.605307336866,2138.6883898867477,2155.9090247459117,2173.268319480143,2190.767390573309,2208.407363499154,2226.1893727937027,2244.1145621282076,2262.184084382728,2280.399101720259,2298.7607856614945,2317.2703171601615,2335.9288866789793,2354.7376942662327,2373.6979496329395,2392.810872230673,2412.077691329971,2431.4996460994216,2451.0779856853383,2470.813969292122,2490.7088662632277,2510.763956162824,2530.9805288580706,2551.359884602096,2571.9033341176064,2592.612198681206,2613.487810208354,2634.5315113390543,2655.7446555241822,2677.1286071125573,2698.6847414386757,2720.4144449111714,2742.319115101994,2764.4001608362782,2786.6590022829737,2809.097071046162,2831.715810257159,2854.5166746673017,2877.5011307415425,2900.67065675274,2924.0267428767575,2947.570891288285,2971.304616257478,2995.22944424732,3019.346914011829,3043.658576695001,3068.1659959305807,3092.870747942638,3117.7744216469364,3142.87861875312,3168.1849538677375,3193.695054598094,3219.410561656912,3245.333128967883,3271.4644237720117,3297.806126734876,3324.3599320546946,3351.1275475713155,3378.1106948760344,3405.3111094223436,3432.7305406375262,3460.3707520352004,3488.23352132871,3516.320640545493,3544.6339161423107,3573.1751691214417,3601.9462351478164,3630.9489646670518,3660.1852230244945,3689.6568905851636,3719.3658628547196,3749.3140506013438,3779.5033799786634,3809.935792649603,3840.6132459112973,3871.5377128209448,3902.7111823227383,3934.135659375755,3965.8131650829396,3997.7457368210635,4029.9354283717907,4062.3843100537392,4095.0944688556665,4128.068008570669,4161.3070499315045,4194.813730746993,4228.590206039511,4262.638648183577,4296.961247045588,4331.560210124669,4366.437762694626,4401.596147947099,4437.037627135803,4472.764479721992,4508.779003521039,4545.083514850253,4581.680348677821,4618.571858773019,4655.7604178575675,4693.248417758249,4731.038269560753,4769.132403764733,4807.533270440121,4846.243339384716,4885.265100283049,4924.601062866471,4964.253757074609,5004.22573321805,5044.519562142395,5085.137835393579,5126.08316538458,5167.3581855634,5208.965550582488,5250.907936469426,5293.188040799074,5335.808582867062,5378.772303864684,5422.081967055189,5465.740357951513,5509.7502844954415,5554.1145772382,5598.836089522486,5643.917697666003,5689.362301146471,5735.17282278806,5781.352208949439,5827.903429713208,5874.829479076986,5922.133375145914,5969.818160326825,6017.886901523867,6066.342690335802,6115.188643254807,6164.427901866934,6214.06363305417,6264.099029198114,6314.537308385285,6365.381714614103,6416.635518003553,6468.302015003491,6520.384528606639,6572.88640856233,6625.811031591967,6679.16180160615,6732.942149923667,6787.155535492116,6841.805445110439,6896.895393653112,6952.428924296275,7008.409608745552,7064.841047465831,7121.726869912778,7179.070734766296,7236.876330165845,7295.147373947643,7353.887613883764,7413.100827923194,7472.790824434837,7532.961442452409,7593.616551921397,7654.7600539479145,7716.395881049652,7778.527997408752,7841.160399126823,7904.2971144818985,7967.94220418758,8032.099761654146,8096.773913251861,8161.968818576374,8227.688670716232,8293.937696522553,8360.720156880894,8428.04034698531,8495.90259661459,8564.311270410717,8633.270768159597,8702.785525074065,8772.860012079082,8843.498736099358,8914.706240349144,8986.487104624512,9058.845945597834,9131.787417114787,9205.31621049359,9279.437054826807,9354.154717285446,9429.47400342559,9505.399757497484,9581.936862757088,9659.090241780126,9736.864856778713,9815.265709920519,9894.297843650465,9973.966341015032,10054.276325989182,10135.232963805956,10216.841461288606,10299.107067185563,10382.035072507933,10465.630810869876,10549.89965883156,10634.84703624505,10720.478406602804,10806.799277389146,10893.815200434417,10981.531772272076,11069.954634498676,11159.08947413668,11248.94202400021,11339.518063063782,11430.823416834026,11522.863957724268,11615.64560543233,11709.174327321158,11803.456138802712,11898.49710372478,11994.303334761045,12090.880993804161,12188.23629236214,12286.375491957784,12385.304904531427,12485.030892846919,12585.55987090084,12686.898304334996,12789.052710852275,12892.029660635888,12995.8357767719,13100.477735675182,13205.962267518828,13312.296156667053,13419.486242111492,13527.539417911097,13636.462633635434,13746.262894811807,13856.947263375758,13968.522858125163,14080.996855178266,14194.376488435144,14308.66905004285,14423.881890864615] 0.31126199007860056 [Infinity,Infinity,Infinity,Infinity,Infinity,Infinity,Infinity,Infinity,Infinity,Infinity,Infinity,Infinity,Infinity,Infinity,Infinity,Infinity,Infinity,Infinity,Infinity,Infinity,Infinity,Infinity,Infinity,Infinity,Infinity,Infinity,Infinity,Infinity,Infinity,Infinity,Infinity,Infinity,Infinity,Infinity,Infinity,Infinity,Infinity,Infinity,Infinity,Infinity,Infinity,Infinity,Infinity,Infinity,Infinity,Infinity,Infinity,Infinity,Infinity,Infinity,Infinity,Infinity,Infinity,Infinity,Infinity,Infinity,Infinity,Infinity,Infinity,Infinity,Infinity,Infinity,Infinity,Infinity,Infinity,Infinity,Infinity,Infinity,Infinity,Infinity,Infinity,Infinity,Infinity,Infinity,Infinity,Infinity,Infinity,Infinity,Infinity,Infinity,Infinity,Infinity,Infinity,Infinity,Infinity,Infinity,Infinity,Infinity,Infinity,Infinity,Infinity,Infinity,Infinity,Infinity,Infinity,Infinity,Infinity,Infinity,Infinity,Infinity,Infinity,Infinity,Infinity,Infinity,Infinity,Infinity,Infinity,Infinity,Infinity,Infinity,Infinity,Infinity,Infinity,Infinity,Infinity,Infinity,Infinity,Infinity,Infinity,Infinity,Infinity,Infinity,Infinity,Infinity,Infinity,Infinity,Infinity,Infinity,Infinity,Infinity,Infinity,Infinity,Infinity,Infinity,Infinity,Infinity,Infinity,Infinity,Infinity,Infinity,Infinity,Infinity,Infinity,Infinity,Infinity,Infinity,Infinity,Infinity,Infinity,Infinity,Infinity,Infinity,Infinity,Infinity,Infinity,Infinity,Infinity,Infinity,Infinity,Infinity,Infinity,Infinity,Infinity,Infinity,Infinity,Infinity,Infinity,Infinity,Infinity,Infinity,Infinity,Infinity,Infinity,Infinity,Infinity,Infinity,Infinity,Infinity,Infinity,Infinity,Infinity,Infinity,Infinity,Infinity,Infinity,Infinity,Infinity,Infinity,Infinity,Infinity,Infinity,Infinity,Infinity,Infinity,Infinity,Infinity,Infinity,Infinity,Infinity,Infinity,Infinity,Infinity,Infinity,Infinity,Infinity,Infinity,Infinity,Infinity,Infinity,Infinity,Infinity,Infinity,Infinity,Infinity,Infinity,Infinity,Infinity,Infinity,Infinity,Infinity,Infinity,Infinity,Infinity,Infinity,Infinity,Infinity,Infinity,Infinity,Infinity,Infinity,Infinity,Infinity,Infinity,Infinity,Infinity,Infinity,Infinity,Infinity,Infinity,Infinity,Infinity,Infinity,Infinity,Infinity,Infinity,Infinity,Infinity,Infinity,Infinity,Infinity,Infinity,Infinity,Infinity,Infinity,Infinity,Infinity,Infinity,Infinity,Infinity,Infinity,Infinity,Infinity,Infinity,Infinity,Infinity,Infinity,Infinity,Infinity,Infinity,Infinity,Infinity,Infinity,Infinity,Infinity,Infinity,Infinity,Infinity,Infinity,Infinity,Infinity,Infinity,Infinity,Infinity,Infinity,Infinity,Infinity,Infinity,Infinity,Infinity,Infinity,Infinity,Infinity,Infinity,Infinity,Infinity,Infinity,Infinity,Infinity,Infinity,Infinity] [0.0,0.0,0.0,0.0,0.0,0.0,0.0,0.0,0.0,0.0,0.0,0.0,0.0,0.0,0.0,0.0,0.0,0.0,0.0,0.0,0.0,0.0,0.0,0.0,0.0,0.0,0.0,0.0,0.0,0.0,0.0,0.0,0.0,0.0,0.0,0.0,0.0,0.0,0.0,0.0,0.0,0.0,0.0,0.0,0.0,0.0,0.0,0.0,0.0,0.0,0.0,0.0,0.0,0.0,0.0,0.0,0.0,0.0,0.0,0.0,0.0,0.0,0.0,0.0,0.0,0.0,0.0,0.0,0.0,0.0,0.0,0.0,0.0,0.0,0.0,0.0,0.0,0.0,0.0,0.0,0.0,0.0,0.0,0.0,0.0,0.0,0.0,0.0,0.0,0.0,0.0,0.0,0.0,0.0,0.0,0.0,0.0,0.0,0.0,0.0,0.0,0.0,0.0,0.0,0.0,0.0,0.0,0.0,0.0,0.0,0.0,0.0,0.0,0.0,0.0,0.0,0.0,0.0,0.0,0.0,0.0,0.0,0.0,0.0,0.0,0.0,0.0,0.0,0.0,0.0,0.0,0.0,0.0,0.0,0.0,0.0,0.0,0.0,0.0,0.0,0.0,0.0,0.0,0.0,0.0,0.0,0.0,0.0,0.0,0.0,0.0,0.0,0.0,0.0,0.0,0.0,0.0,0.0,0.0,0.0,0.0,0.0,0.0,0.0,0.0,0.0,0.0,0.0,0.0,0.0,0.0,0.0,0.0,0.0,0.0,0.0,0.0,0.0,0.0,0.0,0.0,0.0,0.0,0.0,0.0,0.0,0.0,0.0,0.0,0.0,0.0,0.0,0.0,0.0,0.0,0.0,0.0,0.0,0.0,0.0,0.0,0.0,0.0,0.0,0.0,0.0,0.0,0.0,0.0,0.0,0.0,0.0,0.0,0.0,0.0,0.0,0.0,0.0,0.0,0.0,0.0,0.0,0.0,0.0,0.0,0.0,0.0,0.0,0.0,0.0,0.0,0.0,0.0,0.0,0.0,0.0,0.0,0.0,0.0,0.0,0.0,0.0,0.0,0.0,0.0,0.0,0.0,0.0,0.0,0.0,0.0,0.0,0.0,0.0,0.0,0.0,0.0,0.0,0.0,0.0,0.0,0.0,0.0,0.0,0.0,0.0,0.0,0.0,0.0,0.0,0.0,0.0,0.0,0.0,0.0,0.0,0.0,0.0,0.0,0.0,0.0,0.0,0.0,0.0,0.0,0.0,0.0,0.0,0.0,0.0,0.0,0.0,0.0,0.0,0.0,0.0,0.0,0.0,0.0,0.0]
56200.20230448378 [0.0,0.0,0.0,0.0,0.0,0.0,0.0,0.0,0.0,0.0,0.0,0.0,0.0,0.0,0.0,0.0,0.0,0.0,0.0,0.0,0.0,0.0,0.0,0.0,0.0,0.0,0.0,0.0,0.0,0.0,0.0,0.0,0.0,0.0,0.0,0.0,0.0,0.0,0.0,0.0,0.0,0.0,0.0,0.0,0.0,0.0,0.0,0.0,0.0,0.0,0.0,0.0,0.0,0.0,0.0,0.0,0.0,0.0,0.0,0.0,0.0,0.0,0.0,0.0,0.0,0.0,0.0,0.0,0.0,0.0,0.0,0.0,0.0,0.0,0.0,0.0,0.0,0.0,0.0,0.0,0.0,0.0,0.0,0.0,0.0,0.0,0.0,0.0,0.0,0.0,0.0,0.0,0.0,0.0,0.0,0.0,0.0,0.0,0.0,0.0,0.0,0.0,0.0,0.0,0.0,0.0,0.0,0.0,0.0,0.0,0.0,0.0,0.0,0.0,0.0,0.0,0.0,0.0,0.0,0.0,0.0,0.0,0.0,0.0,0.0,0.0,0.0,0.0,0.0,0.0,0.0,0.0,0.0,0.0,0.0,0.0,0.0,0.0,0.0,0.0,0.0,0.0,0.0,0.0,0.0,0.0,0.0,0.0,0.0,0.0,0.0,0.0,0.0,0.0,0.0,0.0,0.0,0.0,0.0,0.0,0.0,0.0,0.0,0.0,0.0,0.0,0.0,0.0,0.0,0.0,0.0,0.0,0.0,0.0,0.0,0.0,0.0,0.0,0.0,0.0,0.0,0.0,0.0,0.0,0.0,0.0,0.0,0.0,0.0,0.0,0.0,0.0,0.0,0.0,0.0,0.0,0.0,0.0,0.0,0.0,0.0,0.0,0.0,0.0,0.0,0.0,0.0,0.0,0.0,0.0,0.0,0.0,0.0,0.0,0.0,0.0,0.0,0.0,0.0,0.0,0.0,0.0,0.0,0.0,0.0,0.0,0.0,0.0,0.0,0.0,0.0,0.0,0.0,0.0,0.0,0.0,0.0,0.0,0.0,0.0,0.0,0.0,0.0,0.0,0.0,0.0,0.0,0.0,0.0,0.0,0.0,0.0,0.0,0.0,0.0,0.0,0.0,0.0,0.0,0.0,0.0,0.0,0.0,0.0,0.0,0.0,0.0,0.0,0.0,0.0,0.0,0.0,0.0,0.0,0.0,0.0,0.0,0.0,0.0,0.0,0.0,0.0,0.0,0.0,0.0,0.0,0.0,0.0,0.0,0.0,0.0,0.0,0.0,0.0,0.0,0.0,0.0,0.0,0.0,0.0] [1311.2619900786005,1321.8202200865917,1332.463464547639,1343.19240799478,1354.0077404728797,1364.9101575830227,1375.9003605272408,1386.9790561536227,1398.1469570017646,1409.4047813486081,1420.7532532546286,1432.193102610412,1443.7250651835902,1455.3498826661717,1467.068302722235,1478.881079036026,1490.78897136042,1502.7927455657994,1514.8931736892998,1527.0910339844697,1539.3871109713293,1551.7821954868166,1564.2770847356642,1576.872582341659,1589.569498399342,1602.368649526097,1615.270858914685,1628.2769563861766,1641.3877784433362,1654.6041683244075,1667.9269760573632,1681.3570585145608,1694.895279467867,1708.5425096441993,1722.2996267815402,1736.1675156853773,1750.1470682856248,1764.2391836939755,1778.4447682617345,1792.7647356381167,1807.2000068289992,1821.7515102561672,1836.4201818170154,1851.2069649447558,1866.112810669078,1881.1386776773347,1896.285532376183,1911.5543489537563,1926.9461094423048,1942.4618037813711,1958.1024298814455,1973.8689936881608,1989.7625092469793,2005.7839987684179,2021.9344926937952,2038.215029761504,2054.626657073813,2071.1704301642176,2087.8474130653335,2104.6586783773164,2121.605307336866,2138.6883898867477,2155.9090247459117,2173.268319480143,2190.767390573309,2208.407363499154,2226.1893727937027,2244.1145621282076,2262.184084382728,2280.399101720259,2298.7607856614945,2317.2703171601615,2335.9288866789793,2354.7376942662327,2373.6979496329395,2392.810872230673,2412.077691329971,2431.4996460994216,2451.0779856853383,2470.813969292122,2490.7088662632277,2510.763956162824,2530.9805288580706,2551.359884602096,2571.9033341176064,2592.612198681206,2613.487810208354,2634.5315113390543,2655.7446555241822,2677.1286071125573,2698.6847414386757,2720.4144449111714,2742.319115101994,2764.4001608362782,2786.6590022829737,2809.097071046162,2831.715810257159,2854.5166746673017,2877.5011307415425,2900.67065675274,2924.0267428767575,2947.570891288285,2971.304616257478,2995.22944424732,3019.346914011829,3043.658576695001,3068.1659959305807,3092.870747942638,3117.7744216469364,3142.87861875312,3168.1849538677375,3193.695054598094,3219.410561656912,3245.333128967883,3271.4644237720117,3297.806126734876,3324.3599320546946,3351.1275475713155,3378.1106948760344,3405.3111094223436,3432.7305406375262,3460.3707520352004,3488.23352132871,3516.320640545493,3544.6339161423107,3573.1751691214417,3601.9462351478164,3630.9489646670518,3660.1852230244945,3689.6568905851636,3719.3658628547196,3749.3140506013438,3779.5033799786634,3809.935792649603,3840.6132459112973,3871.5377128209448,3902.7111823227383,3934.135659375755,3965.8131650829396,3997.7457368210635,4029.9354283717907,4062.3843100537392,4095.0944688556665,4128.068008570669,4161.3070499315045,4194.813730746993,4228.590206039511,4262.638648183577,4296.961247045588,4331.560210124669,4366.437762694626,4401.596147947099,4437.037627135803,4472.764479721992,4508.779003521039,4545.083514850253,4581.680348677821,4618.571858773019,4655.7604178575675,4693.248417758249,4731.038269560753,4769.132403764733,4807.533270440121,4846.243339384716,4885.265100283049,4924.601062866471,4964.253757074609,5004.22573321805,5044.519562142395,5085.137835393579,5126.08316538458,5167.3581855634,5208.965550582488,5250.907936469426,5293.188040799074,5335.808582867062,5378.772303864684,5422.081967055189,5465.740357951513,5509.7502844954415,5554.1145772382,5598.836089522486,5643.917697666003,5689.362301146471,5735.17282278806,5781.352208949439,5827.903429713208,5874.829479076986,5922.133375145914,5969.818160326825,6017.886901523867,6066.342690335802,6115.188643254807,6164.427901866934,6214.06363305417,6264.099029198114,6314.537308385285,6365.381714614103,6416.635518003553,6468.302015003491,6520.384528606639,6572.88640856233,6625.811031591967,6679.16180160615,6732.942149923667,6787.155535492116,6841.805445110439,6896.895393653112,6952.428924296275,7008.409608745552,7064.841047465831,7121.726869912778,7179.070734766296,7236.876330165845,7295.147373947643,7353.887613883764,7413.100827923194,7472.790824434837,7532.961442452409,7593.616551921397,7654.7600539479145,7716.395881049652,7778.527997408752,7841.160399126823,7904.2971144818985,7967.94220418758,8032.099761654146,8096.773913251861,8161.968818576374,8227.688670716232,8293.937696522553,8360.720156880894,8428.04034698531,8495.90259661459,8564.311270410717,8633.270768159597,8702.785525074065,8772.860012079082,8843.498736099358,8914.706240349144,8986.487104624512,9058.845945597834,9131.787417114787,9205.31621049359,9279.437054826807,9354.154717285446,9429.47400342559,9505.399757497484,9581.936862757088,9659.090241780126,9736.864856778713,9815.265709920519,9894.297843650465,9973.966341015032,10054.276325989182,10135.232963805956,10216.841461288606,10299.107067185563,10382.035072507933,10465.630810869876,10549.89965883156,10634.84703624505,10720.478406602804,10806.799277389146,10893.815200434417,10981.531772272076,11069.954634498676,11159.08947413668,11248.94202400021,11339.518063063782,11430.823416834026,11522.863957724268,11615.64560543233,11709.174327321158,11803.456138802712,11898.49710372478,11994.303334761045,12090.880993804161,12188.23629236214,12286.375491957784,12385.304904531427,12485.030892846919,12585.55987090084,12686.898304334996,12789.052710852275,12892.029660635888,12995.8357767719,13100.477735675182,13205.962267518828,13312.296156667053,13419.486242111492,13527.539417911097,13636.462633635434,13746.262894811807,13856.947263375758,13968.522858125163,14080.996855178266,14194.376488435144,14308.66905004285,14423.881890864615] 0.31126199007860056 [Infinity,Infinity,Infinity,Infinity,Infinity,Infinity,Infinity,Infinity,Infinity,Infinity,Infinity,Infinity,Infinity,Infinity,Infinity,Infinity,Infinity,Infinity,Infinity,Infinity,Infinity,Infinity,Infinity,Infinity,Infinity,Infinity,Infinity,Infinity,Infinity,Infinity,Infinity,Infinity,Infinity,Infinity,Infinity,Infinity,Infinity,Infinity,Infinity,Infinity,Infinity,Infinity,Infinity,Infinity,Infinity,Infinity,Infinity,Infinity,Infinity,Infinity,Infinity,Infinity,Infinity,Infinity,Infinity,Infinity,Infinity,Infinity,Infinity,Infinity,Infinity,Infinity,Infinity,Infinity,Infinity,Infinity,Infinity,Infinity,Infinity,Infinity,Infinity,Infinity,Infinity,Infinity,Infinity,Infinity,Infinity,Infinity,Infinity,Infinity,Infinity,Infinity,Infinity,Infinity,Infinity,Infinity,Infinity,Infinity,Infinity,Infinity,Infinity,Infinity,Infinity,Infinity,Infinity,Infinity,Infinity,Infinity,Infinity,Infinity,Infinity,Infinity,Infinity,Infinity,Infinity,Infinity,Infinity,Infinity,Infinity,Infinity,Infinity,Infinity,Infinity,Infinity,Infinity,Infinity,Infinity,Infinity,Infinity,Infinity,Infinity,Infinity,Infinity,Infinity,Infinity,Infinity,Infinity,Infinity,Infinity,Infinity,Infinity,Infinity,Infinity,Infinity,Infinity,Infinity,Infinity,Infinity,Infinity,Infinity,Infinity,Infinity,Infinity,Infinity,Infinity,Infinity,Infinity,Infinity,Infinity,Infinity,Infinity,Infinity,Infinity,Infinity,Infinity,Infinity,Infinity,Infinity,Infinity,Infinity,Infinity,Infinity,Infinity,Infinity,Infinity,Infinity,Infinity,Infinity,Infinity,Infinity,Infinity,Infinity,Infinity,Infinity,Infinity,Infinity,Infinity,Infinity,Infinity,Infinity,Infinity,Infinity,Infinity,Infinity,Infinity,Infinity,Infinity,Infinity,Infinity,Infinity,Infinity,Infinity,Infinity,Infinity,Infinity,Infinity,Infinity,Infinity,Infinity,Infinity,Infinity,Infinity,Infinity,Infinity,Infinity,Infinity,Infinity,Infinity,Infinity,Infinity,Infinity,Infinity,Infinity,Infinity,Infinity,Infinity,Infinity,Infinity,Infinity,Infinity,Infinity,Infinity,Infinity,Infinity,Infinity,Infinity,Infinity,Infinity,Infinity,Infinity,Infinity,Infinity,Infinity,Infinity,Infinity,Infinity,Infinity,Infinity,Infinity,Infinity,Infinity,Infinity,Infinity,Infinity,Infinity,Infinity,Infinity,Infinity,Infinity,Infinity,Infinity,Infinity,Infinity,Infinity,Infinity,Infinity,Infinity,Infinity,Infinity,Infinity,Infinity,Infinity,Infinity,Infinity,Infinity,Infinity,Infinity,Infinity,Infinity,Infinity,Infinity,Infinity,Infinity,Infinity,Infinity,Infinity,Infinity,Infinity,Infinity,Infinity,Infinity,Infinity,Infinity,Infinity,Infinity,Infinity,Infinity,Infinity,Infinity,Infinity,Infinity,Infinity,Infinity,Infinity,Infinity,Infinity,Infinity,Infinity,Infinity,Infinity] [0.0,0.0,0.0,0.0,0.0,0.0,0.0,0.0,0.0,0.0,0.0,0.0,0.0,0.0,0.0,0.0,0.0,0.0,0.0,0.0,0.0,0.0,0.0,0.0,0.0,0.0,0.0,0.0,0.0,0.0,0.0,0.0,0.0,0.0,0.0,0.0,0.0,0.0,0.0,0.0,0.0,0.0,0.0,0.0,0.0,0.0,0.0,0.0,0.0,0.0,0.0,0.0,0.0,0.0,0.0,0.0,0.0,0.0,0.0,0.0,0.0,0.0,0.0,0.0,0.0,0.0,0.0,0.0,0.0,0.0,0.0,0.0,0.0,0.0,0.0,0.0,0.0,0.0,0.0,0.0,0.0,0.0,0.0,0.0,0.0,0.0,0.0,0.0,0.0,0.0,0.0,0.0,0.0,0.0,0.0,0.0,0.0,0.0,0.0,0.0,0.0,0.0,0.0,0.0,0.0,0.0,0.0,0.0,0.0,0.0,0.0,0.0,0.0,0.0,0.0,0.0,0.0,0.0,0.0,0.0,0.0,0.0,0.0,0.0,0.0,0.0,0.0,0.0,0.0,0.0,0.0,0.0,0.0,0.0,0.0,0.0,0.0,0.0,0.0,0.0,0.0,0.0,0.0,0.0,0.0,0.0,0.0,0.0,0.0,0.0,0.0,0.0,0.0,0.0,0.0,0.0,0.0,0.0,0.0,0.0,0.0,0.0,0.0,0.0,0.0,0.0,0.0,0.0,0.0,0.0,0.0,0.0,0.0,0.0,0.0,0.0,0.0,0.0,0.0,0.0,0.0,0.0,0.0,0.0,0.0,0.0,0.0,0.0,0.0,0.0,0.0,0.0,0.0,0.0,0.0,0.0,0.0,0.0,0.0,0.0,0.0,0.0,0.0,0.0,0.0,0.0,0.0,0.0,0.0,0.0,0.0,0.0,0.0,0.0,0.0,0.0,0.0,0.0,0.0,0.0,0.0,0.0,0.0,0.0,0.0,0.0,0.0,0.0,0.0,0.0,0.0,0.0,0.0,0.0,0.0,0.0,0.0,0.0,0.0,0.0,0.0,0.0,0.0,0.0,0.0,0.0,0.0,0.0,0.0,0.0,0.0,0.0,0.0,0.0,0.0,0.0,0.0,0.0,0.0,0.0,0.0,0.0,0.0,0.0,0.0,0.0,0.0,0.0,0.0,0.0,0.0,0.0,0.0,0.0,0.0,0.0,0.0,0.0,0.0,0.0,0.0,0.0,0.0,0.0,0.0,0.0,0.0,0.0,0.0,0.0,0.0,0.0,0.0,0.0,0.0,0.0,0.0,0.0,0.0,0.0]
56208.716868665615 [0.0,0.0,0.0,0.0,0.0,0.0,0.0,0.0,0.0,0.0,0.0,0.0,0.0,0.0,0.0,0.0,0.0,0.0,0.0,0.0,0.0,0.0,0.0,0.0,0.0,0.0,0.0,0.0,0.0,0.0,0.0,0.0,0.0,0.0,0.0,0.0,0.0,0.0,0.0,0.0,0.0,0.0,0.0,0.0,0.0,0.0,0.0,0.0,0.0,0.0,0.0,0.0,0.0,0.0,0.0,0.0,0.0,0.0,0.0,0.0,0.0,0.0,0.0,0.0,0.0,0.0,0.0,0.0,0.0,0.0,0.0,0.0,0.0,0.0,0.0,0.0,0.0,0.0,0.0,0.0,0.0,0.0,0.0,0.0,0.0,0.0,0.0,0.0,0.0,0.0,0.0,0.0,0.0,0.0,0.0,0.0,0.0,0.0,0.0,0.0,0.0,0.0,0.0,0.0,0.0,0.0,0.0,0.0,0.0,0.0,0.0,0.0,0.0,0.0,0.0,0.0,0.0,0.0,0.0,0.0,0.0,0.0,0.0,0.0,0.0,0.0,0.0,0.0,0.0,0.0,0.0,0.0,0.0,0.0,0.0,0.0,0.0,0.0,0.0,0.0,0.0,0.0,0.0,0.0,0.0,0.0,0.0,0.0,0.0,0.0,0.0,0.0,0.0,0.0,0.0,0.0,0.0,0.0,0.0,0.0,0.0,0.0,0.0,0.0,0.0,0.0,0.0,0.0,0.0,0.0,0.0,0.0,0.0,0.0,0.0,0.0,0.0,0.0,0.0,0.0,0.0,0.0,0.0,0.0,0.0,0.0,0.0,0.0,0.0,0.0,0.0,0.0,0.0,0.0,0.0,0.0,0.0,0.0,0.0,0.0,0.0,0.0,0.0,0.0,0.0,0.0,0.0,0.0,0.0,0.0,0.0,0.0,0.0,0.0,0.0,0.0,0.0,0.0,0.0,0.0,0.0,0.0,0.0,0.0,0.0,0.0,0.0,0.0,0.0,0.0,0.0,0.0,0.0,0.0,0.0,0.0,0.0,0.0,0.0,0.0,0.0,0.0,0.0,0.0,0.0,0.0,0.0,0.0,0.0,0.0,0.0,0.0,0.0,0.0,0.0,0.0,0.0,0.0,0.0,0.0,0.0,0.0,0.0,0.0,0.0,0.0,0.0,0.0,0.0,0.0,0.0,0.0,0.0,0.0,0.0,0.0,0.0,0.0,0.0,0.0,0.0,0.0,0.0,0.0,0.0,0.0,0.0,0.0,0.0,0.0,0.0,0.0,0.0,0.0,0.0,0.0,0.0,0.0,0.0,0.0] [1311.2619900786005,1321.8202200865917,1332.463464547639,1343.19240799478,1354.0077404728797,1364.9101575830227,1375.9003605272408,1386.9790561536227,1398.1469570017646,1409.4047813486081,1420.7532532546286,1432.193102610412,1443.7250651835902,1455.3498826661717,1467.068302722235,1478.881079036026,1490.78897136042,1502.7927455657994,1514.8931736892998,1527.0910339844697,1539.3871109713293,1551.7821954868166,1564.2770847356642,1576.872582341659,1589.569498399342,1602.368649526097,1615.270858914685,1628.2769563861766,1641.3877784433362,1654.6041683244075,1667.9269760573632,1681.3570585145608,1694.895279467867,1708.5425096441993,1722.2996267815402,1736.1675156853773,1750.1470682856248,1764.2391836939755,1778.4447682617345,1792.7647356381167,1807.2000068289992,1821.7515102561672,1836.4201818170154,1851.2069649447558,1866.112810669078,1881.1386776773347,1896.285532376183,1911.5543489537563,1926.9461094423048,1942.4618037813711,1958.1024298814455,1973.8689936881608,1989.7625092469793,2005.7839987684179,2021.9344926937952,2038.215029761504,2054.626657073813,2071.1704301642176,2087.8474130653335,2104.6586783773164,2121.605307336866,2138.6883898867477,2155.9090247459117,2173.268319480143,2190.767390573309,2208.407363499154,2226.1893727937027,2244.1145621282076,2262.184084382728,2280.399101720259,2298.7607856614945,2317.2703171601615,2335.9288866789793,2354.7376942662327,2373.6979496329395,2392.810872230673,2412.077691329971,2431.4996460994216,2451.0779856853383,2470.813969292122,2490.7088662632277,2510.763956162824,2530.9805288580706,2551.359884602096,2571.9033341176064,2592.612198681206,2613.487810208354,2634.5315113390543,2655.7446555241822,2677.1286071125573,2698.6847414386757,2720.4144449111714,2742.319115101994,2764.4001608362782,2786.6590022829737,2809.097071046162,2831.715810257159,2854.5166746673017,2877.5011307415425,2900.67065675274,2924.0267428767575,2947.570891288285,2971.304616257478,2995.22944424732,3019.346914011829,3043.658576695001,3068.1659959305807,3092.870747942638,3117.7744216469364,3142.87861875312,3168.1849538677375,3193.695054598094,3219.410561656912,3245.333128967883,3271.4644237720117,3297.806126734876,3324.3599320546946,3351.1275475713155,3378.1106948760344,3405.3111094223436,3432.7305406375262,3460.3707520352004,3488.23352132871,3516.320640545493,3544.6339161423107,3573.1751691214417,3601.9462351478164,3630.9489646670518,3660.1852230244945,3689.6568905851636,3719.3658628547196,3749.3140506013438,3779.5033799786634,3809.935792649603,3840.6132459112973,3871.5377128209448,3902.7111823227383,3934.135659375755,3965.8131650829396,3997.7457368210635,4029.9354283717907,4062.3843100537392,4095.0944688556665,4128.068008570669,4161.3070499315045,4194.813730746993,4228.590206039511,4262.638648183577,4296.961247045588,4331.560210124669,4366.437762694626,4401.596147947099,4437.037627135803,4472.764479721992,4508.779003521039,4545.083514850253,4581.680348677821,4618.571858773019,4655.7604178575675,4693.248417758249,4731.038269560753,4769.132403764733,4807.533270440121,4846.243339384716,4885.265100283049,4924.601062866471,4964.253757074609,5004.22573321805,5044.519562142395,5085.137835393579,5126.08316538458,5167.3581855634,5208.965550582488,5250.907936469426,5293.188040799074,5335.808582867062,5378.772303864684,5422.081967055189,5465.740357951513,5509.7502844954415,5554.1145772382,5598.836089522486,5643.917697666003,5689.362301146471,5735.17282278806,5781.352208949439,5827.903429713208,5874.829479076986,5922.133375145914,5969.818160326825,6017.886901523867,6066.342690335802,6115.188643254807,6164.427901866934,6214.06363305417,6264.099029198114,6314.537308385285,6365.381714614103,6416.635518003553,6468.302015003491,6520.384528606639,6572.88640856233,6625.811031591967,6679.16180160615,6732.942149923667,6787.155535492116,6841.805445110439,6896.895393653112,6952.428924296275,7008.409608745552,7064.841047465831,7121.726869912778,7179.070734766296,7236.876330165845,7295.147373947643,7353.887613883764,7413.100827923194,7472.790824434837,7532.961442452409,7593.616551921397,7654.7600539479145,7716.395881049652,7778.527997408752,7841.160399126823,7904.2971144818985,7967.94220418758,8032.099761654146,8096.773913251861,8161.968818576374,8227.688670716232,8293.937696522553,8360.720156880894,8428.04034698531,8495.90259661459,8564.311270410717,8633.270768159597,8702.785525074065,8772.860012079082,8843.498736099358,8914.706240349144,8986.487104624512,9058.845945597834,9131.787417114787,9205.31621049359,9279.437054826807,9354.154717285446,9429.47400342559,9505.399757497484,9581.936862757088,9659.090241780126,9736.864856778713,9815.265709920519,9894.297843650465,9973.966341015032,10054.276325989182,10135.232963805956,10216.841461288606,10299.107067185563,10382.035072507933,10465.630810869876,10549.89965883156,10634.84703624505,10720.478406602804,10806.799277389146,10893.815200434417,10981.531772272076,11069.954634498676,11159.08947413668,11248.94202400021,11339.518063063782,11430.823416834026,11522.863957724268,11615.64560543233,11709.174327321158,11803.456138802712,11898.49710372478,11994.303334761045,12090.880993804161,12188.23629236214,12286.375491957784,12385.304904531427,12485.030892846919,12585.55987090084,12686.898304334996,12789.052710852275,12892.029660635888,12995.8357767719,13100.477735675182,13205.962267518828,13312.296156667053,13419.486242111492,13527.539417911097,13636.462633635434,13746.262894811807,13856.947263375758,13968.522858125163,14080.996855178266,14194.376488435144,14308.66905004285,14423.881890864615] 0.31126199007860056 [Infinity,Infinity,Infinity,Infinity,Infinity,Infinity,Infinity,Infinity,Infinity,Infinity,Infinity,Infinity,Infinity,Infinity,Infinity,Infinity,Infinity,Infinity,Infinity,Infinity,Infinity,Infinity,Infinity,Infinity,Infinity,Infinity,Infinity,Infinity,Infinity,Infinity,Infinity,Infinity,Infinity,Infinity,Infinity,Infinity,Infinity,Infinity,Infinity,Infinity,Infinity,Infinity,Infinity,Infinity,Infinity,Infinity,Infinity,Infinity,Infinity,Infinity,Infinity,Infinity,Infinity,Infinity,Infinity,Infinity,Infinity,Infinity,Infinity,Infinity,Infinity,Infinity,Infinity,Infinity,Infinity,Infinity,Infinity,Infinity,Infinity,Infinity,Infinity,Infinity,Infinity,Infinity,Infinity,Infinity,Infinity,Infinity,Infinity,Infinity,Infinity,Infinity,Infinity,Infinity,Infinity,Infinity,Infinity,Infinity,Infinity,Infinity,Infinity,Infinity,Infinity,Infinity,Infinity,Infinity,Infinity,Infinity,Infinity,Infinity,Infinity,Infinity,Infinity,Infinity,Infinity,Infinity,Infinity,Infinity,Infinity,Infinity,Infinity,Infinity,Infinity,Infinity,Infinity,Infinity,Infinity,Infinity,Infinity,Infinity,Infinity,Infinity,Infinity,Infinity,Infinity,Infinity,Infinity,Infinity,Infinity,Infinity,Infinity,Infinity,Infinity,Infinity,Infinity,Infinity,Infinity,Infinity,Infinity,Infinity,Infinity,Infinity,Infinity,Infinity,Infinity,Infinity,Infinity,Infinity,Infinity,Infinity,Infinity,Infinity,Infinity,Infinity,Infinity,Infinity,Infinity,Infinity,Infinity,Infinity,Infinity,Infinity,Infinity,Infinity,Infinity,Infinity,Infinity,Infinity,Infinity,Infinity,Infinity,Infinity,Infinity,Infinity,Infinity,Infinity,Infinity,Infinity,Infinity,Infinity,Infinity,Infinity,Infinity,Infinity,Infinity,Infinity,Infinity,Infinity,Infinity,Infinity,Infinity,Infinity,Infinity,Infinity,Infinity,Infinity,Infinity,Infinity,Infinity,Infinity,Infinity,Infinity,Infinity,Infinity,Infinity,Infinity,Infinity,Infinity,Infinity,Infinity,Infinity,Infinity,Infinity,Infinity,Infinity,Infinity,Infinity,Infinity,Infinity,Infinity,Infinity,Infinity,Infinity,Infinity,Infinity,Infinity,Infinity,Infinity,Infinity,Infinity,Infinity,Infinity,Infinity,Infinity,Infinity,Infinity,Infinity,Infinity,Infinity,Infinity,Infinity,Infinity,Infinity,Infinity,Infinity,Infinity,Infinity,Infinity,Infinity,Infinity,Infinity,Infinity,Infinity,Infinity,Infinity,Infinity,Infinity,Infinity,Infinity,Infinity,Infinity,Infinity,Infinity,Infinity,Infinity,Infinity,Infinity,Infinity,Infinity,Infinity,Infinity,Infinity,Infinity,Infinity,Infinity,Infinity,Infinity,Infinity,Infinity,Infinity,Infinity,Infinity,Infinity,Infinity,Infinity,Infinity,Infinity,Infinity,Infinity,Infinity,Infinity,Infinity,Infinity,Infinity,Infinity,Infinity,Infinity,Infinity,Infinity,Infinity] [0.0,0.0,0.0,0.0,0.0,0.0,0.0,0.0,0.0,0.0,0.0,0.0,0.0,0.0,0.0,0.0,0.0,0.0,0.0,0.0,0.0,0.0,0.0,0.0,0.0,0.0,0.0,0.0,0.0,0.0,0.0,0.0,0.0,0.0,0.0,0.0,0.0,0.0,0.0,0.0,0.0,0.0,0.0,0.0,0.0,0.0,0.0,0.0,0.0,0.0,0.0,0.0,0.0,0.0,0.0,0.0,0.0,0.0,0.0,0.0,0.0,0.0,0.0,0.0,0.0,0.0,0.0,0.0,0.0,0.0,0.0,0.0,0.0,0.0,0.0,0.0,0.0,0.0,0.0,0.0,0.0,0.0,0.0,0.0,0.0,0.0,0.0,0.0,0.0,0.0,0.0,0.0,0.0,0.0,0.0,0.0,0.0,0.0,0.0,0.0,0.0,0.0,0.0,0.0,0.0,0.0,0.0,0.0,0.0,0.0,0.0,0.0,0.0,0.0,0.0,0.0,0.0,0.0,0.0,0.0,0.0,0.0,0.0,0.0,0.0,0.0,0.0,0.0,0.0,0.0,0.0,0.0,0.0,0.0,0.0,0.0,0.0,0.0,0.0,0.0,0.0,0.0,0.0,0.0,0.0,0.0,0.0,0.0,0.0,0.0,0.0,0.0,0.0,0.0,0.0,0.0,0.0,0.0,0.0,0.0,0.0,0.0,0.0,0.0,0.0,0.0,0.0,0.0,0.0,0.0,0.0,0.0,0.0,0.0,0.0,0.0,0.0,0.0,0.0,0.0,0.0,0.0,0.0,0.0,0.0,0.0,0.0,0.0,0.0,0.0,0.0,0.0,0.0,0.0,0.0,0.0,0.0,0.0,0.0,0.0,0.0,0.0,0.0,0.0,0.0,0.0,0.0,0.0,0.0,0.0,0.0,0.0,0.0,0.0,0.0,0.0,0.0,0.0,0.0,0.0,0.0,0.0,0.0,0.0,0.0,0.0,0.0,0.0,0.0,0.0,0.0,0.0,0.0,0.0,0.0,0.0,0.0,0.0,0.0,0.0,0.0,0.0,0.0,0.0,0.0,0.0,0.0,0.0,0.0,0.0,0.0,0.0,0.0,0.0,0.0,0.0,0.0,0.0,0.0,0.0,0.0,0.0,0.0,0.0,0.0,0.0,0.0,0.0,0.0,0.0,0.0,0.0,0.0,0.0,0.0,0.0,0.0,0.0,0.0,0.0,0.0,0.0,0.0,0.0,0.0,0.0,0.0,0.0,0.0,0.0,0.0,0.0,0.0,0.0,0.0,0.0,0.0,0.0,0.0,0.0]
56141.89846231536 [0.0,0.0,0.0,0.0,0.0,0.0,0.0,0.0,0.0,0.0,0.0,0.0,0.0,0.0,0.0,0.0,0.0,0.0,0.0,0.0,0.0,0.0,0.0,0.0,0.0,0.0,0.0,0.0,0.0,0.0,0.0,0.0,0.0,0.0,0.0,0.0,0.0,0.0,0.0,0.0,0.0,0.0,0.0,0.0,0.0,0.0,0.0,0.0,0.0,0.0,0.0,0.0,0.0,0.0,0.0,0.0,0.0,0.0,0.0,0.0,0.0,0.0,0.0,0.0,0.0,0.0,0.0,0.0,0.0,0.0,0.0,0.0,0.0,0.0,0.0,0.0,0.0,0.0,0.0,0.0,0.0,0.0,0.0,0.0,0.0,0.0,0.0,0.0,0.0,0.0,0.0,0.0,0.0,0.0,0.0,0.0,0.0,0.0,0.0,0.0,0.0,0.0,0.0,0.0,0.0,0.0,0.0,0.0,0.0,0.0,0.0,0.0,0.0,0.0,0.0,0.0,0.0,0.0,0.0,0.0,0.0,0.0,0.0,0.0,0.0,0.0,0.0,0.0,0.0,0.0,0.0,0.0,0.0,0.0,0.0,0.0,0.0,0.0,0.0,0.0,0.0,0.0,0.0,0.0,0.0,0.0,0.0,0.0,0.0,0.0,0.0,0.0,0.0,0.0,0.0,0.0,0.0,0.0,0.0,0.0,0.0,0.0,0.0,0.0,0.0,0.0,0.0,0.0,0.0,0.0,0.0,0.0,0.0,0.0,0.0,0.0,0.0,0.0,0.0,0.0,0.0,0.0,0.0,0.0,0.0,0.0,0.0,0.0,0.0,0.0,0.0,0.0,0.0,0.0,0.0,0.0,0.0,0.0,0.0,0.0,0.0,0.0,0.0,0.0,0.0,0.0,0.0,0.0,0.0,0.0,0.0,0.0,0.0,0.0,0.0,0.0,0.0,0.0,0.0,0.0,0.0,0.0,0.0,0.0,0.0,0.0,0.0,0.0,0.0,0.0,0.0,0.0,0.0,0.0,0.0,0.0,0.0,0.0,0.0,0.0,0.0,0.0,0.0,0.0,0.0,0.0,0.0,0.0,0.0,0.0,0.0,0.0,0.0,0.0,0.0,0.0,0.0,0.0,0.0,0.0,0.0,0.0,0.0,0.0,0.0,0.0,0.0,0.0,0.0,0.0,0.0,0.0,0.0,0.0,0.0,0.0,0.0,0.0,0.0,0.0,0.0,0.0,0.0,0.0,0.0,0.0,0.0,0.0,0.0,0.0,0.0,0.0,0.0,0.0,0.0,0.0,0.0,0.0,0.0,0.0] [1311.2619900786005,1321.8202200865917,1332.463464547639,1343.19240799478,1354.0077404728797,1364.9101575830227,1375.9003605272408,1386.9790561536227,1398.1469570017646,1409.4047813486081,1420.7532532546286,1432.193102610412,1443.7250651835902,1455.3498826661717,1467.068302722235,1478.881079036026,1490.78897136042,1502.7927455657994,1514.8931736892998,1527.0910339844697,1539.3871109713293,1551.7821954868166,1564.2770847356642,1576.872582341659,1589.569498399342,1602.368649526097,1615.270858914685,1628.2769563861766,1641.3877784433362,1654.6041683244075,1667.9269760573632,1681.3570585145608,1694.895279467867,1708.5425096441993,1722.2996267815402,1736.1675156853773,1750.1470682856248,1764.2391836939755,1778.4447682617345,1792.7647356381167,1807.2000068289992,1821.7515102561672,1836.4201818170154,1851.2069649447558,1866.112810669078,1881.1386776773347,1896.285532376183,1911.5543489537563,1926.9461094423048,1942.4618037813711,1958.1024298814455,1973.8689936881608,1989.7625092469793,2005.7839987684179,2021.9344926937952,2038.215029761504,2054.626657073813,2071.1704301642176,2087.8474130653335,2104.6586783773164,2121.605307336866,2138.6883898867477,2155.9090247459117,2173.268319480143,2190.767390573309,2208.407363499154,2226.1893727937027,2244.1145621282076,2262.184084382728,2280.399101720259,2298.7607856614945,2317.2703171601615,2335.9288866789793,2354.7376942662327,2373.6979496329395,2392.810872230673,2412.077691329971,2431.4996460994216,2451.0779856853383,2470.813969292122,2490.7088662632277,2510.763956162824,2530.9805288580706,2551.359884602096,2571.9033341176064,2592.612198681206,2613.487810208354,2634.5315113390543,2655.7446555241822,2677.1286071125573,2698.6847414386757,2720.4144449111714,2742.319115101994,2764.4001608362782,2786.6590022829737,2809.097071046162,2831.715810257159,2854.5166746673017,2877.5011307415425,2900.67065675274,2924.0267428767575,2947.570891288285,2971.304616257478,2995.22944424732,3019.346914011829,3043.658576695001,3068.1659959305807,3092.870747942638,3117.7744216469364,3142.87861875312,3168.1849538677375,3193.695054598094,3219.410561656912,3245.333128967883,3271.4644237720117,3297.806126734876,3324.3599320546946,3351.1275475713155,3378.1106948760344,3405.3111094223436,3432.7305406375262,3460.3707520352004,3488.23352132871,3516.320640545493,3544.6339161423107,3573.1751691214417,3601.9462351478164,3630.9489646670518,3660.1852230244945,3689.6568905851636,3719.3658628547196,3749.3140506013438,3779.5033799786634,3809.935792649603,3840.6132459112973,3871.5377128209448,3902.7111823227383,3934.135659375755,3965.8131650829396,3997.7457368210635,4029.9354283717907,4062.3843100537392,4095.0944688556665,4128.068008570669,4161.3070499315045,4194.813730746993,4228.590206039511,4262.638648183577,4296.961247045588,4331.560210124669,4366.437762694626,4401.596147947099,4437.037627135803,4472.764479721992,4508.779003521039,4545.083514850253,4581.680348677821,4618.571858773019,4655.7604178575675,4693.248417758249,4731.038269560753,4769.132403764733,4807.533270440121,4846.243339384716,4885.265100283049,4924.601062866471,4964.253757074609,5004.22573321805,5044.519562142395,5085.137835393579,5126.08316538458,5167.3581855634,5208.965550582488,5250.907936469426,5293.188040799074,5335.808582867062,5378.772303864684,5422.081967055189,5465.740357951513,5509.7502844954415,5554.1145772382,5598.836089522486,5643.917697666003,5689.362301146471,5735.17282278806,5781.352208949439,5827.903429713208,5874.829479076986,5922.133375145914,5969.818160326825,6017.886901523867,6066.342690335802,6115.188643254807,6164.427901866934,6214.06363305417,6264.099029198114,6314.537308385285,6365.381714614103,6416.635518003553,6468.302015003491,6520.384528606639,6572.88640856233,6625.811031591967,6679.16180160615,6732.942149923667,6787.155535492116,6841.805445110439,6896.895393653112,6952.428924296275,7008.409608745552,7064.841047465831,7121.726869912778,7179.070734766296,7236.876330165845,7295.147373947643,7353.887613883764,7413.100827923194,7472.790824434837,7532.961442452409,7593.616551921397,7654.7600539479145,7716.395881049652,7778.527997408752,7841.160399126823,7904.2971144818985,7967.94220418758,8032.099761654146,8096.773913251861,8161.968818576374,8227.688670716232,8293.937696522553,8360.720156880894,8428.04034698531,8495.90259661459,8564.311270410717,8633.270768159597,8702.785525074065,8772.860012079082,8843.498736099358,8914.706240349144,8986.487104624512,9058.845945597834,9131.787417114787,9205.31621049359,9279.437054826807,9354.154717285446,9429.47400342559,9505.399757497484,9581.936862757088,9659.090241780126,9736.864856778713,9815.265709920519,9894.297843650465,9973.966341015032,10054.276325989182,10135.232963805956,10216.841461288606,10299.107067185563,10382.035072507933,10465.630810869876,10549.89965883156,10634.84703624505,10720.478406602804,10806.799277389146,10893.815200434417,10981.531772272076,11069.954634498676,11159.08947413668,11248.94202400021,11339.518063063782,11430.823416834026,11522.863957724268,11615.64560543233,11709.174327321158,11803.456138802712,11898.49710372478,11994.303334761045,12090.880993804161,12188.23629236214,12286.375491957784,12385.304904531427,12485.030892846919,12585.55987090084,12686.898304334996,12789.052710852275,12892.029660635888,12995.8357767719,13100.477735675182,13205.962267518828,13312.296156667053,13419.486242111492,13527.539417911097,13636.462633635434,13746.262894811807,13856.947263375758,13968.522858125163,14080.996855178266,14194.376488435144,14308.66905004285,14423.881890864615] 0.31126199007860056 [Infinity,Infinity,Infinity,Infinity,Infinity,Infinity,Infinity,Infinity,Infinity,Infinity,Infinity,Infinity,Infinity,Infinity,Infinity,Infinity,Infinity,Infinity,Infinity,Infinity,Infinity,Infinity,Infinity,Infinity,Infinity,Infinity,Infinity,Infinity,Infinity,Infinity,Infinity,Infinity,Infinity,Infinity,Infinity,Infinity,Infinity,Infinity,Infinity,Infinity,Infinity,Infinity,Infinity,Infinity,Infinity,Infinity,Infinity,Infinity,Infinity,Infinity,Infinity,Infinity,Infinity,Infinity,Infinity,Infinity,Infinity,Infinity,Infinity,Infinity,Infinity,Infinity,Infinity,Infinity,Infinity,Infinity,Infinity,Infinity,Infinity,Infinity,Infinity,Infinity,Infinity,Infinity,Infinity,Infinity,Infinity,Infinity,Infinity,Infinity,Infinity,Infinity,Infinity,Infinity,Infinity,Infinity,Infinity,Infinity,Infinity,Infinity,Infinity,Infinity,Infinity,Infinity,Infinity,Infinity,Infinity,Infinity,Infinity,Infinity,Infinity,Infinity,Infinity,Infinity,Infinity,Infinity,Infinity,Infinity,Infinity,Infinity,Infinity,Infinity,Infinity,Infinity,Infinity,Infinity,Infinity,Infinity,Infinity,Infinity,Infinity,Infinity,Infinity,Infinity,Infinity,Infinity,Infinity,Infinity,Infinity,Infinity,Infinity,Infinity,Infinity,Infinity,Infinity,Infinity,Infinity,Infinity,Infinity,Infinity,Infinity,Infinity,Infinity,Infinity,Infinity,Infinity,Infinity,Infinity,Infinity,Infinity,Infinity,Infinity,Infinity,Infinity,Infinity,Infinity,Infinity,Infinity,Infinity,Infinity,Infinity,Infinity,Infinity,Infinity,Infinity,Infinity,Infinity,Infinity,Infinity,Infinity,Infinity,Infinity,Infinity,Infinity,Infinity,Infinity,Infinity,Infinity,Infinity,Infinity,Infinity,Infinity,Infinity,Infinity,Infinity,Infinity,Infinity,Infinity,Infinity,Infinity,Infinity,Infinity,Infinity,Infinity,Infinity,Infinity,Infinity,Infinity,Infinity,Infinity,Infinity,Infinity,Infinity,Infinity,Infinity,Infinity,Infinity,Infinity,Infinity,Infinity,Infinity,Infinity,Infinity,Infinity,Infinity,Infinity,Infinity,Infinity,Infinity,Infinity,Infinity,Infinity,Infinity,Infinity,Infinity,Infinity,Infinity,Infinity,Infinity,Infinity,Infinity,Infinity,Infinity,Infinity,Infinity,Infinity,Infinity,Infinity,Infinity,Infinity,Infinity,Infinity,Infinity,Infinity,Infinity,Infinity,Infinity,Infinity,Infinity,Infinity,Infinity,Infinity,Infinity,Infinity,Infinity,Infinity,Infinity,Infinity,Infinity,Infinity,Infinity,Infinity,Infinity,Infinity,Infinity,Infinity,Infinity,Infinity,Infinity,Infinity,Infinity,Infinity,Infinity,Infinity,Infinity,Infinity,Infinity,Infinity,Infinity,Infinity,Infinity,Infinity,Infinity,Infinity,Infinity,Infinity,Infinity,Infinity,Infinity,Infinity,Infinity,Infinity,Infinity,Infinity,Infinity,Infinity,Infinity,Infinity,Infinity,Infinity] [0.0,0.0,0.0,0.0,0.0,0.0,0.0,0.0,0.0,0.0,0.0,0.0,0.0,0.0,0.0,0.0,0.0,0.0,0.0,0.0,0.0,0.0,0.0,0.0,0.0,0.0,0.0,0.0,0.0,0.0,0.0,0.0,0.0,0.0,0.0,0.0,0.0,0.0,0.0,0.0,0.0,0.0,0.0,0.0,0.0,0.0,0.0,0.0,0.0,0.0,0.0,0.0,0.0,0.0,0.0,0.0,0.0,0.0,0.0,0.0,0.0,0.0,0.0,0.0,0.0,0.0,0.0,0.0,0.0,0.0,0.0,0.0,0.0,0.0,0.0,0.0,0.0,0.0,0.0,0.0,0.0,0.0,0.0,0.0,0.0,0.0,0.0,0.0,0.0,0.0,0.0,0.0,0.0,0.0,0.0,0.0,0.0,0.0,0.0,0.0,0.0,0.0,0.0,0.0,0.0,0.0,0.0,0.0,0.0,0.0,0.0,0.0,0.0,0.0,0.0,0.0,0.0,0.0,0.0,0.0,0.0,0.0,0.0,0.0,0.0,0.0,0.0,0.0,0.0,0.0,0.0,0.0,0.0,0.0,0.0,0.0,0.0,0.0,0.0,0.0,0.0,0.0,0.0,0.0,0.0,0.0,0.0,0.0,0.0,0.0,0.0,0.0,0.0,0.0,0.0,0.0,0.0,0.0,0.0,0.0,0.0,0.0,0.0,0.0,0.0,0.0,0.0,0.0,0.0,0.0,0.0,0.0,0.0,0.0,0.0,0.0,0.0,0.0,0.0,0.0,0.0,0.0,0.0,0.0,0.0,0.0,0.0,0.0,0.0,0.0,0.0,0.0,0.0,0.0,0.0,0.0,0.0,0.0,0.0,0.0,0.0,0.0,0.0,0.0,0.0,0.0,0.0,0.0,0.0,0.0,0.0,0.0,0.0,0.0,0.0,0.0,0.0,0.0,0.0,0.0,0.0,0.0,0.0,0.0,0.0,0.0,0.0,0.0,0.0,0.0,0.0,0.0,0.0,0.0,0.0,0.0,0.0,0.0,0.0,0.0,0.0,0.0,0.0,0.0,0.0,0.0,0.0,0.0,0.0,0.0,0.0,0.0,0.0,0.0,0.0,0.0,0.0,0.0,0.0,0.0,0.0,0.0,0.0,0.0,0.0,0.0,0.0,0.0,0.0,0.0,0.0,0.0,0.0,0.0,0.0,0.0,0.0,0.0,0.0,0.0,0.0,0.0,0.0,0.0,0.0,0.0,0.0,0.0,0.0,0.0,0.0,0.0,0.0,0.0,0.0,0.0,0.0,0.0,0.0,0.0]
56182.18181964866 [0.0,0.0,0.0,0.0,0.0,0.0,0.0,0.0,0.0,0.0,0.0,0.0,0.0,0.0,0.0,0.0,0.0,0.0,0.0,0.0,0.0,0.0,0.0,0.0,0.0,0.0,0.0,0.0,0.0,0.0,0.0,0.0,0.0,0.0,0.0,0.0,0.0,0.0,0.0,0.0,0.0,0.0,0.0,0.0,0.0,0.0,0.0,0.0,0.0,0.0,0.0,0.0,0.0,0.0,0.0,0.0,0.0,0.0,0.0,0.0,0.0,0.0,0.0,0.0,0.0,0.0,0.0,0.0,0.0,0.0,0.0,0.0,0.0,0.0,0.0,0.0,0.0,0.0,0.0,0.0,0.0,0.0,0.0,0.0,0.0,0.0,0.0,0.0,0.0,0.0,0.0,0.0,0.0,0.0,0.0,0.0,0.0,0.0,0.0,0.0,0.0,0.0,0.0,0.0,0.0,0.0,0.0,0.0,0.0,0.0,0.0,0.0,0.0,0.0,0.0,0.0,0.0,0.0,0.0,0.0,0.0,0.0,0.0,0.0,0.0,0.0,0.0,0.0,0.0,0.0,0.0,0.0,0.0,0.0,0.0,0.0,0.0,0.0,0.0,0.0,0.0,0.0,0.0,0.0,0.0,0.0,0.0,0.0,0.0,0.0,0.0,0.0,0.0,0.0,0.0,0.0,0.0,0.0,0.0,0.0,0.0,0.0,0.0,0.0,0.0,0.0,0.0,0.0,0.0,0.0,0.0,0.0,0.0,0.0,0.0,0.0,0.0,0.0,0.0,0.0,0.0,0.0,0.0,0.0,0.0,0.0,0.0,0.0,0.0,0.0,0.0,0.0,0.0,0.0,0.0,0.0,0.0,0.0,0.0,0.0,0.0,0.0,0.0,0.0,0.0,0.0,0.0,0.0,0.0,0.0,0.0,0.0,0.0,0.0,0.0,0.0,0.0,0.0,0.0,0.0,0.0,0.0,0.0,0.0,0.0,0.0,0.0,0.0,0.0,0.0,0.0,0.0,0.0,0.0,0.0,0.0,0.0,0.0,0.0,0.0,0.0,0.0,0.0,0.0,0.0,0.0,0.0,0.0,0.0,0.0,0.0,0.0,0.0,0.0,0.0,0.0,0.0,0.0,0.0,0.0,0.0,0.0,0.0,0.0,0.0,0.0,0.0,0.0,0.0,0.0,0.0,0.0,0.0,0.0,0.0,0.0,0.0,0.0,0.0,0.0,0.0,0.0,0.0,0.0,0.0,0.0,0.0,0.0,0.0,0.0,0.0,0.0,0.0,0.0,0.0,0.0,0.0,0.0,0.0,0.0] [1311.2619900786005,1321.8202200865917,1332.463464547639,1343.19240799478,1354.0077404728797,1364.9101575830227,1375.9003605272408,1386.9790561536227,1398.1469570017646,1409.4047813486081,1420.7532532546286,1432.193102610412,1443.7250651835902,1455.3498826661717,1467.068302722235,1478.881079036026,1490.78897136042,1502.7927455657994,1514.8931736892998,1527.0910339844697,1539.3871109713293,1551.7821954868166,1564.2770847356642,1576.872582341659,1589.569498399342,1602.368649526097,1615.270858914685,1628.2769563861766,1641.3877784433362,1654.6041683244075,1667.9269760573632,1681.3570585145608,1694.895279467867,1708.5425096441993,1722.2996267815402,1736.1675156853773,1750.1470682856248,1764.2391836939755,1778.4447682617345,1792.7647356381167,1807.2000068289992,1821.7515102561672,1836.4201818170154,1851.2069649447558,1866.112810669078,1881.1386776773347,1896.285532376183,1911.5543489537563,1926.9461094423048,1942.4618037813711,1958.1024298814455,1973.8689936881608,1989.7625092469793,2005.7839987684179,2021.9344926937952,2038.215029761504,2054.626657073813,2071.1704301642176,2087.8474130653335,2104.6586783773164,2121.605307336866,2138.6883898867477,2155.9090247459117,2173.268319480143,2190.767390573309,2208.407363499154,2226.1893727937027,2244.1145621282076,2262.184084382728,2280.399101720259,2298.7607856614945,2317.2703171601615,2335.9288866789793,2354.7376942662327,2373.6979496329395,2392.810872230673,2412.077691329971,2431.4996460994216,2451.0779856853383,2470.813969292122,2490.7088662632277,2510.763956162824,2530.9805288580706,2551.359884602096,2571.9033341176064,2592.612198681206,2613.487810208354,2634.5315113390543,2655.7446555241822,2677.1286071125573,2698.6847414386757,2720.4144449111714,2742.319115101994,2764.4001608362782,2786.6590022829737,2809.097071046162,2831.715810257159,2854.5166746673017,2877.5011307415425,2900.67065675274,2924.0267428767575,2947.570891288285,2971.304616257478,2995.22944424732,3019.346914011829,3043.658576695001,3068.1659959305807,3092.870747942638,3117.7744216469364,3142.87861875312,3168.1849538677375,3193.695054598094,3219.410561656912,3245.333128967883,3271.4644237720117,3297.806126734876,3324.3599320546946,3351.1275475713155,3378.1106948760344,3405.3111094223436,3432.7305406375262,3460.3707520352004,3488.23352132871,3516.320640545493,3544.6339161423107,3573.1751691214417,3601.9462351478164,3630.9489646670518,3660.1852230244945,3689.6568905851636,3719.3658628547196,3749.3140506013438,3779.5033799786634,3809.935792649603,3840.6132459112973,3871.5377128209448,3902.7111823227383,3934.135659375755,3965.8131650829396,3997.7457368210635,4029.9354283717907,4062.3843100537392,4095.0944688556665,4128.068008570669,4161.3070499315045,4194.813730746993,4228.590206039511,4262.638648183577,4296.961247045588,4331.560210124669,4366.437762694626,4401.596147947099,4437.037627135803,4472.764479721992,4508.779003521039,4545.083514850253,4581.680348677821,4618.571858773019,4655.7604178575675,4693.248417758249,4731.038269560753,4769.132403764733,4807.533270440121,4846.243339384716,4885.265100283049,4924.601062866471,4964.253757074609,5004.22573321805,5044.519562142395,5085.137835393579,5126.08316538458,5167.3581855634,5208.965550582488,5250.907936469426,5293.188040799074,5335.808582867062,5378.772303864684,5422.081967055189,5465.740357951513,5509.7502844954415,5554.1145772382,5598.836089522486,5643.917697666003,5689.362301146471,5735.17282278806,5781.352208949439,5827.903429713208,5874.829479076986,5922.133375145914,5969.818160326825,6017.886901523867,6066.342690335802,6115.188643254807,6164.427901866934,6214.06363305417,6264.099029198114,6314.537308385285,6365.381714614103,6416.635518003553,6468.302015003491,6520.384528606639,6572.88640856233,6625.811031591967,6679.16180160615,6732.942149923667,6787.155535492116,6841.805445110439,6896.895393653112,6952.428924296275,7008.409608745552,7064.841047465831,7121.726869912778,7179.070734766296,7236.876330165845,7295.147373947643,7353.887613883764,7413.100827923194,7472.790824434837,7532.961442452409,7593.616551921397,7654.7600539479145,7716.395881049652,7778.527997408752,7841.160399126823,7904.2971144818985,7967.94220418758,8032.099761654146,8096.773913251861,8161.968818576374,8227.688670716232,8293.937696522553,8360.720156880894,8428.04034698531,8495.90259661459,8564.311270410717,8633.270768159597,8702.785525074065,8772.860012079082,8843.498736099358,8914.706240349144,8986.487104624512,9058.845945597834,9131.787417114787,9205.31621049359,9279.437054826807,9354.154717285446,9429.47400342559,9505.399757497484,9581.936862757088,9659.090241780126,9736.864856778713,9815.265709920519,9894.297843650465,9973.966341015032,10054.276325989182,10135.232963805956,10216.841461288606,10299.107067185563,10382.035072507933,10465.630810869876,10549.89965883156,10634.84703624505,10720.478406602804,10806.799277389146,10893.815200434417,10981.531772272076,11069.954634498676,11159.08947413668,11248.94202400021,11339.518063063782,11430.823416834026,11522.863957724268,11615.64560543233,11709.174327321158,11803.456138802712,11898.49710372478,11994.303334761045,12090.880993804161,12188.23629236214,12286.375491957784,12385.304904531427,12485.030892846919,12585.55987090084,12686.898304334996,12789.052710852275,12892.029660635888,12995.8357767719,13100.477735675182,13205.962267518828,13312.296156667053,13419.486242111492,13527.539417911097,13636.462633635434,13746.262894811807,13856.947263375758,13968.522858125163,14080.996855178266,14194.376488435144,14308.66905004285,14423.881890864615] 0.31126199007860056 [Infinity,Infinity,Infinity,Infinity,Infinity,Infinity,Infinity,Infinity,Infinity,Infinity,Infinity,Infinity,Infinity,Infinity,Infinity,Infinity,Infinity,Infinity,Infinity,Infinity,Infinity,Infinity,Infinity,Infinity,Infinity,Infinity,Infinity,Infinity,Infinity,Infinity,Infinity,Infinity,Infinity,Infinity,Infinity,Infinity,Infinity,Infinity,Infinity,Infinity,Infinity,Infinity,Infinity,Infinity,Infinity,Infinity,Infinity,Infinity,Infinity,Infinity,Infinity,Infinity,Infinity,Infinity,Infinity,Infinity,Infinity,Infinity,Infinity,Infinity,Infinity,Infinity,Infinity,Infinity,Infinity,Infinity,Infinity,Infinity,Infinity,Infinity,Infinity,Infinity,Infinity,Infinity,Infinity,Infinity,Infinity,Infinity,Infinity,Infinity,Infinity,Infinity,Infinity,Infinity,Infinity,Infinity,Infinity,Infinity,Infinity,Infinity,Infinity,Infinity,Infinity,Infinity,Infinity,Infinity,Infinity,Infinity,Infinity,Infinity,Infinity,Infinity,Infinity,Infinity,Infinity,Infinity,Infinity,Infinity,Infinity,Infinity,Infinity,Infinity,Infinity,Infinity,Infinity,Infinity,Infinity,Infinity,Infinity,Infinity,Infinity,Infinity,Infinity,Infinity,Infinity,Infinity,Infinity,Infinity,Infinity,Infinity,Infinity,Infinity,Infinity,Infinity,Infinity,Infinity,Infinity,Infinity,Infinity,Infinity,Infinity,Infinity,Infinity,Infinity,Infinity,Infinity,Infinity,Infinity,Infinity,Infinity,Infinity,Infinity,Infinity,Infinity,Infinity,Infinity,Infinity,Infinity,Infinity,Infinity,Infinity,Infinity,Infinity,Infinity,Infinity,Infinity,Infinity,Infinity,Infinity,Infinity,Infinity,Infinity,Infinity,Infinity,Infinity,Infinity,Infinity,Infinity,Infinity,Infinity,Infinity,Infinity,Infinity,Infinity,Infinity,Infinity,Infinity,Infinity,Infinity,Infinity,Infinity,Infinity,Infinity,Infinity,Infinity,Infinity,Infinity,Infinity,Infinity,Infinity,Infinity,Infinity,Infinity,Infinity,Infinity,Infinity,Infinity,Infinity,Infinity,Infinity,Infinity,Infinity,Infinity,Infinity,Infinity,Infinity,Infinity,Infinity,Infinity,Infinity,Infinity,Infinity,Infinity,Infinity,Infinity,Infinity,Infinity,Infinity,Infinity,Infinity,Infinity,Infinity,Infinity,Infinity,Infinity,Infinity,Infinity,Infinity,Infinity,Infinity,Infinity,Infinity,Infinity,Infinity,Infinity,Infinity,Infinity,Infinity,Infinity,Infinity,Infinity,Infinity,Infinity,Infinity,Infinity,Infinity,Infinity,Infinity,Infinity,Infinity,Infinity,Infinity,Infinity,Infinity,Infinity,Infinity,Infinity,Infinity,Infinity,Infinity,Infinity,Infinity,Infinity,Infinity,Infinity,Infinity,Infinity,Infinity,Infinity,Infinity,Infinity,Infinity,Infinity,Infinity,Infinity,Infinity,Infinity,Infinity,Infinity,Infinity,Infinity,Infinity,Infinity,Infinity,Infinity,Infinity,Infinity,Infinity,Infinity,Infinity] [0.0,0.0,0.0,0.0,0.0,0.0,0.0,0.0,0.0,0.0,0.0,0.0,0.0,0.0,0.0,0.0,0.0,0.0,0.0,0.0,0.0,0.0,0.0,0.0,0.0,0.0,0.0,0.0,0.0,0.0,0.0,0.0,0.0,0.0,0.0,0.0,0.0,0.0,0.0,0.0,0.0,0.0,0.0,0.0,0.0,0.0,0.0,0.0,0.0,0.0,0.0,0.0,0.0,0.0,0.0,0.0,0.0,0.0,0.0,0.0,0.0,0.0,0.0,0.0,0.0,0.0,0.0,0.0,0.0,0.0,0.0,0.0,0.0,0.0,0.0,0.0,0.0,0.0,0.0,0.0,0.0,0.0,0.0,0.0,0.0,0.0,0.0,0.0,0.0,0.0,0.0,0.0,0.0,0.0,0.0,0.0,0.0,0.0,0.0,0.0,0.0,0.0,0.0,0.0,0.0,0.0,0.0,0.0,0.0,0.0,0.0,0.0,0.0,0.0,0.0,0.0,0.0,0.0,0.0,0.0,0.0,0.0,0.0,0.0,0.0,0.0,0.0,0.0,0.0,0.0,0.0,0.0,0.0,0.0,0.0,0.0,0.0,0.0,0.0,0.0,0.0,0.0,0.0,0.0,0.0,0.0,0.0,0.0,0.0,0.0,0.0,0.0,0.0,0.0,0.0,0.0,0.0,0.0,0.0,0.0,0.0,0.0,0.0,0.0,0.0,0.0,0.0,0.0,0.0,0.0,0.0,0.0,0.0,0.0,0.0,0.0,0.0,0.0,0.0,0.0,0.0,0.0,0.0,0.0,0.0,0.0,0.0,0.0,0.0,0.0,0.0,0.0,0.0,0.0,0.0,0.0,0.0,0.0,0.0,0.0,0.0,0.0,0.0,0.0,0.0,0.0,0.0,0.0,0.0,0.0,0.0,0.0,0.0,0.0,0.0,0.0,0.0,0.0,0.0,0.0,0.0,0.0,0.0,0.0,0.0,0.0,0.0,0.0,0.0,0.0,0.0,0.0,0.0,0.0,0.0,0.0,0.0,0.0,0.0,0.0,0.0,0.0,0.0,0.0,0.0,0.0,0.0,0.0,0.0,0.0,0.0,0.0,0.0,0.0,0.0,0.0,0.0,0.0,0.0,0.0,0.0,0.0,0.0,0.0,0.0,0.0,0.0,0.0,0.0,0.0,0.0,0.0,0.0,0.0,0.0,0.0,0.0,0.0,0.0,0.0,0.0,0.0,0.0,0.0,0.0,0.0,0.0,0.0,0.0,0.0,0.0,0.0,0.0,0.0,0.0,0.0,0.0,0.0,0.0,0.0]
56325.95781430082 [0.0,0.0,0.0,0.0,0.0,0.0,0.0,0.0,0.0,0.0,0.0,0.0,0.0,0.0,0.0,0.0,0.0,0.0,0.0,0.0,0.0,0.0,0.0,0.0,0.0,0.0,0.0,0.0,0.0,0.0,0.0,0.0,0.0,0.0,0.0,0.0,0.0,0.0,0.0,0.0,0.0,0.0,0.0,0.0,0.0,0.0,0.0,0.0,0.0,0.0,0.0,0.0,0.0,0.0,0.0,0.0,0.0,0.0,0.0,0.0,0.0,0.0,0.0,0.0,0.0,0.0,0.0,0.0,0.0,0.0,0.0,0.0,0.0,0.0,0.0,0.0,0.0,0.0,0.0,0.0,0.0,0.0,0.0,0.0,0.0,0.0,0.0,0.0,0.0,0.0,0.0,0.0,0.0,0.0,0.0,0.0,0.0,0.0,0.0,0.0,0.0,0.0,0.0,0.0,0.0,0.0,0.0,0.0,0.0,0.0,0.0,0.0,0.0,0.0,0.0,0.0,0.0,0.0,0.0,0.0,0.0,0.0,0.0,0.0,0.0,0.0,0.0,0.0,0.0,0.0,0.0,0.0,0.0,0.0,0.0,0.0,0.0,0.0,0.0,0.0,0.0,0.0,0.0,0.0,0.0,0.0,0.0,0.0,0.0,0.0,0.0,0.0,0.0,0.0,0.0,0.0,0.0,0.0,0.0,0.0,0.0,0.0,0.0,0.0,0.0,0.0,0.0,0.0,0.0,0.0,0.0,0.0,0.0,0.0,0.0,0.0,0.0,0.0,0.0,0.0,0.0,0.0,0.0,0.0,0.0,0.0,0.0,0.0,0.0,0.0,0.0,0.0,0.0,0.0,0.0,0.0,0.0,0.0,0.0,0.0,0.0,0.0,0.0,0.0,0.0,0.0,0.0,0.0,0.0,0.0,0.0,0.0,0.0,0.0,0.0,0.0,0.0,0.0,0.0,0.0,0.0,0.0,0.0,0.0,0.0,0.0,0.0,0.0,0.0,0.0,0.0,0.0,0.0,0.0,0.0,0.0,0.0,0.0,0.0,0.0,0.0,0.0,0.0,0.0,0.0,0.0,0.0,0.0,0.0,0.0,0.0,0.0,0.0,0.0,0.0,0.0,0.0,0.0,0.0,0.0,0.0,0.0,0.0,0.0,0.0,0.0,0.0,0.0,0.0,0.0,0.0,0.0,0.0,0.0,0.0,0.0,0.0,0.0,0.0,0.0,0.0,0.0,0.0,0.0,0.0,0.0,0.0,0.0,0.0,0.0,0.0,0.0,0.0,0.0,0.0,0.0,0.0,0.0,0.0,0.0] [1311.2619900786005,1321.8202200865917,1332.463464547639,1343.19240799478,1354.0077404728797,1364.9101575830227,1375.9003605272408,1386.9790561536227,1398.1469570017646,1409.4047813486081,1420.7532532546286,1432.193102610412,1443.7250651835902,1455.3498826661717,1467.068302722235,1478.881079036026,1490.78897136042,1502.7927455657994,1514.8931736892998,1527.0910339844697,1539.3871109713293,1551.7821954868166,1564.2770847356642,1576.872582341659,1589.569498399342,1602.368649526097,1615.270858914685,1628.2769563861766,1641.3877784433362,1654.6041683244075,1667.9269760573632,1681.3570585145608,1694.895279467867,1708.5425096441993,1722.2996267815402,1736.1675156853773,1750.1470682856248,1764.2391836939755,1778.4447682617345,1792.7647356381167,1807.2000068289992,1821.7515102561672,1836.4201818170154,1851.2069649447558,1866.112810669078,1881.1386776773347,1896.285532376183,1911.5543489537563,1926.9461094423048,1942.4618037813711,1958.1024298814455,1973.8689936881608,1989.7625092469793,2005.7839987684179,2021.9344926937952,2038.215029761504,2054.626657073813,2071.1704301642176,2087.8474130653335,2104.6586783773164,2121.605307336866,2138.6883898867477,2155.9090247459117,2173.268319480143,2190.767390573309,2208.407363499154,2226.1893727937027,2244.1145621282076,2262.184084382728,2280.399101720259,2298.7607856614945,2317.2703171601615,2335.9288866789793,2354.7376942662327,2373.6979496329395,2392.810872230673,2412.077691329971,2431.4996460994216,2451.0779856853383,2470.813969292122,2490.7088662632277,2510.763956162824,2530.9805288580706,2551.359884602096,2571.9033341176064,2592.612198681206,2613.487810208354,2634.5315113390543,2655.7446555241822,2677.1286071125573,2698.6847414386757,2720.4144449111714,2742.319115101994,2764.4001608362782,2786.6590022829737,2809.097071046162,2831.715810257159,2854.5166746673017,2877.5011307415425,2900.67065675274,2924.0267428767575,2947.570891288285,2971.304616257478,2995.22944424732,3019.346914011829,3043.658576695001,3068.1659959305807,3092.870747942638,3117.7744216469364,3142.87861875312,3168.1849538677375,3193.695054598094,3219.410561656912,3245.333128967883,3271.4644237720117,3297.806126734876,3324.3599320546946,3351.1275475713155,3378.1106948760344,3405.3111094223436,3432.7305406375262,3460.3707520352004,3488.23352132871,3516.320640545493,3544.6339161423107,3573.1751691214417,3601.9462351478164,3630.9489646670518,3660.1852230244945,3689.6568905851636,3719.3658628547196,3749.3140506013438,3779.5033799786634,3809.935792649603,3840.6132459112973,3871.5377128209448,3902.7111823227383,3934.135659375755,3965.8131650829396,3997.7457368210635,4029.9354283717907,4062.3843100537392,4095.0944688556665,4128.068008570669,4161.3070499315045,4194.813730746993,4228.590206039511,4262.638648183577,4296.961247045588,4331.560210124669,4366.437762694626,4401.596147947099,4437.037627135803,4472.764479721992,4508.779003521039,4545.083514850253,4581.680348677821,4618.571858773019,4655.7604178575675,4693.248417758249,4731.038269560753,4769.132403764733,4807.533270440121,4846.243339384716,4885.265100283049,4924.601062866471,4964.253757074609,5004.22573321805,5044.519562142395,5085.137835393579,5126.08316538458,5167.3581855634,5208.965550582488,5250.907936469426,5293.188040799074,5335.808582867062,5378.772303864684,5422.081967055189,5465.740357951513,5509.7502844954415,5554.1145772382,5598.836089522486,5643.917697666003,5689.362301146471,5735.17282278806,5781.352208949439,5827.903429713208,5874.829479076986,5922.133375145914,5969.818160326825,6017.886901523867,6066.342690335802,6115.188643254807,6164.427901866934,6214.06363305417,6264.099029198114,6314.537308385285,6365.381714614103,6416.635518003553,6468.302015003491,6520.384528606639,6572.88640856233,6625.811031591967,6679.16180160615,6732.942149923667,6787.155535492116,6841.805445110439,6896.895393653112,6952.428924296275,7008.409608745552,7064.841047465831,7121.726869912778,7179.070734766296,7236.876330165845,7295.147373947643,7353.887613883764,7413.100827923194,7472.790824434837,7532.961442452409,7593.616551921397,7654.7600539479145,7716.395881049652,7778.527997408752,7841.160399126823,7904.2971144818985,7967.94220418758,8032.099761654146,8096.773913251861,8161.968818576374,8227.688670716232,8293.937696522553,8360.720156880894,8428.04034698531,8495.90259661459,8564.311270410717,8633.270768159597,8702.785525074065,8772.860012079082,8843.498736099358,8914.706240349144,8986.487104624512,9058.845945597834,9131.787417114787,9205.31621049359,9279.437054826807,9354.154717285446,9429.47400342559,9505.399757497484,9581.936862757088,9659.090241780126,9736.864856778713,9815.265709920519,9894.297843650465,9973.966341015032,10054.276325989182,10135.232963805956,10216.841461288606,10299.107067185563,10382.035072507933,10465.630810869876,10549.89965883156,10634.84703624505,10720.478406602804,10806.799277389146,10893.815200434417,10981.531772272076,11069.954634498676,11159.08947413668,11248.94202400021,11339.518063063782,11430.823416834026,11522.863957724268,11615.64560543233,11709.174327321158,11803.456138802712,11898.49710372478,11994.303334761045,12090.880993804161,12188.23629236214,12286.375491957784,12385.304904531427,12485.030892846919,12585.55987090084,12686.898304334996,12789.052710852275,12892.029660635888,12995.8357767719,13100.477735675182,13205.962267518828,13312.296156667053,13419.486242111492,13527.539417911097,13636.462633635434,13746.262894811807,13856.947263375758,13968.522858125163,14080.996855178266,14194.376488435144,14308.66905004285,14423.881890864615] 0.31126199007860056 [Infinity,Infinity,Infinity,Infinity,Infinity,Infinity,Infinity,Infinity,Infinity,Infinity,Infinity,Infinity,Infinity,Infinity,Infinity,Infinity,Infinity,Infinity,Infinity,Infinity,Infinity,Infinity,Infinity,Infinity,Infinity,Infinity,Infinity,Infinity,Infinity,Infinity,Infinity,Infinity,Infinity,Infinity,Infinity,Infinity,Infinity,Infinity,Infinity,Infinity,Infinity,Infinity,Infinity,Infinity,Infinity,Infinity,Infinity,Infinity,Infinity,Infinity,Infinity,Infinity,Infinity,Infinity,Infinity,Infinity,Infinity,Infinity,Infinity,Infinity,Infinity,Infinity,Infinity,Infinity,Infinity,Infinity,Infinity,Infinity,Infinity,Infinity,Infinity,Infinity,Infinity,Infinity,Infinity,Infinity,Infinity,Infinity,Infinity,Infinity,Infinity,Infinity,Infinity,Infinity,Infinity,Infinity,Infinity,Infinity,Infinity,Infinity,Infinity,Infinity,Infinity,Infinity,Infinity,Infinity,Infinity,Infinity,Infinity,Infinity,Infinity,Infinity,Infinity,Infinity,Infinity,Infinity,Infinity,Infinity,Infinity,Infinity,Infinity,Infinity,Infinity,Infinity,Infinity,Infinity,Infinity,Infinity,Infinity,Infinity,Infinity,Infinity,Infinity,Infinity,Infinity,Infinity,Infinity,Infinity,Infinity,Infinity,Infinity,Infinity,Infinity,Infinity,Infinity,Infinity,Infinity,Infinity,Infinity,Infinity,Infinity,Infinity,Infinity,Infinity,Infinity,Infinity,Infinity,Infinity,Infinity,Infinity,Infinity,Infinity,Infinity,Infinity,Infinity,Infinity,Infinity,Infinity,Infinity,Infinity,Infinity,Infinity,Infinity,Infinity,Infinity,Infinity,Infinity,Infinity,Infinity,Infinity,Infinity,Infinity,Infinity,Infinity,Infinity,Infinity,Infinity,Infinity,Infinity,Infinity,Infinity,Infinity,Infinity,Infinity,Infinity,Infinity,Infinity,Infinity,Infinity,Infinity,Infinity,Infinity,Infinity,Infinity,Infinity,Infinity,Infinity,Infinity,Infinity,Infinity,Infinity,Infinity,Infinity,Infinity,Infinity,Infinity,Infinity,Infinity,Infinity,Infinity,Infinity,Infinity,Infinity,Infinity,Infinity,Infinity,Infinity,Infinity,Infinity,Infinity,Infinity,Infinity,Infinity,Infinity,Infinity,Infinity,Infinity,Infinity,Infinity,Infinity,Infinity,Infinity,Infinity,Infinity,Infinity,Infinity,Infinity,Infinity,Infinity,Infinity,Infinity,Infinity,Infinity,Infinity,Infinity,Infinity,Infinity,Infinity,Infinity,Infinity,Infinity,Infinity,Infinity,Infinity,Infinity,Infinity,Infinity,Infinity,Infinity,Infinity,Infinity,Infinity,Infinity,Infinity,Infinity,Infinity,Infinity,Infinity,Infinity,Infinity,Infinity,Infinity,Infinity,Infinity,Infinity,Infinity,Infinity,Infinity,Infinity,Infinity,Infinity,Infinity,Infinity,Infinity,Infinity,Infinity,Infinity,Infinity,Infinity,Infinity,Infinity,Infinity,Infinity,Infinity,Infinity,Infinity,Infinity,Infinity,Infinity,Infinity] [0.0,0.0,0.0,0.0,0.0,0.0,0.0,0.0,0.0,0.0,0.0,0.0,0.0,0.0,0.0,0.0,0.0,0.0,0.0,0.0,0.0,0.0,0.0,0.0,0.0,0.0,0.0,0.0,0.0,0.0,0.0,0.0,0.0,0.0,0.0,0.0,0.0,0.0,0.0,0.0,0.0,0.0,0.0,0.0,0.0,0.0,0.0,0.0,0.0,0.0,0.0,0.0,0.0,0.0,0.0,0.0,0.0,0.0,0.0,0.0,0.0,0.0,0.0,0.0,0.0,0.0,0.0,0.0,0.0,0.0,0.0,0.0,0.0,0.0,0.0,0.0,0.0,0.0,0.0,0.0,0.0,0.0,0.0,0.0,0.0,0.0,0.0,0.0,0.0,0.0,0.0,0.0,0.0,0.0,0.0,0.0,0.0,0.0,0.0,0.0,0.0,0.0,0.0,0.0,0.0,0.0,0.0,0.0,0.0,0.0,0.0,0.0,0.0,0.0,0.0,0.0,0.0,0.0,0.0,0.0,0.0,0.0,0.0,0.0,0.0,0.0,0.0,0.0,0.0,0.0,0.0,0.0,0.0,0.0,0.0,0.0,0.0,0.0,0.0,0.0,0.0,0.0,0.0,0.0,0.0,0.0,0.0,0.0,0.0,0.0,0.0,0.0,0.0,0.0,0.0,0.0,0.0,0.0,0.0,0.0,0.0,0.0,0.0,0.0,0.0,0.0,0.0,0.0,0.0,0.0,0.0,0.0,0.0,0.0,0.0,0.0,0.0,0.0,0.0,0.0,0.0,0.0,0.0,0.0,0.0,0.0,0.0,0.0,0.0,0.0,0.0,0.0,0.0,0.0,0.0,0.0,0.0,0.0,0.0,0.0,0.0,0.0,0.0,0.0,0.0,0.0,0.0,0.0,0.0,0.0,0.0,0.0,0.0,0.0,0.0,0.0,0.0,0.0,0.0,0.0,0.0,0.0,0.0,0.0,0.0,0.0,0.0,0.0,0.0,0.0,0.0,0.0,0.0,0.0,0.0,0.0,0.0,0.0,0.0,0.0,0.0,0.0,0.0,0.0,0.0,0.0,0.0,0.0,0.0,0.0,0.0,0.0,0.0,0.0,0.0,0.0,0.0,0.0,0.0,0.0,0.0,0.0,0.0,0.0,0.0,0.0,0.0,0.0,0.0,0.0,0.0,0.0,0.0,0.0,0.0,0.0,0.0,0.0,0.0,0.0,0.0,0.0,0.0,0.0,0.0,0.0,0.0,0.0,0.0,0.0,0.0,0.0,0.0,0.0,0.0,0.0,0.0,0.0,0.0,0.0]
56170.38117311929 [0.0,0.0,0.0,0.0,0.0,0.0,0.0,0.0,0.0,0.0,0.0,0.0,0.0,0.0,0.0,0.0,0.0,0.0,0.0,0.0,0.0,0.0,0.0,0.0,0.0,0.0,0.0,0.0,0.0,0.0,0.0,0.0,0.0,0.0,0.0,0.0,0.0,0.0,0.0,0.0,0.0,0.0,0.0,0.0,0.0,0.0,0.0,0.0,0.0,0.0,0.0,0.0,0.0,0.0,0.0,0.0,0.0,0.0,0.0,0.0,0.0,0.0,0.0,0.0,0.0,0.0,0.0,0.0,0.0,0.0,0.0,0.0,0.0,0.0,0.0,0.0,0.0,0.0,0.0,0.0,0.0,0.0,0.0,0.0,0.0,0.0,0.0,0.0,0.0,0.0,0.0,0.0,0.0,0.0,0.0,0.0,0.0,0.0,0.0,0.0,0.0,0.0,0.0,0.0,0.0,0.0,0.0,0.0,0.0,0.0,0.0,0.0,0.0,0.0,0.0,0.0,0.0,0.0,0.0,0.0,0.0,0.0,0.0,0.0,0.0,0.0,0.0,0.0,0.0,0.0,0.0,0.0,0.0,0.0,0.0,0.0,0.0,0.0,0.0,0.0,0.0,0.0,0.0,0.0,0.0,0.0,0.0,0.0,0.0,0.0,0.0,0.0,0.0,0.0,0.0,0.0,0.0,0.0,0.0,0.0,0.0,0.0,0.0,0.0,0.0,0.0,0.0,0.0,0.0,0.0,0.0,0.0,0.0,0.0,0.0,0.0,0.0,0.0,0.0,0.0,0.0,0.0,0.0,0.0,0.0,0.0,0.0,0.0,0.0,0.0,0.0,0.0,0.0,0.0,0.0,0.0,0.0,0.0,0.0,0.0,0.0,0.0,0.0,0.0,0.0,0.0,0.0,0.0,0.0,0.0,0.0,0.0,0.0,0.0,0.0,0.0,0.0,0.0,0.0,0.0,0.0,0.0,0.0,0.0,0.0,0.0,0.0,0.0,0.0,0.0,0.0,0.0,0.0,0.0,0.0,0.0,0.0,0.0,0.0,0.0,0.0,0.0,0.0,0.0,0.0,0.0,0.0,0.0,0.0,0.0,0.0,0.0,0.0,0.0,0.0,0.0,0.0,0.0,0.0,0.0,0.0,0.0,0.0,0.0,0.0,0.0,0.0,0.0,0.0,0.0,0.0,0.0,0.0,0.0,0.0,0.0,0.0,0.0,0.0,0.0,0.0,0.0,0.0,0.0,0.0,0.0,0.0,0.0,0.0,0.0,0.0,0.0,0.0,0.0,0.0,0.0,0.0,0.0,0.0,0.0] [1311.2619900786005,1321.8202200865917,1332.463464547639,1343.19240799478,1354.0077404728797,1364.9101575830227,1375.9003605272408,1386.9790561536227,1398.1469570017646,1409.4047813486081,1420.7532532546286,1432.193102610412,1443.7250651835902,1455.3498826661717,1467.068302722235,1478.881079036026,1490.78897136042,1502.7927455657994,1514.8931736892998,1527.0910339844697,1539.3871109713293,1551.7821954868166,1564.2770847356642,1576.872582341659,1589.569498399342,1602.368649526097,1615.270858914685,1628.2769563861766,1641.3877784433362,1654.6041683244075,1667.9269760573632,1681.3570585145608,1694.895279467867,1708.5425096441993,1722.2996267815402,1736.1675156853773,1750.1470682856248,1764.2391836939755,1778.4447682617345,1792.7647356381167,1807.2000068289992,1821.7515102561672,1836.4201818170154,1851.2069649447558,1866.112810669078,1881.1386776773347,1896.285532376183,1911.5543489537563,1926.9461094423048,1942.4618037813711,1958.1024298814455,1973.8689936881608,1989.7625092469793,2005.7839987684179,2021.9344926937952,2038.215029761504,2054.626657073813,2071.1704301642176,2087.8474130653335,2104.6586783773164,2121.605307336866,2138.6883898867477,2155.9090247459117,2173.268319480143,2190.767390573309,2208.407363499154,2226.1893727937027,2244.1145621282076,2262.184084382728,2280.399101720259,2298.7607856614945,2317.2703171601615,2335.9288866789793,2354.7376942662327,2373.6979496329395,2392.810872230673,2412.077691329971,2431.4996460994216,2451.0779856853383,2470.813969292122,2490.7088662632277,2510.763956162824,2530.9805288580706,2551.359884602096,2571.9033341176064,2592.612198681206,2613.487810208354,2634.5315113390543,2655.7446555241822,2677.1286071125573,2698.6847414386757,2720.4144449111714,2742.319115101994,2764.4001608362782,2786.6590022829737,2809.097071046162,2831.715810257159,2854.5166746673017,2877.5011307415425,2900.67065675274,2924.0267428767575,2947.570891288285,2971.304616257478,2995.22944424732,3019.346914011829,3043.658576695001,3068.1659959305807,3092.870747942638,3117.7744216469364,3142.87861875312,3168.1849538677375,3193.695054598094,3219.410561656912,3245.333128967883,3271.4644237720117,3297.806126734876,3324.3599320546946,3351.1275475713155,3378.1106948760344,3405.3111094223436,3432.7305406375262,3460.3707520352004,3488.23352132871,3516.320640545493,3544.6339161423107,3573.1751691214417,3601.9462351478164,3630.9489646670518,3660.1852230244945,3689.6568905851636,3719.3658628547196,3749.3140506013438,3779.5033799786634,3809.935792649603,3840.6132459112973,3871.5377128209448,3902.7111823227383,3934.135659375755,3965.8131650829396,3997.7457368210635,4029.9354283717907,4062.3843100537392,4095.0944688556665,4128.068008570669,4161.3070499315045,4194.813730746993,4228.590206039511,4262.638648183577,4296.961247045588,4331.560210124669,4366.437762694626,4401.596147947099,4437.037627135803,4472.764479721992,4508.779003521039,4545.083514850253,4581.680348677821,4618.571858773019,4655.7604178575675,4693.248417758249,4731.038269560753,4769.132403764733,4807.533270440121,4846.243339384716,4885.265100283049,4924.601062866471,4964.253757074609,5004.22573321805,5044.519562142395,5085.137835393579,5126.08316538458,5167.3581855634,5208.965550582488,5250.907936469426,5293.188040799074,5335.808582867062,5378.772303864684,5422.081967055189,5465.740357951513,5509.7502844954415,5554.1145772382,5598.836089522486,5643.917697666003,5689.362301146471,5735.17282278806,5781.352208949439,5827.903429713208,5874.829479076986,5922.133375145914,5969.818160326825,6017.886901523867,6066.342690335802,6115.188643254807,6164.427901866934,6214.06363305417,6264.099029198114,6314.537308385285,6365.381714614103,6416.635518003553,6468.302015003491,6520.384528606639,6572.88640856233,6625.811031591967,6679.16180160615,6732.942149923667,6787.155535492116,6841.805445110439,6896.895393653112,6952.428924296275,7008.409608745552,7064.841047465831,7121.726869912778,7179.070734766296,7236.876330165845,7295.147373947643,7353.887613883764,7413.100827923194,7472.790824434837,7532.961442452409,7593.616551921397,7654.7600539479145,7716.395881049652,7778.527997408752,7841.160399126823,7904.2971144818985,7967.94220418758,8032.099761654146,8096.773913251861,8161.968818576374,8227.688670716232,8293.937696522553,8360.720156880894,8428.04034698531,8495.90259661459,8564.311270410717,8633.270768159597,8702.785525074065,8772.860012079082,8843.498736099358,8914.706240349144,8986.487104624512,9058.845945597834,9131.787417114787,9205.31621049359,9279.437054826807,9354.154717285446,9429.47400342559,9505.399757497484,9581.936862757088,9659.090241780126,9736.864856778713,9815.265709920519,9894.297843650465,9973.966341015032,10054.276325989182,10135.232963805956,10216.841461288606,10299.107067185563,10382.035072507933,10465.630810869876,10549.89965883156,10634.84703624505,10720.478406602804,10806.799277389146,10893.815200434417,10981.531772272076,11069.954634498676,11159.08947413668,11248.94202400021,11339.518063063782,11430.823416834026,11522.863957724268,11615.64560543233,11709.174327321158,11803.456138802712,11898.49710372478,11994.303334761045,12090.880993804161,12188.23629236214,12286.375491957784,12385.304904531427,12485.030892846919,12585.55987090084,12686.898304334996,12789.052710852275,12892.029660635888,12995.8357767719,13100.477735675182,13205.962267518828,13312.296156667053,13419.486242111492,13527.539417911097,13636.462633635434,13746.262894811807,13856.947263375758,13968.522858125163,14080.996855178266,14194.376488435144,14308.66905004285,14423.881890864615] 0.31126199007860056 [Infinity,Infinity,Infinity,Infinity,Infinity,Infinity,Infinity,Infinity,Infinity,Infinity,Infinity,Infinity,Infinity,Infinity,Infinity,Infinity,Infinity,Infinity,Infinity,Infinity,Infinity,Infinity,Infinity,Infinity,Infinity,Infinity,Infinity,Infinity,Infinity,Infinity,Infinity,Infinity,Infinity,Infinity,Infinity,Infinity,Infinity,Infinity,Infinity,Infinity,Infinity,Infinity,Infinity,Infinity,Infinity,Infinity,Infinity,Infinity,Infinity,Infinity,Infinity,Infinity,Infinity,Infinity,Infinity,Infinity,Infinity,Infinity,Infinity,Infinity,Infinity,Infinity,Infinity,Infinity,Infinity,Infinity,Infinity,Infinity,Infinity,Infinity,Infinity,Infinity,Infinity,Infinity,Infinity,Infinity,Infinity,Infinity,Infinity,Infinity,Infinity,Infinity,Infinity,Infinity,Infinity,Infinity,Infinity,Infinity,Infinity,Infinity,Infinity,Infinity,Infinity,Infinity,Infinity,Infinity,Infinity,Infinity,Infinity,Infinity,Infinity,Infinity,Infinity,Infinity,Infinity,Infinity,Infinity,Infinity,Infinity,Infinity,Infinity,Infinity,Infinity,Infinity,Infinity,Infinity,Infinity,Infinity,Infinity,Infinity,Infinity,Infinity,Infinity,Infinity,Infinity,Infinity,Infinity,Infinity,Infinity,Infinity,Infinity,Infinity,Infinity,Infinity,Infinity,Infinity,Infinity,Infinity,Infinity,Infinity,Infinity,Infinity,Infinity,Infinity,Infinity,Infinity,Infinity,Infinity,Infinity,Infinity,Infinity,Infinity,Infinity,Infinity,Infinity,Infinity,Infinity,Infinity,Infinity,Infinity,Infinity,Infinity,Infinity,Infinity,Infinity,Infinity,Infinity,Infinity,Infinity,Infinity,Infinity,Infinity,Infinity,Infinity,Infinity,Infinity,Infinity,Infinity,Infinity,Infinity,Infinity,Infinity,Infinity,Infinity,Infinity,Infinity,Infinity,Infinity,Infinity,Infinity,Infinity,Infinity,Infinity,Infinity,Infinity,Infinity,Infinity,Infinity,Infinity,Infinity,Infinity,Infinity,Infinity,Infinity,Infinity,Infinity,Infinity,Infinity,Infinity,Infinity,Infinity,Infinity,Infinity,Infinity,Infinity,Infinity,Infinity,Infinity,Infinity,Infinity,Infinity,Infinity,Infinity,Infinity,Infinity,Infinity,Infinity,Infinity,Infinity,Infinity,Infinity,Infinity,Infinity,Infinity,Infinity,Infinity,Infinity,Infinity,Infinity,Infinity,Infinity,Infinity,Infinity,Infinity,Infinity,Infinity,Infinity,Infinity,Infinity,Infinity,Infinity,Infinity,Infinity,Infinity,Infinity,Infinity,Infinity,Infinity,Infinity,Infinity,Infinity,Infinity,Infinity,Infinity,Infinity,Infinity,Infinity,Infinity,Infinity,Infinity,Infinity,Infinity,Infinity,Infinity,Infinity,Infinity,Infinity,Infinity,Infinity,Infinity,Infinity,Infinity,Infinity,Infinity,Infinity,Infinity,Infinity,Infinity,Infinity,Infinity,Infinity,Infinity,Infinity,Infinity,Infinity,Infinity,Infinity,Infinity,Infinity,Infinity] [0.0,0.0,0.0,0.0,0.0,0.0,0.0,0.0,0.0,0.0,0.0,0.0,0.0,0.0,0.0,0.0,0.0,0.0,0.0,0.0,0.0,0.0,0.0,0.0,0.0,0.0,0.0,0.0,0.0,0.0,0.0,0.0,0.0,0.0,0.0,0.0,0.0,0.0,0.0,0.0,0.0,0.0,0.0,0.0,0.0,0.0,0.0,0.0,0.0,0.0,0.0,0.0,0.0,0.0,0.0,0.0,0.0,0.0,0.0,0.0,0.0,0.0,0.0,0.0,0.0,0.0,0.0,0.0,0.0,0.0,0.0,0.0,0.0,0.0,0.0,0.0,0.0,0.0,0.0,0.0,0.0,0.0,0.0,0.0,0.0,0.0,0.0,0.0,0.0,0.0,0.0,0.0,0.0,0.0,0.0,0.0,0.0,0.0,0.0,0.0,0.0,0.0,0.0,0.0,0.0,0.0,0.0,0.0,0.0,0.0,0.0,0.0,0.0,0.0,0.0,0.0,0.0,0.0,0.0,0.0,0.0,0.0,0.0,0.0,0.0,0.0,0.0,0.0,0.0,0.0,0.0,0.0,0.0,0.0,0.0,0.0,0.0,0.0,0.0,0.0,0.0,0.0,0.0,0.0,0.0,0.0,0.0,0.0,0.0,0.0,0.0,0.0,0.0,0.0,0.0,0.0,0.0,0.0,0.0,0.0,0.0,0.0,0.0,0.0,0.0,0.0,0.0,0.0,0.0,0.0,0.0,0.0,0.0,0.0,0.0,0.0,0.0,0.0,0.0,0.0,0.0,0.0,0.0,0.0,0.0,0.0,0.0,0.0,0.0,0.0,0.0,0.0,0.0,0.0,0.0,0.0,0.0,0.0,0.0,0.0,0.0,0.0,0.0,0.0,0.0,0.0,0.0,0.0,0.0,0.0,0.0,0.0,0.0,0.0,0.0,0.0,0.0,0.0,0.0,0.0,0.0,0.0,0.0,0.0,0.0,0.0,0.0,0.0,0.0,0.0,0.0,0.0,0.0,0.0,0.0,0.0,0.0,0.0,0.0,0.0,0.0,0.0,0.0,0.0,0.0,0.0,0.0,0.0,0.0,0.0,0.0,0.0,0.0,0.0,0.0,0.0,0.0,0.0,0.0,0.0,0.0,0.0,0.0,0.0,0.0,0.0,0.0,0.0,0.0,0.0,0.0,0.0,0.0,0.0,0.0,0.0,0.0,0.0,0.0,0.0,0.0,0.0,0.0,0.0,0.0,0.0,0.0,0.0,0.0,0.0,0.0,0.0,0.0,0.0,0.0,0.0,0.0,0.0,0.0,0.0]
56246.92874850735 [0.0,0.0,0.0,0.0,0.0,0.0,0.0,0.0,0.0,0.0,0.0,0.0,0.0,0.0,0.0,0.0,0.0,0.0,0.0,0.0,0.0,0.0,0.0,0.0,0.0,0.0,0.0,0.0,0.0,0.0,0.0,0.0,0.0,0.0,0.0,0.0,0.0,0.0,0.0,0.0,0.0,0.0,0.0,0.0,0.0,0.0,0.0,0.0,0.0,0.0,0.0,0.0,0.0,0.0,0.0,0.0,0.0,0.0,0.0,0.0,0.0,0.0,0.0,0.0,0.0,0.0,0.0,0.0,0.0,0.0,0.0,0.0,0.0,0.0,0.0,0.0,0.0,0.0,0.0,0.0,0.0,0.0,0.0,0.0,0.0,0.0,0.0,0.0,0.0,0.0,0.0,0.0,0.0,0.0,0.0,0.0,0.0,0.0,0.0,0.0,0.0,0.0,0.0,0.0,0.0,0.0,0.0,0.0,0.0,0.0,0.0,0.0,0.0,0.0,0.0,0.0,0.0,0.0,0.0,0.0,0.0,0.0,0.0,0.0,0.0,0.0,0.0,0.0,0.0,0.0,0.0,0.0,0.0,0.0,0.0,0.0,0.0,0.0,0.0,0.0,198.99417850427045,259.5574297294011,298.61784371428377,273.1070766379601,246.69397615024602,231.12165111321485,254.4008790029516,275.23619030762774,335.49839902464237,352.6096210053867,364.57793568271245,316.5963720612619,298.2760784529302,319.6881436886611,356.4548077764371,398.87040084064245,522.7872376654092,640.1085139112238,721.7936953660457,811.3750719945685,857.2260231170352,663.318539152682,567.1506403071945,456.39100117279014,397.8878154570531,420.8000977403423,455.95664066693996,517.1153904545408,623.2349731558309,814.9028764167857,901.8900724012996,983.8838492527043,947.9843202261516,918.708471732094,927.0225061546446,988.9942564829363,925.2008942513623,900.2834028764606,827.0983377542294,722.0129483014439,734.2928888114528,645.6679081048859,530.1986014822669,549.0169519944042,604.7583412032619,610.1386184536613,671.0740359340283,730.7410381501244,755.3309171096909,828.3798073989777,763.6934020996381,729.4620054231997,647.5716350000209,626.925913471971,541.6291112471008,563.0924820004993,445.62900705047304,450.1933859269467,444.8832479082509,437.0296195012678,444.83422568066635,444.1790445288722,500.3837996571438,530.870562754539,581.3522310041798,640.6835921910703,557.3895143771244,479.67904467178454,450.9097551966174,434.77620815534215,467.9899309778382,404.7605253514623,377.714464855752,445.64886241059264,510.8593035173376,522.4966874218821,500.2343356255725,513.3308577811179,428.7981169496458,466.4679288560011,481.7359625269695,446.3130567148981,497.0459784788603,452.4792862155358,417.4614896029145,282.21454255452534,191.45279092141482,222.75116573345102,287.4638561611202,377.7264402880486,340.7728240849856,322.9855844181943,308.6933524769976,310.38716752573555,296.29586454820424,278.5929608720321,249.8019307743889,242.57727459261528,228.68244619042252,222.3644015028737,229.35835581491435,195.78041878486425,181.92331256416648,175.84954872118806,153.11654292905402,153.77718191079992,169.11462299810145,152.53374292455263,127.49513342555655,114.84989278919721,119.1938557561661,96.43922858319955,102.14074850523465,92.17345440773526,101.30064294036407,115.52552841761245,124.00751513410698,120.64305981597266,107.13507665814066,93.37191027371077,84.46244596238735,89.71476505167979,90.58743792055124,67.44825657049576,78.3954180858807,88.54501078396382,117.09424416668288,131.06644847678265,149.5601626608723,119.8532204365458,126.50908419467183,126.1104206584261,86.26488644630439,84.71565726931564,74.31014419156318,65.88144298250634,60.1161458545856,62.055936035640194,66.63474472573901,56.141880711953824,48.447793900978624,44.30334074644312,45.015528148673845,38.49724777559202,36.422981327449705,33.731663590223825,30.766943132161824,30.351849863288876,31.251158165086114,27.71489467519387,24.139103297317572,25.07570458534676,23.090458884857735,22.441898622316053,21.269283131556943,23.636807581514617,25.64477602733349,27.62713805937839,27.38864087629661,24.78518887522992] [1311.2619900786005,1321.8202200865917,1332.463464547639,1343.19240799478,1354.0077404728797,1364.9101575830227,1375.9003605272408,1386.9790561536227,1398.1469570017646,1409.4047813486081,1420.7532532546286,1432.193102610412,1443.7250651835902,1455.3498826661717,1467.068302722235,1478.881079036026,1490.78897136042,1502.7927455657994,1514.8931736892998,1527.0910339844697,1539.3871109713293,1551.7821954868166,1564.2770847356642,1576.872582341659,1589.569498399342,1602.368649526097,1615.270858914685,1628.2769563861766,1641.3877784433362,1654.6041683244075,1667.9269760573632,1681.3570585145608,1694.895279467867,1708.5425096441993,1722.2996267815402,1736.1675156853773,1750.1470682856248,1764.2391836939755,1778.4447682617345,1792.7647356381167,1807.2000068289992,1821.7515102561672,1836.4201818170154,1851.2069649447558,1866.112810669078,1881.1386776773347,1896.285532376183,1911.5543489537563,1926.9461094423048,1942.4618037813711,1958.1024298814455,1973.8689936881608,1989.7625092469793,2005.7839987684179,2021.9344926937952,2038.215029761504,2054.626657073813,2071.1704301642176,2087.8474130653335,2104.6586783773164,2121.605307336866,2138.6883898867477,2155.9090247459117,2173.268319480143,2190.767390573309,2208.407363499154,2226.1893727937027,2244.1145621282076,2262.184084382728,2280.399101720259,2298.7607856614945,2317.2703171601615,2335.9288866789793,2354.7376942662327,2373.6979496329395,2392.810872230673,2412.077691329971,2431.4996460994216,2451.0779856853383,2470.813969292122,2490.7088662632277,2510.763956162824,2530.9805288580706,2551.359884602096,2571.9033341176064,2592.612198681206,2613.487810208354,2634.5315113390543,2655.7446555241822,2677.1286071125573,2698.6847414386757,2720.4144449111714,2742.319115101994,2764.4001608362782,2786.6590022829737,2809.097071046162,2831.715810257159,2854.5166746673017,2877.5011307415425,2900.67065675274,2924.0267428767575,2947.570891288285,2971.304616257478,2995.22944424732,3019.346914011829,3043.658576695001,3068.1659959305807,3092.870747942638,3117.7744216469364,3142.87861875312,3168.1849538677375,3193.695054598094,3219.410561656912,3245.333128967883,3271.4644237720117,3297.806126734876,3324.3599320546946,3351.1275475713155,3378.1106948760344,3405.3111094223436,3432.7305406375262,3460.3707520352004,3488.23352132871,3516.320640545493,3544.6339161423107,3573.1751691214417,3601.9462351478164,3630.9489646670518,3660.1852230244945,3689.6568905851636,3719.3658628547196,3749.3140506013438,3779.5033799786634,3809.935792649603,3840.6132459112973,3871.5377128209448,3902.7111823227383,3934.135659375755,3965.8131650829396,3997.7457368210635,4029.9354283717907,4062.3843100537392,4095.0944688556665,4128.068008570669,4161.3070499315045,4194.813730746993,4228.590206039511,4262.638648183577,4296.961247045588,4331.560210124669,4366.437762694626,4401.596147947099,4437.037627135803,4472.764479721992,4508.779003521039,4545.083514850253,4581.680348677821,4618.571858773019,4655.7604178575675,4693.248417758249,4731.038269560753,4769.132403764733,4807.533270440121,4846.243339384716,4885.265100283049,4924.601062866471,4964.253757074609,5004.22573321805,5044.519562142395,5085.137835393579,5126.08316538458,5167.3581855634,5208.965550582488,5250.907936469426,5293.188040799074,5335.808582867062,5378.772303864684,5422.081967055189,5465.740357951513,5509.7502844954415,5554.1145772382,5598.836089522486,5643.917697666003,5689.362301146471,5735.17282278806,5781.352208949439,5827.903429713208,5874.829479076986,5922.133375145914,5969.818160326825,6017.886901523867,6066.342690335802,6115.188643254807,6164.427901866934,6214.06363305417,6264.099029198114,6314.537308385285,6365.381714614103,6416.635518003553,6468.302015003491,6520.384528606639,6572.88640856233,6625.811031591967,6679.16180160615,6732.942149923667,6787.155535492116,6841.805445110439,6896.895393653112,6952.428924296275,7008.409608745552,7064.841047465831,7121.726869912778,7179.070734766296,7236.876330165845,7295.147373947643,7353.887613883764,7413.100827923194,7472.790824434837,7532.961442452409,7593.616551921397,7654.7600539479145,7716.395881049652,7778.527997408752,7841.160399126823,7904.2971144818985,7967.94220418758,8032.099761654146,8096.773913251861,8161.968818576374,8227.688670716232,8293.937696522553,8360.720156880894,8428.04034698531,8495.90259661459,8564.311270410717,8633.270768159597,8702.785525074065,8772.860012079082,8843.498736099358,8914.706240349144,8986.487104624512,9058.845945597834,9131.787417114787,9205.31621049359,9279.437054826807,9354.154717285446,9429.47400342559,9505.399757497484,9581.936862757088,9659.090241780126,9736.864856778713,9815.265709920519,9894.297843650465,9973.966341015032,10054.276325989182,10135.232963805956,10216.841461288606,10299.107067185563,10382.035072507933,10465.630810869876,10549.89965883156,10634.84703624505,10720.478406602804,10806.799277389146,10893.815200434417,10981.531772272076,11069.954634498676,11159.08947413668,11248.94202400021,11339.518063063782,11430.823416834026,11522.863957724268,11615.64560543233,11709.174327321158,11803.456138802712,11898.49710372478,11994.303334761045,12090.880993804161,12188.23629236214,12286.375491957784,12385.304904531427,12485.030892846919,12585.55987090084,12686.898304334996,12789.052710852275,12892.029660635888,12995.8357767719,13100.477735675182,13205.962267518828,13312.296156667053,13419.486242111492,13527.539417911097,13636.462633635434,13746.262894811807,13856.947263375758,13968.522858125163,14080.996855178266,14194.376488435144,14308.66905004285,14423.881890864615] 0.31126199007860056 [Infinity,Infinity,Infinity,Infinity,Infinity,Infinity,Infinity,Infinity,Infinity,Infinity,Infinity,Infinity,Infinity,Infinity,Infinity,Infinity,Infinity,Infinity,Infinity,Infinity,Infinity,Infinity,Infinity,Infinity,Infinity,Infinity,Infinity,Infinity,Infinity,Infinity,Infinity,Infinity,Infinity,Infinity,Infinity,Infinity,Infinity,Infinity,Infinity,Infinity,Infinity,Infinity,Infinity,Infinity,Infinity,Infinity,Infinity,Infinity,Infinity,Infinity,Infinity,Infinity,Infinity,Infinity,Infinity,Infinity,Infinity,Infinity,Infinity,Infinity,Infinity,Infinity,Infinity,Infinity,Infinity,Infinity,Infinity,Infinity,Infinity,Infinity,Infinity,Infinity,Infinity,Infinity,Infinity,Infinity,Infinity,Infinity,Infinity,Infinity,Infinity,Infinity,Infinity,Infinity,Infinity,Infinity,Infinity,Infinity,Infinity,Infinity,Infinity,Infinity,Infinity,Infinity,Infinity,Infinity,Infinity,Infinity,Infinity,Infinity,Infinity,Infinity,Infinity,Infinity,Infinity,Infinity,Infinity,Infinity,Infinity,Infinity,Infinity,Infinity,Infinity,Infinity,Infinity,Infinity,Infinity,Infinity,Infinity,Infinity,Infinity,Infinity,Infinity,Infinity,Infinity,Infinity,Infinity,Infinity,Infinity,Infinity,Infinity,Infinity,Infinity,Infinity,Infinity,Infinity,Infinity,Infinity,Infinity,Infinity,9.58023923750143,12.800280772034133,14.245273436696712,13.28591106698821,11.653004246363086,11.174577730578205,12.197693118707779,14.068335145065195,16.058944518294844,17.33969177155276,17.03966468365351,15.315259613068037,13.972942412414861,14.806308745644696,17.669145181402907,21.360613081946234,25.299306369095415,30.256603949759683,36.82804893744287,42.316149292630286,42.181716737811485,35.42917762031968,27.04495926607738,21.841048773494958,20.03130349291849,20.39849454085779,22.478510333140132,26.411723059036866,31.957846410704565,38.18317208252268,43.83425108497101,46.91571681002283,45.84255312037992,43.4095636638876,43.98174788472751,46.533720662823356,46.4214557837148,43.29182937182317,41.15850878290522,40.624712522345874,37.59483420304633,31.387659961282463,27.2733796863439,27.905645219044338,30.400295947004658,32.76523065687919,35.537936268283,38.539825077222666,40.07191415987295,39.62435779585279,38.46928818459009,36.712187339840135,33.19695919216761,29.026509741400552,26.78513295424371,25.69617636899941,23.793133949535566,22.422949851200563,22.799738292023388,22.687089576324624,21.535459686300122,22.19773372357681,25.130920720879633,28.64447664243864,31.068278211706552,31.084686464673656,28.298728104665837,24.165191349902965,21.646966756838598,21.792697329753864,23.250920613465162,21.574747492854097,19.494984685315217,23.046698687870453,26.50265857867354,26.342449301580483,25.322133872742075,23.922251902451357,22.529871979490334,22.612740462954292,23.34254159698471,23.395689866578056,22.589265369858474,22.23512149798629,20.867022885597784,14.560716721549635,9.853336840417443,11.066952652239623,15.723304721092058,18.0742520915178,17.823697171755544,17.14678063682087,16.280197480941688,15.572067454809638,14.985243618164102,14.137325717746847,12.925467487104934,12.216939701401774,11.507926045355045,10.52260508413502,10.358408495072611,9.622479518279578,8.967542759829648,8.611295468310587,8.013823164205615,7.805623959579369,7.670541574226965,7.318658118938925,6.642334812646723,5.9250815731940065,5.388331336271044,4.815563984538195,5.011489297634921,5.046118323895096,4.9084984339347795,5.241857535276216,6.127271773262027,6.428370406405589,5.604636091444242,5.057090810610978,4.245217536424063,4.399891342135626,4.2693816179898,3.5719807751760064,4.321230922784175,4.661977826124195,5.884525327214499,6.767181103071815,6.838669547320691,6.7126173149499495,6.403349050396736,5.899264927536315,4.888019527736526,4.165621575745544,3.8332969835288373,3.508613479489713,3.0632397453440277,3.166445252803247,2.9887557918916334,2.782739971300656,2.4786228061326225,2.304012690381149,2.155447352400345,1.9867754927663512,1.7816365341283043,1.6053152740891032,1.5612864074533002,1.5970636789388795,1.523515385075767,1.392033257717234,1.2855489822966766,1.167845932225442,1.1529223708593284,1.0707646128589254,1.0699993485851267,1.159597239324133,1.2249445222745545,1.2657095367094424,1.3283597498651372,1.2969471011015659] [0.0,0.0,0.0,0.0,0.0,0.0,0.0,0.0,0.0,0.0,0.0,0.0,0.0,0.0,0.0,0.0,0.0,0.0,0.0,0.0,0.0,0.0,0.0,0.0,0.0,0.0,0.0,0.0,0.0,0.0,0.0,0.0,0.0,0.0,0.0,0.0,0.0,0.0,0.0,0.0,0.0,0.0,0.0,0.0,0.0,0.0,0.0,0.0,0.0,0.0,0.0,0.0,0.0,0.0,0.0,0.0,0.0,0.0,0.0,0.0,0.0,0.0,0.0,0.0,0.0,0.0,0.0,0.0,0.0,0.0,0.0,0.0,0.0,0.0,0.0,0.0,0.0,0.0,0.0,0.0,0.0,0.0,0.0,0.0,0.0,0.0,0.0,0.0,0.0,0.0,0.0,0.0,0.0,0.0,0.0,0.0,0.0,0.0,0.0,0.0,0.0,0.0,0.0,0.0,0.0,0.0,0.0,0.0,0.0,0.0,0.0,0.0,0.0,0.0,0.0,0.0,0.0,0.0,0.0,0.0,0.0,0.0,0.0,0.0,0.0,0.0,0.0,0.0,0.0,0.0,0.0,0.0,0.0,0.0,0.0,0.0,0.0,0.0,0.0,0.0,7.389393754241851,3.5518142887184334,13.712374980349535,7.388855298195933,13.633891222984316,7.630096501650747,10.447016628796018,-6.130512593676133,14.319508658745434,5.8157855743314535,23.784642009642226,10.291179799901165,18.817230204633017,23.56196877576717,3.0719041483789877,-28.341860798282227,16.801110283500893,34.97643491603012,-14.767283382811772,-34.94791385803714,13.591688360805529,-45.26501325371154,26.251454985646937,19.57002570289099,-2.73825440131673,12.830206923186577,6.386434004137297,-11.119070726196432,-15.92195505826042,51.23943476633217,25.205050701879344,45.569513052247665,31.133257818553275,50.51719845434193,47.387548460094465,58.31984322646915,-3.2282214229336836,34.446815439997316,3.9281620961249937,-90.48130214547363,-17.603795249473855,17.914708879236674,-15.268992244611168,-9.095952386482637,-3.2475777368312575,-45.165994683922555,-39.68468943163171,-40.05546339432893,-46.107366087768035,35.892651481921945,-5.692361592163719,-4.781741373602996,-16.36754884333128,46.395718643959924,5.926452162226581,49.16895462051119,-30.233671940238295,1.7343889029353734,-11.111517932216907,-16.71217202522467,14.125031954663896,0.22437005733607368,-2.2346147604488316,-42.01897009423379,-40.01333322995125,18.989862897597163,-8.58504771619233,-3.6247823262747976,17.97042005984546,-1.0777384397351337,2.9715187085349206,-26.73442450561967,-12.185228850552315,-15.285111346816445,-19.19386805613315,-4.3522986097275576,-6.208341829268974,34.88581973209077,-21.799322640160884,14.213119596915222,14.88513058727534,-21.600740616663032,45.260671081690845,7.776856255810007,0.12103189095883574,-8.999791876467386,-5.613945886934027,1.4121126886585735,-27.002238260720937,16.241398457692572,-15.70111935012526,-19.950028318223115,-16.91059714183617,-1.0541815704572213,-3.409007815077838,-4.153553482904859,-8.707418967709758,-1.7615194354201873,-1.4760747166783994,11.912299820173299,22.19018591346212,3.330828419272693,2.572457367573529,3.623639354976315,-7.159920355058283,-2.3352972807874326,15.703791513562143,6.160580545774151,-5.351562827377921,-3.6517386746829215,11.427229030745224,0.12794889243565122,1.9109625525362364,-8.748912070166663,3.130674261668479,10.688377712088121,1.4620796688664424,-7.924348312139128,-4.957645170744175,-7.769905938508781,-0.44190476609389295,1.7169382089672758,5.199805560755235,-3.9913589330243724,-8.029200369802796,-4.694545738520086,-0.5962623776070987,-4.27717358465365,12.786771714458462,-14.399125862453197,-1.5578968132628825,8.125122107699793,-11.495504108426141,1.4032257544047588,-2.355795479013567,-4.29082660728791,-1.1486490522949562,-1.2729690204247552,6.859628887906339,0.48708128594069594,-1.1246622216738198,-1.7769130611798523,1.9065811006669493,-1.238262079735002,0.7902506448836202,1.6253581084417623,-0.45878501690418044,-1.5894237154887134,0.7808504635707723,-0.12577047915081047,-1.5718763486159586,1.718785940837919,0.0320114676711666,1.0266063651375472,-0.1307038401455936,0.4448627950319606,1.1458855818423996,2.3129473251895396,0.8214458789938657,-1.1537531468013953]
56323.06731970433 [0.0,0.0,0.0,0.0,0.0,0.0,0.0,0.0,0.0,0.0,0.0,0.0,0.0,0.0,0.0,0.0,0.0,0.0,0.0,0.0,0.0,0.0,0.0,0.0,0.0,0.0,0.0,0.0,0.0,0.0,0.0,0.0,0.0,0.0,0.0,0.0,0.0,0.0,0.0,0.0,0.0,0.0,0.0,0.0,0.0,0.0,0.0,0.0,0.0,0.0,0.0,0.0,0.0,0.0,0.0,0.0,0.0,0.0,0.0,0.0,0.0,0.0,0.0,0.0,0.0,0.0,0.0,0.0,0.0,0.0,0.0,0.0,0.0,0.0,0.0,0.0,0.0,0.0,0.0,0.0,0.0,0.0,0.0,0.0,0.0,0.0,0.0,0.0,0.0,0.0,0.0,0.0,0.0,0.0,0.0,0.0,0.0,0.0,0.0,0.0,0.0,0.0,0.0,0.0,0.0,0.0,0.0,0.0,0.0,0.0,0.0,0.0,0.0,0.0,0.0,0.0,0.0,0.0,0.0,0.0,0.0,0.0,0.0,0.0,0.0,0.0,0.0,0.0,0.0,0.0,0.0,0.0,0.0,0.0,0.0,0.0,0.0,0.0,0.0,0.0,0.0,0.0,0.0,0.0,0.0,0.0,0.0,0.0,0.0,0.0,0.0,0.0,0.0,0.0,0.0,0.0,0.0,0.0,0.0,0.0,0.0,0.0,0.0,0.0,0.0,0.0,0.0,0.0,0.0,0.0,0.0,0.0,0.0,0.0,0.0,0.0,0.0,0.0,0.0,0.0,0.0,0.0,0.0,0.0,0.0,0.0,0.0,0.0,0.0,0.0,0.0,0.0,0.0,0.0,0.0,0.0,0.0,0.0,0.0,0.0,0.0,0.0,0.0,0.0,0.0,0.0,0.0,0.0,0.0,0.0,0.0,0.0,0.0,0.0,0.0,0.0,0.0,0.0,0.0,0.0,0.0,0.0,0.0,0.0,0.0,0.0,0.0,0.0,0.0,0.0,0.0,0.0,0.0,0.0,0.0,0.0,0.0,0.0,0.0,0.0,0.0,0.0,0.0,0.0,0.0,0.0,0.0,0.0,0.0,0.0,0.0,0.0,0.0,0.0,0.0,0.0,0.0,0.0,0.0,0.0,0.0,0.0,0.0,0.0,0.0,0.0,0.0,0.0,0.0,0.0,0.0,0.0,0.0,0.0,0.0,0.0,0.0,0.0,0.0,0.0,0.0,0.0,0.0,0.0,0.0,0.0,0.0,0.0,0.0,0.0,0.0,0.0,0.0,0.0,0.0,0.0,0.0,0.0,0.0,0.0] [1311.2619900786005,1321.8202200865917,1332.463464547639,1343.19240799478,1354.0077404728797,1364.9101575830227,1375.9003605272408,1386.9790561536227,1398.1469570017646,1409.4047813486081,1420.7532532546286,1432.193102610412,1443.7250651835902,1455.3498826661717,1467.068302722235,1478.881079036026,1490.78897136042,1502.7927455657994,1514.8931736892998,1527.0910339844697,1539.3871109713293,1551.7821954868166,1564.2770847356642,1576.872582341659,1589.569498399342,1602.368649526097,1615.270858914685,1628.2769563861766,1641.3877784433362,1654.6041683244075,1667.9269760573632,1681.3570585145608,1694.895279467867,1708.5425096441993,1722.2996267815402,1736.1675156853773,1750.1470682856248,1764.2391836939755,1778.4447682617345,1792.7647356381167,1807.2000068289992,1821.7515102561672,1836.4201818170154,1851.2069649447558,1866.112810669078,1881.1386776773347,1896.285532376183,1911.5543489537563,1926.9461094423048,1942.4618037813711,1958.1024298814455,1973.8689936881608,1989.7625092469793,2005.7839987684179,2021.9344926937952,2038.215029761504,2054.626657073813,2071.1704301642176,2087.8474130653335,2104.6586783773164,2121.605307336866,2138.6883898867477,2155.9090247459117,2173.268319480143,2190.767390573309,2208.407363499154,2226.1893727937027,2244.1145621282076,2262.184084382728,2280.399101720259,2298.7607856614945,2317.2703171601615,2335.9288866789793,2354.7376942662327,2373.6979496329395,2392.810872230673,2412.077691329971,2431.4996460994216,2451.0779856853383,2470.813969292122,2490.7088662632277,2510.763956162824,2530.9805288580706,2551.359884602096,2571.9033341176064,2592.612198681206,2613.487810208354,2634.5315113390543,2655.7446555241822,2677.1286071125573,2698.6847414386757,2720.4144449111714,2742.319115101994,2764.4001608362782,2786.6590022829737,2809.097071046162,2831.715810257159,2854.5166746673017,2877.5011307415425,2900.67065675274,2924.0267428767575,2947.570891288285,2971.304616257478,2995.22944424732,3019.346914011829,3043.658576695001,3068.1659959305807,3092.870747942638,3117.7744216469364,3142.87861875312,3168.1849538677375,3193.695054598094,3219.410561656912,3245.333128967883,3271.4644237720117,3297.806126734876,3324.3599320546946,3351.1275475713155,3378.1106948760344,3405.3111094223436,3432.7305406375262,3460.3707520352004,3488.23352132871,3516.320640545493,3544.6339161423107,3573.1751691214417,3601.9462351478164,3630.9489646670518,3660.1852230244945,3689.6568905851636,3719.3658628547196,3749.3140506013438,3779.5033799786634,3809.935792649603,3840.6132459112973,3871.5377128209448,3902.7111823227383,3934.135659375755,3965.8131650829396,3997.7457368210635,4029.9354283717907,4062.3843100537392,4095.0944688556665,4128.068008570669,4161.3070499315045,4194.813730746993,4228.590206039511,4262.638648183577,4296.961247045588,4331.560210124669,4366.437762694626,4401.596147947099,4437.037627135803,4472.764479721992,4508.779003521039,4545.083514850253,4581.680348677821,4618.571858773019,4655.7604178575675,4693.248417758249,4731.038269560753,4769.132403764733,4807.533270440121,4846.243339384716,4885.265100283049,4924.601062866471,4964.253757074609,5004.22573321805,5044.519562142395,5085.137835393579,5126.08316538458,5167.3581855634,5208.965550582488,5250.907936469426,5293.188040799074,5335.808582867062,5378.772303864684,5422.081967055189,5465.740357951513,5509.7502844954415,5554.1145772382,5598.836089522486,5643.917697666003,5689.362301146471,5735.17282278806,5781.352208949439,5827.903429713208,5874.829479076986,5922.133375145914,5969.818160326825,6017.886901523867,6066.342690335802,6115.188643254807,6164.427901866934,6214.06363305417,6264.099029198114,6314.537308385285,6365.381714614103,6416.635518003553,6468.302015003491,6520.384528606639,6572.88640856233,6625.811031591967,6679.16180160615,6732.942149923667,6787.155535492116,6841.805445110439,6896.895393653112,6952.428924296275,7008.409608745552,7064.841047465831,7121.726869912778,7179.070734766296,7236.876330165845,7295.147373947643,7353.887613883764,7413.100827923194,7472.790824434837,7532.961442452409,7593.616551921397,7654.7600539479145,7716.395881049652,7778.527997408752,7841.160399126823,7904.2971144818985,7967.94220418758,8032.099761654146,8096.773913251861,8161.968818576374,8227.688670716232,8293.937696522553,8360.720156880894,8428.04034698531,8495.90259661459,8564.311270410717,8633.270768159597,8702.785525074065,8772.860012079082,8843.498736099358,8914.706240349144,8986.487104624512,9058.845945597834,9131.787417114787,9205.31621049359,9279.437054826807,9354.154717285446,9429.47400342559,9505.399757497484,9581.936862757088,9659.090241780126,9736.864856778713,9815.265709920519,9894.297843650465,9973.966341015032,10054.276325989182,10135.232963805956,10216.841461288606,10299.107067185563,10382.035072507933,10465.630810869876,10549.89965883156,10634.84703624505,10720.478406602804,10806.799277389146,10893.815200434417,10981.531772272076,11069.954634498676,11159.08947413668,11248.94202400021,11339.518063063782,11430.823416834026,11522.863957724268,11615.64560543233,11709.174327321158,11803.456138802712,11898.49710372478,11994.303334761045,12090.880993804161,12188.23629236214,12286.375491957784,12385.304904531427,12485.030892846919,12585.55987090084,12686.898304334996,12789.052710852275,12892.029660635888,12995.8357767719,13100.477735675182,13205.962267518828,13312.296156667053,13419.486242111492,13527.539417911097,13636.462633635434,13746.262894811807,13856.947263375758,13968.522858125163,14080.996855178266,14194.376488435144,14308.66905004285,14423.881890864615] 0.31126199007860056 [Infinity,Infinity,Infinity,Infinity,Infinity,Infinity,Infinity,Infinity,Infinity,Infinity,Infinity,Infinity,Infinity,Infinity,Infinity,Infinity,Infinity,Infinity,Infinity,Infinity,Infinity,Infinity,Infinity,Infinity,Infinity,Infinity,Infinity,Infinity,Infinity,Infinity,Infinity,Infinity,Infinity,Infinity,Infinity,Infinity,Infinity,Infinity,Infinity,Infinity,Infinity,Infinity,Infinity,Infinity,Infinity,Infinity,Infinity,Infinity,Infinity,Infinity,Infinity,Infinity,Infinity,Infinity,Infinity,Infinity,Infinity,Infinity,Infinity,Infinity,Infinity,Infinity,Infinity,Infinity,Infinity,Infinity,Infinity,Infinity,Infinity,Infinity,Infinity,Infinity,Infinity,Infinity,Infinity,Infinity,Infinity,Infinity,Infinity,Infinity,Infinity,Infinity,Infinity,Infinity,Infinity,Infinity,Infinity,Infinity,Infinity,Infinity,Infinity,Infinity,Infinity,Infinity,Infinity,Infinity,Infinity,Infinity,Infinity,Infinity,Infinity,Infinity,Infinity,Infinity,Infinity,Infinity,Infinity,Infinity,Infinity,Infinity,Infinity,Infinity,Infinity,Infinity,Infinity,Infinity,Infinity,Infinity,Infinity,Infinity,Infinity,Infinity,Infinity,Infinity,Infinity,Infinity,Infinity,Infinity,Infinity,Infinity,Infinity,Infinity,Infinity,Infinity,Infinity,Infinity,Infinity,Infinity,Infinity,Infinity,Infinity,Infinity,Infinity,Infinity,Infinity,Infinity,Infinity,Infinity,Infinity,Infinity,Infinity,Infinity,Infinity,Infinity,Infinity,Infinity,Infinity,Infinity,Infinity,Infinity,Infinity,Infinity,Infinity,Infinity,Infinity,Infinity,Infinity,Infinity,Infinity,Infinity,Infinity,Infinity,Infinity,Infinity,Infinity,Infinity,Infinity,Infinity,Infinity,Infinity,Infinity,Infinity,Infinity,Infinity,Infinity,Infinity,Infinity,Infinity,Infinity,Infinity,Infinity,Infinity,Infinity,Infinity,Infinity,Infinity,Infinity,Infinity,Infinity,Infinity,Infinity,Infinity,Infinity,Infinity,Infinity,Infinity,Infinity,Infinity,Infinity,Infinity,Infinity,Infinity,Infinity,Infinity,Infinity,Infinity,Infinity,Infinity,Infinity,Infinity,Infinity,Infinity,Infinity,Infinity,Infinity,Infinity,Infinity,Infinity,Infinity,Infinity,Infinity,Infinity,Infinity,Infinity,Infinity,Infinity,Infinity,Infinity,Infinity,Infinity,Infinity,Infinity,Infinity,Infinity,Infinity,Infinity,Infinity,Infinity,Infinity,Infinity,Infinity,Infinity,Infinity,Infinity,Infinity,Infinity,Infinity,Infinity,Infinity,Infinity,Infinity,Infinity,Infinity,Infinity,Infinity,Infinity,Infinity,Infinity,Infinity,Infinity,Infinity,Infinity,Infinity,Infinity,Infinity,Infinity,Infinity,Infinity,Infinity,Infinity,Infinity,Infinity,Infinity,Infinity,Infinity,Infinity,Infinity,Infinity,Infinity,Infinity,Infinity,Infinity,Infinity,Infinity,Infinity,Infinity,Infinity,Infinity,Infinity,Infinity] [0.0,0.0,0.0,0.0,0.0,0.0,0.0,0.0,0.0,0.0,0.0,0.0,0.0,0.0,0.0,0.0,0.0,0.0,0.0,0.0,0.0,0.0,0.0,0.0,0.0,0.0,0.0,0.0,0.0,0.0,0.0,0.0,0.0,0.0,0.0,0.0,0.0,0.0,0.0,0.0,0.0,0.0,0.0,0.0,0.0,0.0,0.0,0.0,0.0,0.0,0.0,0.0,0.0,0.0,0.0,0.0,0.0,0.0,0.0,0.0,0.0,0.0,0.0,0.0,0.0,0.0,0.0,0.0,0.0,0.0,0.0,0.0,0.0,0.0,0.0,0.0,0.0,0.0,0.0,0.0,0.0,0.0,0.0,0.0,0.0,0.0,0.0,0.0,0.0,0.0,0.0,0.0,0.0,0.0,0.0,0.0,0.0,0.0,0.0,0.0,0.0,0.0,0.0,0.0,0.0,0.0,0.0,0.0,0.0,0.0,0.0,0.0,0.0,0.0,0.0,0.0,0.0,0.0,0.0,0.0,0.0,0.0,0.0,0.0,0.0,0.0,0.0,0.0,0.0,0.0,0.0,0.0,0.0,0.0,0.0,0.0,0.0,0.0,0.0,0.0,0.0,0.0,0.0,0.0,0.0,0.0,0.0,0.0,0.0,0.0,0.0,0.0,0.0,0.0,0.0,0.0,0.0,0.0,0.0,0.0,0.0,0.0,0.0,0.0,0.0,0.0,0.0,0.0,0.0,0.0,0.0,0.0,0.0,0.0,0.0,0.0,0.0,0.0,0.0,0.0,0.0,0.0,0.0,0.0,0.0,0.0,0.0,0.0,0.0,0.0,0.0,0.0,0.0,0.0,0.0,0.0,0.0,0.0,0.0,0.0,0.0,0.0,0.0,0.0,0.0,0.0,0.0,0.0,0.0,0.0,0.0,0.0,0.0,0.0,0.0,0.0,0.0,0.0,0.0,0.0,0.0,0.0,0.0,0.0,0.0,0.0,0.0,0.0,0.0,0.0,0.0,0.0,0.0,0.0,0.0,0.0,0.0,0.0,0.0,0.0,0.0,0.0,0.0,0.0,0.0,0.0,0.0,0.0,0.0,0.0,0.0,0.0,0.0,0.0,0.0,0.0,0.0,0.0,0.0,0.0,0.0,0.0,0.0,0.0,0.0,0.0,0.0,0.0,0.0,0.0,0.0,0.0,0.0,0.0,0.0,0.0,0.0,0.0,0.0,0.0,0.0,0.0,0.0,0.0,0.0,0.0,0.0,0.0,0.0,0.0,0.0,0.0,0.0,0.0,0.0,0.0,0.0,0.0,0.0,0.0]
56287.226243295125 [0.0,0.0,0.0,0.0,0.0,0.0,0.0,0.0,0.0,0.0,0.0,0.0,0.0,0.0,0.0,0.0,0.0,0.0,0.0,0.0,0.0,0.0,0.0,0.0,0.0,0.0,0.0,0.0,0.0,0.0,0.0,0.0,0.0,0.0,0.0,0.0,0.0,0.0,0.0,0.0,0.0,0.0,0.0,0.0,0.0,0.0,0.0,0.0,0.0,0.0,0.0,0.0,0.0,0.0,0.0,0.0,0.0,0.0,0.0,0.0,0.0,0.0,0.0,0.0,0.0,0.0,0.0,0.0,0.0,0.0,0.0,0.0,0.0,0.0,0.0,0.0,0.0,0.0,0.0,0.0,0.0,0.0,0.0,0.0,0.0,0.0,0.0,0.0,0.0,0.0,0.0,0.0,0.0,0.0,0.0,0.0,0.0,0.0,0.0,0.0,0.0,0.0,0.0,0.0,0.0,0.0,0.0,0.0,0.0,0.0,0.0,0.0,0.0,0.0,0.0,0.0,0.0,0.0,0.0,0.0,0.0,0.0,0.0,0.0,0.0,0.0,0.0,0.0,0.0,0.0,0.0,0.0,0.0,0.0,0.0,0.0,0.0,0.0,0.0,0.0,2.0023216259606644,1.4641773645148592,2.347941835286179,4.759627652189088,7.061439705392718,8.167972795154407,7.931803218367824,7.450517776522826,6.252555615971671,5.224582155727168,6.002397562922488,7.687105110742313,9.605448568665205,10.046467433783045,8.761473004484008,12.913560946253787,18.88508028902862,26.919372659577327,28.881238562173976,27.320304149691214,31.905572807717363,40.72861704041624,52.165604081821584,64.34980820321256,59.64564115793767,47.87154270091958,30.753696122238306,29.511092488262406,38.56876388618486,61.40259558189099,85.48674795746187,80.87975878019506,75.74007927065637,73.65854127665777,65.98303737821462,60.81441333564089,56.57609283542324,50.72093606650046,51.721498126966225,53.744753635581844,58.54282847280631,58.84657049596942,58.17053541501071,57.198679098229064,49.23761900859242,37.34942511888951,40.90602621934956,43.79909535945104,67.69743729474689,89.7540899761269,102.7594027475141,101.52888416495043,89.21367857178886,64.78965815744307,54.67399778320152,60.11770152725757,65.69564663923444,76.23522804960322,95.58477393354681,111.83817201412376,90.20898798119796,70.15741504106828,57.95123924344417,62.72549827120704,63.48207021391586,61.809479025913134,87.90204004430622,103.81307687458361,111.66376830470827,108.1027717816518,103.90711561775882,153.99276017367404,185.54500064984936,182.58065965397506,185.40348798482026,150.89934744038126,127.4423305229319,112.3877297791124,128.93797613582595,159.7340074979656,150.7166174216726,118.46351895053444,113.10766485724304,98.35093747479934,88.59490414772777,90.47522061249295,91.84042286846154,90.50659174987217,90.1017607366166,91.24418509728633,93.5449079665473,108.33225881198938,144.16440152069407,146.3543640233441,140.93774561024165,135.16311469303596,111.06383059944473,80.5574693076995,69.05934313547908,72.85800944025893,66.78830897082577,69.09287026019673,63.91879373612301,60.25130967307951,54.53573730594968,67.33651679841168,71.3225728225891,81.01742998522528,79.74445791577578,88.1580463322566,99.89502455972543,79.77227296919634,75.0261987955256,96.82407643631919,108.08695767563574,96.61616043494855,75.58309505042489,71.7037558101169,57.33613556584016,53.64366499991425,57.69279921825884,37.759462520228645,16.901317362463374,17.147829337559585,23.496056083610263,31.545768190661406,72.85210617663547,83.00986181249893,83.5061843227082,91.68789916553823,98.66324701198324,80.86147645858543,75.84773211325178,62.411678344639455,59.63952369310947,50.25136127665523,54.568342112737696,44.455949349044985,40.445054598329634,49.59950372496264,55.991079630819144,46.620926688513194,36.08696787935921,41.978362960897584,53.85117438167534,60.00067606531903,72.94107005870879,71.13379971123382,58.091761967459306,45.603775167692405,44.10087984619647,45.39374257738109,50.31902520567954,49.0288700616923,37.4989580652686,27.278105902342773,28.186599068098353,30.181852653997005,33.83440075789377,30.736932230770464] [1311.2619900786005,1321.8202200865917,1332.463464547639,1343.19240799478,1354.0077404728797,1364.9101575830227,1375.9003605272408,1386.9790561536227,1398.1469570017646,1409.4047813486081,1420.7532532546286,1432.193102610412,1443.7250651835902,1455.3498826661717,1467.068302722235,1478.881079036026,1490.78897136042,1502.7927455657994,1514.8931736892998,1527.0910339844697,1539.3871109713293,1551.7821954868166,1564.2770847356642,1576.872582341659,1589.569498399342,1602.368649526097,1615.270858914685,1628.2769563861766,1641.3877784433362,1654.6041683244075,1667.9269760573632,1681.3570585145608,1694.895279467867,1708.5425096441993,1722.2996267815402,1736.1675156853773,1750.1470682856248,1764.2391836939755,1778.4447682617345,1792.7647356381167,1807.2000068289992,1821.7515102561672,1836.4201818170154,1851.2069649447558,1866.112810669078,1881.1386776773347,1896.285532376183,1911.5543489537563,1926.9461094423048,1942.4618037813711,1958.1024298814455,1973.8689936881608,1989.7625092469793,2005.7839987684179,2021.9344926937952,2038.215029761504,2054.626657073813,2071.1704301642176,2087.8474130653335,2104.6586783773164,2121.605307336866,2138.6883898867477,2155.9090247459117,2173.268319480143,2190.767390573309,2208.407363499154,2226.1893727937027,2244.1145621282076,2262.184084382728,2280.399101720259,2298.7607856614945,2317.2703171601615,2335.9288866789793,2354.7376942662327,2373.6979496329395,2392.810872230673,2412.077691329971,2431.4996460994216,2451.0779856853383,2470.813969292122,2490.7088662632277,2510.763956162824,2530.9805288580706,2551.359884602096,2571.9033341176064,2592.612198681206,2613.487810208354,2634.5315113390543,2655.7446555241822,2677.1286071125573,2698.6847414386757,2720.4144449111714,2742.319115101994,2764.4001608362782,2786.6590022829737,2809.097071046162,2831.715810257159,2854.5166746673017,2877.5011307415425,2900.67065675274,2924.0267428767575,2947.570891288285,2971.304616257478,2995.22944424732,3019.346914011829,3043.658576695001,3068.1659959305807,3092.870747942638,3117.7744216469364,3142.87861875312,3168.1849538677375,3193.695054598094,3219.410561656912,3245.333128967883,3271.4644237720117,3297.806126734876,3324.3599320546946,3351.1275475713155,3378.1106948760344,3405.3111094223436,3432.7305406375262,3460.3707520352004,3488.23352132871,3516.320640545493,3544.6339161423107,3573.1751691214417,3601.9462351478164,3630.9489646670518,3660.1852230244945,3689.6568905851636,3719.3658628547196,3749.3140506013438,3779.5033799786634,3809.935792649603,3840.6132459112973,3871.5377128209448,3902.7111823227383,3934.135659375755,3965.8131650829396,3997.7457368210635,4029.9354283717907,4062.3843100537392,4095.0944688556665,4128.068008570669,4161.3070499315045,4194.813730746993,4228.590206039511,4262.638648183577,4296.961247045588,4331.560210124669,4366.437762694626,4401.596147947099,4437.037627135803,4472.764479721992,4508.779003521039,4545.083514850253,4581.680348677821,4618.571858773019,4655.7604178575675,4693.248417758249,4731.038269560753,4769.132403764733,4807.533270440121,4846.243339384716,4885.265100283049,4924.601062866471,4964.253757074609,5004.22573321805,5044.519562142395,5085.137835393579,5126.08316538458,5167.3581855634,5208.965550582488,5250.907936469426,5293.188040799074,5335.808582867062,5378.772303864684,5422.081967055189,5465.740357951513,5509.7502844954415,5554.1145772382,5598.836089522486,5643.917697666003,5689.362301146471,5735.17282278806,5781.352208949439,5827.903429713208,5874.829479076986,5922.133375145914,5969.818160326825,6017.886901523867,6066.342690335802,6115.188643254807,6164.427901866934,6214.06363305417,6264.099029198114,6314.537308385285,6365.381714614103,6416.635518003553,6468.302015003491,6520.384528606639,6572.88640856233,6625.811031591967,6679.16180160615,6732.942149923667,6787.155535492116,6841.805445110439,6896.895393653112,6952.428924296275,7008.409608745552,7064.841047465831,7121.726869912778,7179.070734766296,7236.876330165845,7295.147373947643,7353.887613883764,7413.100827923194,7472.790824434837,7532.961442452409,7593.616551921397,7654.7600539479145,7716.395881049652,7778.527997408752,7841.160399126823,7904.2971144818985,7967.94220418758,8032.099761654146,8096.773913251861,8161.968818576374,8227.688670716232,8293.937696522553,8360.720156880894,8428.04034698531,8495.90259661459,8564.311270410717,8633.270768159597,8702.785525074065,8772.860012079082,8843.498736099358,8914.706240349144,8986.487104624512,9058.845945597834,9131.787417114787,9205.31621049359,9279.437054826807,9354.154717285446,9429.47400342559,9505.399757497484,9581.936862757088,9659.090241780126,9736.864856778713,9815.265709920519,9894.297843650465,9973.966341015032,10054.276325989182,10135.232963805956,10216.841461288606,10299.107067185563,10382.035072507933,10465.630810869876,10549.89965883156,10634.84703624505,10720.478406602804,10806.799277389146,10893.815200434417,10981.531772272076,11069.954634498676,11159.08947413668,11248.94202400021,11339.518063063782,11430.823416834026,11522.863957724268,11615.64560543233,11709.174327321158,11803.456138802712,11898.49710372478,11994.303334761045,12090.880993804161,12188.23629236214,12286.375491957784,12385.304904531427,12485.030892846919,12585.55987090084,12686.898304334996,12789.052710852275,12892.029660635888,12995.8357767719,13100.477735675182,13205.962267518828,13312.296156667053,13419.486242111492,13527.539417911097,13636.462633635434,13746.262894811807,13856.947263375758,13968.522858125163,14080.996855178266,14194.376488435144,14308.66905004285,14423.881890864615] 0.31126199007860056 [Infinity,Infinity,Infinity,Infinity,Infinity,Infinity,Infinity,Infinity,Infinity,Infinity,Infinity,Infinity,Infinity,Infinity,Infinity,Infinity,Infinity,Infinity,Infinity,Infinity,Infinity,Infinity,Infinity,Infinity,Infinity,Infinity,Infinity,Infinity,Infinity,Infinity,Infinity,Infinity,Infinity,Infinity,Infinity,Infinity,Infinity,Infinity,Infinity,Infinity,Infinity,Infinity,Infinity,Infinity,Infinity,Infinity,Infinity,Infinity,Infinity,Infinity,Infinity,Infinity,Infinity,Infinity,Infinity,Infinity,Infinity,Infinity,Infinity,Infinity,Infinity,Infinity,Infinity,Infinity,Infinity,Infinity,Infinity,Infinity,Infinity,Infinity,Infinity,Infinity,Infinity,Infinity,Infinity,Infinity,Infinity,Infinity,Infinity,Infinity,Infinity,Infinity,Infinity,Infinity,Infinity,Infinity,Infinity,Infinity,Infinity,Infinity,Infinity,Infinity,Infinity,Infinity,Infinity,Infinity,Infinity,Infinity,Infinity,Infinity,Infinity,Infinity,Infinity,Infinity,Infinity,Infinity,Infinity,Infinity,Infinity,Infinity,Infinity,Infinity,Infinity,Infinity,Infinity,Infinity,Infinity,Infinity,Infinity,Infinity,Infinity,Infinity,Infinity,Infinity,Infinity,Infinity,Infinity,Infinity,Infinity,Infinity,Infinity,Infinity,Infinity,Infinity,Infinity,Infinity,Infinity,Infinity,Infinity,Infinity,0.10131465458655993,0.07840192583419534,0.11923999287025307,0.2246070123810094,0.3386005678787597,0.4031949223491994,0.4055557617117028,0.36338340805326236,0.30076386268247723,0.26305269185313856,0.30223840467032353,0.4143904391155654,0.5054843834070809,0.49159115278806764,0.46780414699779327,0.6287749300856947,1.0230042169734193,1.3873137114426104,1.4544648067927648,1.381855244393254,1.5613656225221015,2.116860794496295,2.71714776996597,3.0166684956902388,2.877975800767335,2.253850879746436,1.5187885623515867,1.3922158730067014,2.138471304615297,3.1834772951836383,3.959869552152914,4.298608952201258,4.154528069910362,3.7345615833526686,3.3453513081444073,3.078222673751384,2.875906362160149,2.7269805232207665,2.6688316775286496,2.711079570246336,2.8232835217546266,2.9436566653928637,2.9669305441952565,2.8114557286425286,2.4482334746288537,2.011020538366705,1.9053723439775685,2.3561953156426036,3.2463472797047936,4.325213686171091,5.2017109134220965,5.423586420032047,4.558155598341584,3.2350972080116156,2.771816538897265,3.014926212279225,3.2188650502388776,3.716963041616553,4.724330463269402,5.128026447854902,4.462083079957198,3.60802797656046,3.0799155745783557,2.9658721408576145,3.0932059505321114,3.3741770850686583,4.140854072119271,5.139015664253547,5.571031969125284,5.550404035234011,5.7704895503788505,7.2304190215638275,9.123350057809674,9.666049862494445,9.257384768996214,8.182722089649557,6.233931196691808,5.385502076006114,6.44793798861036,7.298612574447008,7.303299971113449,6.652176739918437,5.668940670608431,4.848598796552912,4.488642296434947,4.485869444283154,4.5792535445625,4.601474921941203,4.5041662086990675,4.25902748632781,4.5116394351406806,5.614109847287801,6.789767423163089,7.382453588148199,7.370316188415833,6.779911161515547,5.2408052810296635,3.970321185149607,3.5466188813827815,3.52178953374941,3.3694078965285366,3.2776223962758855,3.219558748529637,3.033580021720164,2.8615794652554714,3.141406137919907,3.691511303667127,3.797434606600471,3.822125910150723,4.46394384301904,4.83520635122363,3.756152590477215,3.8693330287706886,4.749790780842063,5.236142701830215,4.921343211001846,4.044948508315237,3.286901180745918,2.9149966514409997,2.6719811333092585,2.850468756063432,1.9130020941629422,0.8361349229482492,0.8067534295400645,1.1126758915963548,1.6297575874278674,3.4132142110988104,4.451942788307802,4.117315658640267,4.449125739274008,4.844024548654735,4.2489745260235985,3.726021328685788,3.1432675857156247,2.8371785448369375,2.5502010144745784,2.604692076752636,2.661548789393147,2.1470398725834414,2.6148609676539962,2.8247116302473403,2.251535084489877,1.896342132570513,2.0774488431180065,2.548757857783256,3.2718885993865654,3.583729090917739,3.5347422975747436,2.777001965960159,2.3714050527628725,2.192694363915451,2.1594635643865834,2.6198285821714644,2.4517408282607276,1.932760306578753,1.354779863015593,1.4440422289015307,1.602353782626554,1.6435243029099893,1.4089843818970351] [0.0,0.0,0.0,0.0,0.0,0.0,0.0,0.0,0.0,0.0,0.0,0.0,0.0,0.0,0.0,0.0,0.0,0.0,0.0,0.0,0.0,0.0,0.0,0.0,0.0,0.0,0.0,0.0,0.0,0.0,0.0,0.0,0.0,0.0,0.0,0.0,0.0,0.0,0.0,0.0,0.0,0.0,0.0,0.0,0.0,0.0,0.0,0.0,0.0,0.0,0.0,0.0,0.0,0.0,0.0,0.0,0.0,0.0,0.0,0.0,0.0,0.0,0.0,0.0,0.0,0.0,0.0,0.0,0.0,0.0,0.0,0.0,0.0,0.0,0.0,0.0,0.0,0.0,0.0,0.0,0.0,0.0,0.0,0.0,0.0,0.0,0.0,0.0,0.0,0.0,0.0,0.0,0.0,0.0,0.0,0.0,0.0,0.0,0.0,0.0,0.0,0.0,0.0,0.0,0.0,0.0,0.0,0.0,0.0,0.0,0.0,0.0,0.0,0.0,0.0,0.0,0.0,0.0,0.0,0.0,0.0,0.0,0.0,0.0,0.0,0.0,0.0,0.0,0.0,0.0,0.0,0.0,0.0,0.0,0.0,0.0,0.0,0.0,0.0,0.0,-0.02397146577053413,-0.10386115216904727,-0.036858022118882276,0.267487404568899,0.2894283478175232,0.10407434817041974,-0.17931201586623235,0.18284961545757902,0.23727836232212618,-0.03647168133560397,-0.04237053048398192,-0.6007036715689943,-0.5042390994764134,0.2146443780216917,-0.5946099354718567,0.33806234453989187,-1.575004050439765,-0.8269015692748802,-0.20805757368131994,-0.3168007381738657,0.6782603572753308,-1.6085988495096646,-2.1773513174978087,4.0164382894077875,2.0861251425909724,2.794525105990867,0.3779248752065742,1.6667750281283804,-4.200662206121081,-2.2669503217817684,6.2893569144036015,-5.092420263830089,-7.350482127550879,-1.0326903903955957,-0.9239887846735287,-0.7500401393867803,-0.942034407779747,-3.8186743979148763,-1.6551354236067644,-0.47683776934487276,2.077158037713777,-0.02656281188785835,-1.1680754688944133,0.9695645253784957,0.27294951601534573,-2.870985648444582,2.7985793397981937,-3.324810953401032,2.7704917006510272,3.2498162527050716,-1.2748155209278245,-6.942844235690508,-1.949433395042824,0.08771399721074995,-0.7623329947437785,-0.1808227183269222,1.3183456344568965,1.895967217272159,1.098164668158781,9.277643057025708,0.9673263820540101,-2.003144490140926,-3.647072248122944,3.4080554540547463,1.6179512032736345,-5.674062675460032,5.084958601920804,1.0327635895126726,0.24312892220259752,-2.9053089230284135,-11.502675389818188,9.38437974239749,3.077999493655868,-10.740337595913852,0.2557926048959626,-12.7550943526099,2.763706589095739,4.677688258990137,-0.020783636381259053,13.761756009025438,4.650617999403598,-14.580015847834302,-0.27114855492558687,1.378961543741092,-1.177941780971162,0.7578317268298665,0.2553519772115649,-1.5229066889518958,0.018436562635249988,6.0636353707301325,3.3121192637336945,-3.9499381337666413,8.36905305743231,-1.2947077396198836,-6.468578158075026,-0.4351085372749639,6.247724978851467,1.1510456047073698,-1.8730344921765474,2.422218765270726,-0.5998489597449662,3.5404223346790262,-0.4723812344697361,-0.42029076132377224,-2.6958519991597503,4.508394040013538,-2.5076532507534552,5.0687378532158505,3.3019397127613273,-1.120830528124181,3.190897535252834,4.649221159652046,-2.3604617798881664,1.8282608194779268,3.3641036390314483,-1.810703785088367,-5.31587511587985,5.965732195198542,-0.9637974629798327,0.20404233372908587,0.6834240969902013,-0.5005793630301983,0.1786189034983881,1.012760746758298,1.2425382516831658,-1.0493835578959416,4.587821954659256,-6.028993953657119,1.1598711499028387,2.705384380058066,1.782756038888552,-4.118014061886534,1.3273055395360147,-0.453673369673044,2.8959527963707172,-0.7526590128363401,2.474500577684975,-8.77502643881796,-2.495742853339192,-2.697715628117289,-0.5031529741276557,1.5902249987156543,-1.8398747720510558,0.42938609853745474,2.87601722601022,-5.437095922412283,1.2664882403540043,0.43895375973894835,2.55172264825613,-1.8243258875650419,0.24699256788745297,2.2044712896494185,-2.0775464377497515,-0.005946503522249544,-1.1562480663064632,0.18250864203091383,-0.6942455099322624,-1.8652229985340718,0.9639146996939832,2.5572445928297602]
56298.83411920088 [0.0,0.0,0.0,0.0,0.0,0.0,0.0,0.0,0.0,0.0,0.0,0.0,0.0,0.0,0.0,0.0,0.0,0.0,0.0,0.0,0.0,0.0,0.0,0.0,0.0,0.0,0.0,0.0,0.0,0.0,0.0,0.0,0.0,0.0,0.0,0.0,0.0,0.0,0.0,0.0,0.0,0.0,0.0,0.0,0.0,0.0,0.0,0.0,0.0,0.0,0.0,0.0,0.0,0.0,0.0,0.0,0.0,0.0,0.0,0.0,0.0,0.0,0.0,0.0,0.0,0.0,0.0,0.0,0.0,0.0,0.0,0.0,0.0,0.0,0.0,0.0,0.0,0.0,0.0,0.0,0.0,0.0,0.0,0.0,0.0,0.0,0.0,0.0,0.0,0.0,0.0,0.0,0.0,0.0,0.0,0.0,0.0,0.0,0.0,0.0,0.0,0.0,0.0,0.0,0.0,0.0,0.0,0.0,0.0,0.0,0.0,0.0,0.0,0.0,0.0,0.0,0.0,0.0,0.0,0.0,0.0,0.0,0.0,0.0,0.0,0.0,0.0,0.0,0.0,0.0,0.0,0.0,0.0,0.0,0.0,0.0,0.0,0.0,0.0,0.0,1.2088507578645098,0.8371657689621519,0.9183627037415506,1.890076287423285,3.3643839274593597,4.62861915110239,5.459898139089556,5.327578877402974,3.6856137701287603,1.7472406535860727,2.2959662425068377,5.761013387907319,9.496646533503805,12.199219673904764,12.9636321049291,16.837084010151216,21.07354017964107,24.581246232242837,25.524484931311378,27.57187779985243,31.04127506140949,33.09832281898378,38.013092726267985,43.32622586096271,36.929952769235896,27.705184761022473,19.526284678852736,17.99634783962074,30.17675629937588,45.67159251241176,61.07451002206933,58.39326847041532,58.685401788092214,59.34069117612644,49.06396673946036,43.63565619945179,37.95601971682106,39.645170881044294,37.403551676236354,40.17207577357001,39.7029405285515,50.913825436346706,50.09564769833151,52.47441322609819,35.28061373198767,31.358382667671236,26.28104465206179,35.49310278183655,46.73249558399061,65.49690582757691,89.43218934893166,87.73497952975136,76.91256644947478,51.475351827375995,43.160878928106904,45.94795168146877,43.925092355249944,53.28668963618971,63.43965636682831,71.65465042253962,57.73208656424805,54.243573615541365,38.011089699220925,38.102927283545505,43.775084667990086,44.113306440333815,53.180787709130854,65.33389486863953,73.07072221351984,82.29251346783444,82.96473004372726,92.46578217432653,105.18279376147328,120.78004908841957,125.85233408849355,98.37209804900884,81.64938801049196,60.79181038809055,77.96725602434003,102.63214844725728,108.21685254137597,95.09425243311748,83.31718186526507,61.2616099202873,55.77958132317929,56.68206891487565,60.8390066829595,67.63319425072736,64.48770221371639,57.12960837729157,52.377708642251456,66.96794750173032,82.26285773837893,96.02009123304262,100.65946248507437,82.55412838307599,63.56582339014262,45.110976736292265,37.08654623365252,33.679000319022336,35.49742116018615,35.54556628783388,36.2443865243485,32.98213078101169,32.46838816389154,40.93884716981675,46.25192788554304,46.91314925691659,47.94877467332615,51.847037552966285,50.295041621479655,51.66155597298611,44.67001294714913,48.158037586113686,53.66885332776036,65.68511078904007,59.87547885568035,49.64764563491409,39.82353772457913,32.222313969813605,27.803021327579383,22.624367330855335,11.32177550611581,5.629260985705639,11.063168060363118,15.397557454344792,30.736706097901063,50.53357629801509,51.86402474427475,56.41154599153381,55.883860765951134,58.34136516317891,53.42314339109095,45.42903859444746,36.53654442139694,35.51776388891596,37.26269708214444,35.61615661940059,33.857567619078395,32.86668234631351,39.00274031082646,40.99527406425517,30.45660573173002,28.28366557197547,28.806786021539605,38.27611224702558,50.76204608236777,50.038953320564495,36.949407081233964,33.88901652252017,28.443084594666278,26.516031155581384,29.518783463308157,31.031356678042037,27.609782019127728,23.76030535359787,24.03071607264648,29.883082276739167,25.60586935345499,25.42658619061784] [1311.2619900786005,1321.8202200865917,1332.463464547639,1343.19240799478,1354.0077404728797,1364.9101575830227,1375.9003605272408,1386.9790561536227,1398.1469570017646,1409.4047813486081,1420.7532532546286,1432.193102610412,1443.7250651835902,1455.3498826661717,1467.068302722235,1478.881079036026,1490.78897136042,1502.7927455657994,1514.8931736892998,1527.0910339844697,1539.3871109713293,1551.7821954868166,1564.2770847356642,1576.872582341659,1589.569498399342,1602.368649526097,1615.270858914685,1628.2769563861766,1641.3877784433362,1654.6041683244075,1667.9269760573632,1681.3570585145608,1694.895279467867,1708.5425096441993,1722.2996267815402,1736.1675156853773,1750.1470682856248,1764.2391836939755,1778.4447682617345,1792.7647356381167,1807.2000068289992,1821.7515102561672,1836.4201818170154,1851.2069649447558,1866.112810669078,1881.1386776773347,1896.285532376183,1911.5543489537563,1926.9461094423048,1942.4618037813711,1958.1024298814455,1973.8689936881608,1989.7625092469793,2005.7839987684179,2021.9344926937952,2038.215029761504,2054.626657073813,2071.1704301642176,2087.8474130653335,2104.6586783773164,2121.605307336866,2138.6883898867477,2155.9090247459117,2173.268319480143,2190.767390573309,2208.407363499154,2226.1893727937027,2244.1145621282076,2262.184084382728,2280.399101720259,2298.7607856614945,2317.2703171601615,2335.9288866789793,2354.7376942662327,2373.6979496329395,2392.810872230673,2412.077691329971,2431.4996460994216,2451.0779856853383,2470.813969292122,2490.7088662632277,2510.763956162824,2530.9805288580706,2551.359884602096,2571.9033341176064,2592.612198681206,2613.487810208354,2634.5315113390543,2655.7446555241822,2677.1286071125573,2698.6847414386757,2720.4144449111714,2742.319115101994,2764.4001608362782,2786.6590022829737,2809.097071046162,2831.715810257159,2854.5166746673017,2877.5011307415425,2900.67065675274,2924.0267428767575,2947.570891288285,2971.304616257478,2995.22944424732,3019.346914011829,3043.658576695001,3068.1659959305807,3092.870747942638,3117.7744216469364,3142.87861875312,3168.1849538677375,3193.695054598094,3219.410561656912,3245.333128967883,3271.4644237720117,3297.806126734876,3324.3599320546946,3351.1275475713155,3378.1106948760344,3405.3111094223436,3432.7305406375262,3460.3707520352004,3488.23352132871,3516.320640545493,3544.6339161423107,3573.1751691214417,3601.9462351478164,3630.9489646670518,3660.1852230244945,3689.6568905851636,3719.3658628547196,3749.3140506013438,3779.5033799786634,3809.935792649603,3840.6132459112973,3871.5377128209448,3902.7111823227383,3934.135659375755,3965.8131650829396,3997.7457368210635,4029.9354283717907,4062.3843100537392,4095.0944688556665,4128.068008570669,4161.3070499315045,4194.813730746993,4228.590206039511,4262.638648183577,4296.961247045588,4331.560210124669,4366.437762694626,4401.596147947099,4437.037627135803,4472.764479721992,4508.779003521039,4545.083514850253,4581.680348677821,4618.571858773019,4655.7604178575675,4693.248417758249,4731.038269560753,4769.132403764733,4807.533270440121,4846.243339384716,4885.265100283049,4924.601062866471,4964.253757074609,5004.22573321805,5044.519562142395,5085.137835393579,5126.08316538458,5167.3581855634,5208.965550582488,5250.907936469426,5293.188040799074,5335.808582867062,5378.772303864684,5422.081967055189,5465.740357951513,5509.7502844954415,5554.1145772382,5598.836089522486,5643.917697666003,5689.362301146471,5735.17282278806,5781.352208949439,5827.903429713208,5874.829479076986,5922.133375145914,5969.818160326825,6017.886901523867,6066.342690335802,6115.188643254807,6164.427901866934,6214.06363305417,6264.099029198114,6314.537308385285,6365.381714614103,6416.635518003553,6468.302015003491,6520.384528606639,6572.88640856233,6625.811031591967,6679.16180160615,6732.942149923667,6787.155535492116,6841.805445110439,6896.895393653112,6952.428924296275,7008.409608745552,7064.841047465831,7121.726869912778,7179.070734766296,7236.876330165845,7295.147373947643,7353.887613883764,7413.100827923194,7472.790824434837,7532.961442452409,7593.616551921397,7654.7600539479145,7716.395881049652,7778.527997408752,7841.160399126823,7904.2971144818985,7967.94220418758,8032.099761654146,8096.773913251861,8161.968818576374,8227.688670716232,8293.937696522553,8360.720156880894,8428.04034698531,8495.90259661459,8564.311270410717,8633.270768159597,8702.785525074065,8772.860012079082,8843.498736099358,8914.706240349144,8986.487104624512,9058.845945597834,9131.787417114787,9205.31621049359,9279.437054826807,9354.154717285446,9429.47400342559,9505.399757497484,9581.936862757088,9659.090241780126,9736.864856778713,9815.265709920519,9894.297843650465,9973.966341015032,10054.276325989182,10135.232963805956,10216.841461288606,10299.107067185563,10382.035072507933,10465.630810869876,10549.89965883156,10634.84703624505,10720.478406602804,10806.799277389146,10893.815200434417,10981.531772272076,11069.954634498676,11159.08947413668,11248.94202400021,11339.518063063782,11430.823416834026,11522.863957724268,11615.64560543233,11709.174327321158,11803.456138802712,11898.49710372478,11994.303334761045,12090.880993804161,12188.23629236214,12286.375491957784,12385.304904531427,12485.030892846919,12585.55987090084,12686.898304334996,12789.052710852275,12892.029660635888,12995.8357767719,13100.477735675182,13205.962267518828,13312.296156667053,13419.486242111492,13527.539417911097,13636.462633635434,13746.262894811807,13856.947263375758,13968.522858125163,14080.996855178266,14194.376488435144,14308.66905004285,14423.881890864615] 0.31126199007860056 [Infinity,Infinity,Infinity,Infinity,Infinity,Infinity,Infinity,Infinity,Infinity,Infinity,Infinity,Infinity,Infinity,Infinity,Infinity,Infinity,Infinity,Infinity,Infinity,Infinity,Infinity,Infinity,Infinity,Infinity,Infinity,Infinity,Infinity,Infinity,Infinity,Infinity,Infinity,Infinity,Infinity,Infinity,Infinity,Infinity,Infinity,Infinity,Infinity,Infinity,Infinity,Infinity,Infinity,Infinity,Infinity,Infinity,Infinity,Infinity,Infinity,Infinity,Infinity,Infinity,Infinity,Infinity,Infinity,Infinity,Infinity,Infinity,Infinity,Infinity,Infinity,Infinity,Infinity,Infinity,Infinity,Infinity,Infinity,Infinity,Infinity,Infinity,Infinity,Infinity,Infinity,Infinity,Infinity,Infinity,Infinity,Infinity,Infinity,Infinity,Infinity,Infinity,Infinity,Infinity,Infinity,Infinity,Infinity,Infinity,Infinity,Infinity,Infinity,Infinity,Infinity,Infinity,Infinity,Infinity,Infinity,Infinity,Infinity,Infinity,Infinity,Infinity,Infinity,Infinity,Infinity,Infinity,Infinity,Infinity,Infinity,Infinity,Infinity,Infinity,Infinity,Infinity,Infinity,Infinity,Infinity,Infinity,Infinity,Infinity,Infinity,Infinity,Infinity,Infinity,Infinity,Infinity,Infinity,Infinity,Infinity,Infinity,Infinity,Infinity,Infinity,Infinity,Infinity,Infinity,Infinity,Infinity,Infinity,Infinity,0.0624932344279047,0.03954255204015834,0.047986303482784896,0.09387654256911186,0.16182039672869486,0.23335756219547932,0.27954537407690677,0.26407872979547337,0.1713872423050096,0.08329927369581266,0.11043065743517314,0.2803457400336002,0.4852553782689263,0.6168319902695516,0.6974375713595775,0.8207501105012556,1.022947119624798,1.216215384077239,1.3091288967054884,1.3550834485013388,1.4872987074144308,1.7380898908565972,1.9690534891105973,2.0348882556960763,1.8640532516059722,1.424301847645373,0.9553763329087586,0.9192829148558008,1.4732734125526987,2.2143847533533574,2.7576883568864794,3.03419968740019,3.051041657391747,2.8511828875204506,2.5007251741164227,2.1380146717499637,1.9467975631845746,1.9500298609855782,2.0075421966394056,2.0641042773814586,2.185400985934544,2.3598664428591194,2.440533711938489,2.321080745993398,1.9915645876272154,1.5798235173533326,1.434507196561059,1.7352172674563764,2.350450455114306,3.1536974724282336,4.049892218797596,4.566854663604477,3.909856023574001,2.6025380761201617,2.0666288599234206,2.199188433548591,2.258527862663716,2.504687710568348,3.1923563815470684,3.631468284313873,3.390843209828888,2.7201519855165497,2.0953021637001368,2.003556741816093,2.1769546436697973,2.319175069990922,2.756132008551922,3.4527737771512883,3.950827049482806,4.145660411202935,4.217027875928316,4.612227185378222,5.402530197103048,6.207980294270596,6.208401381879821,5.185949385901543,3.867195225052945,3.2376488022181555,3.7563296297739392,4.842856074774883,5.338879541157941,4.770166688840172,4.020727678277418,3.3385763057272095,2.8439118013475606,2.809795113840052,3.028575683133996,3.2553793772989,3.2870075402811993,2.806920353310542,2.6080189684935053,3.2887640383295946,4.110805076871681,4.808873287460033,4.9688617930530405,4.3063411808271645,3.2668027745025996,2.3177121787946353,1.884069867527844,1.886703006048733,1.7798508186041737,1.8766465872013829,1.8844942981054167,1.7269775190073697,1.7268418175231521,1.9130470669722164,2.2580714515770723,2.4339935674205266,2.3611064924735006,2.4830076946415938,2.839129554010044,2.5605823971232424,2.1920210454939375,2.505805925410082,2.9596024129045038,3.158478151857264,2.940334682387193,2.344531699146816,1.89917631562104,1.564150180076718,1.3831921192470225,1.215108290958967,0.5858846266025189,0.29224278889241295,0.5472071718369527,0.7432060245944155,1.6206571080140542,2.438147492517958,2.4668348785571665,2.5482318459842546,2.7837069712272613,2.8499979993757085,2.538718510422677,2.214767159775904,1.8980688349616757,1.7041276732396973,1.7988470015615938,1.7696464316112934,1.7303691385773168,1.6544688315249652,1.8189618424134522,1.9008735308801203,1.6401895340690895,1.4084505071839206,1.4456168157086535,1.8790689222457782,2.3693955651357195,2.4472006687436125,2.0191923588489535,1.6938643052554376,1.399703264733278,1.2539633040335494,1.494840264237567,1.5485526697016108,1.3474842713360047,1.2146429628038193,1.308874810535734,1.5124389699723284,1.3846992201007065,1.2407178160789374] [0.0,0.0,0.0,0.0,0.0,0.0,0.0,0.0,0.0,0.0,0.0,0.0,0.0,0.0,0.0,0.0,0.0,0.0,0.0,0.0,0.0,0.0,0.0,0.0,0.0,0.0,0.0,0.0,0.0,0.0,0.0,0.0,0.0,0.0,0.0,0.0,0.0,0.0,0.0,0.0,0.0,0.0,0.0,0.0,0.0,0.0,0.0,0.0,0.0,0.0,0.0,0.0,0.0,0.0,0.0,0.0,0.0,0.0,0.0,0.0,0.0,0.0,0.0,0.0,0.0,0.0,0.0,0.0,0.0,0.0,0.0,0.0,0.0,0.0,0.0,0.0,0.0,0.0,0.0,0.0,0.0,0.0,0.0,0.0,0.0,0.0,0.0,0.0,0.0,0.0,0.0,0.0,0.0,0.0,0.0,0.0,0.0,0.0,0.0,0.0,0.0,0.0,0.0,0.0,0.0,0.0,0.0,0.0,0.0,0.0,0.0,0.0,0.0,0.0,0.0,0.0,0.0,0.0,0.0,0.0,0.0,0.0,0.0,0.0,0.0,0.0,0.0,0.0,0.0,0.0,0.0,0.0,0.0,0.0,0.0,0.0,0.0,0.0,0.0,0.0,-0.04101393069358413,0.04631472815898524,-0.04136336591414736,0.012545436041047752,0.12797599288546258,-0.038532092807196175,-0.13100934244857948,0.04600428149350674,0.2578689240285684,0.08125517966981934,0.08735309380337494,0.15409858723531478,-0.20846103187472106,-0.1374201314862682,-0.9851193222624485,0.422081800126106,0.6145977871451115,0.25693855069805593,-0.6580930027983933,0.4702088298256538,1.2953009131208726,-1.6634749981481607,-1.3679770559439577,2.6284607470411845,-0.35111226288354874,-0.7808521918849897,0.41875802067756623,-0.3893104574952769,0.7112880483219095,1.3838974453446151,5.9207428843397425,-2.2907252775884857,-2.3354313597427185,2.3170334257174368,-0.9505367428680896,0.8753627644525088,-0.9799315468704337,0.6445736613327315,-2.7472922565517623,-1.110009774059164,-4.005079190139379,3.716496579164317,1.284973459561735,6.052798306230229,-4.550678020556635,-0.23808767939541609,-2.4090992791593897,0.7887574327090173,-0.2765135182955112,2.4229563790122404,8.434344972979742,-3.6021137423381955,-1.2845540220052407,-0.5754096950272372,1.8283017296384871,1.9641830104969453,-1.2454648980243752,3.192935424822755,-0.40747126411305706,-0.9747152637378348,-10.084777632329702,-0.1594660947896262,-3.8949535747818076,-1.9682075527763538,0.23599179459414488,-2.27019495948462,-1.9418524619075794,-3.721580674386233,-5.945818776136273,-0.6206947562242684,-1.3758274748390664,0.22123846676208317,-2.8678101805876763,-3.3795567969923557,1.6843064508971255,-5.3468896690220085,4.305483509433063,-3.961165656272555,2.8406634288612516,5.775026951759623,1.439261718217148,-0.3090813436859765,2.9026282997167066,-5.509916194256891,-1.0986547037719223,0.48616663807461563,0.26749302027958216,2.5256067047493524,-1.2524485919076,0.9912013110807294,0.21732927238134683,1.1926667351384366,0.04675620094531386,-0.15737451615803272,1.282226624013559,-3.5726952334672952,-1.7702320999093704,-1.2432668396004414,-0.5948511169043587,-4.055059801952327,-0.09959521189732291,-1.9873654561937748,-1.4454994377598347,-1.557419599135709,-2.0684481865715045,2.677905830372425,1.0904988540015959,-1.7667220914939408,0.726644823856138,2.186883660134408,-6.487549458721227,0.4499080305212571,0.8295920372703777,-1.958080922087951,-5.523194930329718,2.5155477518947813,1.068785207936483,2.757011651977774,1.8400114121583329,0.9393103682792503,0.1391789426389337,-1.6777984883240056,-0.39591702593456946,-0.2155947921426198,0.11902462362406642,0.5334369624564799,-1.6764360623800199,1.770626447655936,2.527327173131415,5.446909071848726,0.20972134140590729,1.341405175664741,2.6487731826374157,1.1336953989293796,-1.424832277836572,1.4352104241220145,1.2857570509125649,0.22322798717472242,-0.7498151524679355,-0.22269428418579187,2.6235034625574145,2.977803446652768,-2.3471849496517736,0.11465542829705662,-0.1055502926334671,0.6947338021100181,3.374134779653376,1.0949399456922462,-3.4344400957451096,0.011730417411421357,0.4490193000007177,1.4367650749103984,-0.3780218214431856,0.06030328400982135,0.6600965924076316,-0.5325539024785151,-2.1467801380681997,-0.3656971227074027,-2.0881150485591347,0.6122298690390922]
56418.07049245204 [0.0,0.0,0.0,0.0,0.0,0.0,0.0,0.0,0.0,0.0,0.0,0.0,0.0,0.0,0.0,0.0,0.0,0.0,0.0,0.0,0.0,0.0,0.0,0.0,0.0,0.0,0.0,0.0,0.0,0.0,0.0,0.0,0.0,0.0,0.0,0.0,0.0,0.0,0.0,0.0,0.0,0.0,0.0,0.0,0.0,0.0,0.0,0.0,0.0,0.0,0.0,0.0,0.0,0.0,0.0,0.0,0.0,0.0,0.0,0.0,0.0,0.0,0.0,0.0,0.0,0.0,0.0,0.0,0.0,0.0,0.0,0.0,0.0,0.0,0.0,0.0,0.0,0.0,0.0,0.0,0.0,0.0,0.0,0.0,0.0,0.0,0.0,0.0,0.0,0.0,0.0,0.0,0.0,0.0,0.0,0.0,0.0,0.0,0.0,0.0,0.0,0.0,0.0,0.0,0.0,0.0,0.0,0.0,0.0,0.0,0.0,0.0,0.0,0.0,0.0,0.0,0.0,0.0,0.0,0.0,0.0,0.0,0.0,0.0,0.0,0.0,0.0,0.0,0.0,0.0,0.0,0.0,0.0,0.0,0.0,0.0,0.0,0.0,0.0,0.0,0.0,0.0,0.0,0.0,0.0,0.0,0.0,0.0,0.0,0.0,0.0,0.0,0.0,0.0,0.0,0.0,0.0,0.0,0.0,0.0,0.0,0.0,0.0,0.0,0.0,0.0,0.0,0.0,0.0,0.0,0.0,0.0,0.0,0.0,0.0,0.0,0.0,0.0,0.0,0.0,0.0,0.0,0.0,0.0,0.0,0.0,0.0,0.0,0.0,0.0,0.0,0.0,0.0,0.0,0.0,0.0,0.0,0.0,0.0,0.0,0.0,0.0,0.0,0.0,0.0,0.0,0.0,0.0,0.0,0.0,0.0,0.0,0.0,0.0,0.0,0.0,0.0,0.0,0.0,0.0,0.0,0.0,0.0,0.0,0.0,0.0,0.0,0.0,0.0,0.0,0.0,0.0,0.0,0.0,0.0,0.0,0.0,0.0,0.0,0.0,0.0,0.0,0.0,0.0,0.0,0.0,0.0,0.0,0.0,0.0,0.0,0.0,0.0,0.0,0.0,0.0,0.0,0.0,0.0,0.0,0.0,0.0,0.0,0.0,0.0,0.0,0.0,0.0,0.0,0.0,0.0,0.0,0.0,0.0,0.0,0.0,0.0,0.0,0.0,0.0,0.0,0.0,0.0,0.0,0.0,0.0,0.0,0.0,0.0,0.0,0.0,0.0,0.0,0.0,0.0,0.0,0.0,0.0,0.0,0.0] [1311.2619900786005,1321.8202200865917,1332.463464547639,1343.19240799478,1354.0077404728797,1364.9101575830227,1375.9003605272408,1386.9790561536227,1398.1469570017646,1409.4047813486081,1420.7532532546286,1432.193102610412,1443.7250651835902,1455.3498826661717,1467.068302722235,1478.881079036026,1490.78897136042,1502.7927455657994,1514.8931736892998,1527.0910339844697,1539.3871109713293,1551.7821954868166,1564.2770847356642,1576.872582341659,1589.569498399342,1602.368649526097,1615.270858914685,1628.2769563861766,1641.3877784433362,1654.6041683244075,1667.9269760573632,1681.3570585145608,1694.895279467867,1708.5425096441993,1722.2996267815402,1736.1675156853773,1750.1470682856248,1764.2391836939755,1778.4447682617345,1792.7647356381167,1807.2000068289992,1821.7515102561672,1836.4201818170154,1851.2069649447558,1866.112810669078,1881.1386776773347,1896.285532376183,1911.5543489537563,1926.9461094423048,1942.4618037813711,1958.1024298814455,1973.8689936881608,1989.7625092469793,2005.7839987684179,2021.9344926937952,2038.215029761504,2054.626657073813,2071.1704301642176,2087.8474130653335,2104.6586783773164,2121.605307336866,2138.6883898867477,2155.9090247459117,2173.268319480143,2190.767390573309,2208.407363499154,2226.1893727937027,2244.1145621282076,2262.184084382728,2280.399101720259,2298.7607856614945,2317.2703171601615,2335.9288866789793,2354.7376942662327,2373.6979496329395,2392.810872230673,2412.077691329971,2431.4996460994216,2451.0779856853383,2470.813969292122,2490.7088662632277,2510.763956162824,2530.9805288580706,2551.359884602096,2571.9033341176064,2592.612198681206,2613.487810208354,2634.5315113390543,2655.7446555241822,2677.1286071125573,2698.6847414386757,2720.4144449111714,2742.319115101994,2764.4001608362782,2786.6590022829737,2809.097071046162,2831.715810257159,2854.5166746673017,2877.5011307415425,2900.67065675274,2924.0267428767575,2947.570891288285,2971.304616257478,2995.22944424732,3019.346914011829,3043.658576695001,3068.1659959305807,3092.870747942638,3117.7744216469364,3142.87861875312,3168.1849538677375,3193.695054598094,3219.410561656912,3245.333128967883,3271.4644237720117,3297.806126734876,3324.3599320546946,3351.1275475713155,3378.1106948760344,3405.3111094223436,3432.7305406375262,3460.3707520352004,3488.23352132871,3516.320640545493,3544.6339161423107,3573.1751691214417,3601.9462351478164,3630.9489646670518,3660.1852230244945,3689.6568905851636,3719.3658628547196,3749.3140506013438,3779.5033799786634,3809.935792649603,3840.6132459112973,3871.5377128209448,3902.7111823227383,3934.135659375755,3965.8131650829396,3997.7457368210635,4029.9354283717907,4062.3843100537392,4095.0944688556665,4128.068008570669,4161.3070499315045,4194.813730746993,4228.590206039511,4262.638648183577,4296.961247045588,4331.560210124669,4366.437762694626,4401.596147947099,4437.037627135803,4472.764479721992,4508.779003521039,4545.083514850253,4581.680348677821,4618.571858773019,4655.7604178575675,4693.248417758249,4731.038269560753,4769.132403764733,4807.533270440121,4846.243339384716,4885.265100283049,4924.601062866471,4964.253757074609,5004.22573321805,5044.519562142395,5085.137835393579,5126.08316538458,5167.3581855634,5208.965550582488,5250.907936469426,5293.188040799074,5335.808582867062,5378.772303864684,5422.081967055189,5465.740357951513,5509.7502844954415,5554.1145772382,5598.836089522486,5643.917697666003,5689.362301146471,5735.17282278806,5781.352208949439,5827.903429713208,5874.829479076986,5922.133375145914,5969.818160326825,6017.886901523867,6066.342690335802,6115.188643254807,6164.427901866934,6214.06363305417,6264.099029198114,6314.537308385285,6365.381714614103,6416.635518003553,6468.302015003491,6520.384528606639,6572.88640856233,6625.811031591967,6679.16180160615,6732.942149923667,6787.155535492116,6841.805445110439,6896.895393653112,6952.428924296275,7008.409608745552,7064.841047465831,7121.726869912778,7179.070734766296,7236.876330165845,7295.147373947643,7353.887613883764,7413.100827923194,7472.790824434837,7532.961442452409,7593.616551921397,7654.7600539479145,7716.395881049652,7778.527997408752,7841.160399126823,7904.2971144818985,7967.94220418758,8032.099761654146,8096.773913251861,8161.968818576374,8227.688670716232,8293.937696522553,8360.720156880894,8428.04034698531,8495.90259661459,8564.311270410717,8633.270768159597,8702.785525074065,8772.860012079082,8843.498736099358,8914.706240349144,8986.487104624512,9058.845945597834,9131.787417114787,9205.31621049359,9279.437054826807,9354.154717285446,9429.47400342559,9505.399757497484,9581.936862757088,9659.090241780126,9736.864856778713,9815.265709920519,9894.297843650465,9973.966341015032,10054.276325989182,10135.232963805956,10216.841461288606,10299.107067185563,10382.035072507933,10465.630810869876,10549.89965883156,10634.84703624505,10720.478406602804,10806.799277389146,10893.815200434417,10981.531772272076,11069.954634498676,11159.08947413668,11248.94202400021,11339.518063063782,11430.823416834026,11522.863957724268,11615.64560543233,11709.174327321158,11803.456138802712,11898.49710372478,11994.303334761045,12090.880993804161,12188.23629236214,12286.375491957784,12385.304904531427,12485.030892846919,12585.55987090084,12686.898304334996,12789.052710852275,12892.029660635888,12995.8357767719,13100.477735675182,13205.962267518828,13312.296156667053,13419.486242111492,13527.539417911097,13636.462633635434,13746.262894811807,13856.947263375758,13968.522858125163,14080.996855178266,14194.376488435144,14308.66905004285,14423.881890864615] 0.31126199007860056 [Infinity,Infinity,Infinity,Infinity,Infinity,Infinity,Infinity,Infinity,Infinity,Infinity,Infinity,Infinity,Infinity,Infinity,Infinity,Infinity,Infinity,Infinity,Infinity,Infinity,Infinity,Infinity,Infinity,Infinity,Infinity,Infinity,Infinity,Infinity,Infinity,Infinity,Infinity,Infinity,Infinity,Infinity,Infinity,Infinity,Infinity,Infinity,Infinity,Infinity,Infinity,Infinity,Infinity,Infinity,Infinity,Infinity,Infinity,Infinity,Infinity,Infinity,Infinity,Infinity,Infinity,Infinity,Infinity,Infinity,Infinity,Infinity,Infinity,Infinity,Infinity,Infinity,Infinity,Infinity,Infinity,Infinity,Infinity,Infinity,Infinity,Infinity,Infinity,Infinity,Infinity,Infinity,Infinity,Infinity,Infinity,Infinity,Infinity,Infinity,Infinity,Infinity,Infinity,Infinity,Infinity,Infinity,Infinity,Infinity,Infinity,Infinity,Infinity,Infinity,Infinity,Infinity,Infinity,Infinity,Infinity,Infinity,Infinity,Infinity,Infinity,Infinity,Infinity,Infinity,Infinity,Infinity,Infinity,Infinity,Infinity,Infinity,Infinity,Infinity,Infinity,Infinity,Infinity,Infinity,Infinity,Infinity,Infinity,Infinity,Infinity,Infinity,Infinity,Infinity,Infinity,Infinity,Infinity,Infinity,Infinity,Infinity,Infinity,Infinity,Infinity,Infinity,Infinity,Infinity,Infinity,Infinity,Infinity,Infinity,Infinity,Infinity,Infinity,Infinity,Infinity,Infinity,Infinity,Infinity,Infinity,Infinity,Infinity,Infinity,Infinity,Infinity,Infinity,Infinity,Infinity,Infinity,Infinity,Infinity,Infinity,Infinity,Infinity,Infinity,Infinity,Infinity,Infinity,Infinity,Infinity,Infinity,Infinity,Infinity,Infinity,Infinity,Infinity,Infinity,Infinity,Infinity,Infinity,Infinity,Infinity,Infinity,Infinity,Infinity,Infinity,Infinity,Infinity,Infinity,Infinity,Infinity,Infinity,Infinity,Infinity,Infinity,Infinity,Infinity,Infinity,Infinity,Infinity,Infinity,Infinity,Infinity,Infinity,Infinity,Infinity,Infinity,Infinity,Infinity,Infinity,Infinity,Infinity,Infinity,Infinity,Infinity,Infinity,Infinity,Infinity,Infinity,Infinity,Infinity,Infinity,Infinity,Infinity,Infinity,Infinity,Infinity,Infinity,Infinity,Infinity,Infinity,Infinity,Infinity,Infinity,Infinity,Infinity,Infinity,Infinity,Infinity,Infinity,Infinity,Infinity,Infinity,Infinity,Infinity,Infinity,Infinity,Infinity,Infinity,Infinity,Infinity,Infinity,Infinity,Infinity,Infinity,Infinity,Infinity,Infinity,Infinity,Infinity,Infinity,Infinity,Infinity,Infinity,Infinity,Infinity,Infinity,Infinity,Infinity,Infinity,Infinity,Infinity,Infinity,Infinity,Infinity,Infinity,Infinity,Infinity,Infinity,Infinity,Infinity,Infinity,Infinity,Infinity,Infinity,Infinity,Infinity,Infinity,Infinity,Infinity,Infinity,Infinity,Infinity,Infinity,Infinity,Infinity,Infinity,Infinity,Infinity,Infinity,Infinity] [0.0,0.0,0.0,0.0,0.0,0.0,0.0,0.0,0.0,0.0,0.0,0.0,0.0,0.0,0.0,0.0,0.0,0.0,0.0,0.0,0.0,0.0,0.0,0.0,0.0,0.0,0.0,0.0,0.0,0.0,0.0,0.0,0.0,0.0,0.0,0.0,0.0,0.0,0.0,0.0,0.0,0.0,0.0,0.0,0.0,0.0,0.0,0.0,0.0,0.0,0.0,0.0,0.0,0.0,0.0,0.0,0.0,0.0,0.0,0.0,0.0,0.0,0.0,0.0,0.0,0.0,0.0,0.0,0.0,0.0,0.0,0.0,0.0,0.0,0.0,0.0,0.0,0.0,0.0,0.0,0.0,0.0,0.0,0.0,0.0,0.0,0.0,0.0,0.0,0.0,0.0,0.0,0.0,0.0,0.0,0.0,0.0,0.0,0.0,0.0,0.0,0.0,0.0,0.0,0.0,0.0,0.0,0.0,0.0,0.0,0.0,0.0,0.0,0.0,0.0,0.0,0.0,0.0,0.0,0.0,0.0,0.0,0.0,0.0,0.0,0.0,0.0,0.0,0.0,0.0,0.0,0.0,0.0,0.0,0.0,0.0,0.0,0.0,0.0,0.0,0.0,0.0,0.0,0.0,0.0,0.0,0.0,0.0,0.0,0.0,0.0,0.0,0.0,0.0,0.0,0.0,0.0,0.0,0.0,0.0,0.0,0.0,0.0,0.0,0.0,0.0,0.0,0.0,0.0,0.0,0.0,0.0,0.0,0.0,0.0,0.0,0.0,0.0,0.0,0.0,0.0,0.0,0.0,0.0,0.0,0.0,0.0,0.0,0.0,0.0,0.0,0.0,0.0,0.0,0.0,0.0,0.0,0.0,0.0,0.0,0.0,0.0,0.0,0.0,0.0,0.0,0.0,0.0,0.0,0.0,0.0,0.0,0.0,0.0,0.0,0.0,0.0,0.0,0.0,0.0,0.0,0.0,0.0,0.0,0.0,0.0,0.0,0.0,0.0,0.0,0.0,0.0,0.0,0.0,0.0,0.0,0.0,0.0,0.0,0.0,0.0,0.0,0.0,0.0,0.0,0.0,0.0,0.0,0.0,0.0,0.0,0.0,0.0,0.0,0.0,0.0,0.0,0.0,0.0,0.0,0.0,0.0,0.0,0.0,0.0,0.0,0.0,0.0,0.0,0.0,0.0,0.0,0.0,0.0,0.0,0.0,0.0,0.0,0.0,0.0,0.0,0.0,0.0,0.0,0.0,0.0,0.0,0.0,0.0,0.0,0.0,0.0,0.0,0.0,0.0,0.0,0.0,0.0,0.0,0.0]
56416.55113995977 [0.0,0.0,0.0,0.0,0.0,0.0,0.0,0.0,0.0,0.0,0.0,0.0,0.0,0.0,0.0,0.0,0.0,0.0,0.0,0.0,0.0,0.0,0.0,0.0,0.0,0.0,0.0,0.0,0.0,0.0,0.0,0.0,0.0,0.0,0.0,0.0,0.0,0.0,0.0,0.0,0.0,0.0,0.0,0.0,0.0,0.0,0.0,0.0,0.0,0.0,0.0,0.0,0.0,0.0,0.0,0.0,0.0,0.0,0.0,0.0,0.0,0.0,0.0,0.0,0.0,0.0,0.0,0.0,0.0,0.0,0.0,0.0,0.0,0.0,0.0,0.0,0.0,0.0,0.0,0.0,0.0,0.0,0.0,0.0,0.0,0.0,0.0,0.0,0.0,0.0,0.0,0.0,0.0,0.0,0.0,0.0,0.0,0.0,0.0,0.0,0.0,0.0,0.0,0.0,0.0,0.0,0.0,0.0,0.0,0.0,0.0,0.0,0.0,0.0,0.0,0.0,0.0,0.0,0.0,0.0,0.0,0.0,0.0,0.0,0.0,0.0,0.0,0.0,0.0,0.0,0.0,0.0,0.0,0.0,0.0,0.0,0.0,0.0,0.0,0.0,0.0,0.0,0.0,0.0,0.0,0.0,0.0,0.0,0.0,0.0,0.0,0.0,0.0,0.0,0.0,0.0,0.0,0.0,0.0,0.0,0.0,0.0,0.0,0.0,0.0,0.0,0.0,0.0,0.0,0.0,0.0,0.0,0.0,0.0,0.0,0.0,0.0,0.0,0.0,0.0,0.0,0.0,0.0,0.0,0.0,0.0,0.0,0.0,0.0,0.0,0.0,0.0,0.0,0.0,0.0,0.0,0.0,0.0,0.0,0.0,0.0,0.0,0.0,0.0,0.0,0.0,0.0,0.0,0.0,0.0,0.0,0.0,0.0,0.0,0.0,0.0,0.0,0.0,0.0,0.0,0.0,0.0,0.0,0.0,0.0,0.0,0.0,0.0,0.0,0.0,0.0,0.0,0.0,0.0,0.0,0.0,0.0,0.0,0.0,0.0,0.0,0.0,0.0,0.0,0.0,0.0,0.0,0.0,0.0,0.0,0.0,0.0,0.0,0.0,0.0,0.0,0.0,0.0,0.0,0.0,0.0,0.0,0.0,0.0,0.0,0.0,0.0,0.0,0.0,0.0,0.0,0.0,0.0,0.0,0.0,0.0,0.0,0.0,0.0,0.0,0.0,0.0,0.0,0.0,0.0,0.0,0.0,0.0,0.0,0.0,0.0,0.0,0.0,0.0,0.0,0.0,0.0,0.0,0.0,0.0] [1311.2619900786005,1321.8202200865917,1332.463464547639,1343.19240799478,1354.0077404728797,1364.9101575830227,1375.9003605272408,1386.9790561536227,1398.1469570017646,1409.4047813486081,1420.7532532546286,1432.193102610412,1443.7250651835902,1455.3498826661717,1467.068302722235,1478.881079036026,1490.78897136042,1502.7927455657994,1514.8931736892998,1527.0910339844697,1539.3871109713293,1551.7821954868166,1564.2770847356642,1576.872582341659,1589.569498399342,1602.368649526097,1615.270858914685,1628.2769563861766,1641.3877784433362,1654.6041683244075,1667.9269760573632,1681.3570585145608,1694.895279467867,1708.5425096441993,1722.2996267815402,1736.1675156853773,1750.1470682856248,1764.2391836939755,1778.4447682617345,1792.7647356381167,1807.2000068289992,1821.7515102561672,1836.4201818170154,1851.2069649447558,1866.112810669078,1881.1386776773347,1896.285532376183,1911.5543489537563,1926.9461094423048,1942.4618037813711,1958.1024298814455,1973.8689936881608,1989.7625092469793,2005.7839987684179,2021.9344926937952,2038.215029761504,2054.626657073813,2071.1704301642176,2087.8474130653335,2104.6586783773164,2121.605307336866,2138.6883898867477,2155.9090247459117,2173.268319480143,2190.767390573309,2208.407363499154,2226.1893727937027,2244.1145621282076,2262.184084382728,2280.399101720259,2298.7607856614945,2317.2703171601615,2335.9288866789793,2354.7376942662327,2373.6979496329395,2392.810872230673,2412.077691329971,2431.4996460994216,2451.0779856853383,2470.813969292122,2490.7088662632277,2510.763956162824,2530.9805288580706,2551.359884602096,2571.9033341176064,2592.612198681206,2613.487810208354,2634.5315113390543,2655.7446555241822,2677.1286071125573,2698.6847414386757,2720.4144449111714,2742.319115101994,2764.4001608362782,2786.6590022829737,2809.097071046162,2831.715810257159,2854.5166746673017,2877.5011307415425,2900.67065675274,2924.0267428767575,2947.570891288285,2971.304616257478,2995.22944424732,3019.346914011829,3043.658576695001,3068.1659959305807,3092.870747942638,3117.7744216469364,3142.87861875312,3168.1849538677375,3193.695054598094,3219.410561656912,3245.333128967883,3271.4644237720117,3297.806126734876,3324.3599320546946,3351.1275475713155,3378.1106948760344,3405.3111094223436,3432.7305406375262,3460.3707520352004,3488.23352132871,3516.320640545493,3544.6339161423107,3573.1751691214417,3601.9462351478164,3630.9489646670518,3660.1852230244945,3689.6568905851636,3719.3658628547196,3749.3140506013438,3779.5033799786634,3809.935792649603,3840.6132459112973,3871.5377128209448,3902.7111823227383,3934.135659375755,3965.8131650829396,3997.7457368210635,4029.9354283717907,4062.3843100537392,4095.0944688556665,4128.068008570669,4161.3070499315045,4194.813730746993,4228.590206039511,4262.638648183577,4296.961247045588,4331.560210124669,4366.437762694626,4401.596147947099,4437.037627135803,4472.764479721992,4508.779003521039,4545.083514850253,4581.680348677821,4618.571858773019,4655.7604178575675,4693.248417758249,4731.038269560753,4769.132403764733,4807.533270440121,4846.243339384716,4885.265100283049,4924.601062866471,4964.253757074609,5004.22573321805,5044.519562142395,5085.137835393579,5126.08316538458,5167.3581855634,5208.965550582488,5250.907936469426,5293.188040799074,5335.808582867062,5378.772303864684,5422.081967055189,5465.740357951513,5509.7502844954415,5554.1145772382,5598.836089522486,5643.917697666003,5689.362301146471,5735.17282278806,5781.352208949439,5827.903429713208,5874.829479076986,5922.133375145914,5969.818160326825,6017.886901523867,6066.342690335802,6115.188643254807,6164.427901866934,6214.06363305417,6264.099029198114,6314.537308385285,6365.381714614103,6416.635518003553,6468.302015003491,6520.384528606639,6572.88640856233,6625.811031591967,6679.16180160615,6732.942149923667,6787.155535492116,6841.805445110439,6896.895393653112,6952.428924296275,7008.409608745552,7064.841047465831,7121.726869912778,7179.070734766296,7236.876330165845,7295.147373947643,7353.887613883764,7413.100827923194,7472.790824434837,7532.961442452409,7593.616551921397,7654.7600539479145,7716.395881049652,7778.527997408752,7841.160399126823,7904.2971144818985,7967.94220418758,8032.099761654146,8096.773913251861,8161.968818576374,8227.688670716232,8293.937696522553,8360.720156880894,8428.04034698531,8495.90259661459,8564.311270410717,8633.270768159597,8702.785525074065,8772.860012079082,8843.498736099358,8914.706240349144,8986.487104624512,9058.845945597834,9131.787417114787,9205.31621049359,9279.437054826807,9354.154717285446,9429.47400342559,9505.399757497484,9581.936862757088,9659.090241780126,9736.864856778713,9815.265709920519,9894.297843650465,9973.966341015032,10054.276325989182,10135.232963805956,10216.841461288606,10299.107067185563,10382.035072507933,10465.630810869876,10549.89965883156,10634.84703624505,10720.478406602804,10806.799277389146,10893.815200434417,10981.531772272076,11069.954634498676,11159.08947413668,11248.94202400021,11339.518063063782,11430.823416834026,11522.863957724268,11615.64560543233,11709.174327321158,11803.456138802712,11898.49710372478,11994.303334761045,12090.880993804161,12188.23629236214,12286.375491957784,12385.304904531427,12485.030892846919,12585.55987090084,12686.898304334996,12789.052710852275,12892.029660635888,12995.8357767719,13100.477735675182,13205.962267518828,13312.296156667053,13419.486242111492,13527.539417911097,13636.462633635434,13746.262894811807,13856.947263375758,13968.522858125163,14080.996855178266,14194.376488435144,14308.66905004285,14423.881890864615] 0.31126199007860056 [Infinity,Infinity,Infinity,Infinity,Infinity,Infinity,Infinity,Infinity,Infinity,Infinity,Infinity,Infinity,Infinity,Infinity,Infinity,Infinity,Infinity,Infinity,Infinity,Infinity,Infinity,Infinity,Infinity,Infinity,Infinity,Infinity,Infinity,Infinity,Infinity,Infinity,Infinity,Infinity,Infinity,Infinity,Infinity,Infinity,Infinity,Infinity,Infinity,Infinity,Infinity,Infinity,Infinity,Infinity,Infinity,Infinity,Infinity,Infinity,Infinity,Infinity,Infinity,Infinity,Infinity,Infinity,Infinity,Infinity,Infinity,Infinity,Infinity,Infinity,Infinity,Infinity,Infinity,Infinity,Infinity,Infinity,Infinity,Infinity,Infinity,Infinity,Infinity,Infinity,Infinity,Infinity,Infinity,Infinity,Infinity,Infinity,Infinity,Infinity,Infinity,Infinity,Infinity,Infinity,Infinity,Infinity,Infinity,Infinity,Infinity,Infinity,Infinity,Infinity,Infinity,Infinity,Infinity,Infinity,Infinity,Infinity,Infinity,Infinity,Infinity,Infinity,Infinity,Infinity,Infinity,Infinity,Infinity,Infinity,Infinity,Infinity,Infinity,Infinity,Infinity,Infinity,Infinity,Infinity,Infinity,Infinity,Infinity,Infinity,Infinity,Infinity,Infinity,Infinity,Infinity,Infinity,Infinity,Infinity,Infinity,Infinity,Infinity,Infinity,Infinity,Infinity,Infinity,Infinity,Infinity,Infinity,Infinity,Infinity,Infinity,Infinity,Infinity,Infinity,Infinity,Infinity,Infinity,Infinity,Infinity,Infinity,Infinity,Infinity,Infinity,Infinity,Infinity,Infinity,Infinity,Infinity,Infinity,Infinity,Infinity,Infinity,Infinity,Infinity,Infinity,Infinity,Infinity,Infinity,Infinity,Infinity,Infinity,Infinity,Infinity,Infinity,Infinity,Infinity,Infinity,Infinity,Infinity,Infinity,Infinity,Infinity,Infinity,Infinity,Infinity,Infinity,Infinity,Infinity,Infinity,Infinity,Infinity,Infinity,Infinity,Infinity,Infinity,Infinity,Infinity,Infinity,Infinity,Infinity,Infinity,Infinity,Infinity,Infinity,Infinity,Infinity,Infinity,Infinity,Infinity,Infinity,Infinity,Infinity,Infinity,Infinity,Infinity,Infinity,Infinity,Infinity,Infinity,Infinity,Infinity,Infinity,Infinity,Infinity,Infinity,Infinity,Infinity,Infinity,Infinity,Infinity,Infinity,Infinity,Infinity,Infinity,Infinity,Infinity,Infinity,Infinity,Infinity,Infinity,Infinity,Infinity,Infinity,Infinity,Infinity,Infinity,Infinity,Infinity,Infinity,Infinity,Infinity,Infinity,Infinity,Infinity,Infinity,Infinity,Infinity,Infinity,Infinity,Infinity,Infinity,Infinity,Infinity,Infinity,Infinity,Infinity,Infinity,Infinity,Infinity,Infinity,Infinity,Infinity,Infinity,Infinity,Infinity,Infinity,Infinity,Infinity,Infinity,Infinity,Infinity,Infinity,Infinity,Infinity,Infinity,Infinity,Infinity,Infinity,Infinity,Infinity,Infinity,Infinity,Infinity,Infinity,Infinity,Infinity,Infinity,Infinity,Infinity,Infinity] [0.0,0.0,0.0,0.0,0.0,0.0,0.0,0.0,0.0,0.0,0.0,0.0,0.0,0.0,0.0,0.0,0.0,0.0,0.0,0.0,0.0,0.0,0.0,0.0,0.0,0.0,0.0,0.0,0.0,0.0,0.0,0.0,0.0,0.0,0.0,0.0,0.0,0.0,0.0,0.0,0.0,0.0,0.0,0.0,0.0,0.0,0.0,0.0,0.0,0.0,0.0,0.0,0.0,0.0,0.0,0.0,0.0,0.0,0.0,0.0,0.0,0.0,0.0,0.0,0.0,0.0,0.0,0.0,0.0,0.0,0.0,0.0,0.0,0.0,0.0,0.0,0.0,0.0,0.0,0.0,0.0,0.0,0.0,0.0,0.0,0.0,0.0,0.0,0.0,0.0,0.0,0.0,0.0,0.0,0.0,0.0,0.0,0.0,0.0,0.0,0.0,0.0,0.0,0.0,0.0,0.0,0.0,0.0,0.0,0.0,0.0,0.0,0.0,0.0,0.0,0.0,0.0,0.0,0.0,0.0,0.0,0.0,0.0,0.0,0.0,0.0,0.0,0.0,0.0,0.0,0.0,0.0,0.0,0.0,0.0,0.0,0.0,0.0,0.0,0.0,0.0,0.0,0.0,0.0,0.0,0.0,0.0,0.0,0.0,0.0,0.0,0.0,0.0,0.0,0.0,0.0,0.0,0.0,0.0,0.0,0.0,0.0,0.0,0.0,0.0,0.0,0.0,0.0,0.0,0.0,0.0,0.0,0.0,0.0,0.0,0.0,0.0,0.0,0.0,0.0,0.0,0.0,0.0,0.0,0.0,0.0,0.0,0.0,0.0,0.0,0.0,0.0,0.0,0.0,0.0,0.0,0.0,0.0,0.0,0.0,0.0,0.0,0.0,0.0,0.0,0.0,0.0,0.0,0.0,0.0,0.0,0.0,0.0,0.0,0.0,0.0,0.0,0.0,0.0,0.0,0.0,0.0,0.0,0.0,0.0,0.0,0.0,0.0,0.0,0.0,0.0,0.0,0.0,0.0,0.0,0.0,0.0,0.0,0.0,0.0,0.0,0.0,0.0,0.0,0.0,0.0,0.0,0.0,0.0,0.0,0.0,0.0,0.0,0.0,0.0,0.0,0.0,0.0,0.0,0.0,0.0,0.0,0.0,0.0,0.0,0.0,0.0,0.0,0.0,0.0,0.0,0.0,0.0,0.0,0.0,0.0,0.0,0.0,0.0,0.0,0.0,0.0,0.0,0.0,0.0,0.0,0.0,0.0,0.0,0.0,0.0,0.0,0.0,0.0,0.0,0.0,0.0,0.0,0.0,0.0]
56339.205015392836 [0.0,0.0,0.0,0.0,0.0,0.0,0.0,0.0,0.0,0.0,0.0,0.0,0.0,0.0,0.0,0.0,0.0,0.0,0.0,0.0,0.0,0.0,0.0,0.0,0.0,0.0,0.0,0.0,0.0,0.0,0.0,0.0,0.0,0.0,0.0,0.0,0.0,0.0,0.0,0.0,0.0,0.0,0.0,0.0,0.0,0.0,0.0,0.0,0.0,0.0,0.0,0.0,0.0,0.0,0.0,0.0,0.0,0.0,0.0,0.0,0.0,0.0,0.0,0.0,0.0,0.0,0.0,0.0,0.0,0.0,0.0,0.0,0.0,0.0,0.0,0.0,0.0,0.0,0.0,0.0,0.0,0.0,0.0,0.0,0.0,0.0,0.0,0.0,0.0,0.0,0.0,0.0,0.0,0.0,0.0,0.0,0.0,0.0,0.0,0.0,0.0,0.0,0.0,0.0,0.0,0.0,0.0,0.0,0.0,0.0,0.0,0.0,0.0,0.0,0.0,0.0,0.0,0.0,0.0,0.0,0.0,0.0,0.0,0.0,0.0,0.0,0.0,0.0,0.0,0.0,0.0,0.0,0.0,0.0,0.0,0.0,0.0,0.0,0.0,0.0,0.0,0.0,0.0,0.0,0.0,0.0,0.0,0.0,0.0,0.0,0.0,0.0,0.0,0.0,0.0,0.0,0.0,0.0,0.0,0.0,0.0,0.0,0.0,0.0,0.0,0.0,0.0,0.0,0.0,0.0,0.0,0.0,0.0,0.0,0.0,0.0,0.0,0.0,0.0,0.0,0.0,0.0,0.0,0.0,0.0,0.0,0.0,0.0,0.0,0.0,0.0,0.0,0.0,0.0,0.0,0.0,0.0,0.0,0.0,0.0,0.0,0.0,0.0,0.0,0.0,0.0,0.0,0.0,0.0,0.0,0.0,0.0,0.0,0.0,0.0,0.0,0.0,0.0,0.0,0.0,0.0,0.0,0.0,0.0,0.0,0.0,0.0,0.0,0.0,0.0,0.0,0.0,0.0,0.0,0.0,0.0,0.0,0.0,0.0,0.0,0.0,0.0,0.0,0.0,0.0,0.0,0.0,0.0,0.0,0.0,0.0,0.0,0.0,0.0,0.0,0.0,0.0,0.0,0.0,0.0,0.0,0.0,0.0,0.0,0.0,0.0,0.0,0.0,0.0,0.0,0.0,0.0,0.0,0.0,0.0,0.0,0.0,0.0,0.0,0.0,0.0,0.0,0.0,0.0,0.0,0.0,0.0,0.0,0.0,0.0,0.0,0.0,0.0,0.0,0.0,0.0,0.0,0.0,0.0,0.0] [1311.2619900786005,1321.8202200865917,1332.463464547639,1343.19240799478,1354.0077404728797,1364.9101575830227,1375.9003605272408,1386.9790561536227,1398.1469570017646,1409.4047813486081,1420.7532532546286,1432.193102610412,1443.7250651835902,1455.3498826661717,1467.068302722235,1478.881079036026,1490.78897136042,1502.7927455657994,1514.8931736892998,1527.0910339844697,1539.3871109713293,1551.7821954868166,1564.2770847356642,1576.872582341659,1589.569498399342,1602.368649526097,1615.270858914685,1628.2769563861766,1641.3877784433362,1654.6041683244075,1667.9269760573632,1681.3570585145608,1694.895279467867,1708.5425096441993,1722.2996267815402,1736.1675156853773,1750.1470682856248,1764.2391836939755,1778.4447682617345,1792.7647356381167,1807.2000068289992,1821.7515102561672,1836.4201818170154,1851.2069649447558,1866.112810669078,1881.1386776773347,1896.285532376183,1911.5543489537563,1926.9461094423048,1942.4618037813711,1958.1024298814455,1973.8689936881608,1989.7625092469793,2005.7839987684179,2021.9344926937952,2038.215029761504,2054.626657073813,2071.1704301642176,2087.8474130653335,2104.6586783773164,2121.605307336866,2138.6883898867477,2155.9090247459117,2173.268319480143,2190.767390573309,2208.407363499154,2226.1893727937027,2244.1145621282076,2262.184084382728,2280.399101720259,2298.7607856614945,2317.2703171601615,2335.9288866789793,2354.7376942662327,2373.6979496329395,2392.810872230673,2412.077691329971,2431.4996460994216,2451.0779856853383,2470.813969292122,2490.7088662632277,2510.763956162824,2530.9805288580706,2551.359884602096,2571.9033341176064,2592.612198681206,2613.487810208354,2634.5315113390543,2655.7446555241822,2677.1286071125573,2698.6847414386757,2720.4144449111714,2742.319115101994,2764.4001608362782,2786.6590022829737,2809.097071046162,2831.715810257159,2854.5166746673017,2877.5011307415425,2900.67065675274,2924.0267428767575,2947.570891288285,2971.304616257478,2995.22944424732,3019.346914011829,3043.658576695001,3068.1659959305807,3092.870747942638,3117.7744216469364,3142.87861875312,3168.1849538677375,3193.695054598094,3219.410561656912,3245.333128967883,3271.4644237720117,3297.806126734876,3324.3599320546946,3351.1275475713155,3378.1106948760344,3405.3111094223436,3432.7305406375262,3460.3707520352004,3488.23352132871,3516.320640545493,3544.6339161423107,3573.1751691214417,3601.9462351478164,3630.9489646670518,3660.1852230244945,3689.6568905851636,3719.3658628547196,3749.3140506013438,3779.5033799786634,3809.935792649603,3840.6132459112973,3871.5377128209448,3902.7111823227383,3934.135659375755,3965.8131650829396,3997.7457368210635,4029.9354283717907,4062.3843100537392,4095.0944688556665,4128.068008570669,4161.3070499315045,4194.813730746993,4228.590206039511,4262.638648183577,4296.961247045588,4331.560210124669,4366.437762694626,4401.596147947099,4437.037627135803,4472.764479721992,4508.779003521039,4545.083514850253,4581.680348677821,4618.571858773019,4655.7604178575675,4693.248417758249,4731.038269560753,4769.132403764733,4807.533270440121,4846.243339384716,4885.265100283049,4924.601062866471,4964.253757074609,5004.22573321805,5044.519562142395,5085.137835393579,5126.08316538458,5167.3581855634,5208.965550582488,5250.907936469426,5293.188040799074,5335.808582867062,5378.772303864684,5422.081967055189,5465.740357951513,5509.7502844954415,5554.1145772382,5598.836089522486,5643.917697666003,5689.362301146471,5735.17282278806,5781.352208949439,5827.903429713208,5874.829479076986,5922.133375145914,5969.818160326825,6017.886901523867,6066.342690335802,6115.188643254807,6164.427901866934,6214.06363305417,6264.099029198114,6314.537308385285,6365.381714614103,6416.635518003553,6468.302015003491,6520.384528606639,6572.88640856233,6625.811031591967,6679.16180160615,6732.942149923667,6787.155535492116,6841.805445110439,6896.895393653112,6952.428924296275,7008.409608745552,7064.841047465831,7121.726869912778,7179.070734766296,7236.876330165845,7295.147373947643,7353.887613883764,7413.100827923194,7472.790824434837,7532.961442452409,7593.616551921397,7654.7600539479145,7716.395881049652,7778.527997408752,7841.160399126823,7904.2971144818985,7967.94220418758,8032.099761654146,8096.773913251861,8161.968818576374,8227.688670716232,8293.937696522553,8360.720156880894,8428.04034698531,8495.90259661459,8564.311270410717,8633.270768159597,8702.785525074065,8772.860012079082,8843.498736099358,8914.706240349144,8986.487104624512,9058.845945597834,9131.787417114787,9205.31621049359,9279.437054826807,9354.154717285446,9429.47400342559,9505.399757497484,9581.936862757088,9659.090241780126,9736.864856778713,9815.265709920519,9894.297843650465,9973.966341015032,10054.276325989182,10135.232963805956,10216.841461288606,10299.107067185563,10382.035072507933,10465.630810869876,10549.89965883156,10634.84703624505,10720.478406602804,10806.799277389146,10893.815200434417,10981.531772272076,11069.954634498676,11159.08947413668,11248.94202400021,11339.518063063782,11430.823416834026,11522.863957724268,11615.64560543233,11709.174327321158,11803.456138802712,11898.49710372478,11994.303334761045,12090.880993804161,12188.23629236214,12286.375491957784,12385.304904531427,12485.030892846919,12585.55987090084,12686.898304334996,12789.052710852275,12892.029660635888,12995.8357767719,13100.477735675182,13205.962267518828,13312.296156667053,13419.486242111492,13527.539417911097,13636.462633635434,13746.262894811807,13856.947263375758,13968.522858125163,14080.996855178266,14194.376488435144,14308.66905004285,14423.881890864615] 0.31126199007860056 [Infinity,Infinity,Infinity,Infinity,Infinity,Infinity,Infinity,Infinity,Infinity,Infinity,Infinity,Infinity,Infinity,Infinity,Infinity,Infinity,Infinity,Infinity,Infinity,Infinity,Infinity,Infinity,Infinity,Infinity,Infinity,Infinity,Infinity,Infinity,Infinity,Infinity,Infinity,Infinity,Infinity,Infinity,Infinity,Infinity,Infinity,Infinity,Infinity,Infinity,Infinity,Infinity,Infinity,Infinity,Infinity,Infinity,Infinity,Infinity,Infinity,Infinity,Infinity,Infinity,Infinity,Infinity,Infinity,Infinity,Infinity,Infinity,Infinity,Infinity,Infinity,Infinity,Infinity,Infinity,Infinity,Infinity,Infinity,Infinity,Infinity,Infinity,Infinity,Infinity,Infinity,Infinity,Infinity,Infinity,Infinity,Infinity,Infinity,Infinity,Infinity,Infinity,Infinity,Infinity,Infinity,Infinity,Infinity,Infinity,Infinity,Infinity,Infinity,Infinity,Infinity,Infinity,Infinity,Infinity,Infinity,Infinity,Infinity,Infinity,Infinity,Infinity,Infinity,Infinity,Infinity,Infinity,Infinity,Infinity,Infinity,Infinity,Infinity,Infinity,Infinity,Infinity,Infinity,Infinity,Infinity,Infinity,Infinity,Infinity,Infinity,Infinity,Infinity,Infinity,Infinity,Infinity,Infinity,Infinity,Infinity,Infinity,Infinity,Infinity,Infinity,Infinity,Infinity,Infinity,Infinity,Infinity,Infinity,Infinity,Infinity,Infinity,Infinity,Infinity,Infinity,Infinity,Infinity,Infinity,Infinity,Infinity,Infinity,Infinity,Infinity,Infinity,Infinity,Infinity,Infinity,Infinity,Infinity,Infinity,Infinity,Infinity,Infinity,Infinity,Infinity,Infinity,Infinity,Infinity,Infinity,Infinity,Infinity,Infinity,Infinity,Infinity,Infinity,Infinity,Infinity,Infinity,Infinity,Infinity,Infinity,Infinity,Infinity,Infinity,Infinity,Infinity,Infinity,Infinity,Infinity,Infinity,Infinity,Infinity,Infinity,Infinity,Infinity,Infinity,Infinity,Infinity,Infinity,Infinity,Infinity,Infinity,Infinity,Infinity,Infinity,Infinity,Infinity,Infinity,Infinity,Infinity,Infinity,Infinity,Infinity,Infinity,Infinity,Infinity,Infinity,Infinity,Infinity,Infinity,Infinity,Infinity,Infinity,Infinity,Infinity,Infinity,Infinity,Infinity,Infinity,Infinity,Infinity,Infinity,Infinity,Infinity,Infinity,Infinity,Infinity,Infinity,Infinity,Infinity,Infinity,Infinity,Infinity,Infinity,Infinity,Infinity,Infinity,Infinity,Infinity,Infinity,Infinity,Infinity,Infinity,Infinity,Infinity,Infinity,Infinity,Infinity,Infinity,Infinity,Infinity,Infinity,Infinity,Infinity,Infinity,Infinity,Infinity,Infinity,Infinity,Infinity,Infinity,Infinity,Infinity,Infinity,Infinity,Infinity,Infinity,Infinity,Infinity,Infinity,Infinity,Infinity,Infinity,Infinity,Infinity,Infinity,Infinity,Infinity,Infinity,Infinity,Infinity,Infinity,Infinity,Infinity,Infinity,Infinity,Infinity,Infinity,Infinity,Infinity] [0.0,0.0,0.0,0.0,0.0,0.0,0.0,0.0,0.0,0.0,0.0,0.0,0.0,0.0,0.0,0.0,0.0,0.0,0.0,0.0,0.0,0.0,0.0,0.0,0.0,0.0,0.0,0.0,0.0,0.0,0.0,0.0,0.0,0.0,0.0,0.0,0.0,0.0,0.0,0.0,0.0,0.0,0.0,0.0,0.0,0.0,0.0,0.0,0.0,0.0,0.0,0.0,0.0,0.0,0.0,0.0,0.0,0.0,0.0,0.0,0.0,0.0,0.0,0.0,0.0,0.0,0.0,0.0,0.0,0.0,0.0,0.0,0.0,0.0,0.0,0.0,0.0,0.0,0.0,0.0,0.0,0.0,0.0,0.0,0.0,0.0,0.0,0.0,0.0,0.0,0.0,0.0,0.0,0.0,0.0,0.0,0.0,0.0,0.0,0.0,0.0,0.0,0.0,0.0,0.0,0.0,0.0,0.0,0.0,0.0,0.0,0.0,0.0,0.0,0.0,0.0,0.0,0.0,0.0,0.0,0.0,0.0,0.0,0.0,0.0,0.0,0.0,0.0,0.0,0.0,0.0,0.0,0.0,0.0,0.0,0.0,0.0,0.0,0.0,0.0,0.0,0.0,0.0,0.0,0.0,0.0,0.0,0.0,0.0,0.0,0.0,0.0,0.0,0.0,0.0,0.0,0.0,0.0,0.0,0.0,0.0,0.0,0.0,0.0,0.0,0.0,0.0,0.0,0.0,0.0,0.0,0.0,0.0,0.0,0.0,0.0,0.0,0.0,0.0,0.0,0.0,0.0,0.0,0.0,0.0,0.0,0.0,0.0,0.0,0.0,0.0,0.0,0.0,0.0,0.0,0.0,0.0,0.0,0.0,0.0,0.0,0.0,0.0,0.0,0.0,0.0,0.0,0.0,0.0,0.0,0.0,0.0,0.0,0.0,0.0,0.0,0.0,0.0,0.0,0.0,0.0,0.0,0.0,0.0,0.0,0.0,0.0,0.0,0.0,0.0,0.0,0.0,0.0,0.0,0.0,0.0,0.0,0.0,0.0,0.0,0.0,0.0,0.0,0.0,0.0,0.0,0.0,0.0,0.0,0.0,0.0,0.0,0.0,0.0,0.0,0.0,0.0,0.0,0.0,0.0,0.0,0.0,0.0,0.0,0.0,0.0,0.0,0.0,0.0,0.0,0.0,0.0,0.0,0.0,0.0,0.0,0.0,0.0,0.0,0.0,0.0,0.0,0.0,0.0,0.0,0.0,0.0,0.0,0.0,0.0,0.0,0.0,0.0,0.0,0.0,0.0,0.0,0.0,0.0,0.0]
56404.05342483605 [0.0,0.0,0.0,0.0,0.0,0.0,0.0,0.0,0.0,0.0,0.0,0.0,0.0,0.0,0.0,0.0,0.0,0.0,0.0,0.0,0.0,0.0,0.0,0.0,0.0,0.0,0.0,0.0,0.0,0.0,0.0,0.0,0.0,0.0,0.0,0.0,0.0,0.0,0.0,0.0,0.0,0.0,0.0,0.0,0.0,0.0,0.0,0.0,0.0,0.0,0.0,0.0,0.0,0.0,0.0,0.0,0.0,0.0,0.0,0.0,0.0,0.0,0.0,0.0,0.0,0.0,0.0,0.0,0.0,0.0,0.0,0.0,0.0,0.0,0.0,0.0,0.0,0.0,0.0,0.0,0.0,0.0,0.0,0.0,0.0,0.0,0.0,0.0,0.0,0.0,0.0,0.0,0.0,0.0,0.0,0.0,0.0,0.0,0.0,0.0,0.0,0.0,0.0,0.0,0.0,0.0,0.0,0.0,0.0,0.0,0.0,0.0,0.0,0.0,0.0,0.0,0.0,0.0,0.0,0.0,0.0,0.0,0.0,0.0,0.0,0.0,0.0,0.0,0.0,0.0,0.0,0.0,0.0,0.0,0.0,0.0,0.0,0.0,0.0,0.0,0.0,0.0,0.0,0.0,0.0,0.0,0.0,0.0,0.0,0.0,0.0,0.0,0.0,0.0,0.0,0.0,0.0,0.0,0.0,0.0,0.0,0.0,0.0,0.0,0.0,0.0,0.0,0.0,0.0,0.0,0.0,0.0,0.0,0.0,0.0,0.0,0.0,0.0,0.0,0.0,0.0,0.0,0.0,0.0,0.0,0.0,0.0,0.0,0.0,0.0,0.0,0.0,0.0,0.0,0.0,0.0,0.0,0.0,0.0,0.0,0.0,0.0,0.0,0.0,0.0,0.0,0.0,0.0,0.0,0.0,0.0,0.0,0.0,0.0,0.0,0.0,0.0,0.0,0.0,0.0,0.0,0.0,0.0,0.0,0.0,0.0,0.0,0.0,0.0,0.0,0.0,0.0,0.0,0.0,0.0,0.0,0.0,0.0,0.0,0.0,0.0,0.0,0.0,0.0,0.0,0.0,0.0,0.0,0.0,0.0,0.0,0.0,0.0,0.0,0.0,0.0,0.0,0.0,0.0,0.0,0.0,0.0,0.0,0.0,0.0,0.0,0.0,0.0,0.0,0.0,0.0,0.0,0.0,0.0,0.0,0.0,0.0,0.0,0.0,0.0,0.0,0.0,0.0,0.0,0.0,0.0,0.0,0.0,0.0,0.0,0.0,0.0,0.0,0.0,0.0,0.0,0.0,0.0,0.0,0.0] [1311.2619900786005,1321.8202200865917,1332.463464547639,1343.19240799478,1354.0077404728797,1364.9101575830227,1375.9003605272408,1386.9790561536227,1398.1469570017646,1409.4047813486081,1420.7532532546286,1432.193102610412,1443.7250651835902,1455.3498826661717,1467.068302722235,1478.881079036026,1490.78897136042,1502.7927455657994,1514.8931736892998,1527.0910339844697,1539.3871109713293,1551.7821954868166,1564.2770847356642,1576.872582341659,1589.569498399342,1602.368649526097,1615.270858914685,1628.2769563861766,1641.3877784433362,1654.6041683244075,1667.9269760573632,1681.3570585145608,1694.895279467867,1708.5425096441993,1722.2996267815402,1736.1675156853773,1750.1470682856248,1764.2391836939755,1778.4447682617345,1792.7647356381167,1807.2000068289992,1821.7515102561672,1836.4201818170154,1851.2069649447558,1866.112810669078,1881.1386776773347,1896.285532376183,1911.5543489537563,1926.9461094423048,1942.4618037813711,1958.1024298814455,1973.8689936881608,1989.7625092469793,2005.7839987684179,2021.9344926937952,2038.215029761504,2054.626657073813,2071.1704301642176,2087.8474130653335,2104.6586783773164,2121.605307336866,2138.6883898867477,2155.9090247459117,2173.268319480143,2190.767390573309,2208.407363499154,2226.1893727937027,2244.1145621282076,2262.184084382728,2280.399101720259,2298.7607856614945,2317.2703171601615,2335.9288866789793,2354.7376942662327,2373.6979496329395,2392.810872230673,2412.077691329971,2431.4996460994216,2451.0779856853383,2470.813969292122,2490.7088662632277,2510.763956162824,2530.9805288580706,2551.359884602096,2571.9033341176064,2592.612198681206,2613.487810208354,2634.5315113390543,2655.7446555241822,2677.1286071125573,2698.6847414386757,2720.4144449111714,2742.319115101994,2764.4001608362782,2786.6590022829737,2809.097071046162,2831.715810257159,2854.5166746673017,2877.5011307415425,2900.67065675274,2924.0267428767575,2947.570891288285,2971.304616257478,2995.22944424732,3019.346914011829,3043.658576695001,3068.1659959305807,3092.870747942638,3117.7744216469364,3142.87861875312,3168.1849538677375,3193.695054598094,3219.410561656912,3245.333128967883,3271.4644237720117,3297.806126734876,3324.3599320546946,3351.1275475713155,3378.1106948760344,3405.3111094223436,3432.7305406375262,3460.3707520352004,3488.23352132871,3516.320640545493,3544.6339161423107,3573.1751691214417,3601.9462351478164,3630.9489646670518,3660.1852230244945,3689.6568905851636,3719.3658628547196,3749.3140506013438,3779.5033799786634,3809.935792649603,3840.6132459112973,3871.5377128209448,3902.7111823227383,3934.135659375755,3965.8131650829396,3997.7457368210635,4029.9354283717907,4062.3843100537392,4095.0944688556665,4128.068008570669,4161.3070499315045,4194.813730746993,4228.590206039511,4262.638648183577,4296.961247045588,4331.560210124669,4366.437762694626,4401.596147947099,4437.037627135803,4472.764479721992,4508.779003521039,4545.083514850253,4581.680348677821,4618.571858773019,4655.7604178575675,4693.248417758249,4731.038269560753,4769.132403764733,4807.533270440121,4846.243339384716,4885.265100283049,4924.601062866471,4964.253757074609,5004.22573321805,5044.519562142395,5085.137835393579,5126.08316538458,5167.3581855634,5208.965550582488,5250.907936469426,5293.188040799074,5335.808582867062,5378.772303864684,5422.081967055189,5465.740357951513,5509.7502844954415,5554.1145772382,5598.836089522486,5643.917697666003,5689.362301146471,5735.17282278806,5781.352208949439,5827.903429713208,5874.829479076986,5922.133375145914,5969.818160326825,6017.886901523867,6066.342690335802,6115.188643254807,6164.427901866934,6214.06363305417,6264.099029198114,6314.537308385285,6365.381714614103,6416.635518003553,6468.302015003491,6520.384528606639,6572.88640856233,6625.811031591967,6679.16180160615,6732.942149923667,6787.155535492116,6841.805445110439,6896.895393653112,6952.428924296275,7008.409608745552,7064.841047465831,7121.726869912778,7179.070734766296,7236.876330165845,7295.147373947643,7353.887613883764,7413.100827923194,7472.790824434837,7532.961442452409,7593.616551921397,7654.7600539479145,7716.395881049652,7778.527997408752,7841.160399126823,7904.2971144818985,7967.94220418758,8032.099761654146,8096.773913251861,8161.968818576374,8227.688670716232,8293.937696522553,8360.720156880894,8428.04034698531,8495.90259661459,8564.311270410717,8633.270768159597,8702.785525074065,8772.860012079082,8843.498736099358,8914.706240349144,8986.487104624512,9058.845945597834,9131.787417114787,9205.31621049359,9279.437054826807,9354.154717285446,9429.47400342559,9505.399757497484,9581.936862757088,9659.090241780126,9736.864856778713,9815.265709920519,9894.297843650465,9973.966341015032,10054.276325989182,10135.232963805956,10216.841461288606,10299.107067185563,10382.035072507933,10465.630810869876,10549.89965883156,10634.84703624505,10720.478406602804,10806.799277389146,10893.815200434417,10981.531772272076,11069.954634498676,11159.08947413668,11248.94202400021,11339.518063063782,11430.823416834026,11522.863957724268,11615.64560543233,11709.174327321158,11803.456138802712,11898.49710372478,11994.303334761045,12090.880993804161,12188.23629236214,12286.375491957784,12385.304904531427,12485.030892846919,12585.55987090084,12686.898304334996,12789.052710852275,12892.029660635888,12995.8357767719,13100.477735675182,13205.962267518828,13312.296156667053,13419.486242111492,13527.539417911097,13636.462633635434,13746.262894811807,13856.947263375758,13968.522858125163,14080.996855178266,14194.376488435144,14308.66905004285,14423.881890864615] 0.31126199007860056 [Infinity,Infinity,Infinity,Infinity,Infinity,Infinity,Infinity,Infinity,Infinity,Infinity,Infinity,Infinity,Infinity,Infinity,Infinity,Infinity,Infinity,Infinity,Infinity,Infinity,Infinity,Infinity,Infinity,Infinity,Infinity,Infinity,Infinity,Infinity,Infinity,Infinity,Infinity,Infinity,Infinity,Infinity,Infinity,Infinity,Infinity,Infinity,Infinity,Infinity,Infinity,Infinity,Infinity,Infinity,Infinity,Infinity,Infinity,Infinity,Infinity,Infinity,Infinity,Infinity,Infinity,Infinity,Infinity,Infinity,Infinity,Infinity,Infinity,Infinity,Infinity,Infinity,Infinity,Infinity,Infinity,Infinity,Infinity,Infinity,Infinity,Infinity,Infinity,Infinity,Infinity,Infinity,Infinity,Infinity,Infinity,Infinity,Infinity,Infinity,Infinity,Infinity,Infinity,Infinity,Infinity,Infinity,Infinity,Infinity,Infinity,Infinity,Infinity,Infinity,Infinity,Infinity,Infinity,Infinity,Infinity,Infinity,Infinity,Infinity,Infinity,Infinity,Infinity,Infinity,Infinity,Infinity,Infinity,Infinity,Infinity,Infinity,Infinity,Infinity,Infinity,Infinity,Infinity,Infinity,Infinity,Infinity,Infinity,Infinity,Infinity,Infinity,Infinity,Infinity,Infinity,Infinity,Infinity,Infinity,Infinity,Infinity,Infinity,Infinity,Infinity,Infinity,Infinity,Infinity,Infinity,Infinity,Infinity,Infinity,Infinity,Infinity,Infinity,Infinity,Infinity,Infinity,Infinity,Infinity,Infinity,Infinity,Infinity,Infinity,Infinity,Infinity,Infinity,Infinity,Infinity,Infinity,Infinity,Infinity,Infinity,Infinity,Infinity,Infinity,Infinity,Infinity,Infinity,Infinity,Infinity,Infinity,Infinity,Infinity,Infinity,Infinity,Infinity,Infinity,Infinity,Infinity,Infinity,Infinity,Infinity,Infinity,Infinity,Infinity,Infinity,Infinity,Infinity,Infinity,Infinity,Infinity,Infinity,Infinity,Infinity,Infinity,Infinity,Infinity,Infinity,Infinity,Infinity,Infinity,Infinity,Infinity,Infinity,Infinity,Infinity,Infinity,Infinity,Infinity,Infinity,Infinity,Infinity,Infinity,Infinity,Infinity,Infinity,Infinity,Infinity,Infinity,Infinity,Infinity,Infinity,Infinity,Infinity,Infinity,Infinity,Infinity,Infinity,Infinity,Infinity,Infinity,Infinity,Infinity,Infinity,Infinity,Infinity,Infinity,Infinity,Infinity,Infinity,Infinity,Infinity,Infinity,Infinity,Infinity,Infinity,Infinity,Infinity,Infinity,Infinity,Infinity,Infinity,Infinity,Infinity,Infinity,Infinity,Infinity,Infinity,Infinity,Infinity,Infinity,Infinity,Infinity,Infinity,Infinity,Infinity,Infinity,Infinity,Infinity,Infinity,Infinity,Infinity,Infinity,Infinity,Infinity,Infinity,Infinity,Infinity,Infinity,Infinity,Infinity,Infinity,Infinity,Infinity,Infinity,Infinity,Infinity,Infinity,Infinity,Infinity,Infinity,Infinity,Infinity,Infinity,Infinity,Infinity,Infinity,Infinity,Infinity,Infinity,Infinity] [0.0,0.0,0.0,0.0,0.0,0.0,0.0,0.0,0.0,0.0,0.0,0.0,0.0,0.0,0.0,0.0,0.0,0.0,0.0,0.0,0.0,0.0,0.0,0.0,0.0,0.0,0.0,0.0,0.0,0.0,0.0,0.0,0.0,0.0,0.0,0.0,0.0,0.0,0.0,0.0,0.0,0.0,0.0,0.0,0.0,0.0,0.0,0.0,0.0,0.0,0.0,0.0,0.0,0.0,0.0,0.0,0.0,0.0,0.0,0.0,0.0,0.0,0.0,0.0,0.0,0.0,0.0,0.0,0.0,0.0,0.0,0.0,0.0,0.0,0.0,0.0,0.0,0.0,0.0,0.0,0.0,0.0,0.0,0.0,0.0,0.0,0.0,0.0,0.0,0.0,0.0,0.0,0.0,0.0,0.0,0.0,0.0,0.0,0.0,0.0,0.0,0.0,0.0,0.0,0.0,0.0,0.0,0.0,0.0,0.0,0.0,0.0,0.0,0.0,0.0,0.0,0.0,0.0,0.0,0.0,0.0,0.0,0.0,0.0,0.0,0.0,0.0,0.0,0.0,0.0,0.0,0.0,0.0,0.0,0.0,0.0,0.0,0.0,0.0,0.0,0.0,0.0,0.0,0.0,0.0,0.0,0.0,0.0,0.0,0.0,0.0,0.0,0.0,0.0,0.0,0.0,0.0,0.0,0.0,0.0,0.0,0.0,0.0,0.0,0.0,0.0,0.0,0.0,0.0,0.0,0.0,0.0,0.0,0.0,0.0,0.0,0.0,0.0,0.0,0.0,0.0,0.0,0.0,0.0,0.0,0.0,0.0,0.0,0.0,0.0,0.0,0.0,0.0,0.0,0.0,0.0,0.0,0.0,0.0,0.0,0.0,0.0,0.0,0.0,0.0,0.0,0.0,0.0,0.0,0.0,0.0,0.0,0.0,0.0,0.0,0.0,0.0,0.0,0.0,0.0,0.0,0.0,0.0,0.0,0.0,0.0,0.0,0.0,0.0,0.0,0.0,0.0,0.0,0.0,0.0,0.0,0.0,0.0,0.0,0.0,0.0,0.0,0.0,0.0,0.0,0.0,0.0,0.0,0.0,0.0,0.0,0.0,0.0,0.0,0.0,0.0,0.0,0.0,0.0,0.0,0.0,0.0,0.0,0.0,0.0,0.0,0.0,0.0,0.0,0.0,0.0,0.0,0.0,0.0,0.0,0.0,0.0,0.0,0.0,0.0,0.0,0.0,0.0,0.0,0.0,0.0,0.0,0.0,0.0,0.0,0.0,0.0,0.0,0.0,0.0,0.0,0.0,0.0,0.0,0.0]
56224.34821721586 [0.0,0.0,0.0,0.0,0.0,0.0,0.0,0.0,0.0,0.0,0.0,0.0,0.0,0.0,0.0,0.0,0.0,0.0,0.0,0.0,0.0,0.0,0.0,0.0,0.0,0.0,0.0,0.0,0.0,0.0,0.0,0.0,0.0,0.0,0.0,0.0,0.0,0.0,0.0,0.0,0.0,0.0,0.0,0.0,0.0,0.0,0.0,0.0,0.0,0.0,0.0,0.0,0.0,0.0,0.0,0.0,0.0,0.0,0.0,0.0,0.0,0.0,0.0,0.0,0.0,0.0,0.0,0.0,0.0,0.0,0.0,0.0,0.0,0.0,0.0,0.0,0.0,0.0,0.0,0.0,0.0,0.0,0.0,0.0,0.0,0.0,0.0,0.0,0.0,0.0,0.0,0.0,0.0,0.0,0.0,0.0,0.0,0.0,0.0,0.0,0.0,0.0,0.0,0.0,0.0,0.0,0.0,0.0,0.0,0.0,0.0,0.0,0.0,0.0,0.0,0.0,0.0,0.0,0.0,0.0,0.0,0.0,0.0,0.0,0.0,0.0,0.0,0.0,0.0,0.0,0.0,0.0,0.0,0.0,0.0,0.0,0.0,0.0,0.0,0.0,124.43351477147912,85.1119159886973,49.03780698926716,35.7550453689462,33.69387354169228,49.76764594142506,74.58820912575393,86.70709157059757,94.10151872276555,83.94170406562938,90.15372149342643,114.88981165469151,137.61226760777058,156.50716503398615,165.4491033407412,159.98085720621899,183.2336726623035,185.32042858767053,168.61963067796546,168.403127431547,164.91313129588931,163.24944931525263,174.54697102786648,193.59689531763456,180.27929305566602,162.44650976947943,213.2342578081073,224.2553511287889,244.024068611566,249.01359049544888,245.9556888368179,231.0672608242693,262.74910807372294,248.79097533688662,285.4878022788109,253.81553796812028,231.14814817996756,225.74009886129815,184.4380348866419,179.82597244817103,151.1987485689876,177.7696528201857,176.0955844286098,179.770633464665,165.85587967133355,172.73185987226813,180.8385296973613,182.1686441561616,169.84808160093863,178.28382397710826,189.38472071564883,172.99340760998047,169.02228949813997,154.63060372731235,161.68345496753906,154.62895222455828,139.91713317131345,124.06606177340201,132.15034510425568,113.30788511629122,134.03499098011162,137.52666299368292,151.01116424448537,146.78833109104772,138.3190953948136,135.42724621030166,129.91876374906096,130.42711954431923,112.35665265324721,116.79832945187755,103.5180448957019,114.94238684429386,105.0066423003056,106.61108720875315,109.45855933607251,110.0931609240548,105.45783393543635,106.20543023888015,103.632230341637,108.84881569979119,99.48523677029175,104.622749194226,95.6633015684535,86.80626571405561,84.28383900943939,82.93017706784745,82.37701906821674,86.82999326030011,89.64933501122628,95.11421011660126,93.89554446649714,91.83037672388149,82.68225000094392,82.6856128100917,81.46472535891394,76.01640507944728,73.42684712778036,70.53303150281123,73.59035103154886,71.4136143414145,70.65607443503882,68.70957768491125,65.46427114432167,62.08125589874508,56.8964102123945,61.84692051228594,56.68890398888646,56.61573610315707,52.828497342337265,59.55552262895442,50.346366401039305,51.4075512402698,44.31736964241453,47.068439800789974,45.48965475731032,44.63748190056832,39.73130992692707,31.654150872862175,33.52080760102289,31.45929439048151,35.370947200217756,31.26138395979302,33.14932280195684,34.173056515113004,33.74005681105204,36.055814115183644,38.72144930780868,35.604370842542416,34.19536270839669,36.43650062574755,34.661904763762145,33.395385948272846,30.04049997517916,31.995833195295045,28.126896555659478,27.648028274184668,30.034019701155554,22.767203362516717,23.280139598125352,25.045346664482278,25.841642035432212,28.736560143740252,32.89433860724742,31.50538626755767,26.775494171381773,27.20195010177718,26.353576522207412,23.58081448276411,20.181554585050055,16.059285958521016,13.80891059091516,9.411007210083216,9.755669044486124,9.80648860710221,10.337700878857252,8.609783097320085,9.460992572718936,6.9072007315877,6.993086813469264,6.493353915131668] [1311.2619900786005,1321.8202200865917,1332.463464547639,1343.19240799478,1354.0077404728797,1364.9101575830227,1375.9003605272408,1386.9790561536227,1398.1469570017646,1409.4047813486081,1420.7532532546286,1432.193102610412,1443.7250651835902,1455.3498826661717,1467.068302722235,1478.881079036026,1490.78897136042,1502.7927455657994,1514.8931736892998,1527.0910339844697,1539.3871109713293,1551.7821954868166,1564.2770847356642,1576.872582341659,1589.569498399342,1602.368649526097,1615.270858914685,1628.2769563861766,1641.3877784433362,1654.6041683244075,1667.9269760573632,1681.3570585145608,1694.895279467867,1708.5425096441993,1722.2996267815402,1736.1675156853773,1750.1470682856248,1764.2391836939755,1778.4447682617345,1792.7647356381167,1807.2000068289992,1821.7515102561672,1836.4201818170154,1851.2069649447558,1866.112810669078,1881.1386776773347,1896.285532376183,1911.5543489537563,1926.9461094423048,1942.4618037813711,1958.1024298814455,1973.8689936881608,1989.7625092469793,2005.7839987684179,2021.9344926937952,2038.215029761504,2054.626657073813,2071.1704301642176,2087.8474130653335,2104.6586783773164,2121.605307336866,2138.6883898867477,2155.9090247459117,2173.268319480143,2190.767390573309,2208.407363499154,2226.1893727937027,2244.1145621282076,2262.184084382728,2280.399101720259,2298.7607856614945,2317.2703171601615,2335.9288866789793,2354.7376942662327,2373.6979496329395,2392.810872230673,2412.077691329971,2431.4996460994216,2451.0779856853383,2470.813969292122,2490.7088662632277,2510.763956162824,2530.9805288580706,2551.359884602096,2571.9033341176064,2592.612198681206,2613.487810208354,2634.5315113390543,2655.7446555241822,2677.1286071125573,2698.6847414386757,2720.4144449111714,2742.319115101994,2764.4001608362782,2786.6590022829737,2809.097071046162,2831.715810257159,2854.5166746673017,2877.5011307415425,2900.67065675274,2924.0267428767575,2947.570891288285,2971.304616257478,2995.22944424732,3019.346914011829,3043.658576695001,3068.1659959305807,3092.870747942638,3117.7744216469364,3142.87861875312,3168.1849538677375,3193.695054598094,3219.410561656912,3245.333128967883,3271.4644237720117,3297.806126734876,3324.3599320546946,3351.1275475713155,3378.1106948760344,3405.3111094223436,3432.7305406375262,3460.3707520352004,3488.23352132871,3516.320640545493,3544.6339161423107,3573.1751691214417,3601.9462351478164,3630.9489646670518,3660.1852230244945,3689.6568905851636,3719.3658628547196,3749.3140506013438,3779.5033799786634,3809.935792649603,3840.6132459112973,3871.5377128209448,3902.7111823227383,3934.135659375755,3965.8131650829396,3997.7457368210635,4029.9354283717907,4062.3843100537392,4095.0944688556665,4128.068008570669,4161.3070499315045,4194.813730746993,4228.590206039511,4262.638648183577,4296.961247045588,4331.560210124669,4366.437762694626,4401.596147947099,4437.037627135803,4472.764479721992,4508.779003521039,4545.083514850253,4581.680348677821,4618.571858773019,4655.7604178575675,4693.248417758249,4731.038269560753,4769.132403764733,4807.533270440121,4846.243339384716,4885.265100283049,4924.601062866471,4964.253757074609,5004.22573321805,5044.519562142395,5085.137835393579,5126.08316538458,5167.3581855634,5208.965550582488,5250.907936469426,5293.188040799074,5335.808582867062,5378.772303864684,5422.081967055189,5465.740357951513,5509.7502844954415,5554.1145772382,5598.836089522486,5643.917697666003,5689.362301146471,5735.17282278806,5781.352208949439,5827.903429713208,5874.829479076986,5922.133375145914,5969.818160326825,6017.886901523867,6066.342690335802,6115.188643254807,6164.427901866934,6214.06363305417,6264.099029198114,6314.537308385285,6365.381714614103,6416.635518003553,6468.302015003491,6520.384528606639,6572.88640856233,6625.811031591967,6679.16180160615,6732.942149923667,6787.155535492116,6841.805445110439,6896.895393653112,6952.428924296275,7008.409608745552,7064.841047465831,7121.726869912778,7179.070734766296,7236.876330165845,7295.147373947643,7353.887613883764,7413.100827923194,7472.790824434837,7532.961442452409,7593.616551921397,7654.7600539479145,7716.395881049652,7778.527997408752,7841.160399126823,7904.2971144818985,7967.94220418758,8032.099761654146,8096.773913251861,8161.968818576374,8227.688670716232,8293.937696522553,8360.720156880894,8428.04034698531,8495.90259661459,8564.311270410717,8633.270768159597,8702.785525074065,8772.860012079082,8843.498736099358,8914.706240349144,8986.487104624512,9058.845945597834,9131.787417114787,9205.31621049359,9279.437054826807,9354.154717285446,9429.47400342559,9505.399757497484,9581.936862757088,9659.090241780126,9736.864856778713,9815.265709920519,9894.297843650465,9973.966341015032,10054.276325989182,10135.232963805956,10216.841461288606,10299.107067185563,10382.035072507933,10465.630810869876,10549.89965883156,10634.84703624505,10720.478406602804,10806.799277389146,10893.815200434417,10981.531772272076,11069.954634498676,11159.08947413668,11248.94202400021,11339.518063063782,11430.823416834026,11522.863957724268,11615.64560543233,11709.174327321158,11803.456138802712,11898.49710372478,11994.303334761045,12090.880993804161,12188.23629236214,12286.375491957784,12385.304904531427,12485.030892846919,12585.55987090084,12686.898304334996,12789.052710852275,12892.029660635888,12995.8357767719,13100.477735675182,13205.962267518828,13312.296156667053,13419.486242111492,13527.539417911097,13636.462633635434,13746.262894811807,13856.947263375758,13968.522858125163,14080.996855178266,14194.376488435144,14308.66905004285,14423.881890864615] 0.31126199007860056 [Infinity,Infinity,Infinity,Infinity,Infinity,Infinity,Infinity,Infinity,Infinity,Infinity,Infinity,Infinity,Infinity,Infinity,Infinity,Infinity,Infinity,Infinity,Infinity,Infinity,Infinity,Infinity,Infinity,Infinity,Infinity,Infinity,Infinity,Infinity,Infinity,Infinity,Infinity,Infinity,Infinity,Infinity,Infinity,Infinity,Infinity,Infinity,Infinity,Infinity,Infinity,Infinity,Infinity,Infinity,Infinity,Infinity,Infinity,Infinity,Infinity,Infinity,Infinity,Infinity,Infinity,Infinity,Infinity,Infinity,Infinity,Infinity,Infinity,Infinity,Infinity,Infinity,Infinity,Infinity,Infinity,Infinity,Infinity,Infinity,Infinity,Infinity,Infinity,Infinity,Infinity,Infinity,Infinity,Infinity,Infinity,Infinity,Infinity,Infinity,Infinity,Infinity,Infinity,Infinity,Infinity,Infinity,Infinity,Infinity,Infinity,Infinity,Infinity,Infinity,Infinity,Infinity,Infinity,Infinity,Infinity,Infinity,Infinity,Infinity,Infinity,Infinity,Infinity,Infinity,Infinity,Infinity,Infinity,Infinity,Infinity,Infinity,Infinity,Infinity,Infinity,Infinity,Infinity,Infinity,Infinity,Infinity,Infinity,Infinity,Infinity,Infinity,Infinity,Infinity,Infinity,Infinity,Infinity,Infinity,Infinity,Infinity,Infinity,Infinity,Infinity,Infinity,Infinity,Infinity,Infinity,Infinity,Infinity,Infinity,6.439657211806105,4.4022866336387665,2.6024811014769234,1.7239799627320445,1.749990062355583,2.583606187557545,3.757713315402807,4.5497577673345075,4.4542984545963105,4.077680842244363,4.348296959529895,5.56564128871842,6.999762180100243,7.8929437858736815,8.25483130358502,8.51038503567841,8.866291082835684,9.05260790324125,8.785156073845311,8.30215825514796,8.131745510839218,8.475483396742085,8.97834740794579,9.299781622570459,9.495141208974271,9.746540920910416,10.182939668888979,10.88901200893193,11.754700018362426,12.3290809077827,12.329649472372685,12.241069060624513,12.612826802966657,13.117909113040236,13.087990890838308,12.512269324618158,11.825885459930808,11.072671152286075,9.90321187237201,8.540901663383604,7.97086009048316,8.446738498824583,8.967421584947925,9.005609597817623,9.062665780134449,9.363534099414924,9.47451705219104,9.266756378750799,9.19973325093628,9.3273071028478,9.093912231024724,8.455993070697101,7.954145014238547,7.777377849096416,7.791895616689108,7.673373442991016,7.1127797152429935,6.398057145210465,5.94490259327899,5.961656702565625,6.419645713687875,6.9852414400062175,7.408127939429657,7.5512638264687695,7.439014946882864,7.143218924240469,6.707760400160706,6.259750892709138,5.977340460976319,5.77205477420039,5.57197324969168,5.575386103222652,5.646075350307029,5.495755133285119,5.443735717301575,5.550146348025627,5.435393278056487,5.23591755746208,5.149713738171455,5.141022511150144,5.117377465020931,4.9571035555609795,4.56758388793085,4.169649016580235,3.949518066123681,3.886111768866507,4.040046214928989,4.3047891335615125,4.455679520680306,4.50823099372216,4.505044535802543,4.445770840055449,4.306541388304649,4.179723299765126,4.095418247112597,4.003233739882898,3.879440229103255,3.8332081587055136,3.6647871019872715,3.377629501153578,3.3962978661334704,3.2852671784358853,3.1703118177880496,3.1752982982954943,3.126373791898403,2.98750208765812,2.8832713693449237,2.8108124918141084,2.7664562758437503,2.714731498900728,2.5827263295715683,2.415076136930746,2.2906464184326416,2.3329409028660137,2.3928407897460042,2.23227001483873,1.990914109135981,1.8156174188651302,1.6407940140712811,1.6550301330447268,1.6284266385723192,1.6323938820256862,1.6126026785062675,1.626587010059567,1.6237061905060877,1.7396407315058067,1.810555379745701,1.7684267606153736,1.7477594512306216,1.763155756207451,1.6982960896838126,1.6526803601695668,1.5834943616447128,1.5422816367680565,1.420866250090205,1.4161760355527695,1.4620540928806558,1.2155034237884303,1.2230271682444764,1.2858486410156424,1.2702383484075954,1.4574218013416054,1.5694157920702132,1.5217572800431889,1.415616934868815,1.4032043412698352,1.3219548009912967,1.1864667846453303,1.009978486904611,0.8181409735367715,0.654798728284522,0.4454556463382572,0.4761227984364851,0.4632592834398846,0.5112577476306596,0.44837258627451043,0.45501427282607354,0.3581200317376513,0.34722299556150665,0.32160011845601477] [0.0,0.0,0.0,0.0,0.0,0.0,0.0,0.0,0.0,0.0,0.0,0.0,0.0,0.0,0.0,0.0,0.0,0.0,0.0,0.0,0.0,0.0,0.0,0.0,0.0,0.0,0.0,0.0,0.0,0.0,0.0,0.0,0.0,0.0,0.0,0.0,0.0,0.0,0.0,0.0,0.0,0.0,0.0,0.0,0.0,0.0,0.0,0.0,0.0,0.0,0.0,0.0,0.0,0.0,0.0,0.0,0.0,0.0,0.0,0.0,0.0,0.0,0.0,0.0,0.0,0.0,0.0,0.0,0.0,0.0,0.0,0.0,0.0,0.0,0.0,0.0,0.0,0.0,0.0,0.0,0.0,0.0,0.0,0.0,0.0,0.0,0.0,0.0,0.0,0.0,0.0,0.0,0.0,0.0,0.0,0.0,0.0,0.0,0.0,0.0,0.0,0.0,0.0,0.0,0.0,0.0,0.0,0.0,0.0,0.0,0.0,0.0,0.0,0.0,0.0,0.0,0.0,0.0,0.0,0.0,0.0,0.0,0.0,0.0,0.0,0.0,0.0,0.0,0.0,0.0,0.0,0.0,0.0,0.0,0.0,0.0,0.0,0.0,0.0,0.0,-4.359629464642961,-2.9338166840780207,-3.0118150402713115,1.2754461143053075,-1.3059277054193847,-1.9044778097258477,-0.5660571823021981,-4.288063776092584,5.015549630839347,2.3880872207421215,3.1877823028285346,3.5769858803231056,-2.38297599423426,-1.3517106834874895,0.35247726904079507,-10.226843507349228,5.90785100558981,4.268270522845513,-7.083490798940769,2.35996232858782,2.278221079104959,-6.26021861958906,-5.0199771310493295,7.601262866225402,-9.623531123819385,-32.4843086487289,9.57546443032772,6.475110950150299,8.930068244317491,2.4319723397948616,-0.6373006106358144,-13.754120388220953,10.49257201438978,-13.567206923918102,23.72798446204472,3.570151475757109,-5.369561018648589,4.2866758155766505,-13.626202560798303,9.007939180498937,-8.218453240675576,8.834882843694043,-3.252847270348696,-0.34155849168747116,-15.397435931355394,-14.538822116030323,-8.651811346459477,-3.1664834188543627,-14.146583417786962,-8.262318079847756,7.506476095154352,3.8735461960384483,9.939389213369013,-0.9169532546159856,5.8455426337569065,1.161483364737957,-2.338461133546424,-3.895081130807278,13.252293238675861,-5.925248935021291,5.642076706354116,-2.1781658064414233,2.8486054558922165,-4.23694543832768,-10.461203542843693,-7.437132274507706,-4.236444254153144,5.232101690136467,-7.1901565662791675,1.3572339678697403,-7.921420098131695,3.4346647798408365,-7.914864705834994,-3.3040154569492235,0.5838449900410094,-0.9097660364577452,-3.2500316256933806,1.487079089638558,0.6379555782078941,6.028365476788307,-2.8623125301268675,5.480678083006407,4.311623809836504,3.413285382450928,5.293477686965774,5.207941690517316,1.5760947696369654,0.7342105890698676,0.5357445976201625,4.949590242158058,3.7946537504462903,2.914959922772507,-3.448577765149049,-0.9088531852108142,-0.4436395833380016,-4.048269718210671,-4.161957454284727,-6.131131671299041,0.29460899180343436,3.861024318342942,2.7301171123694186,3.0042341161935475,2.0580347885606836,-1.4247100671648099,-5.631065625573565,2.0968787591235443,-0.9765233980120144,0.39948626687490213,-2.500628174537747,5.260892650939866,-1.3081601903920603,3.1060285016548783,-1.4955587262382972,0.4096217434697021,-2.367161037609761,-0.007918396206283786,-0.08697225579255503,-4.65819750444043,0.7049273195972653,-1.641308270413028,2.8024144287713724,-1.386493680720708,0.8972692318314943,1.6413163139216635,1.2659330009302883,1.2629994850675117,2.5103417128946672,0.23583563023494566,-0.7598263162157401,1.1733855015985335,0.6959829700858938,0.34177874488150783,-1.6293872577150976,1.150200459933914,-0.29042844614462127,-0.6754924368707245,0.7929378435424368,-1.5428651132518898,-1.180403766764177,-0.6716261558305692,0.4368750672803044,-0.41187588309185474,1.5060227658431524,1.0702406666938955,-1.5368445259945287,-0.8621367236195261,-0.08551949761852361,-0.1485212101424954,-0.018015153042165433,-0.30353351221441505,0.71293602522472,0.5018942833180734,0.23321307575642228,0.5413029383045179,0.11254592624405962,-0.3576686281701242,0.3607071161974647,-0.255199903165325,0.04862690223913081,0.061351546011371834]
56223.93005176334 [0.0,0.0,0.0,0.0,0.0,0.0,0.0,0.0,0.0,0.0,0.0,0.0,0.0,0.0,0.0,0.0,0.0,0.0,0.0,0.0,0.0,0.0,0.0,0.0,0.0,0.0,0.0,0.0,0.0,0.0,0.0,0.0,0.0,0.0,0.0,0.0,0.0,0.0,0.0,0.0,0.0,0.0,0.0,0.0,0.0,0.0,0.0,0.0,0.0,0.0,0.0,0.0,0.0,0.0,0.0,0.0,0.0,0.0,0.0,0.0,0.0,0.0,0.0,0.0,0.0,0.0,0.0,0.0,0.0,0.0,0.0,0.0,0.0,0.0,0.0,0.0,0.0,0.0,0.0,0.0,0.0,0.0,0.0,0.0,0.0,0.0,0.0,0.0,0.0,0.0,0.0,0.0,0.0,0.0,0.0,0.0,0.0,0.0,0.0,0.0,0.0,0.0,0.0,0.0,0.0,0.0,0.0,0.0,0.0,0.0,0.0,0.0,0.0,0.0,0.0,0.0,0.0,0.0,0.0,0.0,0.0,0.0,0.0,0.0,0.0,0.0,0.0,0.0,0.0,0.0,0.0,0.0,0.0,0.0,0.0,0.0,0.0,0.0,0.0,0.0,125.35029909589444,80.75227548033864,44.00886987682588,29.08954786478666,30.897014118224632,45.33906355589213,65.95669968811396,78.2938914831231,74.88682034313209,71.8926739418139,73.4174417530392,100.38706026462188,132.27501812290893,138.60248583490733,139.31140627414158,135.81569141615097,154.8344504759865,164.97323602618098,158.40757945470006,152.5252381062214,147.77153096208102,152.5199877067915,181.7018023867635,183.07604396318322,170.33456484759776,177.52207004386636,184.75835792755166,197.91886060607828,218.0996152766725,219.56433217958633,227.6323381231876,212.6055586584548,213.88424299700003,231.39458021366437,245.9154275209011,211.85407166569328,218.06537159435635,201.9171805222416,168.23637051949717,155.17889432542776,136.06805839401105,155.33570956062115,158.86642240927986,170.49982862335605,177.45229884387243,183.4515309164158,178.71699085646367,161.50381330220011,159.37227519427128,153.18137350156778,162.5245831680794,166.04638089425552,145.91448312388184,144.71065456247294,138.25830911073265,142.67585090383918,116.40011334722813,122.44038633881864,116.88637086839607,105.15576342034718,121.63331743350494,126.41349276779195,131.25830531524696,136.3364936917639,130.04834842461673,122.20237624735677,106.28399704175229,108.38548989487809,117.13522999436091,108.50469629120067,108.10914992485051,97.78022111142381,106.79211904032948,106.73600607359776,96.04899249152618,100.62874606467649,91.6798255774579,80.5409735664751,95.63161441990823,95.99813525959424,88.93364075856378,94.18105697567219,83.09192362941768,66.88354185312403,70.61598936989976,68.98088133626952,73.711340746287,87.96889318936118,89.7097511863674,81.58657612667237,83.86932927901701,87.19889322264473,79.86642224639141,74.77721711195156,73.83834989492294,68.50003698194355,77.78508648764527,72.90324351492995,66.61133835627986,65.77490461265049,66.23085893340226,65.2988439668605,56.65508978942955,59.34992417775502,56.75991520210823,51.65023807605351,51.83960115857648,49.63983655289973,45.31464371050005,49.65144313776894,45.565729341363834,43.85164455689497,43.95043604546334,43.23352203481871,42.707272150228235,42.17384969218271,38.434170503178436,33.25091321055444,31.7171122838907,29.844138103928056,29.801491345030158,30.23330826314734,29.744921381797276,29.163585630205635,29.38093827269345,31.504938962188916,34.529368582876344,32.31823174467701,29.0482028442309,32.74014689055105,32.15605996662474,29.32464737094638,28.86852514048925,27.223361963652874,25.99203602929788,27.574630938425727,25.096546442367085,20.772734637539692,21.149820411685127,23.100871657750393,22.938151610418515,25.592207188694385,31.35979632070543,29.434183336425992,26.704421561443986,27.53093467092119,24.423511315646866,23.07584650647115,18.994015295373647,15.129263757954838,10.964327038433073,8.310026790924942,8.531182436023862,8.571288748697656,9.095496180704904,7.978263582324975,7.479427309943469,6.15693012344622,6.152413664164195,5.825656700769566] [1311.2619900786005,1321.8202200865917,1332.463464547639,1343.19240799478,1354.0077404728797,1364.9101575830227,1375.9003605272408,1386.9790561536227,1398.1469570017646,1409.4047813486081,1420.7532532546286,1432.193102610412,1443.7250651835902,1455.3498826661717,1467.068302722235,1478.881079036026,1490.78897136042,1502.7927455657994,1514.8931736892998,1527.0910339844697,1539.3871109713293,1551.7821954868166,1564.2770847356642,1576.872582341659,1589.569498399342,1602.368649526097,1615.270858914685,1628.2769563861766,1641.3877784433362,1654.6041683244075,1667.9269760573632,1681.3570585145608,1694.895279467867,1708.5425096441993,1722.2996267815402,1736.1675156853773,1750.1470682856248,1764.2391836939755,1778.4447682617345,1792.7647356381167,1807.2000068289992,1821.7515102561672,1836.4201818170154,1851.2069649447558,1866.112810669078,1881.1386776773347,1896.285532376183,1911.5543489537563,1926.9461094423048,1942.4618037813711,1958.1024298814455,1973.8689936881608,1989.7625092469793,2005.7839987684179,2021.9344926937952,2038.215029761504,2054.626657073813,2071.1704301642176,2087.8474130653335,2104.6586783773164,2121.605307336866,2138.6883898867477,2155.9090247459117,2173.268319480143,2190.767390573309,2208.407363499154,2226.1893727937027,2244.1145621282076,2262.184084382728,2280.399101720259,2298.7607856614945,2317.2703171601615,2335.9288866789793,2354.7376942662327,2373.6979496329395,2392.810872230673,2412.077691329971,2431.4996460994216,2451.0779856853383,2470.813969292122,2490.7088662632277,2510.763956162824,2530.9805288580706,2551.359884602096,2571.9033341176064,2592.612198681206,2613.487810208354,2634.5315113390543,2655.7446555241822,2677.1286071125573,2698.6847414386757,2720.4144449111714,2742.319115101994,2764.4001608362782,2786.6590022829737,2809.097071046162,2831.715810257159,2854.5166746673017,2877.5011307415425,2900.67065675274,2924.0267428767575,2947.570891288285,2971.304616257478,2995.22944424732,3019.346914011829,3043.658576695001,3068.1659959305807,3092.870747942638,3117.7744216469364,3142.87861875312,3168.1849538677375,3193.695054598094,3219.410561656912,3245.333128967883,3271.4644237720117,3297.806126734876,3324.3599320546946,3351.1275475713155,3378.1106948760344,3405.3111094223436,3432.7305406375262,3460.3707520352004,3488.23352132871,3516.320640545493,3544.6339161423107,3573.1751691214417,3601.9462351478164,3630.9489646670518,3660.1852230244945,3689.6568905851636,3719.3658628547196,3749.3140506013438,3779.5033799786634,3809.935792649603,3840.6132459112973,3871.5377128209448,3902.7111823227383,3934.135659375755,3965.8131650829396,3997.7457368210635,4029.9354283717907,4062.3843100537392,4095.0944688556665,4128.068008570669,4161.3070499315045,4194.813730746993,4228.590206039511,4262.638648183577,4296.961247045588,4331.560210124669,4366.437762694626,4401.596147947099,4437.037627135803,4472.764479721992,4508.779003521039,4545.083514850253,4581.680348677821,4618.571858773019,4655.7604178575675,4693.248417758249,4731.038269560753,4769.132403764733,4807.533270440121,4846.243339384716,4885.265100283049,4924.601062866471,4964.253757074609,5004.22573321805,5044.519562142395,5085.137835393579,5126.08316538458,5167.3581855634,5208.965550582488,5250.907936469426,5293.188040799074,5335.808582867062,5378.772303864684,5422.081967055189,5465.740357951513,5509.7502844954415,5554.1145772382,5598.836089522486,5643.917697666003,5689.362301146471,5735.17282278806,5781.352208949439,5827.903429713208,5874.829479076986,5922.133375145914,5969.818160326825,6017.886901523867,6066.342690335802,6115.188643254807,6164.427901866934,6214.06363305417,6264.099029198114,6314.537308385285,6365.381714614103,6416.635518003553,6468.302015003491,6520.384528606639,6572.88640856233,6625.811031591967,6679.16180160615,6732.942149923667,6787.155535492116,6841.805445110439,6896.895393653112,6952.428924296275,7008.409608745552,7064.841047465831,7121.726869912778,7179.070734766296,7236.876330165845,7295.147373947643,7353.887613883764,7413.100827923194,7472.790824434837,7532.961442452409,7593.616551921397,7654.7600539479145,7716.395881049652,7778.527997408752,7841.160399126823,7904.2971144818985,7967.94220418758,8032.099761654146,8096.773913251861,8161.968818576374,8227.688670716232,8293.937696522553,8360.720156880894,8428.04034698531,8495.90259661459,8564.311270410717,8633.270768159597,8702.785525074065,8772.860012079082,8843.498736099358,8914.706240349144,8986.487104624512,9058.845945597834,9131.787417114787,9205.31621049359,9279.437054826807,9354.154717285446,9429.47400342559,9505.399757497484,9581.936862757088,9659.090241780126,9736.864856778713,9815.265709920519,9894.297843650465,9973.966341015032,10054.276325989182,10135.232963805956,10216.841461288606,10299.107067185563,10382.035072507933,10465.630810869876,10549.89965883156,10634.84703624505,10720.478406602804,10806.799277389146,10893.815200434417,10981.531772272076,11069.954634498676,11159.08947413668,11248.94202400021,11339.518063063782,11430.823416834026,11522.863957724268,11615.64560543233,11709.174327321158,11803.456138802712,11898.49710372478,11994.303334761045,12090.880993804161,12188.23629236214,12286.375491957784,12385.304904531427,12485.030892846919,12585.55987090084,12686.898304334996,12789.052710852275,12892.029660635888,12995.8357767719,13100.477735675182,13205.962267518828,13312.296156667053,13419.486242111492,13527.539417911097,13636.462633635434,13746.262894811807,13856.947263375758,13968.522858125163,14080.996855178266,14194.376488435144,14308.66905004285,14423.881890864615] 0.31126199007860056 [Infinity,Infinity,Infinity,Infinity,Infinity,Infinity,Infinity,Infinity,Infinity,Infinity,Infinity,Infinity,Infinity,Infinity,Infinity,Infinity,Infinity,Infinity,Infinity,Infinity,Infinity,Infinity,Infinity,Infinity,Infinity,Infinity,Infinity,Infinity,Infinity,Infinity,Infinity,Infinity,Infinity,Infinity,Infinity,Infinity,Infinity,Infinity,Infinity,Infinity,Infinity,Infinity,Infinity,Infinity,Infinity,Infinity,Infinity,Infinity,Infinity,Infinity,Infinity,Infinity,Infinity,Infinity,Infinity,Infinity,Infinity,Infinity,Infinity,Infinity,Infinity,Infinity,Infinity,Infinity,Infinity,Infinity,Infinity,Infinity,Infinity,Infinity,Infinity,Infinity,Infinity,Infinity,Infinity,Infinity,Infinity,Infinity,Infinity,Infinity,Infinity,Infinity,Infinity,Infinity,Infinity,Infinity,Infinity,Infinity,Infinity,Infinity,Infinity,Infinity,Infinity,Infinity,Infinity,Infinity,Infinity,Infinity,Infinity,Infinity,Infinity,Infinity,Infinity,Infinity,Infinity,Infinity,Infinity,Infinity,Infinity,Infinity,Infinity,Infinity,Infinity,Infinity,Infinity,Infinity,Infinity,Infinity,Infinity,Infinity,Infinity,Infinity,Infinity,Infinity,Infinity,Infinity,Infinity,Infinity,Infinity,Infinity,Infinity,Infinity,Infinity,Infinity,Infinity,Infinity,Infinity,Infinity,Infinity,Infinity,5.85825205967212,3.9072362436084767,2.2109524422117413,1.4177335878700228,1.487655060578708,2.3039413517429836,3.418246964667663,4.153167891289138,4.0373492557656885,3.6517684130789148,3.8823957843990478,5.01374829072709,6.34589559223947,7.153507218756434,7.454952282578988,7.6713800805799695,8.005103846047696,8.181033183653675,7.911305063290472,7.446034255958269,7.333721413035873,7.765713961777463,8.325843453849798,8.623258413986626,8.75018238792502,8.951269606203173,9.357286508394388,10.005402423468421,10.773629641540719,11.26538268152693,11.240403347254547,11.152766393352742,11.510434305001153,11.99230746372022,11.955900059053903,11.40290151391611,10.77149591587658,10.10474999430087,9.048189433378877,7.799215900782947,7.290613343473187,7.758331657249789,8.242371854441403,8.248599898454042,8.287805162634545,8.583108257600504,8.683406162509701,8.454904476546066,8.374744413256176,8.510278978677693,8.31024263773126,7.7229565925442545,7.268282947757885,7.118436427141278,7.13119841942544,7.01692281519348,6.509528316498033,5.862311664571936,5.445311174298466,5.463381077499611,5.89431853730763,6.4153941532192365,6.795723147797425,6.920257629015866,6.811201615974198,6.535613683997039,6.1473415682126005,5.751964857873431,5.482194182747515,5.279490745113686,5.102277903332299,5.11037055802176,5.171597739237034,5.030110066107122,4.981415167021321,5.0792314537965835,4.972086533818572,4.788681440036517,4.712342138715322,4.705538711387526,4.682618081589366,4.5315452412904955,4.166059555030378,3.797534929828212,3.6051371916779535,3.5678646174917708,3.7230236883689414,3.9635661031429876,4.090659206977799,4.132439226664729,4.129511062187428,4.07773235484362,3.954934650019921,3.8405873957896217,3.763599731025458,3.680627810578895,3.5664028303283715,3.528561231483348,3.3723478142382333,3.100726900681054,3.127273626486887,3.0215511856568726,2.912939867869812,2.922806938010919,2.8773653468305787,2.747814052848989,2.654884604348421,2.5883895682193296,2.5481281268535207,2.5033756123917663,2.379413892191512,2.221533275675018,2.1057448631751283,2.147252412884383,2.2056150606152314,2.051817129398123,1.823955225470685,1.6642672118045503,1.5018572520869649,1.5195449712434965,1.4909751897256638,1.4951460918251218,1.4766461507248505,1.4917213582829647,1.4883485039358635,1.5969667223774502,1.6635721509651578,1.6236644046036648,1.6052809470626854,1.62281340595334,1.5626066601024393,1.5213507882561799,1.4591192580601042,1.4215896916681783,1.3073374334546282,1.301781817431435,1.3451272343590939,1.1097712424953379,1.1234897289788384,1.182980683778007,1.1707748956265922,1.3480042300678015,1.453905719292224,1.4080672619611216,1.3071616653930014,1.2966493834673527,1.2217473260348581,1.0984727349123218,0.9336455186996364,0.7526098345090876,0.5988558827854187,0.40130608584457733,0.4317235614882583,0.4194919865103654,0.4672663500543247,0.40543276927678507,0.4120764707431265,0.31891573489139147,0.31046207871287546,0.2853893643418106] [0.0,0.0,0.0,0.0,0.0,0.0,0.0,0.0,0.0,0.0,0.0,0.0,0.0,0.0,0.0,0.0,0.0,0.0,0.0,0.0,0.0,0.0,0.0,0.0,0.0,0.0,0.0,0.0,0.0,0.0,0.0,0.0,0.0,0.0,0.0,0.0,0.0,0.0,0.0,0.0,0.0,0.0,0.0,0.0,0.0,0.0,0.0,0.0,0.0,0.0,0.0,0.0,0.0,0.0,0.0,0.0,0.0,0.0,0.0,0.0,0.0,0.0,0.0,0.0,0.0,0.0,0.0,0.0,0.0,0.0,0.0,0.0,0.0,0.0,0.0,0.0,0.0,0.0,0.0,0.0,0.0,0.0,0.0,0.0,0.0,0.0,0.0,0.0,0.0,0.0,0.0,0.0,0.0,0.0,0.0,0.0,0.0,0.0,0.0,0.0,0.0,0.0,0.0,0.0,0.0,0.0,0.0,0.0,0.0,0.0,0.0,0.0,0.0,0.0,0.0,0.0,0.0,0.0,0.0,0.0,0.0,0.0,0.0,0.0,0.0,0.0,0.0,0.0,0.0,0.0,0.0,0.0,0.0,0.0,0.0,0.0,0.0,0.0,0.0,0.0,8.18525790245205,2.607550608169111,-0.2101789674089513,0.7348761073862047,1.143912906650474,-0.7397634789675389,-2.4082396052393085,-4.769466342659654,-5.860164772181694,-1.1426943197644066,-4.230473934941751,0.11209445008008571,5.357106278119515,-4.467658540221363,-9.787639377438188,-17.611910195448417,-5.2676264449674255,1.3525723531074776,0.1814781888906174,3.604552987056028,1.0971027013635426,-2.7942915287577597,15.184933309767532,10.61087568345071,-4.669082910902661,-1.5033220801971205,-2.3873722403361093,-2.189187863290125,2.627022445858096,-5.743321450952259,2.824271178096641,-10.449769208600028,-16.324443103023036,-8.451569060740004,6.79742633982302,-16.203958612628902,2.635453276824774,-0.1778193637757793,-12.727418148080382,-0.8054236902311681,-9.744208475452703,0.16907641562537734,-5.981014679548193,5.527830654275218,11.696195591181546,11.789365764405721,5.04886760626963,-7.594276228721187,-8.122613070852228,-17.0242060719861,-3.68026958654582,11.587249043370425,0.5488241687241481,2.3419260196473846,-4.365659277776136,2.3373945999695787,-13.79045298273253,5.1941530473799125,7.98014738242677,-4.111858129645037,3.746946687352342,-1.894390296592775,-4.656157640701526,-2.068658888553412,-6.175683894867231,-8.509897432584015,-16.662834322499723,-6.653807262590536,7.491346339410621,2.9148813889269483,6.063591858204552,-4.427190049011383,3.3601642555888174,6.1338047514553224,-3.5793108489002443,-0.955883011255183,-7.761905098913528,-15.23265523425523,1.3847716456017882,1.88736103184371,-4.718720873223547,3.5501521498622886,-0.22926747118988472,-9.067156743440215,-1.486754463659309,-2.376411013565897,-0.7491330210918332,8.697571126501428,7.896567046811409,-1.0622084066222233,1.2791080352684538,5.644246125772328,0.7677292459929779,-2.0345308038408856,-1.4336447255862264,-5.112519229634341,6.457029881077838,2.332018885262992,-0.8356179284848096,3.760366599029406,3.685386403664523,4.86782025372305,-1.6037075679666928,0.8937854175366398,-0.7873917345033371,-3.306042980926274,-1.2580909283919472,-2.1279548114868634,-5.647918826570358,-0.41606911006638264,-2.022548502466401,-0.5790209566053875,1.8355387819607762,0.28847377713105216,-1.4050290620763946,1.137507104220253,1.9550659937647357,-0.03443102553656974,1.679967242151403,-0.5467613209418706,-0.018012449483115495,0.3303864266449044,0.2119983673002695,-0.6708415354536619,-0.3860318060238244,-0.4343954853600868,1.2579255635731914,-0.15505634739629165,-3.057416097022811,0.28387877148425433,0.9039267645759516,-1.1023683941772162,-0.31386002071283503,-1.20843186971069,-0.1547126397946848,1.5389945897970296,-1.8059982448147922,-1.4226902123670642,-1.3199741678916388,-0.5587420178097504,-0.47734630211333,-1.3678774126616458,2.2816819348609507,1.2728380972035573,0.5611882535839552,1.597947001574138,-0.011435205050296294,1.1063918082247162,0.3211049213809183,0.07706706777308654,-1.0127906172753027,0.28390507403339443,-0.10328879374130452,0.18144901849034772,-0.24983082038158885,-0.13039180321072635,-0.7621021049190603,-0.22138457438160888,-0.05682791009331477,0.11786941393335437]
56076.625923353524 [0.0,0.0,0.0,0.0,0.0,0.0,0.0,0.0,0.0,0.0,0.0,0.0,0.0,0.0,0.0,0.0,0.0,0.0,0.0,0.0,0.0,0.0,0.0,0.0,0.0,0.0,0.0,0.0,0.0,0.0,0.0,0.0,0.0,0.0,0.0,0.0,0.0,0.0,0.0,0.0,0.0,0.0,0.0,0.0,0.0,0.0,0.0,0.0,0.0,0.0,0.0,0.0,0.0,0.0,0.0,0.0,0.0,0.0,0.0,0.0,0.0,0.0,0.0,0.0,0.0,0.0,0.0,0.0,0.0,0.0,0.0,0.0,0.0,0.0,0.0,0.0,0.0,0.0,0.0,0.0,0.0,0.0,0.0,0.0,0.0,0.0,0.0,0.0,0.0,0.0,0.0,0.0,0.0,0.0,0.0,0.0,0.0,0.0,0.0,0.0,0.0,0.0,0.0,0.0,0.0,0.0,0.0,0.0,0.0,0.0,0.0,0.0,0.0,0.0,0.0,0.0,0.0,0.0,0.0,0.0,0.0,0.0,0.0,0.0,0.0,0.0,0.0,0.0,0.0,0.0,0.0,0.0,0.0,0.0,0.0,0.0,0.0,0.0,0.0,0.0,0.0,0.0,0.0,0.0,0.0,0.0,0.0,0.0,0.0,0.0,0.0,0.0,0.0,0.0,0.0,0.0,0.0,0.0,0.0,0.0,0.0,0.0,0.0,0.0,0.0,0.0,0.0,0.0,0.0,0.0,0.0,0.0,0.0,0.0,0.0,0.0,0.0,0.0,0.0,0.0,0.0,0.0,0.0,0.0,0.0,0.0,0.0,0.0,0.0,0.0,0.0,0.0,0.0,0.0,0.0,0.0,0.0,0.0,0.0,0.0,0.0,0.0,0.0,0.0,0.0,0.0,0.0,0.0,0.0,0.0,0.0,0.0,0.0,0.0,0.0,0.0,0.0,0.0,0.0,0.0,0.0,0.0,0.0,0.0,0.0,0.0,0.0,0.0,0.0,0.0,0.0,0.0,0.0,0.0,0.0,0.0,0.0,0.0,0.0,0.0,0.0,0.0,0.0,0.0,0.0,0.0,0.0,0.0,0.0,0.0,0.0,0.0,0.0,0.0,0.0,0.0,0.0,0.0,0.0,0.0,0.0,0.0,0.0,0.0,0.0,0.0,0.0,0.0,0.0,0.0,0.0,0.0,0.0,0.0,0.0,0.0,0.0,0.0,0.0,0.0,0.0,0.0,0.0,0.0,0.0,0.0,0.0,0.0,0.0,0.0,0.0,0.0,0.0,0.0,0.0,0.0,0.0,0.0,0.0,0.0] [1311.2619900786005,1321.8202200865917,1332.463464547639,1343.19240799478,1354.0077404728797,1364.9101575830227,1375.9003605272408,1386.9790561536227,1398.1469570017646,1409.4047813486081,1420.7532532546286,1432.193102610412,1443.7250651835902,1455.3498826661717,1467.068302722235,1478.881079036026,1490.78897136042,1502.7927455657994,1514.8931736892998,1527.0910339844697,1539.3871109713293,1551.7821954868166,1564.2770847356642,1576.872582341659,1589.569498399342,1602.368649526097,1615.270858914685,1628.2769563861766,1641.3877784433362,1654.6041683244075,1667.9269760573632,1681.3570585145608,1694.895279467867,1708.5425096441993,1722.2996267815402,1736.1675156853773,1750.1470682856248,1764.2391836939755,1778.4447682617345,1792.7647356381167,1807.2000068289992,1821.7515102561672,1836.4201818170154,1851.2069649447558,1866.112810669078,1881.1386776773347,1896.285532376183,1911.5543489537563,1926.9461094423048,1942.4618037813711,1958.1024298814455,1973.8689936881608,1989.7625092469793,2005.7839987684179,2021.9344926937952,2038.215029761504,2054.626657073813,2071.1704301642176,2087.8474130653335,2104.6586783773164,2121.605307336866,2138.6883898867477,2155.9090247459117,2173.268319480143,2190.767390573309,2208.407363499154,2226.1893727937027,2244.1145621282076,2262.184084382728,2280.399101720259,2298.7607856614945,2317.2703171601615,2335.9288866789793,2354.7376942662327,2373.6979496329395,2392.810872230673,2412.077691329971,2431.4996460994216,2451.0779856853383,2470.813969292122,2490.7088662632277,2510.763956162824,2530.9805288580706,2551.359884602096,2571.9033341176064,2592.612198681206,2613.487810208354,2634.5315113390543,2655.7446555241822,2677.1286071125573,2698.6847414386757,2720.4144449111714,2742.319115101994,2764.4001608362782,2786.6590022829737,2809.097071046162,2831.715810257159,2854.5166746673017,2877.5011307415425,2900.67065675274,2924.0267428767575,2947.570891288285,2971.304616257478,2995.22944424732,3019.346914011829,3043.658576695001,3068.1659959305807,3092.870747942638,3117.7744216469364,3142.87861875312,3168.1849538677375,3193.695054598094,3219.410561656912,3245.333128967883,3271.4644237720117,3297.806126734876,3324.3599320546946,3351.1275475713155,3378.1106948760344,3405.3111094223436,3432.7305406375262,3460.3707520352004,3488.23352132871,3516.320640545493,3544.6339161423107,3573.1751691214417,3601.9462351478164,3630.9489646670518,3660.1852230244945,3689.6568905851636,3719.3658628547196,3749.3140506013438,3779.5033799786634,3809.935792649603,3840.6132459112973,3871.5377128209448,3902.7111823227383,3934.135659375755,3965.8131650829396,3997.7457368210635,4029.9354283717907,4062.3843100537392,4095.0944688556665,4128.068008570669,4161.3070499315045,4194.813730746993,4228.590206039511,4262.638648183577,4296.961247045588,4331.560210124669,4366.437762694626,4401.596147947099,4437.037627135803,4472.764479721992,4508.779003521039,4545.083514850253,4581.680348677821,4618.571858773019,4655.7604178575675,4693.248417758249,4731.038269560753,4769.132403764733,4807.533270440121,4846.243339384716,4885.265100283049,4924.601062866471,4964.253757074609,5004.22573321805,5044.519562142395,5085.137835393579,5126.08316538458,5167.3581855634,5208.965550582488,5250.907936469426,5293.188040799074,5335.808582867062,5378.772303864684,5422.081967055189,5465.740357951513,5509.7502844954415,5554.1145772382,5598.836089522486,5643.917697666003,5689.362301146471,5735.17282278806,5781.352208949439,5827.903429713208,5874.829479076986,5922.133375145914,5969.818160326825,6017.886901523867,6066.342690335802,6115.188643254807,6164.427901866934,6214.06363305417,6264.099029198114,6314.537308385285,6365.381714614103,6416.635518003553,6468.302015003491,6520.384528606639,6572.88640856233,6625.811031591967,6679.16180160615,6732.942149923667,6787.155535492116,6841.805445110439,6896.895393653112,6952.428924296275,7008.409608745552,7064.841047465831,7121.726869912778,7179.070734766296,7236.876330165845,7295.147373947643,7353.887613883764,7413.100827923194,7472.790824434837,7532.961442452409,7593.616551921397,7654.7600539479145,7716.395881049652,7778.527997408752,7841.160399126823,7904.2971144818985,7967.94220418758,8032.099761654146,8096.773913251861,8161.968818576374,8227.688670716232,8293.937696522553,8360.720156880894,8428.04034698531,8495.90259661459,8564.311270410717,8633.270768159597,8702.785525074065,8772.860012079082,8843.498736099358,8914.706240349144,8986.487104624512,9058.845945597834,9131.787417114787,9205.31621049359,9279.437054826807,9354.154717285446,9429.47400342559,9505.399757497484,9581.936862757088,9659.090241780126,9736.864856778713,9815.265709920519,9894.297843650465,9973.966341015032,10054.276325989182,10135.232963805956,10216.841461288606,10299.107067185563,10382.035072507933,10465.630810869876,10549.89965883156,10634.84703624505,10720.478406602804,10806.799277389146,10893.815200434417,10981.531772272076,11069.954634498676,11159.08947413668,11248.94202400021,11339.518063063782,11430.823416834026,11522.863957724268,11615.64560543233,11709.174327321158,11803.456138802712,11898.49710372478,11994.303334761045,12090.880993804161,12188.23629236214,12286.375491957784,12385.304904531427,12485.030892846919,12585.55987090084,12686.898304334996,12789.052710852275,12892.029660635888,12995.8357767719,13100.477735675182,13205.962267518828,13312.296156667053,13419.486242111492,13527.539417911097,13636.462633635434,13746.262894811807,13856.947263375758,13968.522858125163,14080.996855178266,14194.376488435144,14308.66905004285,14423.881890864615] 0.31126199007860056 [Infinity,Infinity,Infinity,Infinity,Infinity,Infinity,Infinity,Infinity,Infinity,Infinity,Infinity,Infinity,Infinity,Infinity,Infinity,Infinity,Infinity,Infinity,Infinity,Infinity,Infinity,Infinity,Infinity,Infinity,Infinity,Infinity,Infinity,Infinity,Infinity,Infinity,Infinity,Infinity,Infinity,Infinity,Infinity,Infinity,Infinity,Infinity,Infinity,Infinity,Infinity,Infinity,Infinity,Infinity,Infinity,Infinity,Infinity,Infinity,Infinity,Infinity,Infinity,Infinity,Infinity,Infinity,Infinity,Infinity,Infinity,Infinity,Infinity,Infinity,Infinity,Infinity,Infinity,Infinity,Infinity,Infinity,Infinity,Infinity,Infinity,Infinity,Infinity,Infinity,Infinity,Infinity,Infinity,Infinity,Infinity,Infinity,Infinity,Infinity,Infinity,Infinity,Infinity,Infinity,Infinity,Infinity,Infinity,Infinity,Infinity,Infinity,Infinity,Infinity,Infinity,Infinity,Infinity,Infinity,Infinity,Infinity,Infinity,Infinity,Infinity,Infinity,Infinity,Infinity,Infinity,Infinity,Infinity,Infinity,Infinity,Infinity,Infinity,Infinity,Infinity,Infinity,Infinity,Infinity,Infinity,Infinity,Infinity,Infinity,Infinity,Infinity,Infinity,Infinity,Infinity,Infinity,Infinity,Infinity,Infinity,Infinity,Infinity,Infinity,Infinity,Infinity,Infinity,Infinity,Infinity,Infinity,Infinity,Infinity,Infinity,Infinity,Infinity,Infinity,Infinity,Infinity,Infinity,Infinity,Infinity,Infinity,Infinity,Infinity,Infinity,Infinity,Infinity,Infinity,Infinity,Infinity,Infinity,Infinity,Infinity,Infinity,Infinity,Infinity,Infinity,Infinity,Infinity,Infinity,Infinity,Infinity,Infinity,Infinity,Infinity,Infinity,Infinity,Infinity,Infinity,Infinity,Infinity,Infinity,Infinity,Infinity,Infinity,Infinity,Infinity,Infinity,Infinity,Infinity,Infinity,Infinity,Infinity,Infinity,Infinity,Infinity,Infinity,Infinity,Infinity,Infinity,Infinity,Infinity,Infinity,Infinity,Infinity,Infinity,Infinity,Infinity,Infinity,Infinity,Infinity,Infinity,Infinity,Infinity,Infinity,Infinity,Infinity,Infinity,Infinity,Infinity,Infinity,Infinity,Infinity,Infinity,Infinity,Infinity,Infinity,Infinity,Infinity,Infinity,Infinity,Infinity,Infinity,Infinity,Infinity,Infinity,Infinity,Infinity,Infinity,Infinity,Infinity,Infinity,Infinity,Infinity,Infinity,Infinity,Infinity,Infinity,Infinity,Infinity,Infinity,Infinity,Infinity,Infinity,Infinity,Infinity,Infinity,Infinity,Infinity,Infinity,Infinity,Infinity,Infinity,Infinity,Infinity,Infinity,Infinity,Infinity,Infinity,Infinity,Infinity,Infinity,Infinity,Infinity,Infinity,Infinity,Infinity,Infinity,Infinity,Infinity,Infinity,Infinity,Infinity,Infinity,Infinity,Infinity,Infinity,Infinity,Infinity,Infinity,Infinity,Infinity,Infinity,Infinity,Infinity,Infinity,Infinity,Infinity,Infinity,Infinity,Infinity,Infinity] [0.0,0.0,0.0,0.0,0.0,0.0,0.0,0.0,0.0,0.0,0.0,0.0,0.0,0.0,0.0,0.0,0.0,0.0,0.0,0.0,0.0,0.0,0.0,0.0,0.0,0.0,0.0,0.0,0.0,0.0,0.0,0.0,0.0,0.0,0.0,0.0,0.0,0.0,0.0,0.0,0.0,0.0,0.0,0.0,0.0,0.0,0.0,0.0,0.0,0.0,0.0,0.0,0.0,0.0,0.0,0.0,0.0,0.0,0.0,0.0,0.0,0.0,0.0,0.0,0.0,0.0,0.0,0.0,0.0,0.0,0.0,0.0,0.0,0.0,0.0,0.0,0.0,0.0,0.0,0.0,0.0,0.0,0.0,0.0,0.0,0.0,0.0,0.0,0.0,0.0,0.0,0.0,0.0,0.0,0.0,0.0,0.0,0.0,0.0,0.0,0.0,0.0,0.0,0.0,0.0,0.0,0.0,0.0,0.0,0.0,0.0,0.0,0.0,0.0,0.0,0.0,0.0,0.0,0.0,0.0,0.0,0.0,0.0,0.0,0.0,0.0,0.0,0.0,0.0,0.0,0.0,0.0,0.0,0.0,0.0,0.0,0.0,0.0,0.0,0.0,0.0,0.0,0.0,0.0,0.0,0.0,0.0,0.0,0.0,0.0,0.0,0.0,0.0,0.0,0.0,0.0,0.0,0.0,0.0,0.0,0.0,0.0,0.0,0.0,0.0,0.0,0.0,0.0,0.0,0.0,0.0,0.0,0.0,0.0,0.0,0.0,0.0,0.0,0.0,0.0,0.0,0.0,0.0,0.0,0.0,0.0,0.0,0.0,0.0,0.0,0.0,0.0,0.0,0.0,0.0,0.0,0.0,0.0,0.0,0.0,0.0,0.0,0.0,0.0,0.0,0.0,0.0,0.0,0.0,0.0,0.0,0.0,0.0,0.0,0.0,0.0,0.0,0.0,0.0,0.0,0.0,0.0,0.0,0.0,0.0,0.0,0.0,0.0,0.0,0.0,0.0,0.0,0.0,0.0,0.0,0.0,0.0,0.0,0.0,0.0,0.0,0.0,0.0,0.0,0.0,0.0,0.0,0.0,0.0,0.0,0.0,0.0,0.0,0.0,0.0,0.0,0.0,0.0,0.0,0.0,0.0,0.0,0.0,0.0,0.0,0.0,0.0,0.0,0.0,0.0,0.0,0.0,0.0,0.0,0.0,0.0,0.0,0.0,0.0,0.0,0.0,0.0,0.0,0.0,0.0,0.0,0.0,0.0,0.0,0.0,0.0,0.0,0.0,0.0,0.0,0.0,0.0,0.0,0.0,0.0]
56372.60547609992 [0.0,0.0,0.0,0.0,0.0,0.0,0.0,0.0,0.0,0.0,0.0,0.0,0.0,0.0,0.0,0.0,0.0,0.0,0.0,0.0,0.0,0.0,0.0,0.0,0.0,0.0,0.0,0.0,0.0,0.0,0.0,0.0,0.0,0.0,0.0,0.0,0.0,0.0,0.0,0.0,0.0,0.0,0.0,0.0,0.0,0.0,0.0,0.0,0.0,0.0,0.0,0.0,0.0,0.0,0.0,0.0,0.0,0.0,0.0,0.0,0.0,0.0,0.0,0.0,0.0,0.0,0.0,0.0,0.0,0.0,0.0,0.0,0.0,0.0,0.0,0.0,0.0,0.0,0.0,0.0,0.0,0.0,0.0,0.0,0.0,0.0,0.0,0.0,0.0,0.0,0.0,0.0,0.0,0.0,0.0,0.0,0.0,0.0,0.0,0.0,0.0,0.0,0.0,0.0,0.0,0.0,0.0,0.0,0.0,0.0,0.0,0.0,0.0,0.0,0.0,0.0,0.0,0.0,0.0,0.0,0.0,0.0,0.0,0.0,0.0,0.0,0.0,0.0,0.0,0.0,0.0,0.0,0.0,0.0,0.0,0.0,0.0,0.0,0.0,0.0,0.0,0.0,0.0,0.0,0.0,0.0,0.0,0.0,0.0,0.0,0.0,0.0,0.0,0.0,0.0,0.0,0.0,0.0,0.0,0.0,0.0,0.0,0.0,0.0,0.0,0.0,0.0,0.0,0.0,0.0,0.0,0.0,0.0,0.0,0.0,0.0,0.0,0.0,0.0,0.0,0.0,0.0,0.0,0.0,0.0,0.0,0.0,0.0,0.0,0.0,0.0,0.0,0.0,0.0,0.0,0.0,0.0,0.0,0.0,0.0,0.0,0.0,0.0,0.0,0.0,0.0,0.0,0.0,0.0,0.0,0.0,0.0,0.0,0.0,0.0,0.0,0.0,0.0,0.0,0.0,0.0,0.0,0.0,0.0,0.0,0.0,0.0,0.0,0.0,0.0,0.0,0.0,0.0,0.0,0.0,0.0,0.0,0.0,0.0,0.0,0.0,0.0,0.0,0.0,0.0,0.0,0.0,0.0,0.0,0.0,0.0,0.0,0.0,0.0,0.0,0.0,0.0,0.0,0.0,0.0,0.0,0.0,0.0,0.0,0.0,0.0,0.0,0.0,0.0,0.0,0.0,0.0,0.0,0.0,0.0,0.0,0.0,0.0,0.0,0.0,0.0,0.0,0.0,0.0,0.0,0.0,0.0,0.0,0.0,0.0,0.0,0.0,0.0,0.0,0.0,0.0,0.0,0.0,0.0,0.0] [1311.2619900786005,1321.8202200865917,1332.463464547639,1343.19240799478,1354.0077404728797,1364.9101575830227,1375.9003605272408,1386.9790561536227,1398.1469570017646,1409.4047813486081,1420.7532532546286,1432.193102610412,1443.7250651835902,1455.3498826661717,1467.068302722235,1478.881079036026,1490.78897136042,1502.7927455657994,1514.8931736892998,1527.0910339844697,1539.3871109713293,1551.7821954868166,1564.2770847356642,1576.872582341659,1589.569498399342,1602.368649526097,1615.270858914685,1628.2769563861766,1641.3877784433362,1654.6041683244075,1667.9269760573632,1681.3570585145608,1694.895279467867,1708.5425096441993,1722.2996267815402,1736.1675156853773,1750.1470682856248,1764.2391836939755,1778.4447682617345,1792.7647356381167,1807.2000068289992,1821.7515102561672,1836.4201818170154,1851.2069649447558,1866.112810669078,1881.1386776773347,1896.285532376183,1911.5543489537563,1926.9461094423048,1942.4618037813711,1958.1024298814455,1973.8689936881608,1989.7625092469793,2005.7839987684179,2021.9344926937952,2038.215029761504,2054.626657073813,2071.1704301642176,2087.8474130653335,2104.6586783773164,2121.605307336866,2138.6883898867477,2155.9090247459117,2173.268319480143,2190.767390573309,2208.407363499154,2226.1893727937027,2244.1145621282076,2262.184084382728,2280.399101720259,2298.7607856614945,2317.2703171601615,2335.9288866789793,2354.7376942662327,2373.6979496329395,2392.810872230673,2412.077691329971,2431.4996460994216,2451.0779856853383,2470.813969292122,2490.7088662632277,2510.763956162824,2530.9805288580706,2551.359884602096,2571.9033341176064,2592.612198681206,2613.487810208354,2634.5315113390543,2655.7446555241822,2677.1286071125573,2698.6847414386757,2720.4144449111714,2742.319115101994,2764.4001608362782,2786.6590022829737,2809.097071046162,2831.715810257159,2854.5166746673017,2877.5011307415425,2900.67065675274,2924.0267428767575,2947.570891288285,2971.304616257478,2995.22944424732,3019.346914011829,3043.658576695001,3068.1659959305807,3092.870747942638,3117.7744216469364,3142.87861875312,3168.1849538677375,3193.695054598094,3219.410561656912,3245.333128967883,3271.4644237720117,3297.806126734876,3324.3599320546946,3351.1275475713155,3378.1106948760344,3405.3111094223436,3432.7305406375262,3460.3707520352004,3488.23352132871,3516.320640545493,3544.6339161423107,3573.1751691214417,3601.9462351478164,3630.9489646670518,3660.1852230244945,3689.6568905851636,3719.3658628547196,3749.3140506013438,3779.5033799786634,3809.935792649603,3840.6132459112973,3871.5377128209448,3902.7111823227383,3934.135659375755,3965.8131650829396,3997.7457368210635,4029.9354283717907,4062.3843100537392,4095.0944688556665,4128.068008570669,4161.3070499315045,4194.813730746993,4228.590206039511,4262.638648183577,4296.961247045588,4331.560210124669,4366.437762694626,4401.596147947099,4437.037627135803,4472.764479721992,4508.779003521039,4545.083514850253,4581.680348677821,4618.571858773019,4655.7604178575675,4693.248417758249,4731.038269560753,4769.132403764733,4807.533270440121,4846.243339384716,4885.265100283049,4924.601062866471,4964.253757074609,5004.22573321805,5044.519562142395,5085.137835393579,5126.08316538458,5167.3581855634,5208.965550582488,5250.907936469426,5293.188040799074,5335.808582867062,5378.772303864684,5422.081967055189,5465.740357951513,5509.7502844954415,5554.1145772382,5598.836089522486,5643.917697666003,5689.362301146471,5735.17282278806,5781.352208949439,5827.903429713208,5874.829479076986,5922.133375145914,5969.818160326825,6017.886901523867,6066.342690335802,6115.188643254807,6164.427901866934,6214.06363305417,6264.099029198114,6314.537308385285,6365.381714614103,6416.635518003553,6468.302015003491,6520.384528606639,6572.88640856233,6625.811031591967,6679.16180160615,6732.942149923667,6787.155535492116,6841.805445110439,6896.895393653112,6952.428924296275,7008.409608745552,7064.841047465831,7121.726869912778,7179.070734766296,7236.876330165845,7295.147373947643,7353.887613883764,7413.100827923194,7472.790824434837,7532.961442452409,7593.616551921397,7654.7600539479145,7716.395881049652,7778.527997408752,7841.160399126823,7904.2971144818985,7967.94220418758,8032.099761654146,8096.773913251861,8161.968818576374,8227.688670716232,8293.937696522553,8360.720156880894,8428.04034698531,8495.90259661459,8564.311270410717,8633.270768159597,8702.785525074065,8772.860012079082,8843.498736099358,8914.706240349144,8986.487104624512,9058.845945597834,9131.787417114787,9205.31621049359,9279.437054826807,9354.154717285446,9429.47400342559,9505.399757497484,9581.936862757088,9659.090241780126,9736.864856778713,9815.265709920519,9894.297843650465,9973.966341015032,10054.276325989182,10135.232963805956,10216.841461288606,10299.107067185563,10382.035072507933,10465.630810869876,10549.89965883156,10634.84703624505,10720.478406602804,10806.799277389146,10893.815200434417,10981.531772272076,11069.954634498676,11159.08947413668,11248.94202400021,11339.518063063782,11430.823416834026,11522.863957724268,11615.64560543233,11709.174327321158,11803.456138802712,11898.49710372478,11994.303334761045,12090.880993804161,12188.23629236214,12286.375491957784,12385.304904531427,12485.030892846919,12585.55987090084,12686.898304334996,12789.052710852275,12892.029660635888,12995.8357767719,13100.477735675182,13205.962267518828,13312.296156667053,13419.486242111492,13527.539417911097,13636.462633635434,13746.262894811807,13856.947263375758,13968.522858125163,14080.996855178266,14194.376488435144,14308.66905004285,14423.881890864615] 0.31126199007860056 [Infinity,Infinity,Infinity,Infinity,Infinity,Infinity,Infinity,Infinity,Infinity,Infinity,Infinity,Infinity,Infinity,Infinity,Infinity,Infinity,Infinity,Infinity,Infinity,Infinity,Infinity,Infinity,Infinity,Infinity,Infinity,Infinity,Infinity,Infinity,Infinity,Infinity,Infinity,Infinity,Infinity,Infinity,Infinity,Infinity,Infinity,Infinity,Infinity,Infinity,Infinity,Infinity,Infinity,Infinity,Infinity,Infinity,Infinity,Infinity,Infinity,Infinity,Infinity,Infinity,Infinity,Infinity,Infinity,Infinity,Infinity,Infinity,Infinity,Infinity,Infinity,Infinity,Infinity,Infinity,Infinity,Infinity,Infinity,Infinity,Infinity,Infinity,Infinity,Infinity,Infinity,Infinity,Infinity,Infinity,Infinity,Infinity,Infinity,Infinity,Infinity,Infinity,Infinity,Infinity,Infinity,Infinity,Infinity,Infinity,Infinity,Infinity,Infinity,Infinity,Infinity,Infinity,Infinity,Infinity,Infinity,Infinity,Infinity,Infinity,Infinity,Infinity,Infinity,Infinity,Infinity,Infinity,Infinity,Infinity,Infinity,Infinity,Infinity,Infinity,Infinity,Infinity,Infinity,Infinity,Infinity,Infinity,Infinity,Infinity,Infinity,Infinity,Infinity,Infinity,Infinity,Infinity,Infinity,Infinity,Infinity,Infinity,Infinity,Infinity,Infinity,Infinity,Infinity,Infinity,Infinity,Infinity,Infinity,Infinity,Infinity,Infinity,Infinity,Infinity,Infinity,Infinity,Infinity,Infinity,Infinity,Infinity,Infinity,Infinity,Infinity,Infinity,Infinity,Infinity,Infinity,Infinity,Infinity,Infinity,Infinity,Infinity,Infinity,Infinity,Infinity,Infinity,Infinity,Infinity,Infinity,Infinity,Infinity,Infinity,Infinity,Infinity,Infinity,Infinity,Infinity,Infinity,Infinity,Infinity,Infinity,Infinity,Infinity,Infinity,Infinity,Infinity,Infinity,Infinity,Infinity,Infinity,Infinity,Infinity,Infinity,Infinity,Infinity,Infinity,Infinity,Infinity,Infinity,Infinity,Infinity,Infinity,Infinity,Infinity,Infinity,Infinity,Infinity,Infinity,Infinity,Infinity,Infinity,Infinity,Infinity,Infinity,Infinity,Infinity,Infinity,Infinity,Infinity,Infinity,Infinity,Infinity,Infinity,Infinity,Infinity,Infinity,Infinity,Infinity,Infinity,Infinity,Infinity,Infinity,Infinity,Infinity,Infinity,Infinity,Infinity,Infinity,Infinity,Infinity,Infinity,Infinity,Infinity,Infinity,Infinity,Infinity,Infinity,Infinity,Infinity,Infinity,Infinity,Infinity,Infinity,Infinity,Infinity,Infinity,Infinity,Infinity,Infinity,Infinity,Infinity,Infinity,Infinity,Infinity,Infinity,Infinity,Infinity,Infinity,Infinity,Infinity,Infinity,Infinity,Infinity,Infinity,Infinity,Infinity,Infinity,Infinity,Infinity,Infinity,Infinity,Infinity,Infinity,Infinity,Infinity,Infinity,Infinity,Infinity,Infinity,Infinity,Infinity,Infinity,Infinity,Infinity,Infinity,Infinity,Infinity,Infinity,Infinity,Infinity] [0.0,0.0,0.0,0.0,0.0,0.0,0.0,0.0,0.0,0.0,0.0,0.0,0.0,0.0,0.0,0.0,0.0,0.0,0.0,0.0,0.0,0.0,0.0,0.0,0.0,0.0,0.0,0.0,0.0,0.0,0.0,0.0,0.0,0.0,0.0,0.0,0.0,0.0,0.0,0.0,0.0,0.0,0.0,0.0,0.0,0.0,0.0,0.0,0.0,0.0,0.0,0.0,0.0,0.0,0.0,0.0,0.0,0.0,0.0,0.0,0.0,0.0,0.0,0.0,0.0,0.0,0.0,0.0,0.0,0.0,0.0,0.0,0.0,0.0,0.0,0.0,0.0,0.0,0.0,0.0,0.0,0.0,0.0,0.0,0.0,0.0,0.0,0.0,0.0,0.0,0.0,0.0,0.0,0.0,0.0,0.0,0.0,0.0,0.0,0.0,0.0,0.0,0.0,0.0,0.0,0.0,0.0,0.0,0.0,0.0,0.0,0.0,0.0,0.0,0.0,0.0,0.0,0.0,0.0,0.0,0.0,0.0,0.0,0.0,0.0,0.0,0.0,0.0,0.0,0.0,0.0,0.0,0.0,0.0,0.0,0.0,0.0,0.0,0.0,0.0,0.0,0.0,0.0,0.0,0.0,0.0,0.0,0.0,0.0,0.0,0.0,0.0,0.0,0.0,0.0,0.0,0.0,0.0,0.0,0.0,0.0,0.0,0.0,0.0,0.0,0.0,0.0,0.0,0.0,0.0,0.0,0.0,0.0,0.0,0.0,0.0,0.0,0.0,0.0,0.0,0.0,0.0,0.0,0.0,0.0,0.0,0.0,0.0,0.0,0.0,0.0,0.0,0.0,0.0,0.0,0.0,0.0,0.0,0.0,0.0,0.0,0.0,0.0,0.0,0.0,0.0,0.0,0.0,0.0,0.0,0.0,0.0,0.0,0.0,0.0,0.0,0.0,0.0,0.0,0.0,0.0,0.0,0.0,0.0,0.0,0.0,0.0,0.0,0.0,0.0,0.0,0.0,0.0,0.0,0.0,0.0,0.0,0.0,0.0,0.0,0.0,0.0,0.0,0.0,0.0,0.0,0.0,0.0,0.0,0.0,0.0,0.0,0.0,0.0,0.0,0.0,0.0,0.0,0.0,0.0,0.0,0.0,0.0,0.0,0.0,0.0,0.0,0.0,0.0,0.0,0.0,0.0,0.0,0.0,0.0,0.0,0.0,0.0,0.0,0.0,0.0,0.0,0.0,0.0,0.0,0.0,0.0,0.0,0.0,0.0,0.0,0.0,0.0,0.0,0.0,0.0,0.0,0.0,0.0,0.0]
56375.659303508306 [0.0,0.0,0.0,0.0,0.0,0.0,0.0,0.0,0.0,0.0,0.0,0.0,0.0,0.0,0.0,0.0,0.0,0.0,0.0,0.0,0.0,0.0,0.0,0.0,0.0,0.0,0.0,0.0,0.0,0.0,0.0,0.0,0.0,0.0,0.0,0.0,0.0,0.0,0.0,0.0,0.0,0.0,0.0,0.0,0.0,0.0,0.0,0.0,0.0,0.0,0.0,0.0,0.0,0.0,0.0,0.0,0.0,0.0,0.0,0.0,0.0,0.0,0.0,0.0,0.0,0.0,0.0,0.0,0.0,0.0,0.0,0.0,0.0,0.0,0.0,0.0,0.0,0.0,0.0,0.0,0.0,0.0,0.0,0.0,0.0,0.0,0.0,0.0,0.0,0.0,0.0,0.0,0.0,0.0,0.0,0.0,0.0,0.0,0.0,0.0,0.0,0.0,0.0,0.0,0.0,0.0,0.0,0.0,0.0,0.0,0.0,0.0,0.0,0.0,0.0,0.0,0.0,0.0,0.0,0.0,0.0,0.0,0.0,0.0,0.0,0.0,0.0,0.0,0.0,0.0,0.0,0.0,0.0,0.0,0.0,0.0,0.0,0.0,0.0,0.0,0.0,0.0,0.0,0.0,0.0,0.0,0.0,0.0,0.0,0.0,0.0,0.0,0.0,0.0,0.0,0.0,0.0,0.0,0.0,0.0,0.0,0.0,0.0,0.0,0.0,0.0,0.0,0.0,0.0,0.0,0.0,0.0,0.0,0.0,0.0,0.0,0.0,0.0,0.0,0.0,0.0,0.0,0.0,0.0,0.0,0.0,0.0,0.0,0.0,0.0,0.0,0.0,0.0,0.0,0.0,0.0,0.0,0.0,0.0,0.0,0.0,0.0,0.0,0.0,0.0,0.0,0.0,0.0,0.0,0.0,0.0,0.0,0.0,0.0,0.0,0.0,0.0,0.0,0.0,0.0,0.0,0.0,0.0,0.0,0.0,0.0,0.0,0.0,0.0,0.0,0.0,0.0,0.0,0.0,0.0,0.0,0.0,0.0,0.0,0.0,0.0,0.0,0.0,0.0,0.0,0.0,0.0,0.0,0.0,0.0,0.0,0.0,0.0,0.0,0.0,0.0,0.0,0.0,0.0,0.0,0.0,0.0,0.0,0.0,0.0,0.0,0.0,0.0,0.0,0.0,0.0,0.0,0.0,0.0,0.0,0.0,0.0,0.0,0.0,0.0,0.0,0.0,0.0,0.0,0.0,0.0,0.0,0.0,0.0,0.0,0.0,0.0,0.0,0.0,0.0,0.0,0.0,0.0,0.0,0.0] [1311.2619900786005,1321.8202200865917,1332.463464547639,1343.19240799478,1354.0077404728797,1364.9101575830227,1375.9003605272408,1386.9790561536227,1398.1469570017646,1409.4047813486081,1420.7532532546286,1432.193102610412,1443.7250651835902,1455.3498826661717,1467.068302722235,1478.881079036026,1490.78897136042,1502.7927455657994,1514.8931736892998,1527.0910339844697,1539.3871109713293,1551.7821954868166,1564.2770847356642,1576.872582341659,1589.569498399342,1602.368649526097,1615.270858914685,1628.2769563861766,1641.3877784433362,1654.6041683244075,1667.9269760573632,1681.3570585145608,1694.895279467867,1708.5425096441993,1722.2996267815402,1736.1675156853773,1750.1470682856248,1764.2391836939755,1778.4447682617345,1792.7647356381167,1807.2000068289992,1821.7515102561672,1836.4201818170154,1851.2069649447558,1866.112810669078,1881.1386776773347,1896.285532376183,1911.5543489537563,1926.9461094423048,1942.4618037813711,1958.1024298814455,1973.8689936881608,1989.7625092469793,2005.7839987684179,2021.9344926937952,2038.215029761504,2054.626657073813,2071.1704301642176,2087.8474130653335,2104.6586783773164,2121.605307336866,2138.6883898867477,2155.9090247459117,2173.268319480143,2190.767390573309,2208.407363499154,2226.1893727937027,2244.1145621282076,2262.184084382728,2280.399101720259,2298.7607856614945,2317.2703171601615,2335.9288866789793,2354.7376942662327,2373.6979496329395,2392.810872230673,2412.077691329971,2431.4996460994216,2451.0779856853383,2470.813969292122,2490.7088662632277,2510.763956162824,2530.9805288580706,2551.359884602096,2571.9033341176064,2592.612198681206,2613.487810208354,2634.5315113390543,2655.7446555241822,2677.1286071125573,2698.6847414386757,2720.4144449111714,2742.319115101994,2764.4001608362782,2786.6590022829737,2809.097071046162,2831.715810257159,2854.5166746673017,2877.5011307415425,2900.67065675274,2924.0267428767575,2947.570891288285,2971.304616257478,2995.22944424732,3019.346914011829,3043.658576695001,3068.1659959305807,3092.870747942638,3117.7744216469364,3142.87861875312,3168.1849538677375,3193.695054598094,3219.410561656912,3245.333128967883,3271.4644237720117,3297.806126734876,3324.3599320546946,3351.1275475713155,3378.1106948760344,3405.3111094223436,3432.7305406375262,3460.3707520352004,3488.23352132871,3516.320640545493,3544.6339161423107,3573.1751691214417,3601.9462351478164,3630.9489646670518,3660.1852230244945,3689.6568905851636,3719.3658628547196,3749.3140506013438,3779.5033799786634,3809.935792649603,3840.6132459112973,3871.5377128209448,3902.7111823227383,3934.135659375755,3965.8131650829396,3997.7457368210635,4029.9354283717907,4062.3843100537392,4095.0944688556665,4128.068008570669,4161.3070499315045,4194.813730746993,4228.590206039511,4262.638648183577,4296.961247045588,4331.560210124669,4366.437762694626,4401.596147947099,4437.037627135803,4472.764479721992,4508.779003521039,4545.083514850253,4581.680348677821,4618.571858773019,4655.7604178575675,4693.248417758249,4731.038269560753,4769.132403764733,4807.533270440121,4846.243339384716,4885.265100283049,4924.601062866471,4964.253757074609,5004.22573321805,5044.519562142395,5085.137835393579,5126.08316538458,5167.3581855634,5208.965550582488,5250.907936469426,5293.188040799074,5335.808582867062,5378.772303864684,5422.081967055189,5465.740357951513,5509.7502844954415,5554.1145772382,5598.836089522486,5643.917697666003,5689.362301146471,5735.17282278806,5781.352208949439,5827.903429713208,5874.829479076986,5922.133375145914,5969.818160326825,6017.886901523867,6066.342690335802,6115.188643254807,6164.427901866934,6214.06363305417,6264.099029198114,6314.537308385285,6365.381714614103,6416.635518003553,6468.302015003491,6520.384528606639,6572.88640856233,6625.811031591967,6679.16180160615,6732.942149923667,6787.155535492116,6841.805445110439,6896.895393653112,6952.428924296275,7008.409608745552,7064.841047465831,7121.726869912778,7179.070734766296,7236.876330165845,7295.147373947643,7353.887613883764,7413.100827923194,7472.790824434837,7532.961442452409,7593.616551921397,7654.7600539479145,7716.395881049652,7778.527997408752,7841.160399126823,7904.2971144818985,7967.94220418758,8032.099761654146,8096.773913251861,8161.968818576374,8227.688670716232,8293.937696522553,8360.720156880894,8428.04034698531,8495.90259661459,8564.311270410717,8633.270768159597,8702.785525074065,8772.860012079082,8843.498736099358,8914.706240349144,8986.487104624512,9058.845945597834,9131.787417114787,9205.31621049359,9279.437054826807,9354.154717285446,9429.47400342559,9505.399757497484,9581.936862757088,9659.090241780126,9736.864856778713,9815.265709920519,9894.297843650465,9973.966341015032,10054.276325989182,10135.232963805956,10216.841461288606,10299.107067185563,10382.035072507933,10465.630810869876,10549.89965883156,10634.84703624505,10720.478406602804,10806.799277389146,10893.815200434417,10981.531772272076,11069.954634498676,11159.08947413668,11248.94202400021,11339.518063063782,11430.823416834026,11522.863957724268,11615.64560543233,11709.174327321158,11803.456138802712,11898.49710372478,11994.303334761045,12090.880993804161,12188.23629236214,12286.375491957784,12385.304904531427,12485.030892846919,12585.55987090084,12686.898304334996,12789.052710852275,12892.029660635888,12995.8357767719,13100.477735675182,13205.962267518828,13312.296156667053,13419.486242111492,13527.539417911097,13636.462633635434,13746.262894811807,13856.947263375758,13968.522858125163,14080.996855178266,14194.376488435144,14308.66905004285,14423.881890864615] 0.31126199007860056 [Infinity,Infinity,Infinity,Infinity,Infinity,Infinity,Infinity,Infinity,Infinity,Infinity,Infinity,Infinity,Infinity,Infinity,Infinity,Infinity,Infinity,Infinity,Infinity,Infinity,Infinity,Infinity,Infinity,Infinity,Infinity,Infinity,Infinity,Infinity,Infinity,Infinity,Infinity,Infinity,Infinity,Infinity,Infinity,Infinity,Infinity,Infinity,Infinity,Infinity,Infinity,Infinity,Infinity,Infinity,Infinity,Infinity,Infinity,Infinity,Infinity,Infinity,Infinity,Infinity,Infinity,Infinity,Infinity,Infinity,Infinity,Infinity,Infinity,Infinity,Infinity,Infinity,Infinity,Infinity,Infinity,Infinity,Infinity,Infinity,Infinity,Infinity,Infinity,Infinity,Infinity,Infinity,Infinity,Infinity,Infinity,Infinity,Infinity,Infinity,Infinity,Infinity,Infinity,Infinity,Infinity,Infinity,Infinity,Infinity,Infinity,Infinity,Infinity,Infinity,Infinity,Infinity,Infinity,Infinity,Infinity,Infinity,Infinity,Infinity,Infinity,Infinity,Infinity,Infinity,Infinity,Infinity,Infinity,Infinity,Infinity,Infinity,Infinity,Infinity,Infinity,Infinity,Infinity,Infinity,Infinity,Infinity,Infinity,Infinity,Infinity,Infinity,Infinity,Infinity,Infinity,Infinity,Infinity,Infinity,Infinity,Infinity,Infinity,Infinity,Infinity,Infinity,Infinity,Infinity,Infinity,Infinity,Infinity,Infinity,Infinity,Infinity,Infinity,Infinity,Infinity,Infinity,Infinity,Infinity,Infinity,Infinity,Infinity,Infinity,Infinity,Infinity,Infinity,Infinity,Infinity,Infinity,Infinity,Infinity,Infinity,Infinity,Infinity,Infinity,Infinity,Infinity,Infinity,Infinity,Infinity,Infinity,Infinity,Infinity,Infinity,Infinity,Infinity,Infinity,Infinity,Infinity,Infinity,Infinity,Infinity,Infinity,Infinity,Infinity,Infinity,Infinity,Infinity,Infinity,Infinity,Infinity,Infinity,Infinity,Infinity,Infinity,Infinity,Infinity,Infinity,Infinity,Infinity,Infinity,Infinity,Infinity,Infinity,Infinity,Infinity,Infinity,Infinity,Infinity,Infinity,Infinity,Infinity,Infinity,Infinity,Infinity,Infinity,Infinity,Infinity,Infinity,Infinity,Infinity,Infinity,Infinity,Infinity,Infinity,Infinity,Infinity,Infinity,Infinity,Infinity,Infinity,Infinity,Infinity,Infinity,Infinity,Infinity,Infinity,Infinity,Infinity,Infinity,Infinity,Infinity,Infinity,Infinity,Infinity,Infinity,Infinity,Infinity,Infinity,Infinity,Infinity,Infinity,Infinity,Infinity,Infinity,Infinity,Infinity,Infinity,Infinity,Infinity,Infinity,Infinity,Infinity,Infinity,Infinity,Infinity,Infinity,Infinity,Infinity,Infinity,Infinity,Infinity,Infinity,Infinity,Infinity,Infinity,Infinity,Infinity,Infinity,Infinity,Infinity,Infinity,Infinity,Infinity,Infinity,Infinity,Infinity,Infinity,Infinity,Infinity,Infinity,Infinity,Infinity,Infinity,Infinity,Infinity,Infinity,Infinity,Infinity,Infinity,Infinity] [0.0,0.0,0.0,0.0,0.0,0.0,0.0,0.0,0.0,0.0,0.0,0.0,0.0,0.0,0.0,0.0,0.0,0.0,0.0,0.0,0.0,0.0,0.0,0.0,0.0,0.0,0.0,0.0,0.0,0.0,0.0,0.0,0.0,0.0,0.0,0.0,0.0,0.0,0.0,0.0,0.0,0.0,0.0,0.0,0.0,0.0,0.0,0.0,0.0,0.0,0.0,0.0,0.0,0.0,0.0,0.0,0.0,0.0,0.0,0.0,0.0,0.0,0.0,0.0,0.0,0.0,0.0,0.0,0.0,0.0,0.0,0.0,0.0,0.0,0.0,0.0,0.0,0.0,0.0,0.0,0.0,0.0,0.0,0.0,0.0,0.0,0.0,0.0,0.0,0.0,0.0,0.0,0.0,0.0,0.0,0.0,0.0,0.0,0.0,0.0,0.0,0.0,0.0,0.0,0.0,0.0,0.0,0.0,0.0,0.0,0.0,0.0,0.0,0.0,0.0,0.0,0.0,0.0,0.0,0.0,0.0,0.0,0.0,0.0,0.0,0.0,0.0,0.0,0.0,0.0,0.0,0.0,0.0,0.0,0.0,0.0,0.0,0.0,0.0,0.0,0.0,0.0,0.0,0.0,0.0,0.0,0.0,0.0,0.0,0.0,0.0,0.0,0.0,0.0,0.0,0.0,0.0,0.0,0.0,0.0,0.0,0.0,0.0,0.0,0.0,0.0,0.0,0.0,0.0,0.0,0.0,0.0,0.0,0.0,0.0,0.0,0.0,0.0,0.0,0.0,0.0,0.0,0.0,0.0,0.0,0.0,0.0,0.0,0.0,0.0,0.0,0.0,0.0,0.0,0.0,0.0,0.0,0.0,0.0,0.0,0.0,0.0,0.0,0.0,0.0,0.0,0.0,0.0,0.0,0.0,0.0,0.0,0.0,0.0,0.0,0.0,0.0,0.0,0.0,0.0,0.0,0.0,0.0,0.0,0.0,0.0,0.0,0.0,0.0,0.0,0.0,0.0,0.0,0.0,0.0,0.0,0.0,0.0,0.0,0.0,0.0,0.0,0.0,0.0,0.0,0.0,0.0,0.0,0.0,0.0,0.0,0.0,0.0,0.0,0.0,0.0,0.0,0.0,0.0,0.0,0.0,0.0,0.0,0.0,0.0,0.0,0.0,0.0,0.0,0.0,0.0,0.0,0.0,0.0,0.0,0.0,0.0,0.0,0.0,0.0,0.0,0.0,0.0,0.0,0.0,0.0,0.0,0.0,0.0,0.0,0.0,0.0,0.0,0.0,0.0,0.0,0.0,0.0,0.0,0.0]
56090.78528861504 [0.0,0.0,0.0,0.0,0.0,0.0,0.0,0.0,0.0,0.0,0.0,0.0,0.0,0.0,0.0,0.0,0.0,0.0,0.0,0.0,0.0,0.0,0.0,0.0,0.0,0.0,0.0,0.0,0.0,0.0,0.0,0.0,0.0,0.0,0.0,0.0,0.0,0.0,0.0,0.0,0.0,0.0,0.0,0.0,0.0,0.0,0.0,0.0,0.0,0.0,0.0,0.0,0.0,0.0,0.0,0.0,0.0,0.0,0.0,0.0,0.0,0.0,0.0,0.0,0.0,0.0,0.0,0.0,0.0,0.0,0.0,0.0,0.0,0.0,0.0,0.0,0.0,0.0,0.0,0.0,0.0,0.0,0.0,0.0,0.0,0.0,0.0,0.0,0.0,0.0,0.0,0.0,0.0,0.0,0.0,0.0,0.0,0.0,0.0,0.0,0.0,0.0,0.0,0.0,0.0,0.0,0.0,0.0,0.0,0.0,0.0,0.0,0.0,0.0,0.0,0.0,0.0,0.0,0.0,0.0,0.0,0.0,0.0,0.0,0.0,0.0,0.0,0.0,0.0,0.0,0.0,0.0,0.0,0.0,0.0,0.0,0.0,0.0,0.0,0.0,0.0,0.0,0.0,0.0,0.0,0.0,0.0,0.0,0.0,0.0,0.0,0.0,0.0,0.0,0.0,0.0,0.0,0.0,0.0,0.0,0.0,0.0,0.0,0.0,0.0,0.0,0.0,0.0,0.0,0.0,0.0,0.0,0.0,0.0,0.0,0.0,0.0,0.0,0.0,0.0,0.0,0.0,0.0,0.0,0.0,0.0,0.0,0.0,0.0,0.0,0.0,0.0,0.0,0.0,0.0,0.0,0.0,0.0,0.0,0.0,0.0,0.0,0.0,0.0,0.0,0.0,0.0,0.0,0.0,0.0,0.0,0.0,0.0,0.0,0.0,0.0,0.0,0.0,0.0,0.0,0.0,0.0,0.0,0.0,0.0,0.0,0.0,0.0,0.0,0.0,0.0,0.0,0.0,0.0,0.0,0.0,0.0,0.0,0.0,0.0,0.0,0.0,0.0,0.0,0.0,0.0,0.0,0.0,0.0,0.0,0.0,0.0,0.0,0.0,0.0,0.0,0.0,0.0,0.0,0.0,0.0,0.0,0.0,0.0,0.0,0.0,0.0,0.0,0.0,0.0,0.0,0.0,0.0,0.0,0.0,0.0,0.0,0.0,0.0,0.0,0.0,0.0,0.0,0.0,0.0,0.0,0.0,0.0,0.0,0.0,0.0,0.0,0.0,0.0,0.0,0.0,0.0,0.0,0.0,0.0] [1311.2619900786005,1321.8202200865917,1332.463464547639,1343.19240799478,1354.0077404728797,1364.9101575830227,1375.9003605272408,1386.9790561536227,1398.1469570017646,1409.4047813486081,1420.7532532546286,1432.193102610412,1443.7250651835902,1455.3498826661717,1467.068302722235,1478.881079036026,1490.78897136042,1502.7927455657994,1514.8931736892998,1527.0910339844697,1539.3871109713293,1551.7821954868166,1564.2770847356642,1576.872582341659,1589.569498399342,1602.368649526097,1615.270858914685,1628.2769563861766,1641.3877784433362,1654.6041683244075,1667.9269760573632,1681.3570585145608,1694.895279467867,1708.5425096441993,1722.2996267815402,1736.1675156853773,1750.1470682856248,1764.2391836939755,1778.4447682617345,1792.7647356381167,1807.2000068289992,1821.7515102561672,1836.4201818170154,1851.2069649447558,1866.112810669078,1881.1386776773347,1896.285532376183,1911.5543489537563,1926.9461094423048,1942.4618037813711,1958.1024298814455,1973.8689936881608,1989.7625092469793,2005.7839987684179,2021.9344926937952,2038.215029761504,2054.626657073813,2071.1704301642176,2087.8474130653335,2104.6586783773164,2121.605307336866,2138.6883898867477,2155.9090247459117,2173.268319480143,2190.767390573309,2208.407363499154,2226.1893727937027,2244.1145621282076,2262.184084382728,2280.399101720259,2298.7607856614945,2317.2703171601615,2335.9288866789793,2354.7376942662327,2373.6979496329395,2392.810872230673,2412.077691329971,2431.4996460994216,2451.0779856853383,2470.813969292122,2490.7088662632277,2510.763956162824,2530.9805288580706,2551.359884602096,2571.9033341176064,2592.612198681206,2613.487810208354,2634.5315113390543,2655.7446555241822,2677.1286071125573,2698.6847414386757,2720.4144449111714,2742.319115101994,2764.4001608362782,2786.6590022829737,2809.097071046162,2831.715810257159,2854.5166746673017,2877.5011307415425,2900.67065675274,2924.0267428767575,2947.570891288285,2971.304616257478,2995.22944424732,3019.346914011829,3043.658576695001,3068.1659959305807,3092.870747942638,3117.7744216469364,3142.87861875312,3168.1849538677375,3193.695054598094,3219.410561656912,3245.333128967883,3271.4644237720117,3297.806126734876,3324.3599320546946,3351.1275475713155,3378.1106948760344,3405.3111094223436,3432.7305406375262,3460.3707520352004,3488.23352132871,3516.320640545493,3544.6339161423107,3573.1751691214417,3601.9462351478164,3630.9489646670518,3660.1852230244945,3689.6568905851636,3719.3658628547196,3749.3140506013438,3779.5033799786634,3809.935792649603,3840.6132459112973,3871.5377128209448,3902.7111823227383,3934.135659375755,3965.8131650829396,3997.7457368210635,4029.9354283717907,4062.3843100537392,4095.0944688556665,4128.068008570669,4161.3070499315045,4194.813730746993,4228.590206039511,4262.638648183577,4296.961247045588,4331.560210124669,4366.437762694626,4401.596147947099,4437.037627135803,4472.764479721992,4508.779003521039,4545.083514850253,4581.680348677821,4618.571858773019,4655.7604178575675,4693.248417758249,4731.038269560753,4769.132403764733,4807.533270440121,4846.243339384716,4885.265100283049,4924.601062866471,4964.253757074609,5004.22573321805,5044.519562142395,5085.137835393579,5126.08316538458,5167.3581855634,5208.965550582488,5250.907936469426,5293.188040799074,5335.808582867062,5378.772303864684,5422.081967055189,5465.740357951513,5509.7502844954415,5554.1145772382,5598.836089522486,5643.917697666003,5689.362301146471,5735.17282278806,5781.352208949439,5827.903429713208,5874.829479076986,5922.133375145914,5969.818160326825,6017.886901523867,6066.342690335802,6115.188643254807,6164.427901866934,6214.06363305417,6264.099029198114,6314.537308385285,6365.381714614103,6416.635518003553,6468.302015003491,6520.384528606639,6572.88640856233,6625.811031591967,6679.16180160615,6732.942149923667,6787.155535492116,6841.805445110439,6896.895393653112,6952.428924296275,7008.409608745552,7064.841047465831,7121.726869912778,7179.070734766296,7236.876330165845,7295.147373947643,7353.887613883764,7413.100827923194,7472.790824434837,7532.961442452409,7593.616551921397,7654.7600539479145,7716.395881049652,7778.527997408752,7841.160399126823,7904.2971144818985,7967.94220418758,8032.099761654146,8096.773913251861,8161.968818576374,8227.688670716232,8293.937696522553,8360.720156880894,8428.04034698531,8495.90259661459,8564.311270410717,8633.270768159597,8702.785525074065,8772.860012079082,8843.498736099358,8914.706240349144,8986.487104624512,9058.845945597834,9131.787417114787,9205.31621049359,9279.437054826807,9354.154717285446,9429.47400342559,9505.399757497484,9581.936862757088,9659.090241780126,9736.864856778713,9815.265709920519,9894.297843650465,9973.966341015032,10054.276325989182,10135.232963805956,10216.841461288606,10299.107067185563,10382.035072507933,10465.630810869876,10549.89965883156,10634.84703624505,10720.478406602804,10806.799277389146,10893.815200434417,10981.531772272076,11069.954634498676,11159.08947413668,11248.94202400021,11339.518063063782,11430.823416834026,11522.863957724268,11615.64560543233,11709.174327321158,11803.456138802712,11898.49710372478,11994.303334761045,12090.880993804161,12188.23629236214,12286.375491957784,12385.304904531427,12485.030892846919,12585.55987090084,12686.898304334996,12789.052710852275,12892.029660635888,12995.8357767719,13100.477735675182,13205.962267518828,13312.296156667053,13419.486242111492,13527.539417911097,13636.462633635434,13746.262894811807,13856.947263375758,13968.522858125163,14080.996855178266,14194.376488435144,14308.66905004285,14423.881890864615] 0.31126199007860056 [Infinity,Infinity,Infinity,Infinity,Infinity,Infinity,Infinity,Infinity,Infinity,Infinity,Infinity,Infinity,Infinity,Infinity,Infinity,Infinity,Infinity,Infinity,Infinity,Infinity,Infinity,Infinity,Infinity,Infinity,Infinity,Infinity,Infinity,Infinity,Infinity,Infinity,Infinity,Infinity,Infinity,Infinity,Infinity,Infinity,Infinity,Infinity,Infinity,Infinity,Infinity,Infinity,Infinity,Infinity,Infinity,Infinity,Infinity,Infinity,Infinity,Infinity,Infinity,Infinity,Infinity,Infinity,Infinity,Infinity,Infinity,Infinity,Infinity,Infinity,Infinity,Infinity,Infinity,Infinity,Infinity,Infinity,Infinity,Infinity,Infinity,Infinity,Infinity,Infinity,Infinity,Infinity,Infinity,Infinity,Infinity,Infinity,Infinity,Infinity,Infinity,Infinity,Infinity,Infinity,Infinity,Infinity,Infinity,Infinity,Infinity,Infinity,Infinity,Infinity,Infinity,Infinity,Infinity,Infinity,Infinity,Infinity,Infinity,Infinity,Infinity,Infinity,Infinity,Infinity,Infinity,Infinity,Infinity,Infinity,Infinity,Infinity,Infinity,Infinity,Infinity,Infinity,Infinity,Infinity,Infinity,Infinity,Infinity,Infinity,Infinity,Infinity,Infinity,Infinity,Infinity,Infinity,Infinity,Infinity,Infinity,Infinity,Infinity,Infinity,Infinity,Infinity,Infinity,Infinity,Infinity,Infinity,Infinity,Infinity,Infinity,Infinity,Infinity,Infinity,Infinity,Infinity,Infinity,Infinity,Infinity,Infinity,Infinity,Infinity,Infinity,Infinity,Infinity,Infinity,Infinity,Infinity,Infinity,Infinity,Infinity,Infinity,Infinity,Infinity,Infinity,Infinity,Infinity,Infinity,Infinity,Infinity,Infinity,Infinity,Infinity,Infinity,Infinity,Infinity,Infinity,Infinity,Infinity,Infinity,Infinity,Infinity,Infinity,Infinity,Infinity,Infinity,Infinity,Infinity,Infinity,Infinity,Infinity,Infinity,Infinity,Infinity,Infinity,Infinity,Infinity,Infinity,Infinity,Infinity,Infinity,Infinity,Infinity,Infinity,Infinity,Infinity,Infinity,Infinity,Infinity,Infinity,Infinity,Infinity,Infinity,Infinity,Infinity,Infinity,Infinity,Infinity,Infinity,Infinity,Infinity,Infinity,Infinity,Infinity,Infinity,Infinity,Infinity,Infinity,Infinity,Infinity,Infinity,Infinity,Infinity,Infinity,Infinity,Infinity,Infinity,Infinity,Infinity,Infinity,Infinity,Infinity,Infinity,Infinity,Infinity,Infinity,Infinity,Infinity,Infinity,Infinity,Infinity,Infinity,Infinity,Infinity,Infinity,Infinity,Infinity,Infinity,Infinity,Infinity,Infinity,Infinity,Infinity,Infinity,Infinity,Infinity,Infinity,Infinity,Infinity,Infinity,Infinity,Infinity,Infinity,Infinity,Infinity,Infinity,Infinity,Infinity,Infinity,Infinity,Infinity,Infinity,Infinity,Infinity,Infinity,Infinity,Infinity,Infinity,Infinity,Infinity,Infinity,Infinity,Infinity,Infinity,Infinity,Infinity,Infinity,Infinity,Infinity,Infinity] [0.0,0.0,0.0,0.0,0.0,0.0,0.0,0.0,0.0,0.0,0.0,0.0,0.0,0.0,0.0,0.0,0.0,0.0,0.0,0.0,0.0,0.0,0.0,0.0,0.0,0.0,0.0,0.0,0.0,0.0,0.0,0.0,0.0,0.0,0.0,0.0,0.0,0.0,0.0,0.0,0.0,0.0,0.0,0.0,0.0,0.0,0.0,0.0,0.0,0.0,0.0,0.0,0.0,0.0,0.0,0.0,0.0,0.0,0.0,0.0,0.0,0.0,0.0,0.0,0.0,0.0,0.0,0.0,0.0,0.0,0.0,0.0,0.0,0.0,0.0,0.0,0.0,0.0,0.0,0.0,0.0,0.0,0.0,0.0,0.0,0.0,0.0,0.0,0.0,0.0,0.0,0.0,0.0,0.0,0.0,0.0,0.0,0.0,0.0,0.0,0.0,0.0,0.0,0.0,0.0,0.0,0.0,0.0,0.0,0.0,0.0,0.0,0.0,0.0,0.0,0.0,0.0,0.0,0.0,0.0,0.0,0.0,0.0,0.0,0.0,0.0,0.0,0.0,0.0,0.0,0.0,0.0,0.0,0.0,0.0,0.0,0.0,0.0,0.0,0.0,0.0,0.0,0.0,0.0,0.0,0.0,0.0,0.0,0.0,0.0,0.0,0.0,0.0,0.0,0.0,0.0,0.0,0.0,0.0,0.0,0.0,0.0,0.0,0.0,0.0,0.0,0.0,0.0,0.0,0.0,0.0,0.0,0.0,0.0,0.0,0.0,0.0,0.0,0.0,0.0,0.0,0.0,0.0,0.0,0.0,0.0,0.0,0.0,0.0,0.0,0.0,0.0,0.0,0.0,0.0,0.0,0.0,0.0,0.0,0.0,0.0,0.0,0.0,0.0,0.0,0.0,0.0,0.0,0.0,0.0,0.0,0.0,0.0,0.0,0.0,0.0,0.0,0.0,0.0,0.0,0.0,0.0,0.0,0.0,0.0,0.0,0.0,0.0,0.0,0.0,0.0,0.0,0.0,0.0,0.0,0.0,0.0,0.0,0.0,0.0,0.0,0.0,0.0,0.0,0.0,0.0,0.0,0.0,0.0,0.0,0.0,0.0,0.0,0.0,0.0,0.0,0.0,0.0,0.0,0.0,0.0,0.0,0.0,0.0,0.0,0.0,0.0,0.0,0.0,0.0,0.0,0.0,0.0,0.0,0.0,0.0,0.0,0.0,0.0,0.0,0.0,0.0,0.0,0.0,0.0,0.0,0.0,0.0,0.0,0.0,0.0,0.0,0.0,0.0,0.0,0.0,0.0,0.0,0.0,0.0]
56150.42170792633 [0.0,0.0,0.0,0.0,0.0,0.0,0.0,0.0,0.0,0.0,0.0,0.0,0.0,0.0,0.0,0.0,0.0,0.0,0.0,0.0,0.0,0.0,0.0,0.0,0.0,0.0,0.0,0.0,0.0,0.0,0.0,0.0,0.0,0.0,0.0,0.0,0.0,0.0,0.0,0.0,0.0,0.0,0.0,0.0,0.0,0.0,0.0,0.0,0.0,0.0,0.0,0.0,0.0,0.0,0.0,0.0,0.0,0.0,0.0,0.0,0.0,0.0,0.0,0.0,0.0,0.0,0.0,0.0,0.0,0.0,0.0,0.0,0.0,0.0,0.0,0.0,0.0,0.0,0.0,0.0,0.0,0.0,0.0,0.0,0.0,0.0,0.0,0.0,0.0,0.0,0.0,0.0,0.0,0.0,0.0,0.0,0.0,0.0,0.0,0.0,0.0,0.0,0.0,0.0,0.0,0.0,0.0,0.0,0.0,0.0,0.0,0.0,0.0,0.0,0.0,0.0,0.0,0.0,0.0,0.0,0.0,0.0,0.0,0.0,0.0,0.0,0.0,0.0,0.0,0.0,0.0,0.0,0.0,0.0,0.0,0.0,0.0,0.0,0.0,0.0,0.0,0.0,0.0,0.0,0.0,0.0,0.0,0.0,0.0,0.0,0.0,0.0,0.0,0.0,0.0,0.0,0.0,0.0,0.0,0.0,0.0,0.0,0.0,0.0,0.0,0.0,0.0,0.0,0.0,0.0,0.0,0.0,0.0,0.0,0.0,0.0,0.0,0.0,0.0,0.0,0.0,0.0,0.0,0.0,0.0,0.0,0.0,0.0,0.0,0.0,0.0,0.0,0.0,0.0,0.0,0.0,0.0,0.0,0.0,0.0,0.0,0.0,0.0,0.0,0.0,0.0,0.0,0.0,0.0,0.0,0.0,0.0,0.0,0.0,0.0,0.0,0.0,0.0,0.0,0.0,0.0,0.0,0.0,0.0,0.0,0.0,0.0,0.0,0.0,0.0,0.0,0.0,0.0,0.0,0.0,0.0,0.0,0.0,0.0,0.0,0.0,0.0,0.0,0.0,0.0,0.0,0.0,0.0,0.0,0.0,0.0,0.0,0.0,0.0,0.0,0.0,0.0,0.0,0.0,0.0,0.0,0.0,0.0,0.0,0.0,0.0,0.0,0.0,0.0,0.0,0.0,0.0,0.0,0.0,0.0,0.0,0.0,0.0,0.0,0.0,0.0,0.0,0.0,0.0,0.0,0.0,0.0,0.0,0.0,0.0,0.0,0.0,0.0,0.0,0.0,0.0,0.0,0.0,0.0,0.0] [1311.2619900786005,1321.8202200865917,1332.463464547639,1343.19240799478,1354.0077404728797,1364.9101575830227,1375.9003605272408,1386.9790561536227,1398.1469570017646,1409.4047813486081,1420.7532532546286,1432.193102610412,1443.7250651835902,1455.3498826661717,1467.068302722235,1478.881079036026,1490.78897136042,1502.7927455657994,1514.8931736892998,1527.0910339844697,1539.3871109713293,1551.7821954868166,1564.2770847356642,1576.872582341659,1589.569498399342,1602.368649526097,1615.270858914685,1628.2769563861766,1641.3877784433362,1654.6041683244075,1667.9269760573632,1681.3570585145608,1694.895279467867,1708.5425096441993,1722.2996267815402,1736.1675156853773,1750.1470682856248,1764.2391836939755,1778.4447682617345,1792.7647356381167,1807.2000068289992,1821.7515102561672,1836.4201818170154,1851.2069649447558,1866.112810669078,1881.1386776773347,1896.285532376183,1911.5543489537563,1926.9461094423048,1942.4618037813711,1958.1024298814455,1973.8689936881608,1989.7625092469793,2005.7839987684179,2021.9344926937952,2038.215029761504,2054.626657073813,2071.1704301642176,2087.8474130653335,2104.6586783773164,2121.605307336866,2138.6883898867477,2155.9090247459117,2173.268319480143,2190.767390573309,2208.407363499154,2226.1893727937027,2244.1145621282076,2262.184084382728,2280.399101720259,2298.7607856614945,2317.2703171601615,2335.9288866789793,2354.7376942662327,2373.6979496329395,2392.810872230673,2412.077691329971,2431.4996460994216,2451.0779856853383,2470.813969292122,2490.7088662632277,2510.763956162824,2530.9805288580706,2551.359884602096,2571.9033341176064,2592.612198681206,2613.487810208354,2634.5315113390543,2655.7446555241822,2677.1286071125573,2698.6847414386757,2720.4144449111714,2742.319115101994,2764.4001608362782,2786.6590022829737,2809.097071046162,2831.715810257159,2854.5166746673017,2877.5011307415425,2900.67065675274,2924.0267428767575,2947.570891288285,2971.304616257478,2995.22944424732,3019.346914011829,3043.658576695001,3068.1659959305807,3092.870747942638,3117.7744216469364,3142.87861875312,3168.1849538677375,3193.695054598094,3219.410561656912,3245.333128967883,3271.4644237720117,3297.806126734876,3324.3599320546946,3351.1275475713155,3378.1106948760344,3405.3111094223436,3432.7305406375262,3460.3707520352004,3488.23352132871,3516.320640545493,3544.6339161423107,3573.1751691214417,3601.9462351478164,3630.9489646670518,3660.1852230244945,3689.6568905851636,3719.3658628547196,3749.3140506013438,3779.5033799786634,3809.935792649603,3840.6132459112973,3871.5377128209448,3902.7111823227383,3934.135659375755,3965.8131650829396,3997.7457368210635,4029.9354283717907,4062.3843100537392,4095.0944688556665,4128.068008570669,4161.3070499315045,4194.813730746993,4228.590206039511,4262.638648183577,4296.961247045588,4331.560210124669,4366.437762694626,4401.596147947099,4437.037627135803,4472.764479721992,4508.779003521039,4545.083514850253,4581.680348677821,4618.571858773019,4655.7604178575675,4693.248417758249,4731.038269560753,4769.132403764733,4807.533270440121,4846.243339384716,4885.265100283049,4924.601062866471,4964.253757074609,5004.22573321805,5044.519562142395,5085.137835393579,5126.08316538458,5167.3581855634,5208.965550582488,5250.907936469426,5293.188040799074,5335.808582867062,5378.772303864684,5422.081967055189,5465.740357951513,5509.7502844954415,5554.1145772382,5598.836089522486,5643.917697666003,5689.362301146471,5735.17282278806,5781.352208949439,5827.903429713208,5874.829479076986,5922.133375145914,5969.818160326825,6017.886901523867,6066.342690335802,6115.188643254807,6164.427901866934,6214.06363305417,6264.099029198114,6314.537308385285,6365.381714614103,6416.635518003553,6468.302015003491,6520.384528606639,6572.88640856233,6625.811031591967,6679.16180160615,6732.942149923667,6787.155535492116,6841.805445110439,6896.895393653112,6952.428924296275,7008.409608745552,7064.841047465831,7121.726869912778,7179.070734766296,7236.876330165845,7295.147373947643,7353.887613883764,7413.100827923194,7472.790824434837,7532.961442452409,7593.616551921397,7654.7600539479145,7716.395881049652,7778.527997408752,7841.160399126823,7904.2971144818985,7967.94220418758,8032.099761654146,8096.773913251861,8161.968818576374,8227.688670716232,8293.937696522553,8360.720156880894,8428.04034698531,8495.90259661459,8564.311270410717,8633.270768159597,8702.785525074065,8772.860012079082,8843.498736099358,8914.706240349144,8986.487104624512,9058.845945597834,9131.787417114787,9205.31621049359,9279.437054826807,9354.154717285446,9429.47400342559,9505.399757497484,9581.936862757088,9659.090241780126,9736.864856778713,9815.265709920519,9894.297843650465,9973.966341015032,10054.276325989182,10135.232963805956,10216.841461288606,10299.107067185563,10382.035072507933,10465.630810869876,10549.89965883156,10634.84703624505,10720.478406602804,10806.799277389146,10893.815200434417,10981.531772272076,11069.954634498676,11159.08947413668,11248.94202400021,11339.518063063782,11430.823416834026,11522.863957724268,11615.64560543233,11709.174327321158,11803.456138802712,11898.49710372478,11994.303334761045,12090.880993804161,12188.23629236214,12286.375491957784,12385.304904531427,12485.030892846919,12585.55987090084,12686.898304334996,12789.052710852275,12892.029660635888,12995.8357767719,13100.477735675182,13205.962267518828,13312.296156667053,13419.486242111492,13527.539417911097,13636.462633635434,13746.262894811807,13856.947263375758,13968.522858125163,14080.996855178266,14194.376488435144,14308.66905004285,14423.881890864615] 0.31126199007860056 [Infinity,Infinity,Infinity,Infinity,Infinity,Infinity,Infinity,Infinity,Infinity,Infinity,Infinity,Infinity,Infinity,Infinity,Infinity,Infinity,Infinity,Infinity,Infinity,Infinity,Infinity,Infinity,Infinity,Infinity,Infinity,Infinity,Infinity,Infinity,Infinity,Infinity,Infinity,Infinity,Infinity,Infinity,Infinity,Infinity,Infinity,Infinity,Infinity,Infinity,Infinity,Infinity,Infinity,Infinity,Infinity,Infinity,Infinity,Infinity,Infinity,Infinity,Infinity,Infinity,Infinity,Infinity,Infinity,Infinity,Infinity,Infinity,Infinity,Infinity,Infinity,Infinity,Infinity,Infinity,Infinity,Infinity,Infinity,Infinity,Infinity,Infinity,Infinity,Infinity,Infinity,Infinity,Infinity,Infinity,Infinity,Infinity,Infinity,Infinity,Infinity,Infinity,Infinity,Infinity,Infinity,Infinity,Infinity,Infinity,Infinity,Infinity,Infinity,Infinity,Infinity,Infinity,Infinity,Infinity,Infinity,Infinity,Infinity,Infinity,Infinity,Infinity,Infinity,Infinity,Infinity,Infinity,Infinity,Infinity,Infinity,Infinity,Infinity,Infinity,Infinity,Infinity,Infinity,Infinity,Infinity,Infinity,Infinity,Infinity,Infinity,Infinity,Infinity,Infinity,Infinity,Infinity,Infinity,Infinity,Infinity,Infinity,Infinity,Infinity,Infinity,Infinity,Infinity,Infinity,Infinity,Infinity,Infinity,Infinity,Infinity,Infinity,Infinity,Infinity,Infinity,Infinity,Infinity,Infinity,Infinity,Infinity,Infinity,Infinity,Infinity,Infinity,Infinity,Infinity,Infinity,Infinity,Infinity,Infinity,Infinity,Infinity,Infinity,Infinity,Infinity,Infinity,Infinity,Infinity,Infinity,Infinity,Infinity,Infinity,Infinity,Infinity,Infinity,Infinity,Infinity,Infinity,Infinity,Infinity,Infinity,Infinity,Infinity,Infinity,Infinity,Infinity,Infinity,Infinity,Infinity,Infinity,Infinity,Infinity,Infinity,Infinity,Infinity,Infinity,Infinity,Infinity,Infinity,Infinity,Infinity,Infinity,Infinity,Infinity,Infinity,Infinity,Infinity,Infinity,Infinity,Infinity,Infinity,Infinity,Infinity,Infinity,Infinity,Infinity,Infinity,Infinity,Infinity,Infinity,Infinity,Infinity,Infinity,Infinity,Infinity,Infinity,Infinity,Infinity,Infinity,Infinity,Infinity,Infinity,Infinity,Infinity,Infinity,Infinity,Infinity,Infinity,Infinity,Infinity,Infinity,Infinity,Infinity,Infinity,Infinity,Infinity,Infinity,Infinity,Infinity,Infinity,Infinity,Infinity,Infinity,Infinity,Infinity,Infinity,Infinity,Infinity,Infinity,Infinity,Infinity,Infinity,Infinity,Infinity,Infinity,Infinity,Infinity,Infinity,Infinity,Infinity,Infinity,Infinity,Infinity,Infinity,Infinity,Infinity,Infinity,Infinity,Infinity,Infinity,Infinity,Infinity,Infinity,Infinity,Infinity,Infinity,Infinity,Infinity,Infinity,Infinity,Infinity,Infinity,Infinity,Infinity,Infinity,Infinity,Infinity,Infinity,Infinity,Infinity] [0.0,0.0,0.0,0.0,0.0,0.0,0.0,0.0,0.0,0.0,0.0,0.0,0.0,0.0,0.0,0.0,0.0,0.0,0.0,0.0,0.0,0.0,0.0,0.0,0.0,0.0,0.0,0.0,0.0,0.0,0.0,0.0,0.0,0.0,0.0,0.0,0.0,0.0,0.0,0.0,0.0,0.0,0.0,0.0,0.0,0.0,0.0,0.0,0.0,0.0,0.0,0.0,0.0,0.0,0.0,0.0,0.0,0.0,0.0,0.0,0.0,0.0,0.0,0.0,0.0,0.0,0.0,0.0,0.0,0.0,0.0,0.0,0.0,0.0,0.0,0.0,0.0,0.0,0.0,0.0,0.0,0.0,0.0,0.0,0.0,0.0,0.0,0.0,0.0,0.0,0.0,0.0,0.0,0.0,0.0,0.0,0.0,0.0,0.0,0.0,0.0,0.0,0.0,0.0,0.0,0.0,0.0,0.0,0.0,0.0,0.0,0.0,0.0,0.0,0.0,0.0,0.0,0.0,0.0,0.0,0.0,0.0,0.0,0.0,0.0,0.0,0.0,0.0,0.0,0.0,0.0,0.0,0.0,0.0,0.0,0.0,0.0,0.0,0.0,0.0,0.0,0.0,0.0,0.0,0.0,0.0,0.0,0.0,0.0,0.0,0.0,0.0,0.0,0.0,0.0,0.0,0.0,0.0,0.0,0.0,0.0,0.0,0.0,0.0,0.0,0.0,0.0,0.0,0.0,0.0,0.0,0.0,0.0,0.0,0.0,0.0,0.0,0.0,0.0,0.0,0.0,0.0,0.0,0.0,0.0,0.0,0.0,0.0,0.0,0.0,0.0,0.0,0.0,0.0,0.0,0.0,0.0,0.0,0.0,0.0,0.0,0.0,0.0,0.0,0.0,0.0,0.0,0.0,0.0,0.0,0.0,0.0,0.0,0.0,0.0,0.0,0.0,0.0,0.0,0.0,0.0,0.0,0.0,0.0,0.0,0.0,0.0,0.0,0.0,0.0,0.0,0.0,0.0,0.0,0.0,0.0,0.0,0.0,0.0,0.0,0.0,0.0,0.0,0.0,0.0,0.0,0.0,0.0,0.0,0.0,0.0,0.0,0.0,0.0,0.0,0.0,0.0,0.0,0.0,0.0,0.0,0.0,0.0,0.0,0.0,0.0,0.0,0.0,0.0,0.0,0.0,0.0,0.0,0.0,0.0,0.0,0.0,0.0,0.0,0.0,0.0,0.0,0.0,0.0,0.0,0.0,0.0,0.0,0.0,0.0,0.0,0.0,0.0,0.0,0.0,0.0,0.0,0.0,0.0,0.0]
56166.98722144948 [0.0,0.0,0.0,0.0,0.0,0.0,0.0,0.0,0.0,0.0,0.0,0.0,0.0,0.0,0.0,0.0,0.0,0.0,0.0,0.0,0.0,0.0,0.0,0.0,0.0,0.0,0.0,0.0,0.0,0.0,0.0,0.0,0.0,0.0,0.0,0.0,0.0,0.0,0.0,0.0,0.0,0.0,0.0,0.0,0.0,0.0,0.0,0.0,0.0,0.0,0.0,0.0,0.0,0.0,0.0,0.0,0.0,0.0,0.0,0.0,0.0,0.0,0.0,0.0,0.0,0.0,0.0,0.0,0.0,0.0,0.0,0.0,0.0,0.0,0.0,0.0,0.0,0.0,0.0,0.0,0.0,0.0,0.0,0.0,0.0,0.0,0.0,0.0,0.0,0.0,0.0,0.0,0.0,0.0,0.0,0.0,0.0,0.0,0.0,0.0,0.0,0.0,0.0,0.0,0.0,0.0,0.0,0.0,0.0,0.0,0.0,0.0,0.0,0.0,0.0,0.0,0.0,0.0,0.0,0.0,0.0,0.0,0.0,0.0,0.0,0.0,0.0,0.0,0.0,0.0,0.0,0.0,0.0,0.0,0.0,0.0,0.0,0.0,0.0,0.0,0.0,0.0,0.0,0.0,0.0,0.0,0.0,0.0,0.0,0.0,0.0,0.0,0.0,0.0,0.0,0.0,0.0,0.0,0.0,0.0,0.0,0.0,0.0,0.0,0.0,0.0,0.0,0.0,0.0,0.0,0.0,0.0,0.0,0.0,0.0,0.0,0.0,0.0,0.0,0.0,0.0,0.0,0.0,0.0,0.0,0.0,0.0,0.0,0.0,0.0,0.0,0.0,0.0,0.0,0.0,0.0,0.0,0.0,0.0,0.0,0.0,0.0,0.0,0.0,0.0,0.0,0.0,0.0,0.0,0.0,0.0,0.0,0.0,0.0,0.0,0.0,0.0,0.0,0.0,0.0,0.0,0.0,0.0,0.0,0.0,0.0,0.0,0.0,0.0,0.0,0.0,0.0,0.0,0.0,0.0,0.0,0.0,0.0,0.0,0.0,0.0,0.0,0.0,0.0,0.0,0.0,0.0,0.0,0.0,0.0,0.0,0.0,0.0,0.0,0.0,0.0,0.0,0.0,0.0,0.0,0.0,0.0,0.0,0.0,0.0,0.0,0.0,0.0,0.0,0.0,0.0,0.0,0.0,0.0,0.0,0.0,0.0,0.0,0.0,0.0,0.0,0.0,0.0,0.0,0.0,0.0,0.0,0.0,0.0,0.0,0.0,0.0,0.0,0.0,0.0,0.0,0.0,0.0,0.0,0.0] [1311.2619900786005,1321.8202200865917,1332.463464547639,1343.19240799478,1354.0077404728797,1364.9101575830227,1375.9003605272408,1386.9790561536227,1398.1469570017646,1409.4047813486081,1420.7532532546286,1432.193102610412,1443.7250651835902,1455.3498826661717,1467.068302722235,1478.881079036026,1490.78897136042,1502.7927455657994,1514.8931736892998,1527.0910339844697,1539.3871109713293,1551.7821954868166,1564.2770847356642,1576.872582341659,1589.569498399342,1602.368649526097,1615.270858914685,1628.2769563861766,1641.3877784433362,1654.6041683244075,1667.9269760573632,1681.3570585145608,1694.895279467867,1708.5425096441993,1722.2996267815402,1736.1675156853773,1750.1470682856248,1764.2391836939755,1778.4447682617345,1792.7647356381167,1807.2000068289992,1821.7515102561672,1836.4201818170154,1851.2069649447558,1866.112810669078,1881.1386776773347,1896.285532376183,1911.5543489537563,1926.9461094423048,1942.4618037813711,1958.1024298814455,1973.8689936881608,1989.7625092469793,2005.7839987684179,2021.9344926937952,2038.215029761504,2054.626657073813,2071.1704301642176,2087.8474130653335,2104.6586783773164,2121.605307336866,2138.6883898867477,2155.9090247459117,2173.268319480143,2190.767390573309,2208.407363499154,2226.1893727937027,2244.1145621282076,2262.184084382728,2280.399101720259,2298.7607856614945,2317.2703171601615,2335.9288866789793,2354.7376942662327,2373.6979496329395,2392.810872230673,2412.077691329971,2431.4996460994216,2451.0779856853383,2470.813969292122,2490.7088662632277,2510.763956162824,2530.9805288580706,2551.359884602096,2571.9033341176064,2592.612198681206,2613.487810208354,2634.5315113390543,2655.7446555241822,2677.1286071125573,2698.6847414386757,2720.4144449111714,2742.319115101994,2764.4001608362782,2786.6590022829737,2809.097071046162,2831.715810257159,2854.5166746673017,2877.5011307415425,2900.67065675274,2924.0267428767575,2947.570891288285,2971.304616257478,2995.22944424732,3019.346914011829,3043.658576695001,3068.1659959305807,3092.870747942638,3117.7744216469364,3142.87861875312,3168.1849538677375,3193.695054598094,3219.410561656912,3245.333128967883,3271.4644237720117,3297.806126734876,3324.3599320546946,3351.1275475713155,3378.1106948760344,3405.3111094223436,3432.7305406375262,3460.3707520352004,3488.23352132871,3516.320640545493,3544.6339161423107,3573.1751691214417,3601.9462351478164,3630.9489646670518,3660.1852230244945,3689.6568905851636,3719.3658628547196,3749.3140506013438,3779.5033799786634,3809.935792649603,3840.6132459112973,3871.5377128209448,3902.7111823227383,3934.135659375755,3965.8131650829396,3997.7457368210635,4029.9354283717907,4062.3843100537392,4095.0944688556665,4128.068008570669,4161.3070499315045,4194.813730746993,4228.590206039511,4262.638648183577,4296.961247045588,4331.560210124669,4366.437762694626,4401.596147947099,4437.037627135803,4472.764479721992,4508.779003521039,4545.083514850253,4581.680348677821,4618.571858773019,4655.7604178575675,4693.248417758249,4731.038269560753,4769.132403764733,4807.533270440121,4846.243339384716,4885.265100283049,4924.601062866471,4964.253757074609,5004.22573321805,5044.519562142395,5085.137835393579,5126.08316538458,5167.3581855634,5208.965550582488,5250.907936469426,5293.188040799074,5335.808582867062,5378.772303864684,5422.081967055189,5465.740357951513,5509.7502844954415,5554.1145772382,5598.836089522486,5643.917697666003,5689.362301146471,5735.17282278806,5781.352208949439,5827.903429713208,5874.829479076986,5922.133375145914,5969.818160326825,6017.886901523867,6066.342690335802,6115.188643254807,6164.427901866934,6214.06363305417,6264.099029198114,6314.537308385285,6365.381714614103,6416.635518003553,6468.302015003491,6520.384528606639,6572.88640856233,6625.811031591967,6679.16180160615,6732.942149923667,6787.155535492116,6841.805445110439,6896.895393653112,6952.428924296275,7008.409608745552,7064.841047465831,7121.726869912778,7179.070734766296,7236.876330165845,7295.147373947643,7353.887613883764,7413.100827923194,7472.790824434837,7532.961442452409,7593.616551921397,7654.7600539479145,7716.395881049652,7778.527997408752,7841.160399126823,7904.2971144818985,7967.94220418758,8032.099761654146,8096.773913251861,8161.968818576374,8227.688670716232,8293.937696522553,8360.720156880894,8428.04034698531,8495.90259661459,8564.311270410717,8633.270768159597,8702.785525074065,8772.860012079082,8843.498736099358,8914.706240349144,8986.487104624512,9058.845945597834,9131.787417114787,9205.31621049359,9279.437054826807,9354.154717285446,9429.47400342559,9505.399757497484,9581.936862757088,9659.090241780126,9736.864856778713,9815.265709920519,9894.297843650465,9973.966341015032,10054.276325989182,10135.232963805956,10216.841461288606,10299.107067185563,10382.035072507933,10465.630810869876,10549.89965883156,10634.84703624505,10720.478406602804,10806.799277389146,10893.815200434417,10981.531772272076,11069.954634498676,11159.08947413668,11248.94202400021,11339.518063063782,11430.823416834026,11522.863957724268,11615.64560543233,11709.174327321158,11803.456138802712,11898.49710372478,11994.303334761045,12090.880993804161,12188.23629236214,12286.375491957784,12385.304904531427,12485.030892846919,12585.55987090084,12686.898304334996,12789.052710852275,12892.029660635888,12995.8357767719,13100.477735675182,13205.962267518828,13312.296156667053,13419.486242111492,13527.539417911097,13636.462633635434,13746.262894811807,13856.947263375758,13968.522858125163,14080.996855178266,14194.376488435144,14308.66905004285,14423.881890864615] 0.31126199007860056 [Infinity,Infinity,Infinity,Infinity,Infinity,Infinity,Infinity,Infinity,Infinity,Infinity,Infinity,Infinity,Infinity,Infinity,Infinity,Infinity,Infinity,Infinity,Infinity,Infinity,Infinity,Infinity,Infinity,Infinity,Infinity,Infinity,Infinity,Infinity,Infinity,Infinity,Infinity,Infinity,Infinity,Infinity,Infinity,Infinity,Infinity,Infinity,Infinity,Infinity,Infinity,Infinity,Infinity,Infinity,Infinity,Infinity,Infinity,Infinity,Infinity,Infinity,Infinity,Infinity,Infinity,Infinity,Infinity,Infinity,Infinity,Infinity,Infinity,Infinity,Infinity,Infinity,Infinity,Infinity,Infinity,Infinity,Infinity,Infinity,Infinity,Infinity,Infinity,Infinity,Infinity,Infinity,Infinity,Infinity,Infinity,Infinity,Infinity,Infinity,Infinity,Infinity,Infinity,Infinity,Infinity,Infinity,Infinity,Infinity,Infinity,Infinity,Infinity,Infinity,Infinity,Infinity,Infinity,Infinity,Infinity,Infinity,Infinity,Infinity,Infinity,Infinity,Infinity,Infinity,Infinity,Infinity,Infinity,Infinity,Infinity,Infinity,Infinity,Infinity,Infinity,Infinity,Infinity,Infinity,Infinity,Infinity,Infinity,Infinity,Infinity,Infinity,Infinity,Infinity,Infinity,Infinity,Infinity,Infinity,Infinity,Infinity,Infinity,Infinity,Infinity,Infinity,Infinity,Infinity,Infinity,Infinity,Infinity,Infinity,Infinity,Infinity,Infinity,Infinity,Infinity,Infinity,Infinity,Infinity,Infinity,Infinity,Infinity,Infinity,Infinity,Infinity,Infinity,Infinity,Infinity,Infinity,Infinity,Infinity,Infinity,Infinity,Infinity,Infinity,Infinity,Infinity,Infinity,Infinity,Infinity,Infinity,Infinity,Infinity,Infinity,Infinity,Infinity,Infinity,Infinity,Infinity,Infinity,Infinity,Infinity,Infinity,Infinity,Infinity,Infinity,Infinity,Infinity,Infinity,Infinity,Infinity,Infinity,Infinity,Infinity,Infinity,Infinity,Infinity,Infinity,Infinity,Infinity,Infinity,Infinity,Infinity,Infinity,Infinity,Infinity,Infinity,Infinity,Infinity,Infinity,Infinity,Infinity,Infinity,Infinity,Infinity,Infinity,Infinity,Infinity,Infinity,Infinity,Infinity,Infinity,Infinity,Infinity,Infinity,Infinity,Infinity,Infinity,Infinity,Infinity,Infinity,Infinity,Infinity,Infinity,Infinity,Infinity,Infinity,Infinity,Infinity,Infinity,Infinity,Infinity,Infinity,Infinity,Infinity,Infinity,Infinity,Infinity,Infinity,Infinity,Infinity,Infinity,Infinity,Infinity,Infinity,Infinity,Infinity,Infinity,Infinity,Infinity,Infinity,Infinity,Infinity,Infinity,Infinity,Infinity,Infinity,Infinity,Infinity,Infinity,Infinity,Infinity,Infinity,Infinity,Infinity,Infinity,Infinity,Infinity,Infinity,Infinity,Infinity,Infinity,Infinity,Infinity,Infinity,Infinity,Infinity,Infinity,Infinity,Infinity,Infinity,Infinity,Infinity,Infinity,Infinity,Infinity,Infinity,Infinity,Infinity,Infinity,Infinity] [0.0,0.0,0.0,0.0,0.0,0.0,0.0,0.0,0.0,0.0,0.0,0.0,0.0,0.0,0.0,0.0,0.0,0.0,0.0,0.0,0.0,0.0,0.0,0.0,0.0,0.0,0.0,0.0,0.0,0.0,0.0,0.0,0.0,0.0,0.0,0.0,0.0,0.0,0.0,0.0,0.0,0.0,0.0,0.0,0.0,0.0,0.0,0.0,0.0,0.0,0.0,0.0,0.0,0.0,0.0,0.0,0.0,0.0,0.0,0.0,0.0,0.0,0.0,0.0,0.0,0.0,0.0,0.0,0.0,0.0,0.0,0.0,0.0,0.0,0.0,0.0,0.0,0.0,0.0,0.0,0.0,0.0,0.0,0.0,0.0,0.0,0.0,0.0,0.0,0.0,0.0,0.0,0.0,0.0,0.0,0.0,0.0,0.0,0.0,0.0,0.0,0.0,0.0,0.0,0.0,0.0,0.0,0.0,0.0,0.0,0.0,0.0,0.0,0.0,0.0,0.0,0.0,0.0,0.0,0.0,0.0,0.0,0.0,0.0,0.0,0.0,0.0,0.0,0.0,0.0,0.0,0.0,0.0,0.0,0.0,0.0,0.0,0.0,0.0,0.0,0.0,0.0,0.0,0.0,0.0,0.0,0.0,0.0,0.0,0.0,0.0,0.0,0.0,0.0,0.0,0.0,0.0,0.0,0.0,0.0,0.0,0.0,0.0,0.0,0.0,0.0,0.0,0.0,0.0,0.0,0.0,0.0,0.0,0.0,0.0,0.0,0.0,0.0,0.0,0.0,0.0,0.0,0.0,0.0,0.0,0.0,0.0,0.0,0.0,0.0,0.0,0.0,0.0,0.0,0.0,0.0,0.0,0.0,0.0,0.0,0.0,0.0,0.0,0.0,0.0,0.0,0.0,0.0,0.0,0.0,0.0,0.0,0.0,0.0,0.0,0.0,0.0,0.0,0.0,0.0,0.0,0.0,0.0,0.0,0.0,0.0,0.0,0.0,0.0,0.0,0.0,0.0,0.0,0.0,0.0,0.0,0.0,0.0,0.0,0.0,0.0,0.0,0.0,0.0,0.0,0.0,0.0,0.0,0.0,0.0,0.0,0.0,0.0,0.0,0.0,0.0,0.0,0.0,0.0,0.0,0.0,0.0,0.0,0.0,0.0,0.0,0.0,0.0,0.0,0.0,0.0,0.0,0.0,0.0,0.0,0.0,0.0,0.0,0.0,0.0,0.0,0.0,0.0,0.0,0.0,0.0,0.0,0.0,0.0,0.0,0.0,0.0,0.0,0.0,0.0,0.0,0.0,0.0,0.0,0.0]
56116.663660020706 [0.0,0.0,0.0,0.0,0.0,0.0,0.0,0.0,0.0,0.0,0.0,0.0,0.0,0.0,0.0,0.0,0.0,0.0,0.0,0.0,0.0,0.0,0.0,0.0,0.0,0.0,0.0,0.0,0.0,0.0,0.0,0.0,0.0,0.0,0.0,0.0,0.0,0.0,0.0,0.0,0.0,0.0,0.0,0.0,0.0,0.0,0.0,0.0,0.0,0.0,0.0,0.0,0.0,0.0,0.0,0.0,0.0,0.0,0.0,0.0,0.0,0.0,0.0,0.0,0.0,0.0,0.0,0.0,0.0,0.0,0.0,0.0,0.0,0.0,0.0,0.0,0.0,0.0,0.0,0.0,0.0,0.0,0.0,0.0,0.0,0.0,0.0,0.0,0.0,0.0,0.0,0.0,0.0,0.0,0.0,0.0,0.0,0.0,0.0,0.0,0.0,0.0,0.0,0.0,0.0,0.0,0.0,0.0,0.0,0.0,0.0,0.0,0.0,0.0,0.0,0.0,0.0,0.0,0.0,0.0,0.0,0.0,0.0,0.0,0.0,0.0,0.0,0.0,0.0,0.0,0.0,0.0,0.0,0.0,0.0,0.0,0.0,0.0,0.0,0.0,0.0,0.0,0.0,0.0,0.0,0.0,0.0,0.0,0.0,0.0,0.0,0.0,0.0,0.0,0.0,0.0,0.0,0.0,0.0,0.0,0.0,0.0,0.0,0.0,0.0,0.0,0.0,0.0,0.0,0.0,0.0,0.0,0.0,0.0,0.0,0.0,0.0,0.0,0.0,0.0,0.0,0.0,0.0,0.0,0.0,0.0,0.0,0.0,0.0,0.0,0.0,0.0,0.0,0.0,0.0,0.0,0.0,0.0,0.0,0.0,0.0,0.0,0.0,0.0,0.0,0.0,0.0,0.0,0.0,0.0,0.0,0.0,0.0,0.0,0.0,0.0,0.0,0.0,0.0,0.0,0.0,0.0,0.0,0.0,0.0,0.0,0.0,0.0,0.0,0.0,0.0,0.0,0.0,0.0,0.0,0.0,0.0,0.0,0.0,0.0,0.0,0.0,0.0,0.0,0.0,0.0,0.0,0.0,0.0,0.0,0.0,0.0,0.0,0.0,0.0,0.0,0.0,0.0,0.0,0.0,0.0,0.0,0.0,0.0,0.0,0.0,0.0,0.0,0.0,0.0,0.0,0.0,0.0,0.0,0.0,0.0,0.0,0.0,0.0,0.0,0.0,0.0,0.0,0.0,0.0,0.0,0.0,0.0,0.0,0.0,0.0,0.0,0.0,0.0,0.0,0.0,0.0,0.0,0.0,0.0] [1311.2619900786005,1321.8202200865917,1332.463464547639,1343.19240799478,1354.0077404728797,1364.9101575830227,1375.9003605272408,1386.9790561536227,1398.1469570017646,1409.4047813486081,1420.7532532546286,1432.193102610412,1443.7250651835902,1455.3498826661717,1467.068302722235,1478.881079036026,1490.78897136042,1502.7927455657994,1514.8931736892998,1527.0910339844697,1539.3871109713293,1551.7821954868166,1564.2770847356642,1576.872582341659,1589.569498399342,1602.368649526097,1615.270858914685,1628.2769563861766,1641.3877784433362,1654.6041683244075,1667.9269760573632,1681.3570585145608,1694.895279467867,1708.5425096441993,1722.2996267815402,1736.1675156853773,1750.1470682856248,1764.2391836939755,1778.4447682617345,1792.7647356381167,1807.2000068289992,1821.7515102561672,1836.4201818170154,1851.2069649447558,1866.112810669078,1881.1386776773347,1896.285532376183,1911.5543489537563,1926.9461094423048,1942.4618037813711,1958.1024298814455,1973.8689936881608,1989.7625092469793,2005.7839987684179,2021.9344926937952,2038.215029761504,2054.626657073813,2071.1704301642176,2087.8474130653335,2104.6586783773164,2121.605307336866,2138.6883898867477,2155.9090247459117,2173.268319480143,2190.767390573309,2208.407363499154,2226.1893727937027,2244.1145621282076,2262.184084382728,2280.399101720259,2298.7607856614945,2317.2703171601615,2335.9288866789793,2354.7376942662327,2373.6979496329395,2392.810872230673,2412.077691329971,2431.4996460994216,2451.0779856853383,2470.813969292122,2490.7088662632277,2510.763956162824,2530.9805288580706,2551.359884602096,2571.9033341176064,2592.612198681206,2613.487810208354,2634.5315113390543,2655.7446555241822,2677.1286071125573,2698.6847414386757,2720.4144449111714,2742.319115101994,2764.4001608362782,2786.6590022829737,2809.097071046162,2831.715810257159,2854.5166746673017,2877.5011307415425,2900.67065675274,2924.0267428767575,2947.570891288285,2971.304616257478,2995.22944424732,3019.346914011829,3043.658576695001,3068.1659959305807,3092.870747942638,3117.7744216469364,3142.87861875312,3168.1849538677375,3193.695054598094,3219.410561656912,3245.333128967883,3271.4644237720117,3297.806126734876,3324.3599320546946,3351.1275475713155,3378.1106948760344,3405.3111094223436,3432.7305406375262,3460.3707520352004,3488.23352132871,3516.320640545493,3544.6339161423107,3573.1751691214417,3601.9462351478164,3630.9489646670518,3660.1852230244945,3689.6568905851636,3719.3658628547196,3749.3140506013438,3779.5033799786634,3809.935792649603,3840.6132459112973,3871.5377128209448,3902.7111823227383,3934.135659375755,3965.8131650829396,3997.7457368210635,4029.9354283717907,4062.3843100537392,4095.0944688556665,4128.068008570669,4161.3070499315045,4194.813730746993,4228.590206039511,4262.638648183577,4296.961247045588,4331.560210124669,4366.437762694626,4401.596147947099,4437.037627135803,4472.764479721992,4508.779003521039,4545.083514850253,4581.680348677821,4618.571858773019,4655.7604178575675,4693.248417758249,4731.038269560753,4769.132403764733,4807.533270440121,4846.243339384716,4885.265100283049,4924.601062866471,4964.253757074609,5004.22573321805,5044.519562142395,5085.137835393579,5126.08316538458,5167.3581855634,5208.965550582488,5250.907936469426,5293.188040799074,5335.808582867062,5378.772303864684,5422.081967055189,5465.740357951513,5509.7502844954415,5554.1145772382,5598.836089522486,5643.917697666003,5689.362301146471,5735.17282278806,5781.352208949439,5827.903429713208,5874.829479076986,5922.133375145914,5969.818160326825,6017.886901523867,6066.342690335802,6115.188643254807,6164.427901866934,6214.06363305417,6264.099029198114,6314.537308385285,6365.381714614103,6416.635518003553,6468.302015003491,6520.384528606639,6572.88640856233,6625.811031591967,6679.16180160615,6732.942149923667,6787.155535492116,6841.805445110439,6896.895393653112,6952.428924296275,7008.409608745552,7064.841047465831,7121.726869912778,7179.070734766296,7236.876330165845,7295.147373947643,7353.887613883764,7413.100827923194,7472.790824434837,7532.961442452409,7593.616551921397,7654.7600539479145,7716.395881049652,7778.527997408752,7841.160399126823,7904.2971144818985,7967.94220418758,8032.099761654146,8096.773913251861,8161.968818576374,8227.688670716232,8293.937696522553,8360.720156880894,8428.04034698531,8495.90259661459,8564.311270410717,8633.270768159597,8702.785525074065,8772.860012079082,8843.498736099358,8914.706240349144,8986.487104624512,9058.845945597834,9131.787417114787,9205.31621049359,9279.437054826807,9354.154717285446,9429.47400342559,9505.399757497484,9581.936862757088,9659.090241780126,9736.864856778713,9815.265709920519,9894.297843650465,9973.966341015032,10054.276325989182,10135.232963805956,10216.841461288606,10299.107067185563,10382.035072507933,10465.630810869876,10549.89965883156,10634.84703624505,10720.478406602804,10806.799277389146,10893.815200434417,10981.531772272076,11069.954634498676,11159.08947413668,11248.94202400021,11339.518063063782,11430.823416834026,11522.863957724268,11615.64560543233,11709.174327321158,11803.456138802712,11898.49710372478,11994.303334761045,12090.880993804161,12188.23629236214,12286.375491957784,12385.304904531427,12485.030892846919,12585.55987090084,12686.898304334996,12789.052710852275,12892.029660635888,12995.8357767719,13100.477735675182,13205.962267518828,13312.296156667053,13419.486242111492,13527.539417911097,13636.462633635434,13746.262894811807,13856.947263375758,13968.522858125163,14080.996855178266,14194.376488435144,14308.66905004285,14423.881890864615] 0.31126199007860056 [Infinity,Infinity,Infinity,Infinity,Infinity,Infinity,Infinity,Infinity,Infinity,Infinity,Infinity,Infinity,Infinity,Infinity,Infinity,Infinity,Infinity,Infinity,Infinity,Infinity,Infinity,Infinity,Infinity,Infinity,Infinity,Infinity,Infinity,Infinity,Infinity,Infinity,Infinity,Infinity,Infinity,Infinity,Infinity,Infinity,Infinity,Infinity,Infinity,Infinity,Infinity,Infinity,Infinity,Infinity,Infinity,Infinity,Infinity,Infinity,Infinity,Infinity,Infinity,Infinity,Infinity,Infinity,Infinity,Infinity,Infinity,Infinity,Infinity,Infinity,Infinity,Infinity,Infinity,Infinity,Infinity,Infinity,Infinity,Infinity,Infinity,Infinity,Infinity,Infinity,Infinity,Infinity,Infinity,Infinity,Infinity,Infinity,Infinity,Infinity,Infinity,Infinity,Infinity,Infinity,Infinity,Infinity,Infinity,Infinity,Infinity,Infinity,Infinity,Infinity,Infinity,Infinity,Infinity,Infinity,Infinity,Infinity,Infinity,Infinity,Infinity,Infinity,Infinity,Infinity,Infinity,Infinity,Infinity,Infinity,Infinity,Infinity,Infinity,Infinity,Infinity,Infinity,Infinity,Infinity,Infinity,Infinity,Infinity,Infinity,Infinity,Infinity,Infinity,Infinity,Infinity,Infinity,Infinity,Infinity,Infinity,Infinity,Infinity,Infinity,Infinity,Infinity,Infinity,Infinity,Infinity,Infinity,Infinity,Infinity,Infinity,Infinity,Infinity,Infinity,Infinity,Infinity,Infinity,Infinity,Infinity,Infinity,Infinity,Infinity,Infinity,Infinity,Infinity,Infinity,Infinity,Infinity,Infinity,Infinity,Infinity,Infinity,Infinity,Infinity,Infinity,Infinity,Infinity,Infinity,Infinity,Infinity,Infinity,Infinity,Infinity,Infinity,Infinity,Infinity,Infinity,Infinity,Infinity,Infinity,Infinity,Infinity,Infinity,Infinity,Infinity,Infinity,Infinity,Infinity,Infinity,Infinity,Infinity,Infinity,Infinity,Infinity,Infinity,Infinity,Infinity,Infinity,Infinity,Infinity,Infinity,Infinity,Infinity,Infinity,Infinity,Infinity,Infinity,Infinity,Infinity,Infinity,Infinity,Infinity,Infinity,Infinity,Infinity,Infinity,Infinity,Infinity,Infinity,Infinity,Infinity,Infinity,Infinity,Infinity,Infinity,Infinity,Infinity,Infinity,Infinity,Infinity,Infinity,Infinity,Infinity,Infinity,Infinity,Infinity,Infinity,Infinity,Infinity,Infinity,Infinity,Infinity,Infinity,Infinity,Infinity,Infinity,Infinity,Infinity,Infinity,Infinity,Infinity,Infinity,Infinity,Infinity,Infinity,Infinity,Infinity,Infinity,Infinity,Infinity,Infinity,Infinity,Infinity,Infinity,Infinity,Infinity,Infinity,Infinity,Infinity,Infinity,Infinity,Infinity,Infinity,Infinity,Infinity,Infinity,Infinity,Infinity,Infinity,Infinity,Infinity,Infinity,Infinity,Infinity,Infinity,Infinity,Infinity,Infinity,Infinity,Infinity,Infinity,Infinity,Infinity,Infinity,Infinity,Infinity,Infinity,Infinity,Infinity,Infinity] [0.0,0.0,0.0,0.0,0.0,0.0,0.0,0.0,0.0,0.0,0.0,0.0,0.0,0.0,0.0,0.0,0.0,0.0,0.0,0.0,0.0,0.0,0.0,0.0,0.0,0.0,0.0,0.0,0.0,0.0,0.0,0.0,0.0,0.0,0.0,0.0,0.0,0.0,0.0,0.0,0.0,0.0,0.0,0.0,0.0,0.0,0.0,0.0,0.0,0.0,0.0,0.0,0.0,0.0,0.0,0.0,0.0,0.0,0.0,0.0,0.0,0.0,0.0,0.0,0.0,0.0,0.0,0.0,0.0,0.0,0.0,0.0,0.0,0.0,0.0,0.0,0.0,0.0,0.0,0.0,0.0,0.0,0.0,0.0,0.0,0.0,0.0,0.0,0.0,0.0,0.0,0.0,0.0,0.0,0.0,0.0,0.0,0.0,0.0,0.0,0.0,0.0,0.0,0.0,0.0,0.0,0.0,0.0,0.0,0.0,0.0,0.0,0.0,0.0,0.0,0.0,0.0,0.0,0.0,0.0,0.0,0.0,0.0,0.0,0.0,0.0,0.0,0.0,0.0,0.0,0.0,0.0,0.0,0.0,0.0,0.0,0.0,0.0,0.0,0.0,0.0,0.0,0.0,0.0,0.0,0.0,0.0,0.0,0.0,0.0,0.0,0.0,0.0,0.0,0.0,0.0,0.0,0.0,0.0,0.0,0.0,0.0,0.0,0.0,0.0,0.0,0.0,0.0,0.0,0.0,0.0,0.0,0.0,0.0,0.0,0.0,0.0,0.0,0.0,0.0,0.0,0.0,0.0,0.0,0.0,0.0,0.0,0.0,0.0,0.0,0.0,0.0,0.0,0.0,0.0,0.0,0.0,0.0,0.0,0.0,0.0,0.0,0.0,0.0,0.0,0.0,0.0,0.0,0.0,0.0,0.0,0.0,0.0,0.0,0.0,0.0,0.0,0.0,0.0,0.0,0.0,0.0,0.0,0.0,0.0,0.0,0.0,0.0,0.0,0.0,0.0,0.0,0.0,0.0,0.0,0.0,0.0,0.0,0.0,0.0,0.0,0.0,0.0,0.0,0.0,0.0,0.0,0.0,0.0,0.0,0.0,0.0,0.0,0.0,0.0,0.0,0.0,0.0,0.0,0.0,0.0,0.0,0.0,0.0,0.0,0.0,0.0,0.0,0.0,0.0,0.0,0.0,0.0,0.0,0.0,0.0,0.0,0.0,0.0,0.0,0.0,0.0,0.0,0.0,0.0,0.0,0.0,0.0,0.0,0.0,0.0,0.0,0.0,0.0,0.0,0.0,0.0,0.0,0.0,0.0]
56121.615295156334 [0.0,0.0,0.0,0.0,0.0,0.0,0.0,0.0,0.0,0.0,0.0,0.0,0.0,0.0,0.0,0.0,0.0,0.0,0.0,0.0,0.0,0.0,0.0,0.0,0.0,0.0,0.0,0.0,0.0,0.0,0.0,0.0,0.0,0.0,0.0,0.0,0.0,0.0,0.0,0.0,0.0,0.0,0.0,0.0,0.0,0.0,0.0,0.0,0.0,0.0,0.0,0.0,0.0,0.0,0.0,0.0,0.0,0.0,0.0,0.0,0.0,0.0,0.0,0.0,0.0,0.0,0.0,0.0,0.0,0.0,0.0,0.0,0.0,0.0,0.0,0.0,0.0,0.0,0.0,0.0,0.0,0.0,0.0,0.0,0.0,0.0,0.0,0.0,0.0,0.0,0.0,0.0,0.0,0.0,0.0,0.0,0.0,0.0,0.0,0.0,0.0,0.0,0.0,0.0,0.0,0.0,0.0,0.0,0.0,0.0,0.0,0.0,0.0,0.0,0.0,0.0,0.0,0.0,0.0,0.0,0.0,0.0,0.0,0.0,0.0,0.0,0.0,0.0,0.0,0.0,0.0,0.0,0.0,0.0,0.0,0.0,0.0,0.0,0.0,0.0,0.0,0.0,0.0,0.0,0.0,0.0,0.0,0.0,0.0,0.0,0.0,0.0,0.0,0.0,0.0,0.0,0.0,0.0,0.0,0.0,0.0,0.0,0.0,0.0,0.0,0.0,0.0,0.0,0.0,0.0,0.0,0.0,0.0,0.0,0.0,0.0,0.0,0.0,0.0,0.0,0.0,0.0,0.0,0.0,0.0,0.0,0.0,0.0,0.0,0.0,0.0,0.0,0.0,0.0,0.0,0.0,0.0,0.0,0.0,0.0,0.0,0.0,0.0,0.0,0.0,0.0,0.0,0.0,0.0,0.0,0.0,0.0,0.0,0.0,0.0,0.0,0.0,0.0,0.0,0.0,0.0,0.0,0.0,0.0,0.0,0.0,0.0,0.0,0.0,0.0,0.0,0.0,0.0,0.0,0.0,0.0,0.0,0.0,0.0,0.0,0.0,0.0,0.0,0.0,0.0,0.0,0.0,0.0,0.0,0.0,0.0,0.0,0.0,0.0,0.0,0.0,0.0,0.0,0.0,0.0,0.0,0.0,0.0,0.0,0.0,0.0,0.0,0.0,0.0,0.0,0.0,0.0,0.0,0.0,0.0,0.0,0.0,0.0,0.0,0.0,0.0,0.0,0.0,0.0,0.0,0.0,0.0,0.0,0.0,0.0,0.0,0.0,0.0,0.0,0.0,0.0,0.0,0.0,0.0,0.0] [1311.2619900786005,1321.8202200865917,1332.463464547639,1343.19240799478,1354.0077404728797,1364.9101575830227,1375.9003605272408,1386.9790561536227,1398.1469570017646,1409.4047813486081,1420.7532532546286,1432.193102610412,1443.7250651835902,1455.3498826661717,1467.068302722235,1478.881079036026,1490.78897136042,1502.7927455657994,1514.8931736892998,1527.0910339844697,1539.3871109713293,1551.7821954868166,1564.2770847356642,1576.872582341659,1589.569498399342,1602.368649526097,1615.270858914685,1628.2769563861766,1641.3877784433362,1654.6041683244075,1667.9269760573632,1681.3570585145608,1694.895279467867,1708.5425096441993,1722.2996267815402,1736.1675156853773,1750.1470682856248,1764.2391836939755,1778.4447682617345,1792.7647356381167,1807.2000068289992,1821.7515102561672,1836.4201818170154,1851.2069649447558,1866.112810669078,1881.1386776773347,1896.285532376183,1911.5543489537563,1926.9461094423048,1942.4618037813711,1958.1024298814455,1973.8689936881608,1989.7625092469793,2005.7839987684179,2021.9344926937952,2038.215029761504,2054.626657073813,2071.1704301642176,2087.8474130653335,2104.6586783773164,2121.605307336866,2138.6883898867477,2155.9090247459117,2173.268319480143,2190.767390573309,2208.407363499154,2226.1893727937027,2244.1145621282076,2262.184084382728,2280.399101720259,2298.7607856614945,2317.2703171601615,2335.9288866789793,2354.7376942662327,2373.6979496329395,2392.810872230673,2412.077691329971,2431.4996460994216,2451.0779856853383,2470.813969292122,2490.7088662632277,2510.763956162824,2530.9805288580706,2551.359884602096,2571.9033341176064,2592.612198681206,2613.487810208354,2634.5315113390543,2655.7446555241822,2677.1286071125573,2698.6847414386757,2720.4144449111714,2742.319115101994,2764.4001608362782,2786.6590022829737,2809.097071046162,2831.715810257159,2854.5166746673017,2877.5011307415425,2900.67065675274,2924.0267428767575,2947.570891288285,2971.304616257478,2995.22944424732,3019.346914011829,3043.658576695001,3068.1659959305807,3092.870747942638,3117.7744216469364,3142.87861875312,3168.1849538677375,3193.695054598094,3219.410561656912,3245.333128967883,3271.4644237720117,3297.806126734876,3324.3599320546946,3351.1275475713155,3378.1106948760344,3405.3111094223436,3432.7305406375262,3460.3707520352004,3488.23352132871,3516.320640545493,3544.6339161423107,3573.1751691214417,3601.9462351478164,3630.9489646670518,3660.1852230244945,3689.6568905851636,3719.3658628547196,3749.3140506013438,3779.5033799786634,3809.935792649603,3840.6132459112973,3871.5377128209448,3902.7111823227383,3934.135659375755,3965.8131650829396,3997.7457368210635,4029.9354283717907,4062.3843100537392,4095.0944688556665,4128.068008570669,4161.3070499315045,4194.813730746993,4228.590206039511,4262.638648183577,4296.961247045588,4331.560210124669,4366.437762694626,4401.596147947099,4437.037627135803,4472.764479721992,4508.779003521039,4545.083514850253,4581.680348677821,4618.571858773019,4655.7604178575675,4693.248417758249,4731.038269560753,4769.132403764733,4807.533270440121,4846.243339384716,4885.265100283049,4924.601062866471,4964.253757074609,5004.22573321805,5044.519562142395,5085.137835393579,5126.08316538458,5167.3581855634,5208.965550582488,5250.907936469426,5293.188040799074,5335.808582867062,5378.772303864684,5422.081967055189,5465.740357951513,5509.7502844954415,5554.1145772382,5598.836089522486,5643.917697666003,5689.362301146471,5735.17282278806,5781.352208949439,5827.903429713208,5874.829479076986,5922.133375145914,5969.818160326825,6017.886901523867,6066.342690335802,6115.188643254807,6164.427901866934,6214.06363305417,6264.099029198114,6314.537308385285,6365.381714614103,6416.635518003553,6468.302015003491,6520.384528606639,6572.88640856233,6625.811031591967,6679.16180160615,6732.942149923667,6787.155535492116,6841.805445110439,6896.895393653112,6952.428924296275,7008.409608745552,7064.841047465831,7121.726869912778,7179.070734766296,7236.876330165845,7295.147373947643,7353.887613883764,7413.100827923194,7472.790824434837,7532.961442452409,7593.616551921397,7654.7600539479145,7716.395881049652,7778.527997408752,7841.160399126823,7904.2971144818985,7967.94220418758,8032.099761654146,8096.773913251861,8161.968818576374,8227.688670716232,8293.937696522553,8360.720156880894,8428.04034698531,8495.90259661459,8564.311270410717,8633.270768159597,8702.785525074065,8772.860012079082,8843.498736099358,8914.706240349144,8986.487104624512,9058.845945597834,9131.787417114787,9205.31621049359,9279.437054826807,9354.154717285446,9429.47400342559,9505.399757497484,9581.936862757088,9659.090241780126,9736.864856778713,9815.265709920519,9894.297843650465,9973.966341015032,10054.276325989182,10135.232963805956,10216.841461288606,10299.107067185563,10382.035072507933,10465.630810869876,10549.89965883156,10634.84703624505,10720.478406602804,10806.799277389146,10893.815200434417,10981.531772272076,11069.954634498676,11159.08947413668,11248.94202400021,11339.518063063782,11430.823416834026,11522.863957724268,11615.64560543233,11709.174327321158,11803.456138802712,11898.49710372478,11994.303334761045,12090.880993804161,12188.23629236214,12286.375491957784,12385.304904531427,12485.030892846919,12585.55987090084,12686.898304334996,12789.052710852275,12892.029660635888,12995.8357767719,13100.477735675182,13205.962267518828,13312.296156667053,13419.486242111492,13527.539417911097,13636.462633635434,13746.262894811807,13856.947263375758,13968.522858125163,14080.996855178266,14194.376488435144,14308.66905004285,14423.881890864615] 0.31126199007860056 [Infinity,Infinity,Infinity,Infinity,Infinity,Infinity,Infinity,Infinity,Infinity,Infinity,Infinity,Infinity,Infinity,Infinity,Infinity,Infinity,Infinity,Infinity,Infinity,Infinity,Infinity,Infinity,Infinity,Infinity,Infinity,Infinity,Infinity,Infinity,Infinity,Infinity,Infinity,Infinity,Infinity,Infinity,Infinity,Infinity,Infinity,Infinity,Infinity,Infinity,Infinity,Infinity,Infinity,Infinity,Infinity,Infinity,Infinity,Infinity,Infinity,Infinity,Infinity,Infinity,Infinity,Infinity,Infinity,Infinity,Infinity,Infinity,Infinity,Infinity,Infinity,Infinity,Infinity,Infinity,Infinity,Infinity,Infinity,Infinity,Infinity,Infinity,Infinity,Infinity,Infinity,Infinity,Infinity,Infinity,Infinity,Infinity,Infinity,Infinity,Infinity,Infinity,Infinity,Infinity,Infinity,Infinity,Infinity,Infinity,Infinity,Infinity,Infinity,Infinity,Infinity,Infinity,Infinity,Infinity,Infinity,Infinity,Infinity,Infinity,Infinity,Infinity,Infinity,Infinity,Infinity,Infinity,Infinity,Infinity,Infinity,Infinity,Infinity,Infinity,Infinity,Infinity,Infinity,Infinity,Infinity,Infinity,Infinity,Infinity,Infinity,Infinity,Infinity,Infinity,Infinity,Infinity,Infinity,Infinity,Infinity,Infinity,Infinity,Infinity,Infinity,Infinity,Infinity,Infinity,Infinity,Infinity,Infinity,Infinity,Infinity,Infinity,Infinity,Infinity,Infinity,Infinity,Infinity,Infinity,Infinity,Infinity,Infinity,Infinity,Infinity,Infinity,Infinity,Infinity,Infinity,Infinity,Infinity,Infinity,Infinity,Infinity,Infinity,Infinity,Infinity,Infinity,Infinity,Infinity,Infinity,Infinity,Infinity,Infinity,Infinity,Infinity,Infinity,Infinity,Infinity,Infinity,Infinity,Infinity,Infinity,Infinity,Infinity,Infinity,Infinity,Infinity,Infinity,Infinity,Infinity,Infinity,Infinity,Infinity,Infinity,Infinity,Infinity,Infinity,Infinity,Infinity,Infinity,Infinity,Infinity,Infinity,Infinity,Infinity,Infinity,Infinity,Infinity,Infinity,Infinity,Infinity,Infinity,Infinity,Infinity,Infinity,Infinity,Infinity,Infinity,Infinity,Infinity,Infinity,Infinity,Infinity,Infinity,Infinity,Infinity,Infinity,Infinity,Infinity,Infinity,Infinity,Infinity,Infinity,Infinity,Infinity,Infinity,Infinity,Infinity,Infinity,Infinity,Infinity,Infinity,Infinity,Infinity,Infinity,Infinity,Infinity,Infinity,Infinity,Infinity,Infinity,Infinity,Infinity,Infinity,Infinity,Infinity,Infinity,Infinity,Infinity,Infinity,Infinity,Infinity,Infinity,Infinity,Infinity,Infinity,Infinity,Infinity,Infinity,Infinity,Infinity,Infinity,Infinity,Infinity,Infinity,Infinity,Infinity,Infinity,Infinity,Infinity,Infinity,Infinity,Infinity,Infinity,Infinity,Infinity,Infinity,Infinity,Infinity,Infinity,Infinity,Infinity,Infinity,Infinity,Infinity,Infinity,Infinity,Infinity,Infinity,Infinity,Infinity] [0.0,0.0,0.0,0.0,0.0,0.0,0.0,0.0,0.0,0.0,0.0,0.0,0.0,0.0,0.0,0.0,0.0,0.0,0.0,0.0,0.0,0.0,0.0,0.0,0.0,0.0,0.0,0.0,0.0,0.0,0.0,0.0,0.0,0.0,0.0,0.0,0.0,0.0,0.0,0.0,0.0,0.0,0.0,0.0,0.0,0.0,0.0,0.0,0.0,0.0,0.0,0.0,0.0,0.0,0.0,0.0,0.0,0.0,0.0,0.0,0.0,0.0,0.0,0.0,0.0,0.0,0.0,0.0,0.0,0.0,0.0,0.0,0.0,0.0,0.0,0.0,0.0,0.0,0.0,0.0,0.0,0.0,0.0,0.0,0.0,0.0,0.0,0.0,0.0,0.0,0.0,0.0,0.0,0.0,0.0,0.0,0.0,0.0,0.0,0.0,0.0,0.0,0.0,0.0,0.0,0.0,0.0,0.0,0.0,0.0,0.0,0.0,0.0,0.0,0.0,0.0,0.0,0.0,0.0,0.0,0.0,0.0,0.0,0.0,0.0,0.0,0.0,0.0,0.0,0.0,0.0,0.0,0.0,0.0,0.0,0.0,0.0,0.0,0.0,0.0,0.0,0.0,0.0,0.0,0.0,0.0,0.0,0.0,0.0,0.0,0.0,0.0,0.0,0.0,0.0,0.0,0.0,0.0,0.0,0.0,0.0,0.0,0.0,0.0,0.0,0.0,0.0,0.0,0.0,0.0,0.0,0.0,0.0,0.0,0.0,0.0,0.0,0.0,0.0,0.0,0.0,0.0,0.0,0.0,0.0,0.0,0.0,0.0,0.0,0.0,0.0,0.0,0.0,0.0,0.0,0.0,0.0,0.0,0.0,0.0,0.0,0.0,0.0,0.0,0.0,0.0,0.0,0.0,0.0,0.0,0.0,0.0,0.0,0.0,0.0,0.0,0.0,0.0,0.0,0.0,0.0,0.0,0.0,0.0,0.0,0.0,0.0,0.0,0.0,0.0,0.0,0.0,0.0,0.0,0.0,0.0,0.0,0.0,0.0,0.0,0.0,0.0,0.0,0.0,0.0,0.0,0.0,0.0,0.0,0.0,0.0,0.0,0.0,0.0,0.0,0.0,0.0,0.0,0.0,0.0,0.0,0.0,0.0,0.0,0.0,0.0,0.0,0.0,0.0,0.0,0.0,0.0,0.0,0.0,0.0,0.0,0.0,0.0,0.0,0.0,0.0,0.0,0.0,0.0,0.0,0.0,0.0,0.0,0.0,0.0,0.0,0.0,0.0,0.0,0.0,0.0,0.0,0.0,0.0,0.0]
56400.25445173885 [0.0,0.0,0.0,0.0,0.0,0.0,0.0,0.0,0.0,0.0,0.0,0.0,0.0,0.0,0.0,0.0,0.0,0.0,0.0,0.0,0.0,0.0,0.0,0.0,0.0,0.0,0.0,0.0,0.0,0.0,0.0,0.0,0.0,0.0,0.0,0.0,0.0,0.0,0.0,0.0,0.0,0.0,0.0,0.0,0.0,0.0,0.0,0.0,0.0,0.0,0.0,0.0,0.0,0.0,0.0,0.0,0.0,0.0,0.0,0.0,0.0,0.0,0.0,0.0,0.0,0.0,0.0,0.0,0.0,0.0,0.0,0.0,0.0,0.0,0.0,0.0,0.0,0.0,0.0,0.0,0.0,0.0,0.0,0.0,0.0,0.0,0.0,0.0,0.0,0.0,0.0,0.0,0.0,0.0,0.0,0.0,0.0,0.0,0.0,0.0,0.0,0.0,0.0,0.0,0.0,0.0,0.0,0.0,0.0,0.0,0.0,0.0,0.0,0.0,0.0,0.0,0.0,0.0,0.0,0.0,0.0,0.0,0.0,0.0,0.0,0.0,0.0,0.0,0.0,0.0,0.0,0.0,0.0,0.0,0.0,0.0,0.0,0.0,0.0,0.0,0.0,0.0,0.0,0.0,0.0,0.0,0.0,0.0,0.0,0.0,0.0,0.0,0.0,0.0,0.0,0.0,0.0,0.0,0.0,0.0,0.0,0.0,0.0,0.0,0.0,0.0,0.0,0.0,0.0,0.0,0.0,0.0,0.0,0.0,0.0,0.0,0.0,0.0,0.0,0.0,0.0,0.0,0.0,0.0,0.0,0.0,0.0,0.0,0.0,0.0,0.0,0.0,0.0,0.0,0.0,0.0,0.0,0.0,0.0,0.0,0.0,0.0,0.0,0.0,0.0,0.0,0.0,0.0,0.0,0.0,0.0,0.0,0.0,0.0,0.0,0.0,0.0,0.0,0.0,0.0,0.0,0.0,0.0,0.0,0.0,0.0,0.0,0.0,0.0,0.0,0.0,0.0,0.0,0.0,0.0,0.0,0.0,0.0,0.0,0.0,0.0,0.0,0.0,0.0,0.0,0.0,0.0,0.0,0.0,0.0,0.0,0.0,0.0,0.0,0.0,0.0,0.0,0.0,0.0,0.0,0.0,0.0,0.0,0.0,0.0,0.0,0.0,0.0,0.0,0.0,0.0,0.0,0.0,0.0,0.0,0.0,0.0,0.0,0.0,0.0,0.0,0.0,0.0,0.0,0.0,0.0,0.0,0.0,0.0,0.0,0.0,0.0,0.0,0.0,0.0,0.0,0.0,0.0,0.0,0.0] [1311.2619900786005,1321.8202200865917,1332.463464547639,1343.19240799478,1354.0077404728797,1364.9101575830227,1375.9003605272408,1386.9790561536227,1398.1469570017646,1409.4047813486081,1420.7532532546286,1432.193102610412,1443.7250651835902,1455.3498826661717,1467.068302722235,1478.881079036026,1490.78897136042,1502.7927455657994,1514.8931736892998,1527.0910339844697,1539.3871109713293,1551.7821954868166,1564.2770847356642,1576.872582341659,1589.569498399342,1602.368649526097,1615.270858914685,1628.2769563861766,1641.3877784433362,1654.6041683244075,1667.9269760573632,1681.3570585145608,1694.895279467867,1708.5425096441993,1722.2996267815402,1736.1675156853773,1750.1470682856248,1764.2391836939755,1778.4447682617345,1792.7647356381167,1807.2000068289992,1821.7515102561672,1836.4201818170154,1851.2069649447558,1866.112810669078,1881.1386776773347,1896.285532376183,1911.5543489537563,1926.9461094423048,1942.4618037813711,1958.1024298814455,1973.8689936881608,1989.7625092469793,2005.7839987684179,2021.9344926937952,2038.215029761504,2054.626657073813,2071.1704301642176,2087.8474130653335,2104.6586783773164,2121.605307336866,2138.6883898867477,2155.9090247459117,2173.268319480143,2190.767390573309,2208.407363499154,2226.1893727937027,2244.1145621282076,2262.184084382728,2280.399101720259,2298.7607856614945,2317.2703171601615,2335.9288866789793,2354.7376942662327,2373.6979496329395,2392.810872230673,2412.077691329971,2431.4996460994216,2451.0779856853383,2470.813969292122,2490.7088662632277,2510.763956162824,2530.9805288580706,2551.359884602096,2571.9033341176064,2592.612198681206,2613.487810208354,2634.5315113390543,2655.7446555241822,2677.1286071125573,2698.6847414386757,2720.4144449111714,2742.319115101994,2764.4001608362782,2786.6590022829737,2809.097071046162,2831.715810257159,2854.5166746673017,2877.5011307415425,2900.67065675274,2924.0267428767575,2947.570891288285,2971.304616257478,2995.22944424732,3019.346914011829,3043.658576695001,3068.1659959305807,3092.870747942638,3117.7744216469364,3142.87861875312,3168.1849538677375,3193.695054598094,3219.410561656912,3245.333128967883,3271.4644237720117,3297.806126734876,3324.3599320546946,3351.1275475713155,3378.1106948760344,3405.3111094223436,3432.7305406375262,3460.3707520352004,3488.23352132871,3516.320640545493,3544.6339161423107,3573.1751691214417,3601.9462351478164,3630.9489646670518,3660.1852230244945,3689.6568905851636,3719.3658628547196,3749.3140506013438,3779.5033799786634,3809.935792649603,3840.6132459112973,3871.5377128209448,3902.7111823227383,3934.135659375755,3965.8131650829396,3997.7457368210635,4029.9354283717907,4062.3843100537392,4095.0944688556665,4128.068008570669,4161.3070499315045,4194.813730746993,4228.590206039511,4262.638648183577,4296.961247045588,4331.560210124669,4366.437762694626,4401.596147947099,4437.037627135803,4472.764479721992,4508.779003521039,4545.083514850253,4581.680348677821,4618.571858773019,4655.7604178575675,4693.248417758249,4731.038269560753,4769.132403764733,4807.533270440121,4846.243339384716,4885.265100283049,4924.601062866471,4964.253757074609,5004.22573321805,5044.519562142395,5085.137835393579,5126.08316538458,5167.3581855634,5208.965550582488,5250.907936469426,5293.188040799074,5335.808582867062,5378.772303864684,5422.081967055189,5465.740357951513,5509.7502844954415,5554.1145772382,5598.836089522486,5643.917697666003,5689.362301146471,5735.17282278806,5781.352208949439,5827.903429713208,5874.829479076986,5922.133375145914,5969.818160326825,6017.886901523867,6066.342690335802,6115.188643254807,6164.427901866934,6214.06363305417,6264.099029198114,6314.537308385285,6365.381714614103,6416.635518003553,6468.302015003491,6520.384528606639,6572.88640856233,6625.811031591967,6679.16180160615,6732.942149923667,6787.155535492116,6841.805445110439,6896.895393653112,6952.428924296275,7008.409608745552,7064.841047465831,7121.726869912778,7179.070734766296,7236.876330165845,7295.147373947643,7353.887613883764,7413.100827923194,7472.790824434837,7532.961442452409,7593.616551921397,7654.7600539479145,7716.395881049652,7778.527997408752,7841.160399126823,7904.2971144818985,7967.94220418758,8032.099761654146,8096.773913251861,8161.968818576374,8227.688670716232,8293.937696522553,8360.720156880894,8428.04034698531,8495.90259661459,8564.311270410717,8633.270768159597,8702.785525074065,8772.860012079082,8843.498736099358,8914.706240349144,8986.487104624512,9058.845945597834,9131.787417114787,9205.31621049359,9279.437054826807,9354.154717285446,9429.47400342559,9505.399757497484,9581.936862757088,9659.090241780126,9736.864856778713,9815.265709920519,9894.297843650465,9973.966341015032,10054.276325989182,10135.232963805956,10216.841461288606,10299.107067185563,10382.035072507933,10465.630810869876,10549.89965883156,10634.84703624505,10720.478406602804,10806.799277389146,10893.815200434417,10981.531772272076,11069.954634498676,11159.08947413668,11248.94202400021,11339.518063063782,11430.823416834026,11522.863957724268,11615.64560543233,11709.174327321158,11803.456138802712,11898.49710372478,11994.303334761045,12090.880993804161,12188.23629236214,12286.375491957784,12385.304904531427,12485.030892846919,12585.55987090084,12686.898304334996,12789.052710852275,12892.029660635888,12995.8357767719,13100.477735675182,13205.962267518828,13312.296156667053,13419.486242111492,13527.539417911097,13636.462633635434,13746.262894811807,13856.947263375758,13968.522858125163,14080.996855178266,14194.376488435144,14308.66905004285,14423.881890864615] 0.31126199007860056 [Infinity,Infinity,Infinity,Infinity,Infinity,Infinity,Infinity,Infinity,Infinity,Infinity,Infinity,Infinity,Infinity,Infinity,Infinity,Infinity,Infinity,Infinity,Infinity,Infinity,Infinity,Infinity,Infinity,Infinity,Infinity,Infinity,Infinity,Infinity,Infinity,Infinity,Infinity,Infinity,Infinity,Infinity,Infinity,Infinity,Infinity,Infinity,Infinity,Infinity,Infinity,Infinity,Infinity,Infinity,Infinity,Infinity,Infinity,Infinity,Infinity,Infinity,Infinity,Infinity,Infinity,Infinity,Infinity,Infinity,Infinity,Infinity,Infinity,Infinity,Infinity,Infinity,Infinity,Infinity,Infinity,Infinity,Infinity,Infinity,Infinity,Infinity,Infinity,Infinity,Infinity,Infinity,Infinity,Infinity,Infinity,Infinity,Infinity,Infinity,Infinity,Infinity,Infinity,Infinity,Infinity,Infinity,Infinity,Infinity,Infinity,Infinity,Infinity,Infinity,Infinity,Infinity,Infinity,Infinity,Infinity,Infinity,Infinity,Infinity,Infinity,Infinity,Infinity,Infinity,Infinity,Infinity,Infinity,Infinity,Infinity,Infinity,Infinity,Infinity,Infinity,Infinity,Infinity,Infinity,Infinity,Infinity,Infinity,Infinity,Infinity,Infinity,Infinity,Infinity,Infinity,Infinity,Infinity,Infinity,Infinity,Infinity,Infinity,Infinity,Infinity,Infinity,Infinity,Infinity,Infinity,Infinity,Infinity,Infinity,Infinity,Infinity,Infinity,Infinity,Infinity,Infinity,Infinity,Infinity,Infinity,Infinity,Infinity,Infinity,Infinity,Infinity,Infinity,Infinity,Infinity,Infinity,Infinity,Infinity,Infinity,Infinity,Infinity,Infinity,Infinity,Infinity,Infinity,Infinity,Infinity,Infinity,Infinity,Infinity,Infinity,Infinity,Infinity,Infinity,Infinity,Infinity,Infinity,Infinity,Infinity,Infinity,Infinity,Infinity,Infinity,Infinity,Infinity,Infinity,Infinity,Infinity,Infinity,Infinity,Infinity,Infinity,Infinity,Infinity,Infinity,Infinity,Infinity,Infinity,Infinity,Infinity,Infinity,Infinity,Infinity,Infinity,Infinity,Infinity,Infinity,Infinity,Infinity,Infinity,Infinity,Infinity,Infinity,Infinity,Infinity,Infinity,Infinity,Infinity,Infinity,Infinity,Infinity,Infinity,Infinity,Infinity,Infinity,Infinity,Infinity,Infinity,Infinity,Infinity,Infinity,Infinity,Infinity,Infinity,Infinity,Infinity,Infinity,Infinity,Infinity,Infinity,Infinity,Infinity,Infinity,Infinity,Infinity,Infinity,Infinity,Infinity,Infinity,Infinity,Infinity,Infinity,Infinity,Infinity,Infinity,Infinity,Infinity,Infinity,Infinity,Infinity,Infinity,Infinity,Infinity,Infinity,Infinity,Infinity,Infinity,Infinity,Infinity,Infinity,Infinity,Infinity,Infinity,Infinity,Infinity,Infinity,Infinity,Infinity,Infinity,Infinity,Infinity,Infinity,Infinity,Infinity,Infinity,Infinity,Infinity,Infinity,Infinity,Infinity,Infinity,Infinity,Infinity,Infinity,Infinity,Infinity,Infinity,Infinity] [0.0,0.0,0.0,0.0,0.0,0.0,0.0,0.0,0.0,0.0,0.0,0.0,0.0,0.0,0.0,0.0,0.0,0.0,0.0,0.0,0.0,0.0,0.0,0.0,0.0,0.0,0.0,0.0,0.0,0.0,0.0,0.0,0.0,0.0,0.0,0.0,0.0,0.0,0.0,0.0,0.0,0.0,0.0,0.0,0.0,0.0,0.0,0.0,0.0,0.0,0.0,0.0,0.0,0.0,0.0,0.0,0.0,0.0,0.0,0.0,0.0,0.0,0.0,0.0,0.0,0.0,0.0,0.0,0.0,0.0,0.0,0.0,0.0,0.0,0.0,0.0,0.0,0.0,0.0,0.0,0.0,0.0,0.0,0.0,0.0,0.0,0.0,0.0,0.0,0.0,0.0,0.0,0.0,0.0,0.0,0.0,0.0,0.0,0.0,0.0,0.0,0.0,0.0,0.0,0.0,0.0,0.0,0.0,0.0,0.0,0.0,0.0,0.0,0.0,0.0,0.0,0.0,0.0,0.0,0.0,0.0,0.0,0.0,0.0,0.0,0.0,0.0,0.0,0.0,0.0,0.0,0.0,0.0,0.0,0.0,0.0,0.0,0.0,0.0,0.0,0.0,0.0,0.0,0.0,0.0,0.0,0.0,0.0,0.0,0.0,0.0,0.0,0.0,0.0,0.0,0.0,0.0,0.0,0.0,0.0,0.0,0.0,0.0,0.0,0.0,0.0,0.0,0.0,0.0,0.0,0.0,0.0,0.0,0.0,0.0,0.0,0.0,0.0,0.0,0.0,0.0,0.0,0.0,0.0,0.0,0.0,0.0,0.0,0.0,0.0,0.0,0.0,0.0,0.0,0.0,0.0,0.0,0.0,0.0,0.0,0.0,0.0,0.0,0.0,0.0,0.0,0.0,0.0,0.0,0.0,0.0,0.0,0.0,0.0,0.0,0.0,0.0,0.0,0.0,0.0,0.0,0.0,0.0,0.0,0.0,0.0,0.0,0.0,0.0,0.0,0.0,0.0,0.0,0.0,0.0,0.0,0.0,0.0,0.0,0.0,0.0,0.0,0.0,0.0,0.0,0.0,0.0,0.0,0.0,0.0,0.0,0.0,0.0,0.0,0.0,0.0,0.0,0.0,0.0,0.0,0.0,0.0,0.0,0.0,0.0,0.0,0.0,0.0,0.0,0.0,0.0,0.0,0.0,0.0,0.0,0.0,0.0,0.0,0.0,0.0,0.0,0.0,0.0,0.0,0.0,0.0,0.0,0.0,0.0,0.0,0.0,0.0,0.0,0.0,0.0,0.0,0.0,0.0,0.0,0.0]
56154.54582949419 [0.0,0.0,0.0,0.0,0.0,0.0,0.0,0.0,0.0,0.0,0.0,0.0,0.0,0.0,0.0,0.0,0.0,0.0,0.0,0.0,0.0,0.0,0.0,0.0,0.0,0.0,0.0,0.0,0.0,0.0,0.0,0.0,0.0,0.0,0.0,0.0,0.0,0.0,0.0,0.0,0.0,0.0,0.0,0.0,0.0,0.0,0.0,0.0,0.0,0.0,0.0,0.0,0.0,0.0,0.0,0.0,0.0,0.0,0.0,0.0,0.0,0.0,0.0,0.0,0.0,0.0,0.0,0.0,0.0,0.0,0.0,0.0,0.0,0.0,0.0,0.0,0.0,0.0,0.0,0.0,0.0,0.0,0.0,0.0,0.0,0.0,0.0,0.0,0.0,0.0,0.0,0.0,0.0,0.0,0.0,0.0,0.0,0.0,0.0,0.0,0.0,0.0,0.0,0.0,0.0,0.0,0.0,0.0,0.0,0.0,0.0,0.0,0.0,0.0,0.0,0.0,0.0,0.0,0.0,0.0,0.0,0.0,0.0,0.0,0.0,0.0,0.0,0.0,0.0,0.0,0.0,0.0,0.0,0.0,0.0,0.0,0.0,0.0,0.0,0.0,0.0,0.0,0.0,0.0,0.0,0.0,0.0,0.0,0.0,0.0,0.0,0.0,0.0,0.0,0.0,0.0,0.0,0.0,0.0,0.0,0.0,0.0,0.0,0.0,0.0,0.0,0.0,0.0,0.0,0.0,0.0,0.0,0.0,0.0,0.0,0.0,0.0,0.0,0.0,0.0,0.0,0.0,0.0,0.0,0.0,0.0,0.0,0.0,0.0,0.0,0.0,0.0,0.0,0.0,0.0,0.0,0.0,0.0,0.0,0.0,0.0,0.0,0.0,0.0,0.0,0.0,0.0,0.0,0.0,0.0,0.0,0.0,0.0,0.0,0.0,0.0,0.0,0.0,0.0,0.0,0.0,0.0,0.0,0.0,0.0,0.0,0.0,0.0,0.0,0.0,0.0,0.0,0.0,0.0,0.0,0.0,0.0,0.0,0.0,0.0,0.0,0.0,0.0,0.0,0.0,0.0,0.0,0.0,0.0,0.0,0.0,0.0,0.0,0.0,0.0,0.0,0.0,0.0,0.0,0.0,0.0,0.0,0.0,0.0,0.0,0.0,0.0,0.0,0.0,0.0,0.0,0.0,0.0,0.0,0.0,0.0,0.0,0.0,0.0,0.0,0.0,0.0,0.0,0.0,0.0,0.0,0.0,0.0,0.0,0.0,0.0,0.0,0.0,0.0,0.0,0.0,0.0,0.0,0.0,0.0] [1311.2619900786005,1321.8202200865917,1332.463464547639,1343.19240799478,1354.0077404728797,1364.9101575830227,1375.9003605272408,1386.9790561536227,1398.1469570017646,1409.4047813486081,1420.7532532546286,1432.193102610412,1443.7250651835902,1455.3498826661717,1467.068302722235,1478.881079036026,1490.78897136042,1502.7927455657994,1514.8931736892998,1527.0910339844697,1539.3871109713293,1551.7821954868166,1564.2770847356642,1576.872582341659,1589.569498399342,1602.368649526097,1615.270858914685,1628.2769563861766,1641.3877784433362,1654.6041683244075,1667.9269760573632,1681.3570585145608,1694.895279467867,1708.5425096441993,1722.2996267815402,1736.1675156853773,1750.1470682856248,1764.2391836939755,1778.4447682617345,1792.7647356381167,1807.2000068289992,1821.7515102561672,1836.4201818170154,1851.2069649447558,1866.112810669078,1881.1386776773347,1896.285532376183,1911.5543489537563,1926.9461094423048,1942.4618037813711,1958.1024298814455,1973.8689936881608,1989.7625092469793,2005.7839987684179,2021.9344926937952,2038.215029761504,2054.626657073813,2071.1704301642176,2087.8474130653335,2104.6586783773164,2121.605307336866,2138.6883898867477,2155.9090247459117,2173.268319480143,2190.767390573309,2208.407363499154,2226.1893727937027,2244.1145621282076,2262.184084382728,2280.399101720259,2298.7607856614945,2317.2703171601615,2335.9288866789793,2354.7376942662327,2373.6979496329395,2392.810872230673,2412.077691329971,2431.4996460994216,2451.0779856853383,2470.813969292122,2490.7088662632277,2510.763956162824,2530.9805288580706,2551.359884602096,2571.9033341176064,2592.612198681206,2613.487810208354,2634.5315113390543,2655.7446555241822,2677.1286071125573,2698.6847414386757,2720.4144449111714,2742.319115101994,2764.4001608362782,2786.6590022829737,2809.097071046162,2831.715810257159,2854.5166746673017,2877.5011307415425,2900.67065675274,2924.0267428767575,2947.570891288285,2971.304616257478,2995.22944424732,3019.346914011829,3043.658576695001,3068.1659959305807,3092.870747942638,3117.7744216469364,3142.87861875312,3168.1849538677375,3193.695054598094,3219.410561656912,3245.333128967883,3271.4644237720117,3297.806126734876,3324.3599320546946,3351.1275475713155,3378.1106948760344,3405.3111094223436,3432.7305406375262,3460.3707520352004,3488.23352132871,3516.320640545493,3544.6339161423107,3573.1751691214417,3601.9462351478164,3630.9489646670518,3660.1852230244945,3689.6568905851636,3719.3658628547196,3749.3140506013438,3779.5033799786634,3809.935792649603,3840.6132459112973,3871.5377128209448,3902.7111823227383,3934.135659375755,3965.8131650829396,3997.7457368210635,4029.9354283717907,4062.3843100537392,4095.0944688556665,4128.068008570669,4161.3070499315045,4194.813730746993,4228.590206039511,4262.638648183577,4296.961247045588,4331.560210124669,4366.437762694626,4401.596147947099,4437.037627135803,4472.764479721992,4508.779003521039,4545.083514850253,4581.680348677821,4618.571858773019,4655.7604178575675,4693.248417758249,4731.038269560753,4769.132403764733,4807.533270440121,4846.243339384716,4885.265100283049,4924.601062866471,4964.253757074609,5004.22573321805,5044.519562142395,5085.137835393579,5126.08316538458,5167.3581855634,5208.965550582488,5250.907936469426,5293.188040799074,5335.808582867062,5378.772303864684,5422.081967055189,5465.740357951513,5509.7502844954415,5554.1145772382,5598.836089522486,5643.917697666003,5689.362301146471,5735.17282278806,5781.352208949439,5827.903429713208,5874.829479076986,5922.133375145914,5969.818160326825,6017.886901523867,6066.342690335802,6115.188643254807,6164.427901866934,6214.06363305417,6264.099029198114,6314.537308385285,6365.381714614103,6416.635518003553,6468.302015003491,6520.384528606639,6572.88640856233,6625.811031591967,6679.16180160615,6732.942149923667,6787.155535492116,6841.805445110439,6896.895393653112,6952.428924296275,7008.409608745552,7064.841047465831,7121.726869912778,7179.070734766296,7236.876330165845,7295.147373947643,7353.887613883764,7413.100827923194,7472.790824434837,7532.961442452409,7593.616551921397,7654.7600539479145,7716.395881049652,7778.527997408752,7841.160399126823,7904.2971144818985,7967.94220418758,8032.099761654146,8096.773913251861,8161.968818576374,8227.688670716232,8293.937696522553,8360.720156880894,8428.04034698531,8495.90259661459,8564.311270410717,8633.270768159597,8702.785525074065,8772.860012079082,8843.498736099358,8914.706240349144,8986.487104624512,9058.845945597834,9131.787417114787,9205.31621049359,9279.437054826807,9354.154717285446,9429.47400342559,9505.399757497484,9581.936862757088,9659.090241780126,9736.864856778713,9815.265709920519,9894.297843650465,9973.966341015032,10054.276325989182,10135.232963805956,10216.841461288606,10299.107067185563,10382.035072507933,10465.630810869876,10549.89965883156,10634.84703624505,10720.478406602804,10806.799277389146,10893.815200434417,10981.531772272076,11069.954634498676,11159.08947413668,11248.94202400021,11339.518063063782,11430.823416834026,11522.863957724268,11615.64560543233,11709.174327321158,11803.456138802712,11898.49710372478,11994.303334761045,12090.880993804161,12188.23629236214,12286.375491957784,12385.304904531427,12485.030892846919,12585.55987090084,12686.898304334996,12789.052710852275,12892.029660635888,12995.8357767719,13100.477735675182,13205.962267518828,13312.296156667053,13419.486242111492,13527.539417911097,13636.462633635434,13746.262894811807,13856.947263375758,13968.522858125163,14080.996855178266,14194.376488435144,14308.66905004285,14423.881890864615] 0.31126199007860056 [Infinity,Infinity,Infinity,Infinity,Infinity,Infinity,Infinity,Infinity,Infinity,Infinity,Infinity,Infinity,Infinity,Infinity,Infinity,Infinity,Infinity,Infinity,Infinity,Infinity,Infinity,Infinity,Infinity,Infinity,Infinity,Infinity,Infinity,Infinity,Infinity,Infinity,Infinity,Infinity,Infinity,Infinity,Infinity,Infinity,Infinity,Infinity,Infinity,Infinity,Infinity,Infinity,Infinity,Infinity,Infinity,Infinity,Infinity,Infinity,Infinity,Infinity,Infinity,Infinity,Infinity,Infinity,Infinity,Infinity,Infinity,Infinity,Infinity,Infinity,Infinity,Infinity,Infinity,Infinity,Infinity,Infinity,Infinity,Infinity,Infinity,Infinity,Infinity,Infinity,Infinity,Infinity,Infinity,Infinity,Infinity,Infinity,Infinity,Infinity,Infinity,Infinity,Infinity,Infinity,Infinity,Infinity,Infinity,Infinity,Infinity,Infinity,Infinity,Infinity,Infinity,Infinity,Infinity,Infinity,Infinity,Infinity,Infinity,Infinity,Infinity,Infinity,Infinity,Infinity,Infinity,Infinity,Infinity,Infinity,Infinity,Infinity,Infinity,Infinity,Infinity,Infinity,Infinity,Infinity,Infinity,Infinity,Infinity,Infinity,Infinity,Infinity,Infinity,Infinity,Infinity,Infinity,Infinity,Infinity,Infinity,Infinity,Infinity,Infinity,Infinity,Infinity,Infinity,Infinity,Infinity,Infinity,Infinity,Infinity,Infinity,Infinity,Infinity,Infinity,Infinity,Infinity,Infinity,Infinity,Infinity,Infinity,Infinity,Infinity,Infinity,Infinity,Infinity,Infinity,Infinity,Infinity,Infinity,Infinity,Infinity,Infinity,Infinity,Infinity,Infinity,Infinity,Infinity,Infinity,Infinity,Infinity,Infinity,Infinity,Infinity,Infinity,Infinity,Infinity,Infinity,Infinity,Infinity,Infinity,Infinity,Infinity,Infinity,Infinity,Infinity,Infinity,Infinity,Infinity,Infinity,Infinity,Infinity,Infinity,Infinity,Infinity,Infinity,Infinity,Infinity,Infinity,Infinity,Infinity,Infinity,Infinity,Infinity,Infinity,Infinity,Infinity,Infinity,Infinity,Infinity,Infinity,Infinity,Infinity,Infinity,Infinity,Infinity,Infinity,Infinity,Infinity,Infinity,Infinity,Infinity,Infinity,Infinity,Infinity,Infinity,Infinity,Infinity,Infinity,Infinity,Infinity,Infinity,Infinity,Infinity,Infinity,Infinity,Infinity,Infinity,Infinity,Infinity,Infinity,Infinity,Infinity,Infinity,Infinity,Infinity,Infinity,Infinity,Infinity,Infinity,Infinity,Infinity,Infinity,Infinity,Infinity,Infinity,Infinity,Infinity,Infinity,Infinity,Infinity,Infinity,Infinity,Infinity,Infinity,Infinity,Infinity,Infinity,Infinity,Infinity,Infinity,Infinity,Infinity,Infinity,Infinity,Infinity,Infinity,Infinity,Infinity,Infinity,Infinity,Infinity,Infinity,Infinity,Infinity,Infinity,Infinity,Infinity,Infinity,Infinity,Infinity,Infinity,Infinity,Infinity,Infinity,Infinity,Infinity,Infinity,Infinity,Infinity,Infinity] [0.0,0.0,0.0,0.0,0.0,0.0,0.0,0.0,0.0,0.0,0.0,0.0,0.0,0.0,0.0,0.0,0.0,0.0,0.0,0.0,0.0,0.0,0.0,0.0,0.0,0.0,0.0,0.0,0.0,0.0,0.0,0.0,0.0,0.0,0.0,0.0,0.0,0.0,0.0,0.0,0.0,0.0,0.0,0.0,0.0,0.0,0.0,0.0,0.0,0.0,0.0,0.0,0.0,0.0,0.0,0.0,0.0,0.0,0.0,0.0,0.0,0.0,0.0,0.0,0.0,0.0,0.0,0.0,0.0,0.0,0.0,0.0,0.0,0.0,0.0,0.0,0.0,0.0,0.0,0.0,0.0,0.0,0.0,0.0,0.0,0.0,0.0,0.0,0.0,0.0,0.0,0.0,0.0,0.0,0.0,0.0,0.0,0.0,0.0,0.0,0.0,0.0,0.0,0.0,0.0,0.0,0.0,0.0,0.0,0.0,0.0,0.0,0.0,0.0,0.0,0.0,0.0,0.0,0.0,0.0,0.0,0.0,0.0,0.0,0.0,0.0,0.0,0.0,0.0,0.0,0.0,0.0,0.0,0.0,0.0,0.0,0.0,0.0,0.0,0.0,0.0,0.0,0.0,0.0,0.0,0.0,0.0,0.0,0.0,0.0,0.0,0.0,0.0,0.0,0.0,0.0,0.0,0.0,0.0,0.0,0.0,0.0,0.0,0.0,0.0,0.0,0.0,0.0,0.0,0.0,0.0,0.0,0.0,0.0,0.0,0.0,0.0,0.0,0.0,0.0,0.0,0.0,0.0,0.0,0.0,0.0,0.0,0.0,0.0,0.0,0.0,0.0,0.0,0.0,0.0,0.0,0.0,0.0,0.0,0.0,0.0,0.0,0.0,0.0,0.0,0.0,0.0,0.0,0.0,0.0,0.0,0.0,0.0,0.0,0.0,0.0,0.0,0.0,0.0,0.0,0.0,0.0,0.0,0.0,0.0,0.0,0.0,0.0,0.0,0.0,0.0,0.0,0.0,0.0,0.0,0.0,0.0,0.0,0.0,0.0,0.0,0.0,0.0,0.0,0.0,0.0,0.0,0.0,0.0,0.0,0.0,0.0,0.0,0.0,0.0,0.0,0.0,0.0,0.0,0.0,0.0,0.0,0.0,0.0,0.0,0.0,0.0,0.0,0.0,0.0,0.0,0.0,0.0,0.0,0.0,0.0,0.0,0.0,0.0,0.0,0.0,0.0,0.0,0.0,0.0,0.0,0.0,0.0,0.0,0.0,0.0,0.0,0.0,0.0,0.0,0.0,0.0,0.0,0.0,0.0]
56405.69327624364 [0.0,0.0,0.0,0.0,0.0,0.0,0.0,0.0,0.0,0.0,0.0,0.0,0.0,0.0,0.0,0.0,0.0,0.0,0.0,0.0,0.0,0.0,0.0,0.0,0.0,0.0,0.0,0.0,0.0,0.0,0.0,0.0,0.0,0.0,0.0,0.0,0.0,0.0,0.0,0.0,0.0,0.0,0.0,0.0,0.0,0.0,0.0,0.0,0.0,0.0,0.0,0.0,0.0,0.0,0.0,0.0,0.0,0.0,0.0,0.0,0.0,0.0,0.0,0.0,0.0,0.0,0.0,0.0,0.0,0.0,0.0,0.0,0.0,0.0,0.0,0.0,0.0,0.0,0.0,0.0,0.0,0.0,0.0,0.0,0.0,0.0,0.0,0.0,0.0,0.0,0.0,0.0,0.0,0.0,0.0,0.0,0.0,0.0,0.0,0.0,0.0,0.0,0.0,0.0,0.0,0.0,0.0,0.0,0.0,0.0,0.0,0.0,0.0,0.0,0.0,0.0,0.0,0.0,0.0,0.0,0.0,0.0,0.0,0.0,0.0,0.0,0.0,0.0,0.0,0.0,0.0,0.0,0.0,0.0,0.0,0.0,0.0,0.0,0.0,0.0,0.0,0.0,0.0,0.0,0.0,0.0,0.0,0.0,0.0,0.0,0.0,0.0,0.0,0.0,0.0,0.0,0.0,0.0,0.0,0.0,0.0,0.0,0.0,0.0,0.0,0.0,0.0,0.0,0.0,0.0,0.0,0.0,0.0,0.0,0.0,0.0,0.0,0.0,0.0,0.0,0.0,0.0,0.0,0.0,0.0,0.0,0.0,0.0,0.0,0.0,0.0,0.0,0.0,0.0,0.0,0.0,0.0,0.0,0.0,0.0,0.0,0.0,0.0,0.0,0.0,0.0,0.0,0.0,0.0,0.0,0.0,0.0,0.0,0.0,0.0,0.0,0.0,0.0,0.0,0.0,0.0,0.0,0.0,0.0,0.0,0.0,0.0,0.0,0.0,0.0,0.0,0.0,0.0,0.0,0.0,0.0,0.0,0.0,0.0,0.0,0.0,0.0,0.0,0.0,0.0,0.0,0.0,0.0,0.0,0.0,0.0,0.0,0.0,0.0,0.0,0.0,0.0,0.0,0.0,0.0,0.0,0.0,0.0,0.0,0.0,0.0,0.0,0.0,0.0,0.0,0.0,0.0,0.0,0.0,0.0,0.0,0.0,0.0,0.0,0.0,0.0,0.0,0.0,0.0,0.0,0.0,0.0,0.0,0.0,0.0,0.0,0.0,0.0,0.0,0.0,0.0,0.0,0.0,0.0,0.0] [1311.2619900786005,1321.8202200865917,1332.463464547639,1343.19240799478,1354.0077404728797,1364.9101575830227,1375.9003605272408,1386.9790561536227,1398.1469570017646,1409.4047813486081,1420.7532532546286,1432.193102610412,1443.7250651835902,1455.3498826661717,1467.068302722235,1478.881079036026,1490.78897136042,1502.7927455657994,1514.8931736892998,1527.0910339844697,1539.3871109713293,1551.7821954868166,1564.2770847356642,1576.872582341659,1589.569498399342,1602.368649526097,1615.270858914685,1628.2769563861766,1641.3877784433362,1654.6041683244075,1667.9269760573632,1681.3570585145608,1694.895279467867,1708.5425096441993,1722.2996267815402,1736.1675156853773,1750.1470682856248,1764.2391836939755,1778.4447682617345,1792.7647356381167,1807.2000068289992,1821.7515102561672,1836.4201818170154,1851.2069649447558,1866.112810669078,1881.1386776773347,1896.285532376183,1911.5543489537563,1926.9461094423048,1942.4618037813711,1958.1024298814455,1973.8689936881608,1989.7625092469793,2005.7839987684179,2021.9344926937952,2038.215029761504,2054.626657073813,2071.1704301642176,2087.8474130653335,2104.6586783773164,2121.605307336866,2138.6883898867477,2155.9090247459117,2173.268319480143,2190.767390573309,2208.407363499154,2226.1893727937027,2244.1145621282076,2262.184084382728,2280.399101720259,2298.7607856614945,2317.2703171601615,2335.9288866789793,2354.7376942662327,2373.6979496329395,2392.810872230673,2412.077691329971,2431.4996460994216,2451.0779856853383,2470.813969292122,2490.7088662632277,2510.763956162824,2530.9805288580706,2551.359884602096,2571.9033341176064,2592.612198681206,2613.487810208354,2634.5315113390543,2655.7446555241822,2677.1286071125573,2698.6847414386757,2720.4144449111714,2742.319115101994,2764.4001608362782,2786.6590022829737,2809.097071046162,2831.715810257159,2854.5166746673017,2877.5011307415425,2900.67065675274,2924.0267428767575,2947.570891288285,2971.304616257478,2995.22944424732,3019.346914011829,3043.658576695001,3068.1659959305807,3092.870747942638,3117.7744216469364,3142.87861875312,3168.1849538677375,3193.695054598094,3219.410561656912,3245.333128967883,3271.4644237720117,3297.806126734876,3324.3599320546946,3351.1275475713155,3378.1106948760344,3405.3111094223436,3432.7305406375262,3460.3707520352004,3488.23352132871,3516.320640545493,3544.6339161423107,3573.1751691214417,3601.9462351478164,3630.9489646670518,3660.1852230244945,3689.6568905851636,3719.3658628547196,3749.3140506013438,3779.5033799786634,3809.935792649603,3840.6132459112973,3871.5377128209448,3902.7111823227383,3934.135659375755,3965.8131650829396,3997.7457368210635,4029.9354283717907,4062.3843100537392,4095.0944688556665,4128.068008570669,4161.3070499315045,4194.813730746993,4228.590206039511,4262.638648183577,4296.961247045588,4331.560210124669,4366.437762694626,4401.596147947099,4437.037627135803,4472.764479721992,4508.779003521039,4545.083514850253,4581.680348677821,4618.571858773019,4655.7604178575675,4693.248417758249,4731.038269560753,4769.132403764733,4807.533270440121,4846.243339384716,4885.265100283049,4924.601062866471,4964.253757074609,5004.22573321805,5044.519562142395,5085.137835393579,5126.08316538458,5167.3581855634,5208.965550582488,5250.907936469426,5293.188040799074,5335.808582867062,5378.772303864684,5422.081967055189,5465.740357951513,5509.7502844954415,5554.1145772382,5598.836089522486,5643.917697666003,5689.362301146471,5735.17282278806,5781.352208949439,5827.903429713208,5874.829479076986,5922.133375145914,5969.818160326825,6017.886901523867,6066.342690335802,6115.188643254807,6164.427901866934,6214.06363305417,6264.099029198114,6314.537308385285,6365.381714614103,6416.635518003553,6468.302015003491,6520.384528606639,6572.88640856233,6625.811031591967,6679.16180160615,6732.942149923667,6787.155535492116,6841.805445110439,6896.895393653112,6952.428924296275,7008.409608745552,7064.841047465831,7121.726869912778,7179.070734766296,7236.876330165845,7295.147373947643,7353.887613883764,7413.100827923194,7472.790824434837,7532.961442452409,7593.616551921397,7654.7600539479145,7716.395881049652,7778.527997408752,7841.160399126823,7904.2971144818985,7967.94220418758,8032.099761654146,8096.773913251861,8161.968818576374,8227.688670716232,8293.937696522553,8360.720156880894,8428.04034698531,8495.90259661459,8564.311270410717,8633.270768159597,8702.785525074065,8772.860012079082,8843.498736099358,8914.706240349144,8986.487104624512,9058.845945597834,9131.787417114787,9205.31621049359,9279.437054826807,9354.154717285446,9429.47400342559,9505.399757497484,9581.936862757088,9659.090241780126,9736.864856778713,9815.265709920519,9894.297843650465,9973.966341015032,10054.276325989182,10135.232963805956,10216.841461288606,10299.107067185563,10382.035072507933,10465.630810869876,10549.89965883156,10634.84703624505,10720.478406602804,10806.799277389146,10893.815200434417,10981.531772272076,11069.954634498676,11159.08947413668,11248.94202400021,11339.518063063782,11430.823416834026,11522.863957724268,11615.64560543233,11709.174327321158,11803.456138802712,11898.49710372478,11994.303334761045,12090.880993804161,12188.23629236214,12286.375491957784,12385.304904531427,12485.030892846919,12585.55987090084,12686.898304334996,12789.052710852275,12892.029660635888,12995.8357767719,13100.477735675182,13205.962267518828,13312.296156667053,13419.486242111492,13527.539417911097,13636.462633635434,13746.262894811807,13856.947263375758,13968.522858125163,14080.996855178266,14194.376488435144,14308.66905004285,14423.881890864615] 0.31126199007860056 [Infinity,Infinity,Infinity,Infinity,Infinity,Infinity,Infinity,Infinity,Infinity,Infinity,Infinity,Infinity,Infinity,Infinity,Infinity,Infinity,Infinity,Infinity,Infinity,Infinity,Infinity,Infinity,Infinity,Infinity,Infinity,Infinity,Infinity,Infinity,Infinity,Infinity,Infinity,Infinity,Infinity,Infinity,Infinity,Infinity,Infinity,Infinity,Infinity,Infinity,Infinity,Infinity,Infinity,Infinity,Infinity,Infinity,Infinity,Infinity,Infinity,Infinity,Infinity,Infinity,Infinity,Infinity,Infinity,Infinity,Infinity,Infinity,Infinity,Infinity,Infinity,Infinity,Infinity,Infinity,Infinity,Infinity,Infinity,Infinity,Infinity,Infinity,Infinity,Infinity,Infinity,Infinity,Infinity,Infinity,Infinity,Infinity,Infinity,Infinity,Infinity,Infinity,Infinity,Infinity,Infinity,Infinity,Infinity,Infinity,Infinity,Infinity,Infinity,Infinity,Infinity,Infinity,Infinity,Infinity,Infinity,Infinity,Infinity,Infinity,Infinity,Infinity,Infinity,Infinity,Infinity,Infinity,Infinity,Infinity,Infinity,Infinity,Infinity,Infinity,Infinity,Infinity,Infinity,Infinity,Infinity,Infinity,Infinity,Infinity,Infinity,Infinity,Infinity,Infinity,Infinity,Infinity,Infinity,Infinity,Infinity,Infinity,Infinity,Infinity,Infinity,Infinity,Infinity,Infinity,Infinity,Infinity,Infinity,Infinity,Infinity,Infinity,Infinity,Infinity,Infinity,Infinity,Infinity,Infinity,Infinity,Infinity,Infinity,Infinity,Infinity,Infinity,Infinity,Infinity,Infinity,Infinity,Infinity,Infinity,Infinity,Infinity,Infinity,Infinity,Infinity,Infinity,Infinity,Infinity,Infinity,Infinity,Infinity,Infinity,Infinity,Infinity,Infinity,Infinity,Infinity,Infinity,Infinity,Infinity,Infinity,Infinity,Infinity,Infinity,Infinity,Infinity,Infinity,Infinity,Infinity,Infinity,Infinity,Infinity,Infinity,Infinity,Infinity,Infinity,Infinity,Infinity,Infinity,Infinity,Infinity,Infinity,Infinity,Infinity,Infinity,Infinity,Infinity,Infinity,Infinity,Infinity,Infinity,Infinity,Infinity,Infinity,Infinity,Infinity,Infinity,Infinity,Infinity,Infinity,Infinity,Infinity,Infinity,Infinity,Infinity,Infinity,Infinity,Infinity,Infinity,Infinity,Infinity,Infinity,Infinity,Infinity,Infinity,Infinity,Infinity,Infinity,Infinity,Infinity,Infinity,Infinity,Infinity,Infinity,Infinity,Infinity,Infinity,Infinity,Infinity,Infinity,Infinity,Infinity,Infinity,Infinity,Infinity,Infinity,Infinity,Infinity,Infinity,Infinity,Infinity,Infinity,Infinity,Infinity,Infinity,Infinity,Infinity,Infinity,Infinity,Infinity,Infinity,Infinity,Infinity,Infinity,Infinity,Infinity,Infinity,Infinity,Infinity,Infinity,Infinity,Infinity,Infinity,Infinity,Infinity,Infinity,Infinity,Infinity,Infinity,Infinity,Infinity,Infinity,Infinity,Infinity,Infinity,Infinity,Infinity,Infinity,Infinity,Infinity] [0.0,0.0,0.0,0.0,0.0,0.0,0.0,0.0,0.0,0.0,0.0,0.0,0.0,0.0,0.0,0.0,0.0,0.0,0.0,0.0,0.0,0.0,0.0,0.0,0.0,0.0,0.0,0.0,0.0,0.0,0.0,0.0,0.0,0.0,0.0,0.0,0.0,0.0,0.0,0.0,0.0,0.0,0.0,0.0,0.0,0.0,0.0,0.0,0.0,0.0,0.0,0.0,0.0,0.0,0.0,0.0,0.0,0.0,0.0,0.0,0.0,0.0,0.0,0.0,0.0,0.0,0.0,0.0,0.0,0.0,0.0,0.0,0.0,0.0,0.0,0.0,0.0,0.0,0.0,0.0,0.0,0.0,0.0,0.0,0.0,0.0,0.0,0.0,0.0,0.0,0.0,0.0,0.0,0.0,0.0,0.0,0.0,0.0,0.0,0.0,0.0,0.0,0.0,0.0,0.0,0.0,0.0,0.0,0.0,0.0,0.0,0.0,0.0,0.0,0.0,0.0,0.0,0.0,0.0,0.0,0.0,0.0,0.0,0.0,0.0,0.0,0.0,0.0,0.0,0.0,0.0,0.0,0.0,0.0,0.0,0.0,0.0,0.0,0.0,0.0,0.0,0.0,0.0,0.0,0.0,0.0,0.0,0.0,0.0,0.0,0.0,0.0,0.0,0.0,0.0,0.0,0.0,0.0,0.0,0.0,0.0,0.0,0.0,0.0,0.0,0.0,0.0,0.0,0.0,0.0,0.0,0.0,0.0,0.0,0.0,0.0,0.0,0.0,0.0,0.0,0.0,0.0,0.0,0.0,0.0,0.0,0.0,0.0,0.0,0.0,0.0,0.0,0.0,0.0,0.0,0.0,0.0,0.0,0.0,0.0,0.0,0.0,0.0,0.0,0.0,0.0,0.0,0.0,0.0,0.0,0.0,0.0,0.0,0.0,0.0,0.0,0.0,0.0,0.0,0.0,0.0,0.0,0.0,0.0,0.0,0.0,0.0,0.0,0.0,0.0,0.0,0.0,0.0,0.0,0.0,0.0,0.0,0.0,0.0,0.0,0.0,0.0,0.0,0.0,0.0,0.0,0.0,0.0,0.0,0.0,0.0,0.0,0.0,0.0,0.0,0.0,0.0,0.0,0.0,0.0,0.0,0.0,0.0,0.0,0.0,0.0,0.0,0.0,0.0,0.0,0.0,0.0,0.0,0.0,0.0,0.0,0.0,0.0,0.0,0.0,0.0,0.0,0.0,0.0,0.0,0.0,0.0,0.0,0.0,0.0,0.0,0.0,0.0,0.0,0.0,0.0,0.0,0.0,0.0,0.0]
56307.659899436374 [0.0,0.0,0.0,0.0,0.0,0.0,0.0,0.0,0.0,0.0,0.0,0.0,0.0,0.0,0.0,0.0,0.0,0.0,0.0,0.0,0.0,0.0,0.0,0.0,0.0,0.0,0.0,0.0,0.0,0.0,0.0,0.0,0.0,0.0,0.0,0.0,0.0,0.0,0.0,0.0,0.0,0.0,0.0,0.0,0.0,0.0,0.0,0.0,0.0,0.0,0.0,0.0,0.0,0.0,0.0,0.0,0.0,0.0,0.0,0.0,0.0,0.0,0.0,0.0,0.0,0.0,0.0,0.0,0.0,0.0,0.0,0.0,0.0,0.0,0.0,0.0,0.0,0.0,0.0,0.0,0.0,0.0,0.0,0.0,0.0,0.0,0.0,0.0,0.0,0.0,0.0,0.0,0.0,0.0,0.0,0.0,0.0,0.0,0.0,0.0,0.0,0.0,0.0,0.0,0.0,0.0,0.0,0.0,0.0,0.0,0.0,0.0,0.0,0.0,0.0,0.0,0.0,0.0,0.0,0.0,0.0,0.0,0.0,0.0,0.0,0.0,0.0,0.0,0.0,0.0,0.0,0.0,0.0,0.0,0.0,0.0,0.0,0.0,0.0,0.0,0.0,0.0,0.0,0.0,0.0,0.0,0.0,0.0,0.0,0.0,0.0,0.0,0.0,0.0,0.0,0.0,0.0,0.0,0.0,0.0,0.0,0.0,0.0,0.0,0.0,0.0,0.0,0.0,0.0,0.0,0.0,0.0,0.0,0.0,0.0,0.0,0.0,0.0,0.0,0.0,0.0,0.0,0.0,0.0,0.0,0.0,0.0,0.0,0.0,0.0,0.0,0.0,0.0,0.0,0.0,0.0,0.0,0.0,0.0,0.0,0.0,0.0,0.0,0.0,0.0,0.0,0.0,0.0,0.0,0.0,0.0,0.0,0.0,0.0,0.0,0.0,0.0,0.0,0.0,0.0,0.0,0.0,0.0,0.0,0.0,0.0,0.0,0.0,0.0,0.0,0.0,0.0,0.0,0.0,0.0,0.0,0.0,0.0,0.0,0.0,0.0,0.0,0.0,0.0,0.0,0.0,0.0,0.0,0.0,0.0,0.0,0.0,0.0,0.0,0.0,0.0,0.0,0.0,0.0,0.0,0.0,0.0,0.0,0.0,0.0,0.0,0.0,0.0,0.0,0.0,0.0,0.0,0.0,0.0,0.0,0.0,0.0,0.0,0.0,0.0,0.0,0.0,0.0,0.0,0.0,0.0,0.0,0.0,0.0,0.0,0.0,0.0,0.0,0.0,0.0,0.0,0.0,0.0,0.0,0.0] [1311.2619900786005,1321.8202200865917,1332.463464547639,1343.19240799478,1354.0077404728797,1364.9101575830227,1375.9003605272408,1386.9790561536227,1398.1469570017646,1409.4047813486081,1420.7532532546286,1432.193102610412,1443.7250651835902,1455.3498826661717,1467.068302722235,1478.881079036026,1490.78897136042,1502.7927455657994,1514.8931736892998,1527.0910339844697,1539.3871109713293,1551.7821954868166,1564.2770847356642,1576.872582341659,1589.569498399342,1602.368649526097,1615.270858914685,1628.2769563861766,1641.3877784433362,1654.6041683244075,1667.9269760573632,1681.3570585145608,1694.895279467867,1708.5425096441993,1722.2996267815402,1736.1675156853773,1750.1470682856248,1764.2391836939755,1778.4447682617345,1792.7647356381167,1807.2000068289992,1821.7515102561672,1836.4201818170154,1851.2069649447558,1866.112810669078,1881.1386776773347,1896.285532376183,1911.5543489537563,1926.9461094423048,1942.4618037813711,1958.1024298814455,1973.8689936881608,1989.7625092469793,2005.7839987684179,2021.9344926937952,2038.215029761504,2054.626657073813,2071.1704301642176,2087.8474130653335,2104.6586783773164,2121.605307336866,2138.6883898867477,2155.9090247459117,2173.268319480143,2190.767390573309,2208.407363499154,2226.1893727937027,2244.1145621282076,2262.184084382728,2280.399101720259,2298.7607856614945,2317.2703171601615,2335.9288866789793,2354.7376942662327,2373.6979496329395,2392.810872230673,2412.077691329971,2431.4996460994216,2451.0779856853383,2470.813969292122,2490.7088662632277,2510.763956162824,2530.9805288580706,2551.359884602096,2571.9033341176064,2592.612198681206,2613.487810208354,2634.5315113390543,2655.7446555241822,2677.1286071125573,2698.6847414386757,2720.4144449111714,2742.319115101994,2764.4001608362782,2786.6590022829737,2809.097071046162,2831.715810257159,2854.5166746673017,2877.5011307415425,2900.67065675274,2924.0267428767575,2947.570891288285,2971.304616257478,2995.22944424732,3019.346914011829,3043.658576695001,3068.1659959305807,3092.870747942638,3117.7744216469364,3142.87861875312,3168.1849538677375,3193.695054598094,3219.410561656912,3245.333128967883,3271.4644237720117,3297.806126734876,3324.3599320546946,3351.1275475713155,3378.1106948760344,3405.3111094223436,3432.7305406375262,3460.3707520352004,3488.23352132871,3516.320640545493,3544.6339161423107,3573.1751691214417,3601.9462351478164,3630.9489646670518,3660.1852230244945,3689.6568905851636,3719.3658628547196,3749.3140506013438,3779.5033799786634,3809.935792649603,3840.6132459112973,3871.5377128209448,3902.7111823227383,3934.135659375755,3965.8131650829396,3997.7457368210635,4029.9354283717907,4062.3843100537392,4095.0944688556665,4128.068008570669,4161.3070499315045,4194.813730746993,4228.590206039511,4262.638648183577,4296.961247045588,4331.560210124669,4366.437762694626,4401.596147947099,4437.037627135803,4472.764479721992,4508.779003521039,4545.083514850253,4581.680348677821,4618.571858773019,4655.7604178575675,4693.248417758249,4731.038269560753,4769.132403764733,4807.533270440121,4846.243339384716,4885.265100283049,4924.601062866471,4964.253757074609,5004.22573321805,5044.519562142395,5085.137835393579,5126.08316538458,5167.3581855634,5208.965550582488,5250.907936469426,5293.188040799074,5335.808582867062,5378.772303864684,5422.081967055189,5465.740357951513,5509.7502844954415,5554.1145772382,5598.836089522486,5643.917697666003,5689.362301146471,5735.17282278806,5781.352208949439,5827.903429713208,5874.829479076986,5922.133375145914,5969.818160326825,6017.886901523867,6066.342690335802,6115.188643254807,6164.427901866934,6214.06363305417,6264.099029198114,6314.537308385285,6365.381714614103,6416.635518003553,6468.302015003491,6520.384528606639,6572.88640856233,6625.811031591967,6679.16180160615,6732.942149923667,6787.155535492116,6841.805445110439,6896.895393653112,6952.428924296275,7008.409608745552,7064.841047465831,7121.726869912778,7179.070734766296,7236.876330165845,7295.147373947643,7353.887613883764,7413.100827923194,7472.790824434837,7532.961442452409,7593.616551921397,7654.7600539479145,7716.395881049652,7778.527997408752,7841.160399126823,7904.2971144818985,7967.94220418758,8032.099761654146,8096.773913251861,8161.968818576374,8227.688670716232,8293.937696522553,8360.720156880894,8428.04034698531,8495.90259661459,8564.311270410717,8633.270768159597,8702.785525074065,8772.860012079082,8843.498736099358,8914.706240349144,8986.487104624512,9058.845945597834,9131.787417114787,9205.31621049359,9279.437054826807,9354.154717285446,9429.47400342559,9505.399757497484,9581.936862757088,9659.090241780126,9736.864856778713,9815.265709920519,9894.297843650465,9973.966341015032,10054.276325989182,10135.232963805956,10216.841461288606,10299.107067185563,10382.035072507933,10465.630810869876,10549.89965883156,10634.84703624505,10720.478406602804,10806.799277389146,10893.815200434417,10981.531772272076,11069.954634498676,11159.08947413668,11248.94202400021,11339.518063063782,11430.823416834026,11522.863957724268,11615.64560543233,11709.174327321158,11803.456138802712,11898.49710372478,11994.303334761045,12090.880993804161,12188.23629236214,12286.375491957784,12385.304904531427,12485.030892846919,12585.55987090084,12686.898304334996,12789.052710852275,12892.029660635888,12995.8357767719,13100.477735675182,13205.962267518828,13312.296156667053,13419.486242111492,13527.539417911097,13636.462633635434,13746.262894811807,13856.947263375758,13968.522858125163,14080.996855178266,14194.376488435144,14308.66905004285,14423.881890864615] 0.31126199007860056 [Infinity,Infinity,Infinity,Infinity,Infinity,Infinity,Infinity,Infinity,Infinity,Infinity,Infinity,Infinity,Infinity,Infinity,Infinity,Infinity,Infinity,Infinity,Infinity,Infinity,Infinity,Infinity,Infinity,Infinity,Infinity,Infinity,Infinity,Infinity,Infinity,Infinity,Infinity,Infinity,Infinity,Infinity,Infinity,Infinity,Infinity,Infinity,Infinity,Infinity,Infinity,Infinity,Infinity,Infinity,Infinity,Infinity,Infinity,Infinity,Infinity,Infinity,Infinity,Infinity,Infinity,Infinity,Infinity,Infinity,Infinity,Infinity,Infinity,Infinity,Infinity,Infinity,Infinity,Infinity,Infinity,Infinity,Infinity,Infinity,Infinity,Infinity,Infinity,Infinity,Infinity,Infinity,Infinity,Infinity,Infinity,Infinity,Infinity,Infinity,Infinity,Infinity,Infinity,Infinity,Infinity,Infinity,Infinity,Infinity,Infinity,Infinity,Infinity,Infinity,Infinity,Infinity,Infinity,Infinity,Infinity,Infinity,Infinity,Infinity,Infinity,Infinity,Infinity,Infinity,Infinity,Infinity,Infinity,Infinity,Infinity,Infinity,Infinity,Infinity,Infinity,Infinity,Infinity,Infinity,Infinity,Infinity,Infinity,Infinity,Infinity,Infinity,Infinity,Infinity,Infinity,Infinity,Infinity,Infinity,Infinity,Infinity,Infinity,Infinity,Infinity,Infinity,Infinity,Infinity,Infinity,Infinity,Infinity,Infinity,Infinity,Infinity,Infinity,Infinity,Infinity,Infinity,Infinity,Infinity,Infinity,Infinity,Infinity,Infinity,Infinity,Infinity,Infinity,Infinity,Infinity,Infinity,Infinity,Infinity,Infinity,Infinity,Infinity,Infinity,Infinity,Infinity,Infinity,Infinity,Infinity,Infinity,Infinity,Infinity,Infinity,Infinity,Infinity,Infinity,Infinity,Infinity,Infinity,Infinity,Infinity,Infinity,Infinity,Infinity,Infinity,Infinity,Infinity,Infinity,Infinity,Infinity,Infinity,Infinity,Infinity,Infinity,Infinity,Infinity,Infinity,Infinity,Infinity,Infinity,Infinity,Infinity,Infinity,Infinity,Infinity,Infinity,Infinity,Infinity,Infinity,Infinity,Infinity,Infinity,Infinity,Infinity,Infinity,Infinity,Infinity,Infinity,Infinity,Infinity,Infinity,Infinity,Infinity,Infinity,Infinity,Infinity,Infinity,Infinity,Infinity,Infinity,Infinity,Infinity,Infinity,Infinity,Infinity,Infinity,Infinity,Infinity,Infinity,Infinity,Infinity,Infinity,Infinity,Infinity,Infinity,Infinity,Infinity,Infinity,Infinity,Infinity,Infinity,Infinity,Infinity,Infinity,Infinity,Infinity,Infinity,Infinity,Infinity,Infinity,Infinity,Infinity,Infinity,Infinity,Infinity,Infinity,Infinity,Infinity,Infinity,Infinity,Infinity,Infinity,Infinity,Infinity,Infinity,Infinity,Infinity,Infinity,Infinity,Infinity,Infinity,Infinity,Infinity,Infinity,Infinity,Infinity,Infinity,Infinity,Infinity,Infinity,Infinity,Infinity,Infinity,Infinity,Infinity,Infinity,Infinity,Infinity,Infinity,Infinity] [0.0,0.0,0.0,0.0,0.0,0.0,0.0,0.0,0.0,0.0,0.0,0.0,0.0,0.0,0.0,0.0,0.0,0.0,0.0,0.0,0.0,0.0,0.0,0.0,0.0,0.0,0.0,0.0,0.0,0.0,0.0,0.0,0.0,0.0,0.0,0.0,0.0,0.0,0.0,0.0,0.0,0.0,0.0,0.0,0.0,0.0,0.0,0.0,0.0,0.0,0.0,0.0,0.0,0.0,0.0,0.0,0.0,0.0,0.0,0.0,0.0,0.0,0.0,0.0,0.0,0.0,0.0,0.0,0.0,0.0,0.0,0.0,0.0,0.0,0.0,0.0,0.0,0.0,0.0,0.0,0.0,0.0,0.0,0.0,0.0,0.0,0.0,0.0,0.0,0.0,0.0,0.0,0.0,0.0,0.0,0.0,0.0,0.0,0.0,0.0,0.0,0.0,0.0,0.0,0.0,0.0,0.0,0.0,0.0,0.0,0.0,0.0,0.0,0.0,0.0,0.0,0.0,0.0,0.0,0.0,0.0,0.0,0.0,0.0,0.0,0.0,0.0,0.0,0.0,0.0,0.0,0.0,0.0,0.0,0.0,0.0,0.0,0.0,0.0,0.0,0.0,0.0,0.0,0.0,0.0,0.0,0.0,0.0,0.0,0.0,0.0,0.0,0.0,0.0,0.0,0.0,0.0,0.0,0.0,0.0,0.0,0.0,0.0,0.0,0.0,0.0,0.0,0.0,0.0,0.0,0.0,0.0,0.0,0.0,0.0,0.0,0.0,0.0,0.0,0.0,0.0,0.0,0.0,0.0,0.0,0.0,0.0,0.0,0.0,0.0,0.0,0.0,0.0,0.0,0.0,0.0,0.0,0.0,0.0,0.0,0.0,0.0,0.0,0.0,0.0,0.0,0.0,0.0,0.0,0.0,0.0,0.0,0.0,0.0,0.0,0.0,0.0,0.0,0.0,0.0,0.0,0.0,0.0,0.0,0.0,0.0,0.0,0.0,0.0,0.0,0.0,0.0,0.0,0.0,0.0,0.0,0.0,0.0,0.0,0.0,0.0,0.0,0.0,0.0,0.0,0.0,0.0,0.0,0.0,0.0,0.0,0.0,0.0,0.0,0.0,0.0,0.0,0.0,0.0,0.0,0.0,0.0,0.0,0.0,0.0,0.0,0.0,0.0,0.0,0.0,0.0,0.0,0.0,0.0,0.0,0.0,0.0,0.0,0.0,0.0,0.0,0.0,0.0,0.0,0.0,0.0,0.0,0.0,0.0,0.0,0.0,0.0,0.0,0.0,0.0,0.0,0.0,0.0,0.0,0.0]
56144.06832862389 [0.0,0.0,0.0,0.0,0.0,0.0,0.0,0.0,0.0,0.0,0.0,0.0,0.0,0.0,0.0,0.0,0.0,0.0,0.0,0.0,0.0,0.0,0.0,0.0,0.0,0.0,0.0,0.0,0.0,0.0,0.0,0.0,0.0,0.0,0.0,0.0,0.0,0.0,0.0,0.0,0.0,0.0,0.0,0.0,0.0,0.0,0.0,0.0,0.0,0.0,0.0,0.0,0.0,0.0,0.0,0.0,0.0,0.0,0.0,0.0,0.0,0.0,0.0,0.0,0.0,0.0,0.0,0.0,0.0,0.0,0.0,0.0,0.0,0.0,0.0,0.0,0.0,0.0,0.0,0.0,0.0,0.0,0.0,0.0,0.0,0.0,0.0,0.0,0.0,0.0,0.0,0.0,0.0,0.0,0.0,0.0,0.0,0.0,0.0,0.0,0.0,0.0,0.0,0.0,0.0,0.0,0.0,0.0,0.0,0.0,0.0,0.0,0.0,0.0,0.0,0.0,0.0,0.0,0.0,0.0,0.0,0.0,0.0,0.0,0.0,0.0,0.0,0.0,0.0,0.0,0.0,0.0,0.0,0.0,0.0,0.0,0.0,0.0,0.0,0.0,0.0,0.0,0.0,0.0,0.0,0.0,0.0,0.0,0.0,0.0,0.0,0.0,0.0,0.0,0.0,0.0,0.0,0.0,0.0,0.0,0.0,0.0,0.0,0.0,0.0,0.0,0.0,0.0,0.0,0.0,0.0,0.0,0.0,0.0,0.0,0.0,0.0,0.0,0.0,0.0,0.0,0.0,0.0,0.0,0.0,0.0,0.0,0.0,0.0,0.0,0.0,0.0,0.0,0.0,0.0,0.0,0.0,0.0,0.0,0.0,0.0,0.0,0.0,0.0,0.0,0.0,0.0,0.0,0.0,0.0,0.0,0.0,0.0,0.0,0.0,0.0,0.0,0.0,0.0,0.0,0.0,0.0,0.0,0.0,0.0,0.0,0.0,0.0,0.0,0.0,0.0,0.0,0.0,0.0,0.0,0.0,0.0,0.0,0.0,0.0,0.0,0.0,0.0,0.0,0.0,0.0,0.0,0.0,0.0,0.0,0.0,0.0,0.0,0.0,0.0,0.0,0.0,0.0,0.0,0.0,0.0,0.0,0.0,0.0,0.0,0.0,0.0,0.0,0.0,0.0,0.0,0.0,0.0,0.0,0.0,0.0,0.0,0.0,0.0,0.0,0.0,0.0,0.0,0.0,0.0,0.0,0.0,0.0,0.0,0.0,0.0,0.0,0.0,0.0,0.0,0.0,0.0,0.0,0.0,0.0] [1311.2619900786005,1321.8202200865917,1332.463464547639,1343.19240799478,1354.0077404728797,1364.9101575830227,1375.9003605272408,1386.9790561536227,1398.1469570017646,1409.4047813486081,1420.7532532546286,1432.193102610412,1443.7250651835902,1455.3498826661717,1467.068302722235,1478.881079036026,1490.78897136042,1502.7927455657994,1514.8931736892998,1527.0910339844697,1539.3871109713293,1551.7821954868166,1564.2770847356642,1576.872582341659,1589.569498399342,1602.368649526097,1615.270858914685,1628.2769563861766,1641.3877784433362,1654.6041683244075,1667.9269760573632,1681.3570585145608,1694.895279467867,1708.5425096441993,1722.2996267815402,1736.1675156853773,1750.1470682856248,1764.2391836939755,1778.4447682617345,1792.7647356381167,1807.2000068289992,1821.7515102561672,1836.4201818170154,1851.2069649447558,1866.112810669078,1881.1386776773347,1896.285532376183,1911.5543489537563,1926.9461094423048,1942.4618037813711,1958.1024298814455,1973.8689936881608,1989.7625092469793,2005.7839987684179,2021.9344926937952,2038.215029761504,2054.626657073813,2071.1704301642176,2087.8474130653335,2104.6586783773164,2121.605307336866,2138.6883898867477,2155.9090247459117,2173.268319480143,2190.767390573309,2208.407363499154,2226.1893727937027,2244.1145621282076,2262.184084382728,2280.399101720259,2298.7607856614945,2317.2703171601615,2335.9288866789793,2354.7376942662327,2373.6979496329395,2392.810872230673,2412.077691329971,2431.4996460994216,2451.0779856853383,2470.813969292122,2490.7088662632277,2510.763956162824,2530.9805288580706,2551.359884602096,2571.9033341176064,2592.612198681206,2613.487810208354,2634.5315113390543,2655.7446555241822,2677.1286071125573,2698.6847414386757,2720.4144449111714,2742.319115101994,2764.4001608362782,2786.6590022829737,2809.097071046162,2831.715810257159,2854.5166746673017,2877.5011307415425,2900.67065675274,2924.0267428767575,2947.570891288285,2971.304616257478,2995.22944424732,3019.346914011829,3043.658576695001,3068.1659959305807,3092.870747942638,3117.7744216469364,3142.87861875312,3168.1849538677375,3193.695054598094,3219.410561656912,3245.333128967883,3271.4644237720117,3297.806126734876,3324.3599320546946,3351.1275475713155,3378.1106948760344,3405.3111094223436,3432.7305406375262,3460.3707520352004,3488.23352132871,3516.320640545493,3544.6339161423107,3573.1751691214417,3601.9462351478164,3630.9489646670518,3660.1852230244945,3689.6568905851636,3719.3658628547196,3749.3140506013438,3779.5033799786634,3809.935792649603,3840.6132459112973,3871.5377128209448,3902.7111823227383,3934.135659375755,3965.8131650829396,3997.7457368210635,4029.9354283717907,4062.3843100537392,4095.0944688556665,4128.068008570669,4161.3070499315045,4194.813730746993,4228.590206039511,4262.638648183577,4296.961247045588,4331.560210124669,4366.437762694626,4401.596147947099,4437.037627135803,4472.764479721992,4508.779003521039,4545.083514850253,4581.680348677821,4618.571858773019,4655.7604178575675,4693.248417758249,4731.038269560753,4769.132403764733,4807.533270440121,4846.243339384716,4885.265100283049,4924.601062866471,4964.253757074609,5004.22573321805,5044.519562142395,5085.137835393579,5126.08316538458,5167.3581855634,5208.965550582488,5250.907936469426,5293.188040799074,5335.808582867062,5378.772303864684,5422.081967055189,5465.740357951513,5509.7502844954415,5554.1145772382,5598.836089522486,5643.917697666003,5689.362301146471,5735.17282278806,5781.352208949439,5827.903429713208,5874.829479076986,5922.133375145914,5969.818160326825,6017.886901523867,6066.342690335802,6115.188643254807,6164.427901866934,6214.06363305417,6264.099029198114,6314.537308385285,6365.381714614103,6416.635518003553,6468.302015003491,6520.384528606639,6572.88640856233,6625.811031591967,6679.16180160615,6732.942149923667,6787.155535492116,6841.805445110439,6896.895393653112,6952.428924296275,7008.409608745552,7064.841047465831,7121.726869912778,7179.070734766296,7236.876330165845,7295.147373947643,7353.887613883764,7413.100827923194,7472.790824434837,7532.961442452409,7593.616551921397,7654.7600539479145,7716.395881049652,7778.527997408752,7841.160399126823,7904.2971144818985,7967.94220418758,8032.099761654146,8096.773913251861,8161.968818576374,8227.688670716232,8293.937696522553,8360.720156880894,8428.04034698531,8495.90259661459,8564.311270410717,8633.270768159597,8702.785525074065,8772.860012079082,8843.498736099358,8914.706240349144,8986.487104624512,9058.845945597834,9131.787417114787,9205.31621049359,9279.437054826807,9354.154717285446,9429.47400342559,9505.399757497484,9581.936862757088,9659.090241780126,9736.864856778713,9815.265709920519,9894.297843650465,9973.966341015032,10054.276325989182,10135.232963805956,10216.841461288606,10299.107067185563,10382.035072507933,10465.630810869876,10549.89965883156,10634.84703624505,10720.478406602804,10806.799277389146,10893.815200434417,10981.531772272076,11069.954634498676,11159.08947413668,11248.94202400021,11339.518063063782,11430.823416834026,11522.863957724268,11615.64560543233,11709.174327321158,11803.456138802712,11898.49710372478,11994.303334761045,12090.880993804161,12188.23629236214,12286.375491957784,12385.304904531427,12485.030892846919,12585.55987090084,12686.898304334996,12789.052710852275,12892.029660635888,12995.8357767719,13100.477735675182,13205.962267518828,13312.296156667053,13419.486242111492,13527.539417911097,13636.462633635434,13746.262894811807,13856.947263375758,13968.522858125163,14080.996855178266,14194.376488435144,14308.66905004285,14423.881890864615] 0.31126199007860056 [Infinity,Infinity,Infinity,Infinity,Infinity,Infinity,Infinity,Infinity,Infinity,Infinity,Infinity,Infinity,Infinity,Infinity,Infinity,Infinity,Infinity,Infinity,Infinity,Infinity,Infinity,Infinity,Infinity,Infinity,Infinity,Infinity,Infinity,Infinity,Infinity,Infinity,Infinity,Infinity,Infinity,Infinity,Infinity,Infinity,Infinity,Infinity,Infinity,Infinity,Infinity,Infinity,Infinity,Infinity,Infinity,Infinity,Infinity,Infinity,Infinity,Infinity,Infinity,Infinity,Infinity,Infinity,Infinity,Infinity,Infinity,Infinity,Infinity,Infinity,Infinity,Infinity,Infinity,Infinity,Infinity,Infinity,Infinity,Infinity,Infinity,Infinity,Infinity,Infinity,Infinity,Infinity,Infinity,Infinity,Infinity,Infinity,Infinity,Infinity,Infinity,Infinity,Infinity,Infinity,Infinity,Infinity,Infinity,Infinity,Infinity,Infinity,Infinity,Infinity,Infinity,Infinity,Infinity,Infinity,Infinity,Infinity,Infinity,Infinity,Infinity,Infinity,Infinity,Infinity,Infinity,Infinity,Infinity,Infinity,Infinity,Infinity,Infinity,Infinity,Infinity,Infinity,Infinity,Infinity,Infinity,Infinity,Infinity,Infinity,Infinity,Infinity,Infinity,Infinity,Infinity,Infinity,Infinity,Infinity,Infinity,Infinity,Infinity,Infinity,Infinity,Infinity,Infinity,Infinity,Infinity,Infinity,Infinity,Infinity,Infinity,Infinity,Infinity,Infinity,Infinity,Infinity,Infinity,Infinity,Infinity,Infinity,Infinity,Infinity,Infinity,Infinity,Infinity,Infinity,Infinity,Infinity,Infinity,Infinity,Infinity,Infinity,Infinity,Infinity,Infinity,Infinity,Infinity,Infinity,Infinity,Infinity,Infinity,Infinity,Infinity,Infinity,Infinity,Infinity,Infinity,Infinity,Infinity,Infinity,Infinity,Infinity,Infinity,Infinity,Infinity,Infinity,Infinity,Infinity,Infinity,Infinity,Infinity,Infinity,Infinity,Infinity,Infinity,Infinity,Infinity,Infinity,Infinity,Infinity,Infinity,Infinity,Infinity,Infinity,Infinity,Infinity,Infinity,Infinity,Infinity,Infinity,Infinity,Infinity,Infinity,Infinity,Infinity,Infinity,Infinity,Infinity,Infinity,Infinity,Infinity,Infinity,Infinity,Infinity,Infinity,Infinity,Infinity,Infinity,Infinity,Infinity,Infinity,Infinity,Infinity,Infinity,Infinity,Infinity,Infinity,Infinity,Infinity,Infinity,Infinity,Infinity,Infinity,Infinity,Infinity,Infinity,Infinity,Infinity,Infinity,Infinity,Infinity,Infinity,Infinity,Infinity,Infinity,Infinity,Infinity,Infinity,Infinity,Infinity,Infinity,Infinity,Infinity,Infinity,Infinity,Infinity,Infinity,Infinity,Infinity,Infinity,Infinity,Infinity,Infinity,Infinity,Infinity,Infinity,Infinity,Infinity,Infinity,Infinity,Infinity,Infinity,Infinity,Infinity,Infinity,Infinity,Infinity,Infinity,Infinity,Infinity,Infinity,Infinity,Infinity,Infinity,Infinity,Infinity,Infinity,Infinity,Infinity,Infinity] [0.0,0.0,0.0,0.0,0.0,0.0,0.0,0.0,0.0,0.0,0.0,0.0,0.0,0.0,0.0,0.0,0.0,0.0,0.0,0.0,0.0,0.0,0.0,0.0,0.0,0.0,0.0,0.0,0.0,0.0,0.0,0.0,0.0,0.0,0.0,0.0,0.0,0.0,0.0,0.0,0.0,0.0,0.0,0.0,0.0,0.0,0.0,0.0,0.0,0.0,0.0,0.0,0.0,0.0,0.0,0.0,0.0,0.0,0.0,0.0,0.0,0.0,0.0,0.0,0.0,0.0,0.0,0.0,0.0,0.0,0.0,0.0,0.0,0.0,0.0,0.0,0.0,0.0,0.0,0.0,0.0,0.0,0.0,0.0,0.0,0.0,0.0,0.0,0.0,0.0,0.0,0.0,0.0,0.0,0.0,0.0,0.0,0.0,0.0,0.0,0.0,0.0,0.0,0.0,0.0,0.0,0.0,0.0,0.0,0.0,0.0,0.0,0.0,0.0,0.0,0.0,0.0,0.0,0.0,0.0,0.0,0.0,0.0,0.0,0.0,0.0,0.0,0.0,0.0,0.0,0.0,0.0,0.0,0.0,0.0,0.0,0.0,0.0,0.0,0.0,0.0,0.0,0.0,0.0,0.0,0.0,0.0,0.0,0.0,0.0,0.0,0.0,0.0,0.0,0.0,0.0,0.0,0.0,0.0,0.0,0.0,0.0,0.0,0.0,0.0,0.0,0.0,0.0,0.0,0.0,0.0,0.0,0.0,0.0,0.0,0.0,0.0,0.0,0.0,0.0,0.0,0.0,0.0,0.0,0.0,0.0,0.0,0.0,0.0,0.0,0.0,0.0,0.0,0.0,0.0,0.0,0.0,0.0,0.0,0.0,0.0,0.0,0.0,0.0,0.0,0.0,0.0,0.0,0.0,0.0,0.0,0.0,0.0,0.0,0.0,0.0,0.0,0.0,0.0,0.0,0.0,0.0,0.0,0.0,0.0,0.0,0.0,0.0,0.0,0.0,0.0,0.0,0.0,0.0,0.0,0.0,0.0,0.0,0.0,0.0,0.0,0.0,0.0,0.0,0.0,0.0,0.0,0.0,0.0,0.0,0.0,0.0,0.0,0.0,0.0,0.0,0.0,0.0,0.0,0.0,0.0,0.0,0.0,0.0,0.0,0.0,0.0,0.0,0.0,0.0,0.0,0.0,0.0,0.0,0.0,0.0,0.0,0.0,0.0,0.0,0.0,0.0,0.0,0.0,0.0,0.0,0.0,0.0,0.0,0.0,0.0,0.0,0.0,0.0,0.0,0.0,0.0,0.0,0.0,0.0]
56329.59470609516 [0.0,0.0,0.0,0.0,0.0,0.0,0.0,0.0,0.0,0.0,0.0,0.0,0.0,0.0,0.0,0.0,0.0,0.0,0.0,0.0,0.0,0.0,0.0,0.0,0.0,0.0,0.0,0.0,0.0,0.0,0.0,0.0,0.0,0.0,0.0,0.0,0.0,0.0,0.0,0.0,0.0,0.0,0.0,0.0,0.0,0.0,0.0,0.0,0.0,0.0,0.0,0.0,0.0,0.0,0.0,0.0,0.0,0.0,0.0,0.0,0.0,0.0,0.0,0.0,0.0,0.0,0.0,0.0,0.0,0.0,0.0,0.0,0.0,0.0,0.0,0.0,0.0,0.0,0.0,0.0,0.0,0.0,0.0,0.0,0.0,0.0,0.0,0.0,0.0,0.0,0.0,0.0,0.0,0.0,0.0,0.0,0.0,0.0,0.0,0.0,0.0,0.0,0.0,0.0,0.0,0.0,0.0,0.0,0.0,0.0,0.0,0.0,0.0,0.0,0.0,0.0,0.0,0.0,0.0,0.0,0.0,0.0,0.0,0.0,0.0,0.0,0.0,0.0,0.0,0.0,0.0,0.0,0.0,0.0,0.0,0.0,0.0,0.0,0.0,0.0,0.0,0.0,0.0,0.0,0.0,0.0,0.0,0.0,0.0,0.0,0.0,0.0,0.0,0.0,0.0,0.0,0.0,0.0,0.0,0.0,0.0,0.0,0.0,0.0,0.0,0.0,0.0,0.0,0.0,0.0,0.0,0.0,0.0,0.0,0.0,0.0,0.0,0.0,0.0,0.0,0.0,0.0,0.0,0.0,0.0,0.0,0.0,0.0,0.0,0.0,0.0,0.0,0.0,0.0,0.0,0.0,0.0,0.0,0.0,0.0,0.0,0.0,0.0,0.0,0.0,0.0,0.0,0.0,0.0,0.0,0.0,0.0,0.0,0.0,0.0,0.0,0.0,0.0,0.0,0.0,0.0,0.0,0.0,0.0,0.0,0.0,0.0,0.0,0.0,0.0,0.0,0.0,0.0,0.0,0.0,0.0,0.0,0.0,0.0,0.0,0.0,0.0,0.0,0.0,0.0,0.0,0.0,0.0,0.0,0.0,0.0,0.0,0.0,0.0,0.0,0.0,0.0,0.0,0.0,0.0,0.0,0.0,0.0,0.0,0.0,0.0,0.0,0.0,0.0,0.0,0.0,0.0,0.0,0.0,0.0,0.0,0.0,0.0,0.0,0.0,0.0,0.0,0.0,0.0,0.0,0.0,0.0,0.0,0.0,0.0,0.0,0.0,0.0,0.0,0.0,0.0,0.0,0.0,0.0,0.0] [1311.2619900786005,1321.8202200865917,1332.463464547639,1343.19240799478,1354.0077404728797,1364.9101575830227,1375.9003605272408,1386.9790561536227,1398.1469570017646,1409.4047813486081,1420.7532532546286,1432.193102610412,1443.7250651835902,1455.3498826661717,1467.068302722235,1478.881079036026,1490.78897136042,1502.7927455657994,1514.8931736892998,1527.0910339844697,1539.3871109713293,1551.7821954868166,1564.2770847356642,1576.872582341659,1589.569498399342,1602.368649526097,1615.270858914685,1628.2769563861766,1641.3877784433362,1654.6041683244075,1667.9269760573632,1681.3570585145608,1694.895279467867,1708.5425096441993,1722.2996267815402,1736.1675156853773,1750.1470682856248,1764.2391836939755,1778.4447682617345,1792.7647356381167,1807.2000068289992,1821.7515102561672,1836.4201818170154,1851.2069649447558,1866.112810669078,1881.1386776773347,1896.285532376183,1911.5543489537563,1926.9461094423048,1942.4618037813711,1958.1024298814455,1973.8689936881608,1989.7625092469793,2005.7839987684179,2021.9344926937952,2038.215029761504,2054.626657073813,2071.1704301642176,2087.8474130653335,2104.6586783773164,2121.605307336866,2138.6883898867477,2155.9090247459117,2173.268319480143,2190.767390573309,2208.407363499154,2226.1893727937027,2244.1145621282076,2262.184084382728,2280.399101720259,2298.7607856614945,2317.2703171601615,2335.9288866789793,2354.7376942662327,2373.6979496329395,2392.810872230673,2412.077691329971,2431.4996460994216,2451.0779856853383,2470.813969292122,2490.7088662632277,2510.763956162824,2530.9805288580706,2551.359884602096,2571.9033341176064,2592.612198681206,2613.487810208354,2634.5315113390543,2655.7446555241822,2677.1286071125573,2698.6847414386757,2720.4144449111714,2742.319115101994,2764.4001608362782,2786.6590022829737,2809.097071046162,2831.715810257159,2854.5166746673017,2877.5011307415425,2900.67065675274,2924.0267428767575,2947.570891288285,2971.304616257478,2995.22944424732,3019.346914011829,3043.658576695001,3068.1659959305807,3092.870747942638,3117.7744216469364,3142.87861875312,3168.1849538677375,3193.695054598094,3219.410561656912,3245.333128967883,3271.4644237720117,3297.806126734876,3324.3599320546946,3351.1275475713155,3378.1106948760344,3405.3111094223436,3432.7305406375262,3460.3707520352004,3488.23352132871,3516.320640545493,3544.6339161423107,3573.1751691214417,3601.9462351478164,3630.9489646670518,3660.1852230244945,3689.6568905851636,3719.3658628547196,3749.3140506013438,3779.5033799786634,3809.935792649603,3840.6132459112973,3871.5377128209448,3902.7111823227383,3934.135659375755,3965.8131650829396,3997.7457368210635,4029.9354283717907,4062.3843100537392,4095.0944688556665,4128.068008570669,4161.3070499315045,4194.813730746993,4228.590206039511,4262.638648183577,4296.961247045588,4331.560210124669,4366.437762694626,4401.596147947099,4437.037627135803,4472.764479721992,4508.779003521039,4545.083514850253,4581.680348677821,4618.571858773019,4655.7604178575675,4693.248417758249,4731.038269560753,4769.132403764733,4807.533270440121,4846.243339384716,4885.265100283049,4924.601062866471,4964.253757074609,5004.22573321805,5044.519562142395,5085.137835393579,5126.08316538458,5167.3581855634,5208.965550582488,5250.907936469426,5293.188040799074,5335.808582867062,5378.772303864684,5422.081967055189,5465.740357951513,5509.7502844954415,5554.1145772382,5598.836089522486,5643.917697666003,5689.362301146471,5735.17282278806,5781.352208949439,5827.903429713208,5874.829479076986,5922.133375145914,5969.818160326825,6017.886901523867,6066.342690335802,6115.188643254807,6164.427901866934,6214.06363305417,6264.099029198114,6314.537308385285,6365.381714614103,6416.635518003553,6468.302015003491,6520.384528606639,6572.88640856233,6625.811031591967,6679.16180160615,6732.942149923667,6787.155535492116,6841.805445110439,6896.895393653112,6952.428924296275,7008.409608745552,7064.841047465831,7121.726869912778,7179.070734766296,7236.876330165845,7295.147373947643,7353.887613883764,7413.100827923194,7472.790824434837,7532.961442452409,7593.616551921397,7654.7600539479145,7716.395881049652,7778.527997408752,7841.160399126823,7904.2971144818985,7967.94220418758,8032.099761654146,8096.773913251861,8161.968818576374,8227.688670716232,8293.937696522553,8360.720156880894,8428.04034698531,8495.90259661459,8564.311270410717,8633.270768159597,8702.785525074065,8772.860012079082,8843.498736099358,8914.706240349144,8986.487104624512,9058.845945597834,9131.787417114787,9205.31621049359,9279.437054826807,9354.154717285446,9429.47400342559,9505.399757497484,9581.936862757088,9659.090241780126,9736.864856778713,9815.265709920519,9894.297843650465,9973.966341015032,10054.276325989182,10135.232963805956,10216.841461288606,10299.107067185563,10382.035072507933,10465.630810869876,10549.89965883156,10634.84703624505,10720.478406602804,10806.799277389146,10893.815200434417,10981.531772272076,11069.954634498676,11159.08947413668,11248.94202400021,11339.518063063782,11430.823416834026,11522.863957724268,11615.64560543233,11709.174327321158,11803.456138802712,11898.49710372478,11994.303334761045,12090.880993804161,12188.23629236214,12286.375491957784,12385.304904531427,12485.030892846919,12585.55987090084,12686.898304334996,12789.052710852275,12892.029660635888,12995.8357767719,13100.477735675182,13205.962267518828,13312.296156667053,13419.486242111492,13527.539417911097,13636.462633635434,13746.262894811807,13856.947263375758,13968.522858125163,14080.996855178266,14194.376488435144,14308.66905004285,14423.881890864615] 0.31126199007860056 [Infinity,Infinity,Infinity,Infinity,Infinity,Infinity,Infinity,Infinity,Infinity,Infinity,Infinity,Infinity,Infinity,Infinity,Infinity,Infinity,Infinity,Infinity,Infinity,Infinity,Infinity,Infinity,Infinity,Infinity,Infinity,Infinity,Infinity,Infinity,Infinity,Infinity,Infinity,Infinity,Infinity,Infinity,Infinity,Infinity,Infinity,Infinity,Infinity,Infinity,Infinity,Infinity,Infinity,Infinity,Infinity,Infinity,Infinity,Infinity,Infinity,Infinity,Infinity,Infinity,Infinity,Infinity,Infinity,Infinity,Infinity,Infinity,Infinity,Infinity,Infinity,Infinity,Infinity,Infinity,Infinity,Infinity,Infinity,Infinity,Infinity,Infinity,Infinity,Infinity,Infinity,Infinity,Infinity,Infinity,Infinity,Infinity,Infinity,Infinity,Infinity,Infinity,Infinity,Infinity,Infinity,Infinity,Infinity,Infinity,Infinity,Infinity,Infinity,Infinity,Infinity,Infinity,Infinity,Infinity,Infinity,Infinity,Infinity,Infinity,Infinity,Infinity,Infinity,Infinity,Infinity,Infinity,Infinity,Infinity,Infinity,Infinity,Infinity,Infinity,Infinity,Infinity,Infinity,Infinity,Infinity,Infinity,Infinity,Infinity,Infinity,Infinity,Infinity,Infinity,Infinity,Infinity,Infinity,Infinity,Infinity,Infinity,Infinity,Infinity,Infinity,Infinity,Infinity,Infinity,Infinity,Infinity,Infinity,Infinity,Infinity,Infinity,Infinity,Infinity,Infinity,Infinity,Infinity,Infinity,Infinity,Infinity,Infinity,Infinity,Infinity,Infinity,Infinity,Infinity,Infinity,Infinity,Infinity,Infinity,Infinity,Infinity,Infinity,Infinity,Infinity,Infinity,Infinity,Infinity,Infinity,Infinity,Infinity,Infinity,Infinity,Infinity,Infinity,Infinity,Infinity,Infinity,Infinity,Infinity,Infinity,Infinity,Infinity,Infinity,Infinity,Infinity,Infinity,Infinity,Infinity,Infinity,Infinity,Infinity,Infinity,Infinity,Infinity,Infinity,Infinity,Infinity,Infinity,Infinity,Infinity,Infinity,Infinity,Infinity,Infinity,Infinity,Infinity,Infinity,Infinity,Infinity,Infinity,Infinity,Infinity,Infinity,Infinity,Infinity,Infinity,Infinity,Infinity,Infinity,Infinity,Infinity,Infinity,Infinity,Infinity,Infinity,Infinity,Infinity,Infinity,Infinity,Infinity,Infinity,Infinity,Infinity,Infinity,Infinity,Infinity,Infinity,Infinity,Infinity,Infinity,Infinity,Infinity,Infinity,Infinity,Infinity,Infinity,Infinity,Infinity,Infinity,Infinity,Infinity,Infinity,Infinity,Infinity,Infinity,Infinity,Infinity,Infinity,Infinity,Infinity,Infinity,Infinity,Infinity,Infinity,Infinity,Infinity,Infinity,Infinity,Infinity,Infinity,Infinity,Infinity,Infinity,Infinity,Infinity,Infinity,Infinity,Infinity,Infinity,Infinity,Infinity,Infinity,Infinity,Infinity,Infinity,Infinity,Infinity,Infinity,Infinity,Infinity,Infinity,Infinity,Infinity,Infinity,Infinity,Infinity,Infinity,Infinity,Infinity] [0.0,0.0,0.0,0.0,0.0,0.0,0.0,0.0,0.0,0.0,0.0,0.0,0.0,0.0,0.0,0.0,0.0,0.0,0.0,0.0,0.0,0.0,0.0,0.0,0.0,0.0,0.0,0.0,0.0,0.0,0.0,0.0,0.0,0.0,0.0,0.0,0.0,0.0,0.0,0.0,0.0,0.0,0.0,0.0,0.0,0.0,0.0,0.0,0.0,0.0,0.0,0.0,0.0,0.0,0.0,0.0,0.0,0.0,0.0,0.0,0.0,0.0,0.0,0.0,0.0,0.0,0.0,0.0,0.0,0.0,0.0,0.0,0.0,0.0,0.0,0.0,0.0,0.0,0.0,0.0,0.0,0.0,0.0,0.0,0.0,0.0,0.0,0.0,0.0,0.0,0.0,0.0,0.0,0.0,0.0,0.0,0.0,0.0,0.0,0.0,0.0,0.0,0.0,0.0,0.0,0.0,0.0,0.0,0.0,0.0,0.0,0.0,0.0,0.0,0.0,0.0,0.0,0.0,0.0,0.0,0.0,0.0,0.0,0.0,0.0,0.0,0.0,0.0,0.0,0.0,0.0,0.0,0.0,0.0,0.0,0.0,0.0,0.0,0.0,0.0,0.0,0.0,0.0,0.0,0.0,0.0,0.0,0.0,0.0,0.0,0.0,0.0,0.0,0.0,0.0,0.0,0.0,0.0,0.0,0.0,0.0,0.0,0.0,0.0,0.0,0.0,0.0,0.0,0.0,0.0,0.0,0.0,0.0,0.0,0.0,0.0,0.0,0.0,0.0,0.0,0.0,0.0,0.0,0.0,0.0,0.0,0.0,0.0,0.0,0.0,0.0,0.0,0.0,0.0,0.0,0.0,0.0,0.0,0.0,0.0,0.0,0.0,0.0,0.0,0.0,0.0,0.0,0.0,0.0,0.0,0.0,0.0,0.0,0.0,0.0,0.0,0.0,0.0,0.0,0.0,0.0,0.0,0.0,0.0,0.0,0.0,0.0,0.0,0.0,0.0,0.0,0.0,0.0,0.0,0.0,0.0,0.0,0.0,0.0,0.0,0.0,0.0,0.0,0.0,0.0,0.0,0.0,0.0,0.0,0.0,0.0,0.0,0.0,0.0,0.0,0.0,0.0,0.0,0.0,0.0,0.0,0.0,0.0,0.0,0.0,0.0,0.0,0.0,0.0,0.0,0.0,0.0,0.0,0.0,0.0,0.0,0.0,0.0,0.0,0.0,0.0,0.0,0.0,0.0,0.0,0.0,0.0,0.0,0.0,0.0,0.0,0.0,0.0,0.0,0.0,0.0,0.0,0.0,0.0,0.0]
56112.471092831795 [0.0,0.0,0.0,0.0,0.0,0.0,0.0,0.0,0.0,0.0,0.0,0.0,0.0,0.0,0.0,0.0,0.0,0.0,0.0,0.0,0.0,0.0,0.0,0.0,0.0,0.0,0.0,0.0,0.0,0.0,0.0,0.0,0.0,0.0,0.0,0.0,0.0,0.0,0.0,0.0,0.0,0.0,0.0,0.0,0.0,0.0,0.0,0.0,0.0,0.0,0.0,0.0,0.0,0.0,0.0,0.0,0.0,0.0,0.0,0.0,0.0,0.0,0.0,0.0,0.0,0.0,0.0,0.0,0.0,0.0,0.0,0.0,0.0,0.0,0.0,0.0,0.0,0.0,0.0,0.0,0.0,0.0,0.0,0.0,0.0,0.0,0.0,0.0,0.0,0.0,0.0,0.0,0.0,0.0,0.0,0.0,0.0,0.0,0.0,0.0,0.0,0.0,0.0,0.0,0.0,0.0,0.0,0.0,0.0,0.0,0.0,0.0,0.0,0.0,0.0,0.0,0.0,0.0,0.0,0.0,0.0,0.0,0.0,0.0,0.0,0.0,0.0,0.0,0.0,0.0,0.0,0.0,0.0,0.0,0.0,0.0,0.0,0.0,0.0,0.0,0.0,0.0,0.0,0.0,0.0,0.0,0.0,0.0,0.0,0.0,0.0,0.0,0.0,0.0,0.0,0.0,0.0,0.0,0.0,0.0,0.0,0.0,0.0,0.0,0.0,0.0,0.0,0.0,0.0,0.0,0.0,0.0,0.0,0.0,0.0,0.0,0.0,0.0,0.0,0.0,0.0,0.0,0.0,0.0,0.0,0.0,0.0,0.0,0.0,0.0,0.0,0.0,0.0,0.0,0.0,0.0,0.0,0.0,0.0,0.0,0.0,0.0,0.0,0.0,0.0,0.0,0.0,0.0,0.0,0.0,0.0,0.0,0.0,0.0,0.0,0.0,0.0,0.0,0.0,0.0,0.0,0.0,0.0,0.0,0.0,0.0,0.0,0.0,0.0,0.0,0.0,0.0,0.0,0.0,0.0,0.0,0.0,0.0,0.0,0.0,0.0,0.0,0.0,0.0,0.0,0.0,0.0,0.0,0.0,0.0,0.0,0.0,0.0,0.0,0.0,0.0,0.0,0.0,0.0,0.0,0.0,0.0,0.0,0.0,0.0,0.0,0.0,0.0,0.0,0.0,0.0,0.0,0.0,0.0,0.0,0.0,0.0,0.0,0.0,0.0,0.0,0.0,0.0,0.0,0.0,0.0,0.0,0.0,0.0,0.0,0.0,0.0,0.0,0.0,0.0,0.0,0.0,0.0,0.0,0.0] [1311.2619900786005,1321.8202200865917,1332.463464547639,1343.19240799478,1354.0077404728797,1364.9101575830227,1375.9003605272408,1386.9790561536227,1398.1469570017646,1409.4047813486081,1420.7532532546286,1432.193102610412,1443.7250651835902,1455.3498826661717,1467.068302722235,1478.881079036026,1490.78897136042,1502.7927455657994,1514.8931736892998,1527.0910339844697,1539.3871109713293,1551.7821954868166,1564.2770847356642,1576.872582341659,1589.569498399342,1602.368649526097,1615.270858914685,1628.2769563861766,1641.3877784433362,1654.6041683244075,1667.9269760573632,1681.3570585145608,1694.895279467867,1708.5425096441993,1722.2996267815402,1736.1675156853773,1750.1470682856248,1764.2391836939755,1778.4447682617345,1792.7647356381167,1807.2000068289992,1821.7515102561672,1836.4201818170154,1851.2069649447558,1866.112810669078,1881.1386776773347,1896.285532376183,1911.5543489537563,1926.9461094423048,1942.4618037813711,1958.1024298814455,1973.8689936881608,1989.7625092469793,2005.7839987684179,2021.9344926937952,2038.215029761504,2054.626657073813,2071.1704301642176,2087.8474130653335,2104.6586783773164,2121.605307336866,2138.6883898867477,2155.9090247459117,2173.268319480143,2190.767390573309,2208.407363499154,2226.1893727937027,2244.1145621282076,2262.184084382728,2280.399101720259,2298.7607856614945,2317.2703171601615,2335.9288866789793,2354.7376942662327,2373.6979496329395,2392.810872230673,2412.077691329971,2431.4996460994216,2451.0779856853383,2470.813969292122,2490.7088662632277,2510.763956162824,2530.9805288580706,2551.359884602096,2571.9033341176064,2592.612198681206,2613.487810208354,2634.5315113390543,2655.7446555241822,2677.1286071125573,2698.6847414386757,2720.4144449111714,2742.319115101994,2764.4001608362782,2786.6590022829737,2809.097071046162,2831.715810257159,2854.5166746673017,2877.5011307415425,2900.67065675274,2924.0267428767575,2947.570891288285,2971.304616257478,2995.22944424732,3019.346914011829,3043.658576695001,3068.1659959305807,3092.870747942638,3117.7744216469364,3142.87861875312,3168.1849538677375,3193.695054598094,3219.410561656912,3245.333128967883,3271.4644237720117,3297.806126734876,3324.3599320546946,3351.1275475713155,3378.1106948760344,3405.3111094223436,3432.7305406375262,3460.3707520352004,3488.23352132871,3516.320640545493,3544.6339161423107,3573.1751691214417,3601.9462351478164,3630.9489646670518,3660.1852230244945,3689.6568905851636,3719.3658628547196,3749.3140506013438,3779.5033799786634,3809.935792649603,3840.6132459112973,3871.5377128209448,3902.7111823227383,3934.135659375755,3965.8131650829396,3997.7457368210635,4029.9354283717907,4062.3843100537392,4095.0944688556665,4128.068008570669,4161.3070499315045,4194.813730746993,4228.590206039511,4262.638648183577,4296.961247045588,4331.560210124669,4366.437762694626,4401.596147947099,4437.037627135803,4472.764479721992,4508.779003521039,4545.083514850253,4581.680348677821,4618.571858773019,4655.7604178575675,4693.248417758249,4731.038269560753,4769.132403764733,4807.533270440121,4846.243339384716,4885.265100283049,4924.601062866471,4964.253757074609,5004.22573321805,5044.519562142395,5085.137835393579,5126.08316538458,5167.3581855634,5208.965550582488,5250.907936469426,5293.188040799074,5335.808582867062,5378.772303864684,5422.081967055189,5465.740357951513,5509.7502844954415,5554.1145772382,5598.836089522486,5643.917697666003,5689.362301146471,5735.17282278806,5781.352208949439,5827.903429713208,5874.829479076986,5922.133375145914,5969.818160326825,6017.886901523867,6066.342690335802,6115.188643254807,6164.427901866934,6214.06363305417,6264.099029198114,6314.537308385285,6365.381714614103,6416.635518003553,6468.302015003491,6520.384528606639,6572.88640856233,6625.811031591967,6679.16180160615,6732.942149923667,6787.155535492116,6841.805445110439,6896.895393653112,6952.428924296275,7008.409608745552,7064.841047465831,7121.726869912778,7179.070734766296,7236.876330165845,7295.147373947643,7353.887613883764,7413.100827923194,7472.790824434837,7532.961442452409,7593.616551921397,7654.7600539479145,7716.395881049652,7778.527997408752,7841.160399126823,7904.2971144818985,7967.94220418758,8032.099761654146,8096.773913251861,8161.968818576374,8227.688670716232,8293.937696522553,8360.720156880894,8428.04034698531,8495.90259661459,8564.311270410717,8633.270768159597,8702.785525074065,8772.860012079082,8843.498736099358,8914.706240349144,8986.487104624512,9058.845945597834,9131.787417114787,9205.31621049359,9279.437054826807,9354.154717285446,9429.47400342559,9505.399757497484,9581.936862757088,9659.090241780126,9736.864856778713,9815.265709920519,9894.297843650465,9973.966341015032,10054.276325989182,10135.232963805956,10216.841461288606,10299.107067185563,10382.035072507933,10465.630810869876,10549.89965883156,10634.84703624505,10720.478406602804,10806.799277389146,10893.815200434417,10981.531772272076,11069.954634498676,11159.08947413668,11248.94202400021,11339.518063063782,11430.823416834026,11522.863957724268,11615.64560543233,11709.174327321158,11803.456138802712,11898.49710372478,11994.303334761045,12090.880993804161,12188.23629236214,12286.375491957784,12385.304904531427,12485.030892846919,12585.55987090084,12686.898304334996,12789.052710852275,12892.029660635888,12995.8357767719,13100.477735675182,13205.962267518828,13312.296156667053,13419.486242111492,13527.539417911097,13636.462633635434,13746.262894811807,13856.947263375758,13968.522858125163,14080.996855178266,14194.376488435144,14308.66905004285,14423.881890864615] 0.31126199007860056 [Infinity,Infinity,Infinity,Infinity,Infinity,Infinity,Infinity,Infinity,Infinity,Infinity,Infinity,Infinity,Infinity,Infinity,Infinity,Infinity,Infinity,Infinity,Infinity,Infinity,Infinity,Infinity,Infinity,Infinity,Infinity,Infinity,Infinity,Infinity,Infinity,Infinity,Infinity,Infinity,Infinity,Infinity,Infinity,Infinity,Infinity,Infinity,Infinity,Infinity,Infinity,Infinity,Infinity,Infinity,Infinity,Infinity,Infinity,Infinity,Infinity,Infinity,Infinity,Infinity,Infinity,Infinity,Infinity,Infinity,Infinity,Infinity,Infinity,Infinity,Infinity,Infinity,Infinity,Infinity,Infinity,Infinity,Infinity,Infinity,Infinity,Infinity,Infinity,Infinity,Infinity,Infinity,Infinity,Infinity,Infinity,Infinity,Infinity,Infinity,Infinity,Infinity,Infinity,Infinity,Infinity,Infinity,Infinity,Infinity,Infinity,Infinity,Infinity,Infinity,Infinity,Infinity,Infinity,Infinity,Infinity,Infinity,Infinity,Infinity,Infinity,Infinity,Infinity,Infinity,Infinity,Infinity,Infinity,Infinity,Infinity,Infinity,Infinity,Infinity,Infinity,Infinity,Infinity,Infinity,Infinity,Infinity,Infinity,Infinity,Infinity,Infinity,Infinity,Infinity,Infinity,Infinity,Infinity,Infinity,Infinity,Infinity,Infinity,Infinity,Infinity,Infinity,Infinity,Infinity,Infinity,Infinity,Infinity,Infinity,Infinity,Infinity,Infinity,Infinity,Infinity,Infinity,Infinity,Infinity,Infinity,Infinity,Infinity,Infinity,Infinity,Infinity,Infinity,Infinity,Infinity,Infinity,Infinity,Infinity,Infinity,Infinity,Infinity,Infinity,Infinity,Infinity,Infinity,Infinity,Infinity,Infinity,Infinity,Infinity,Infinity,Infinity,Infinity,Infinity,Infinity,Infinity,Infinity,Infinity,Infinity,Infinity,Infinity,Infinity,Infinity,Infinity,Infinity,Infinity,Infinity,Infinity,Infinity,Infinity,Infinity,Infinity,Infinity,Infinity,Infinity,Infinity,Infinity,Infinity,Infinity,Infinity,Infinity,Infinity,Infinity,Infinity,Infinity,Infinity,Infinity,Infinity,Infinity,Infinity,Infinity,Infinity,Infinity,Infinity,Infinity,Infinity,Infinity,Infinity,Infinity,Infinity,Infinity,Infinity,Infinity,Infinity,Infinity,Infinity,Infinity,Infinity,Infinity,Infinity,Infinity,Infinity,Infinity,Infinity,Infinity,Infinity,Infinity,Infinity,Infinity,Infinity,Infinity,Infinity,Infinity,Infinity,Infinity,Infinity,Infinity,Infinity,Infinity,Infinity,Infinity,Infinity,Infinity,Infinity,Infinity,Infinity,Infinity,Infinity,Infinity,Infinity,Infinity,Infinity,Infinity,Infinity,Infinity,Infinity,Infinity,Infinity,Infinity,Infinity,Infinity,Infinity,Infinity,Infinity,Infinity,Infinity,Infinity,Infinity,Infinity,Infinity,Infinity,Infinity,Infinity,Infinity,Infinity,Infinity,Infinity,Infinity,Infinity,Infinity,Infinity,Infinity,Infinity,Infinity,Infinity,Infinity,Infinity,Infinity] [0.0,0.0,0.0,0.0,0.0,0.0,0.0,0.0,0.0,0.0,0.0,0.0,0.0,0.0,0.0,0.0,0.0,0.0,0.0,0.0,0.0,0.0,0.0,0.0,0.0,0.0,0.0,0.0,0.0,0.0,0.0,0.0,0.0,0.0,0.0,0.0,0.0,0.0,0.0,0.0,0.0,0.0,0.0,0.0,0.0,0.0,0.0,0.0,0.0,0.0,0.0,0.0,0.0,0.0,0.0,0.0,0.0,0.0,0.0,0.0,0.0,0.0,0.0,0.0,0.0,0.0,0.0,0.0,0.0,0.0,0.0,0.0,0.0,0.0,0.0,0.0,0.0,0.0,0.0,0.0,0.0,0.0,0.0,0.0,0.0,0.0,0.0,0.0,0.0,0.0,0.0,0.0,0.0,0.0,0.0,0.0,0.0,0.0,0.0,0.0,0.0,0.0,0.0,0.0,0.0,0.0,0.0,0.0,0.0,0.0,0.0,0.0,0.0,0.0,0.0,0.0,0.0,0.0,0.0,0.0,0.0,0.0,0.0,0.0,0.0,0.0,0.0,0.0,0.0,0.0,0.0,0.0,0.0,0.0,0.0,0.0,0.0,0.0,0.0,0.0,0.0,0.0,0.0,0.0,0.0,0.0,0.0,0.0,0.0,0.0,0.0,0.0,0.0,0.0,0.0,0.0,0.0,0.0,0.0,0.0,0.0,0.0,0.0,0.0,0.0,0.0,0.0,0.0,0.0,0.0,0.0,0.0,0.0,0.0,0.0,0.0,0.0,0.0,0.0,0.0,0.0,0.0,0.0,0.0,0.0,0.0,0.0,0.0,0.0,0.0,0.0,0.0,0.0,0.0,0.0,0.0,0.0,0.0,0.0,0.0,0.0,0.0,0.0,0.0,0.0,0.0,0.0,0.0,0.0,0.0,0.0,0.0,0.0,0.0,0.0,0.0,0.0,0.0,0.0,0.0,0.0,0.0,0.0,0.0,0.0,0.0,0.0,0.0,0.0,0.0,0.0,0.0,0.0,0.0,0.0,0.0,0.0,0.0,0.0,0.0,0.0,0.0,0.0,0.0,0.0,0.0,0.0,0.0,0.0,0.0,0.0,0.0,0.0,0.0,0.0,0.0,0.0,0.0,0.0,0.0,0.0,0.0,0.0,0.0,0.0,0.0,0.0,0.0,0.0,0.0,0.0,0.0,0.0,0.0,0.0,0.0,0.0,0.0,0.0,0.0,0.0,0.0,0.0,0.0,0.0,0.0,0.0,0.0,0.0,0.0,0.0,0.0,0.0,0.0,0.0,0.0,0.0,0.0,0.0,0.0]
56232.47151716582 [0.0,0.0,0.0,0.0,0.0,0.0,0.0,0.0,0.0,0.0,0.0,0.0,0.0,0.0,0.0,0.0,0.0,0.0,0.0,0.0,0.0,0.0,0.0,0.0,0.0,0.0,0.0,0.0,0.0,0.0,0.0,0.0,0.0,0.0,0.0,0.0,0.0,0.0,0.0,0.0,0.0,0.0,0.0,0.0,0.0,0.0,0.0,0.0,0.0,0.0,0.0,0.0,0.0,0.0,0.0,0.0,0.0,0.0,0.0,0.0,0.0,0.0,0.0,0.0,0.0,0.0,0.0,0.0,0.0,0.0,0.0,0.0,0.0,0.0,0.0,0.0,0.0,0.0,0.0,0.0,0.0,0.0,0.0,0.0,0.0,0.0,0.0,0.0,0.0,0.0,0.0,0.0,0.0,0.0,0.0,0.0,0.0,0.0,0.0,0.0,0.0,0.0,0.0,0.0,0.0,0.0,0.0,0.0,0.0,0.0,0.0,0.0,0.0,0.0,0.0,0.0,0.0,0.0,0.0,0.0,0.0,0.0,0.0,0.0,0.0,0.0,0.0,0.0,0.0,0.0,0.0,0.0,0.0,0.0,0.0,0.0,0.0,0.0,0.0,0.0,436.1692335638056,436.5290009559259,459.07397643077275,344.82938953615104,279.3553583903685,255.986628466255,245.36949242809578,320.3880869533628,323.3206102603946,414.75276718366683,446.67881392550896,476.2071096087034,472.9267439911755,614.1405504538599,695.7723293374223,697.2320392291152,686.2303404312233,658.3501245805611,762.5320774398249,717.3793599146844,684.8006709540489,499.25414281832934,395.83261665898766,384.5333051099449,446.78804370255017,594.7500227953217,597.45662054316,598.0988523445449,657.0257838617972,740.79649587354,885.2560659711405,841.228397815642,763.4924947758345,852.637746385486,805.0601052534984,960.4337350326552,801.9613470761581,706.3878270802974,594.3389392070401,546.5224083920938,480.53405610883596,419.88729457625067,454.51874727836656,554.7274042705876,541.0783357980349,494.953281609417,530.3276955895537,608.7617224394946,615.7318380049445,669.0426201956158,600.18416107043,554.6883487673391,515.7872782070172,470.4803506558714,504.8113451194556,482.7302260758792,447.26398770261875,424.8606488369761,343.06566081045196,363.28074223954724,365.50029382274437,363.2669048351732,435.5219698541571,424.98270190626465,489.42470250155696,440.6515388394522,398.2799491428853,337.34923596567177,372.2876634045524,372.83322676469675,346.3375026187541,301.3718446121413,340.83955765410536,321.98089216983027,354.6718784232558,309.1290901946616,332.2573202050651,321.37733108718817,310.1185615196098,307.5825747698557,316.46273170711294,297.5776146982059,291.9235584732708,307.0249083808378,264.638309583235,229.23236386492238,229.2434914335335,237.98215426056964,254.71011042373107,251.56694226642028,270.0770790794762,254.51321109630518,254.32125149151148,224.99139830582368,212.97917157095645,223.65765419695407,213.6883927593783,187.01261567962558,203.24418970338945,210.31433850402638,171.7122047982911,194.56111625041441,188.48711676631132,180.12956478810082,167.66603785877487,182.04709369878108,150.914893851881,154.2112741931507,142.3360991858749,144.1930535605316,133.43751251648757,134.97995043392538,131.63203575805423,128.50356555382064,121.96270332045239,114.67574413756283,115.91344200805514,106.90504770983483,98.08949760440102,86.42858495730725,88.59346608370404,106.60176788264053,96.84406530596027,97.07772935156274,88.13751020809217,101.03916037879496,97.69732037741014,96.88342902465934,94.69401293406706,97.59633319543903,93.45039118720757,82.55262421290644,82.88197832113423,75.29645239237995,77.90336733713754,84.84132894441947,72.99394644986418,74.57095931841941,68.24770027721124,65.99462864066729,60.81638926827078,61.72372201226911,69.41614369067709,65.31004627174893,65.42330502574887,66.21814065841181,61.47044097204416,53.67847324369119,44.655971685181996,41.82602558055922,42.55891997568378,37.00522343650054,32.23783648564096,38.826286889307454,32.44790857594384,35.05409120775474,34.79851134959713,33.797847968541916,33.88304952676988,33.69156133157961] [1311.2619900786005,1321.8202200865917,1332.463464547639,1343.19240799478,1354.0077404728797,1364.9101575830227,1375.9003605272408,1386.9790561536227,1398.1469570017646,1409.4047813486081,1420.7532532546286,1432.193102610412,1443.7250651835902,1455.3498826661717,1467.068302722235,1478.881079036026,1490.78897136042,1502.7927455657994,1514.8931736892998,1527.0910339844697,1539.3871109713293,1551.7821954868166,1564.2770847356642,1576.872582341659,1589.569498399342,1602.368649526097,1615.270858914685,1628.2769563861766,1641.3877784433362,1654.6041683244075,1667.9269760573632,1681.3570585145608,1694.895279467867,1708.5425096441993,1722.2996267815402,1736.1675156853773,1750.1470682856248,1764.2391836939755,1778.4447682617345,1792.7647356381167,1807.2000068289992,1821.7515102561672,1836.4201818170154,1851.2069649447558,1866.112810669078,1881.1386776773347,1896.285532376183,1911.5543489537563,1926.9461094423048,1942.4618037813711,1958.1024298814455,1973.8689936881608,1989.7625092469793,2005.7839987684179,2021.9344926937952,2038.215029761504,2054.626657073813,2071.1704301642176,2087.8474130653335,2104.6586783773164,2121.605307336866,2138.6883898867477,2155.9090247459117,2173.268319480143,2190.767390573309,2208.407363499154,2226.1893727937027,2244.1145621282076,2262.184084382728,2280.399101720259,2298.7607856614945,2317.2703171601615,2335.9288866789793,2354.7376942662327,2373.6979496329395,2392.810872230673,2412.077691329971,2431.4996460994216,2451.0779856853383,2470.813969292122,2490.7088662632277,2510.763956162824,2530.9805288580706,2551.359884602096,2571.9033341176064,2592.612198681206,2613.487810208354,2634.5315113390543,2655.7446555241822,2677.1286071125573,2698.6847414386757,2720.4144449111714,2742.319115101994,2764.4001608362782,2786.6590022829737,2809.097071046162,2831.715810257159,2854.5166746673017,2877.5011307415425,2900.67065675274,2924.0267428767575,2947.570891288285,2971.304616257478,2995.22944424732,3019.346914011829,3043.658576695001,3068.1659959305807,3092.870747942638,3117.7744216469364,3142.87861875312,3168.1849538677375,3193.695054598094,3219.410561656912,3245.333128967883,3271.4644237720117,3297.806126734876,3324.3599320546946,3351.1275475713155,3378.1106948760344,3405.3111094223436,3432.7305406375262,3460.3707520352004,3488.23352132871,3516.320640545493,3544.6339161423107,3573.1751691214417,3601.9462351478164,3630.9489646670518,3660.1852230244945,3689.6568905851636,3719.3658628547196,3749.3140506013438,3779.5033799786634,3809.935792649603,3840.6132459112973,3871.5377128209448,3902.7111823227383,3934.135659375755,3965.8131650829396,3997.7457368210635,4029.9354283717907,4062.3843100537392,4095.0944688556665,4128.068008570669,4161.3070499315045,4194.813730746993,4228.590206039511,4262.638648183577,4296.961247045588,4331.560210124669,4366.437762694626,4401.596147947099,4437.037627135803,4472.764479721992,4508.779003521039,4545.083514850253,4581.680348677821,4618.571858773019,4655.7604178575675,4693.248417758249,4731.038269560753,4769.132403764733,4807.533270440121,4846.243339384716,4885.265100283049,4924.601062866471,4964.253757074609,5004.22573321805,5044.519562142395,5085.137835393579,5126.08316538458,5167.3581855634,5208.965550582488,5250.907936469426,5293.188040799074,5335.808582867062,5378.772303864684,5422.081967055189,5465.740357951513,5509.7502844954415,5554.1145772382,5598.836089522486,5643.917697666003,5689.362301146471,5735.17282278806,5781.352208949439,5827.903429713208,5874.829479076986,5922.133375145914,5969.818160326825,6017.886901523867,6066.342690335802,6115.188643254807,6164.427901866934,6214.06363305417,6264.099029198114,6314.537308385285,6365.381714614103,6416.635518003553,6468.302015003491,6520.384528606639,6572.88640856233,6625.811031591967,6679.16180160615,6732.942149923667,6787.155535492116,6841.805445110439,6896.895393653112,6952.428924296275,7008.409608745552,7064.841047465831,7121.726869912778,7179.070734766296,7236.876330165845,7295.147373947643,7353.887613883764,7413.100827923194,7472.790824434837,7532.961442452409,7593.616551921397,7654.7600539479145,7716.395881049652,7778.527997408752,7841.160399126823,7904.2971144818985,7967.94220418758,8032.099761654146,8096.773913251861,8161.968818576374,8227.688670716232,8293.937696522553,8360.720156880894,8428.04034698531,8495.90259661459,8564.311270410717,8633.270768159597,8702.785525074065,8772.860012079082,8843.498736099358,8914.706240349144,8986.487104624512,9058.845945597834,9131.787417114787,9205.31621049359,9279.437054826807,9354.154717285446,9429.47400342559,9505.399757497484,9581.936862757088,9659.090241780126,9736.864856778713,9815.265709920519,9894.297843650465,9973.966341015032,10054.276325989182,10135.232963805956,10216.841461288606,10299.107067185563,10382.035072507933,10465.630810869876,10549.89965883156,10634.84703624505,10720.478406602804,10806.799277389146,10893.815200434417,10981.531772272076,11069.954634498676,11159.08947413668,11248.94202400021,11339.518063063782,11430.823416834026,11522.863957724268,11615.64560543233,11709.174327321158,11803.456138802712,11898.49710372478,11994.303334761045,12090.880993804161,12188.23629236214,12286.375491957784,12385.304904531427,12485.030892846919,12585.55987090084,12686.898304334996,12789.052710852275,12892.029660635888,12995.8357767719,13100.477735675182,13205.962267518828,13312.296156667053,13419.486242111492,13527.539417911097,13636.462633635434,13746.262894811807,13856.947263375758,13968.522858125163,14080.996855178266,14194.376488435144,14308.66905004285,14423.881890864615] 0.31126199007860056 [Infinity,Infinity,Infinity,Infinity,Infinity,Infinity,Infinity,Infinity,Infinity,Infinity,Infinity,Infinity,Infinity,Infinity,Infinity,Infinity,Infinity,Infinity,Infinity,Infinity,Infinity,Infinity,Infinity,Infinity,Infinity,Infinity,Infinity,Infinity,Infinity,Infinity,Infinity,Infinity,Infinity,Infinity,Infinity,Infinity,Infinity,Infinity,Infinity,Infinity,Infinity,Infinity,Infinity,Infinity,Infinity,Infinity,Infinity,Infinity,Infinity,Infinity,Infinity,Infinity,Infinity,Infinity,Infinity,Infinity,Infinity,Infinity,Infinity,Infinity,Infinity,Infinity,Infinity,Infinity,Infinity,Infinity,Infinity,Infinity,Infinity,Infinity,Infinity,Infinity,Infinity,Infinity,Infinity,Infinity,Infinity,Infinity,Infinity,Infinity,Infinity,Infinity,Infinity,Infinity,Infinity,Infinity,Infinity,Infinity,Infinity,Infinity,Infinity,Infinity,Infinity,Infinity,Infinity,Infinity,Infinity,Infinity,Infinity,Infinity,Infinity,Infinity,Infinity,Infinity,Infinity,Infinity,Infinity,Infinity,Infinity,Infinity,Infinity,Infinity,Infinity,Infinity,Infinity,Infinity,Infinity,Infinity,Infinity,Infinity,Infinity,Infinity,Infinity,Infinity,Infinity,Infinity,Infinity,Infinity,Infinity,Infinity,Infinity,Infinity,Infinity,Infinity,Infinity,Infinity,Infinity,Infinity,Infinity,Infinity,22.116339203229785,22.857750443528413,21.379763676684252,17.93625559053122,14.391323204347435,12.650426741757652,12.985814868677668,14.564673618523875,16.60599633395592,18.815314572277355,21.02578449130447,23.288804639276442,26.006839120156428,29.49952838654009,33.0312981556102,35.27365370893081,35.765832223898755,35.90798600553431,37.04439597013296,37.37823179736189,33.382938358538084,25.131802539088813,18.738408935566643,19.409699494774628,24.04580338854307,27.06279131037463,27.84158313565939,29.798864849926666,34.30221591424857,38.818703402277585,41.08931828735063,41.53027940965879,41.17668543817388,40.94772230565013,41.595750763630406,42.10568480161789,40.298392041054406,36.0650788844872,31.41868768181619,27.658894986698574,25.00412031793901,23.786345642225108,24.603306810829412,26.900262290652563,28.099934927554564,27.477364895580337,27.889700857974553,30.203381879641256,31.529003163816288,30.598424922070972,28.824638679901632,27.00531102566373,25.100628662420913,23.74310398091141,23.858633368473328,23.905207164085873,21.743747581084982,19.077373418709815,17.95335646741827,17.778698336114857,18.135995704508737,19.529989644083766,21.34257911110127,22.244260731907524,22.408232816395078,21.99639843164847,19.83473347990573,17.19032396124428,17.277786272642434,17.886363166779645,16.716389683650725,16.34102224766333,16.928839970941773,16.774446512121383,16.712270596010338,17.069490792664276,16.880650716264093,16.336306144548296,15.915816676929959,15.780202601136683,15.818919809368742,15.762075331037204,15.299480345410288,14.391897785507576,12.962731856019966,11.070348647636656,10.368223614584682,11.306998861683464,12.654202667692022,13.328248745091216,13.304997886001326,12.90524055688129,12.142884772740933,11.630147230579352,11.362506313419834,11.002391035689108,10.68708898705377,10.188474266468862,9.82826845644817,9.661622333486186,9.082227758827102,8.979865981603862,8.828139829269368,8.501928044084863,8.422609520400929,8.098556017784075,7.65984860543512,7.424150896242194,7.237686523553729,6.919741575475429,6.656870445637923,6.506498016786101,6.303269864797249,6.11847045208425,6.045521180001688,6.121565975535068,5.890662885176082,5.305620839413506,4.9336536748646145,4.635157355619389,4.902161818520996,4.894533096363498,4.882500457697646,4.714990090454694,4.766752571675387,4.9379574854692425,5.008354067766744,5.003671316594136,4.895429419151446,4.64703125491422,4.509554600877743,4.308453086874911,3.996268359363254,3.859962103675951,3.7270456384839568,3.824585900234465,3.8346294422626483,3.8793139743221543,3.352045322877595,3.3916102685169145,3.1641799099843615,3.2678847396728052,3.327902293343404,3.3654371609368625,3.3441573060371104,3.239237221406326,3.0385016357294297,2.569954792349425,2.3030483417624596,2.157530576383824,2.005405349136316,1.8511680594524296,1.7575906496607534,1.7523570766605367,1.5895841813851481,1.7349391081166652,1.7010300868746522,1.7863069807288372,1.6247147635858004,1.6869607695861866] [0.0,0.0,0.0,0.0,0.0,0.0,0.0,0.0,0.0,0.0,0.0,0.0,0.0,0.0,0.0,0.0,0.0,0.0,0.0,0.0,0.0,0.0,0.0,0.0,0.0,0.0,0.0,0.0,0.0,0.0,0.0,0.0,0.0,0.0,0.0,0.0,0.0,0.0,0.0,0.0,0.0,0.0,0.0,0.0,0.0,0.0,0.0,0.0,0.0,0.0,0.0,0.0,0.0,0.0,0.0,0.0,0.0,0.0,0.0,0.0,0.0,0.0,0.0,0.0,0.0,0.0,0.0,0.0,0.0,0.0,0.0,0.0,0.0,0.0,0.0,0.0,0.0,0.0,0.0,0.0,0.0,0.0,0.0,0.0,0.0,0.0,0.0,0.0,0.0,0.0,0.0,0.0,0.0,0.0,0.0,0.0,0.0,0.0,0.0,0.0,0.0,0.0,0.0,0.0,0.0,0.0,0.0,0.0,0.0,0.0,0.0,0.0,0.0,0.0,0.0,0.0,0.0,0.0,0.0,0.0,0.0,0.0,0.0,0.0,0.0,0.0,0.0,0.0,0.0,0.0,0.0,0.0,0.0,0.0,0.0,0.0,0.0,0.0,0.0,0.0,-6.157550500790097,-20.626007914642372,31.478702897087743,-13.895722274473385,-8.471105696580189,2.9780936311019945,-14.346804945457553,29.094614582885317,-8.799316418723748,38.446475738119695,26.16312409941956,10.431016823174586,-47.210038411953036,24.14998272305808,35.146366225218195,-8.241034949500833,-29.08630404675186,-59.80959553012506,21.64415803716571,-30.18527603255349,17.141903783287294,-3.381907963446919,21.06443794765484,-3.66068478554768,-34.12802406831121,53.49419658782906,40.6249578299722,2.1215553460114873,-29.018534423174202,-35.57757217201164,63.46970022412794,10.622809622466157,-60.041213987643005,33.6833002724834,-26.85491001910977,118.32003900029747,-4.006493744929983,-14.913750609446625,-34.0348144292838,-6.655491341877691,-19.548350249944253,-55.8396182682515,-37.547388938221665,16.722158457536306,-20.920362753056324,-54.59401630218977,-27.466321569937406,4.694084846669527,-14.848225271381265,57.07412175419629,23.691387472397423,14.582128254064502,13.774704958598889,-4.381728962356835,27.638677749989057,4.6260827941618095,12.38903608091914,43.313180462779854,-16.001468537913492,7.706775517250121,2.7803797325696444,-27.33288804650216,8.670387632131662,-19.902512731885814,41.26004617365536,0.7235702064827959,1.5852795447707098,-6.457243259213923,26.731937951703713,15.105963429103863,12.0097089457396,-25.448600341125314,2.2627582352699,-13.508038072597424,20.426466503049014,-32.26072565862389,-5.355694120216734,-5.34879180377776,-8.197772018989365,-8.021477252877968,0.0843355197381175,-17.66389192253818,-14.066048434934968,19.186952670686335,5.38367246283569,7.8253909121892455,21.87901914183988,11.842177026900337,1.6260570698906485,-14.998032635404018,3.977121359449732,-3.591600041320629,11.463556036692816,-7.6115463057633646,-14.27095469744023,3.6098334831719123,-0.05338698169707571,-16.756869649751636,6.6788205744260445,17.08189183430267,-9.932350378250945,14.963796618337168,11.924320180923969,10.09100390640357,-0.7861525492437212,20.075973343099587,-2.282078256821396,5.728256268306821,-2.4176312851996946,5.798222051023027,0.30010360372911493,4.84999009820336,5.566638462109237,6.134156512135646,1.0522797204186307,-7.755575373138527,-1.8998156954664802,0.7926309215647048,-0.5835758928912714,-6.274562155080521,-9.449770286715875,8.711105955370591,-0.805943847992654,2.777927542468854,-7.197541225415581,2.280010669410107,-2.469760977924755,-3.1899973072233934,-3.2145754489618614,4.65570809715464,3.2592991696527154,-3.6164375245917917,2.9566111338691448,-1.9027896811390665,3.3624545674584057,8.349610939730166,-3.6986423953887932,-3.0153201680236763,1.2067938196593428,-1.837576729670999,-2.467208931416445,-3.6339727811869955,2.8580978238090036,-1.9986969469883136,-1.4598410949933431,1.4333962302853007,0.7004082574555672,2.279377396702691,-1.4049951500671944,-1.3245859471172656,2.450812992957456,-0.018137752548050872,-2.9139765075741075,3.7791453560967168,0.6562249482408798,0.3553090454214328,0.777909612104085,-1.9282916460348285,1.3887542550538765,-0.04765406014412222]
56317.064451166545 [0.0,0.0,0.0,0.0,0.0,0.0,0.0,0.0,0.0,0.0,0.0,0.0,0.0,0.0,0.0,0.0,0.0,0.0,0.0,0.0,0.0,0.0,0.0,0.0,0.0,0.0,0.0,0.0,0.0,0.0,0.0,0.0,0.0,0.0,0.0,0.0,0.0,0.0,0.0,0.0,0.0,0.0,0.0,0.0,0.0,0.0,0.0,0.0,0.0,0.0,0.0,0.0,0.0,0.0,0.0,0.0,0.0,0.0,0.0,0.0,0.0,0.0,0.0,0.0,0.0,0.0,0.0,0.0,0.0,0.0,0.0,0.0,0.0,0.0,0.0,0.0,0.0,0.0,0.0,0.0,0.0,0.0,0.0,0.0,0.0,0.0,0.0,0.0,0.0,0.0,0.0,0.0,0.0,0.0,0.0,0.0,0.0,0.0,0.0,0.0,0.0,0.0,0.0,0.0,0.0,0.0,0.0,0.0,0.0,0.0,0.0,0.0,0.0,0.0,0.0,0.0,0.0,0.0,0.0,0.0,0.0,0.0,0.0,0.0,0.0,0.0,0.0,0.0,0.0,0.0,0.0,0.0,0.0,0.0,0.0,0.0,0.0,0.0,0.0,0.0,0.0,0.0,0.0,0.0,0.0,0.0,0.0,0.0,0.0,0.0,0.0,0.0,0.0,0.0,0.0,0.0,0.0,0.0,0.0,0.0,0.0,0.0,0.0,0.0,0.0,0.0,0.0,0.0,0.0,0.0,0.0,0.0,0.0,0.0,0.0,0.0,0.0,0.0,0.0,0.0,0.0,0.0,0.0,0.0,0.0,0.0,0.0,0.0,0.0,0.0,0.0,0.0,0.0,0.0,0.0,0.0,0.0,0.0,0.0,0.0,0.0,0.0,0.0,0.0,0.0,0.0,0.0,0.0,0.0,0.0,0.0,0.0,0.0,0.0,0.0,0.0,0.0,0.0,0.0,0.0,0.0,0.0,0.0,0.0,0.0,0.0,0.0,0.0,0.0,0.0,0.0,0.0,0.0,0.0,0.0,0.0,0.0,0.0,0.0,0.0,0.0,0.0,0.0,0.0,0.0,0.0,0.0,0.0,0.0,0.0,0.0,0.0,0.0,0.0,0.0,0.0,0.0,0.0,0.0,0.0,0.0,0.0,0.0,0.0,0.0,0.0,0.0,0.0,0.0,0.0,0.0,0.0,0.0,0.0,0.0,0.0,0.0,0.0,0.0,0.0,0.0,0.0,0.0,0.0,0.0,0.0,0.0,0.0,0.0,0.0,0.0,0.0,0.0,0.0,0.0,0.0,0.0,0.0,0.0,0.0] [1311.2619900786005,1321.8202200865917,1332.463464547639,1343.19240799478,1354.0077404728797,1364.9101575830227,1375.9003605272408,1386.9790561536227,1398.1469570017646,1409.4047813486081,1420.7532532546286,1432.193102610412,1443.7250651835902,1455.3498826661717,1467.068302722235,1478.881079036026,1490.78897136042,1502.7927455657994,1514.8931736892998,1527.0910339844697,1539.3871109713293,1551.7821954868166,1564.2770847356642,1576.872582341659,1589.569498399342,1602.368649526097,1615.270858914685,1628.2769563861766,1641.3877784433362,1654.6041683244075,1667.9269760573632,1681.3570585145608,1694.895279467867,1708.5425096441993,1722.2996267815402,1736.1675156853773,1750.1470682856248,1764.2391836939755,1778.4447682617345,1792.7647356381167,1807.2000068289992,1821.7515102561672,1836.4201818170154,1851.2069649447558,1866.112810669078,1881.1386776773347,1896.285532376183,1911.5543489537563,1926.9461094423048,1942.4618037813711,1958.1024298814455,1973.8689936881608,1989.7625092469793,2005.7839987684179,2021.9344926937952,2038.215029761504,2054.626657073813,2071.1704301642176,2087.8474130653335,2104.6586783773164,2121.605307336866,2138.6883898867477,2155.9090247459117,2173.268319480143,2190.767390573309,2208.407363499154,2226.1893727937027,2244.1145621282076,2262.184084382728,2280.399101720259,2298.7607856614945,2317.2703171601615,2335.9288866789793,2354.7376942662327,2373.6979496329395,2392.810872230673,2412.077691329971,2431.4996460994216,2451.0779856853383,2470.813969292122,2490.7088662632277,2510.763956162824,2530.9805288580706,2551.359884602096,2571.9033341176064,2592.612198681206,2613.487810208354,2634.5315113390543,2655.7446555241822,2677.1286071125573,2698.6847414386757,2720.4144449111714,2742.319115101994,2764.4001608362782,2786.6590022829737,2809.097071046162,2831.715810257159,2854.5166746673017,2877.5011307415425,2900.67065675274,2924.0267428767575,2947.570891288285,2971.304616257478,2995.22944424732,3019.346914011829,3043.658576695001,3068.1659959305807,3092.870747942638,3117.7744216469364,3142.87861875312,3168.1849538677375,3193.695054598094,3219.410561656912,3245.333128967883,3271.4644237720117,3297.806126734876,3324.3599320546946,3351.1275475713155,3378.1106948760344,3405.3111094223436,3432.7305406375262,3460.3707520352004,3488.23352132871,3516.320640545493,3544.6339161423107,3573.1751691214417,3601.9462351478164,3630.9489646670518,3660.1852230244945,3689.6568905851636,3719.3658628547196,3749.3140506013438,3779.5033799786634,3809.935792649603,3840.6132459112973,3871.5377128209448,3902.7111823227383,3934.135659375755,3965.8131650829396,3997.7457368210635,4029.9354283717907,4062.3843100537392,4095.0944688556665,4128.068008570669,4161.3070499315045,4194.813730746993,4228.590206039511,4262.638648183577,4296.961247045588,4331.560210124669,4366.437762694626,4401.596147947099,4437.037627135803,4472.764479721992,4508.779003521039,4545.083514850253,4581.680348677821,4618.571858773019,4655.7604178575675,4693.248417758249,4731.038269560753,4769.132403764733,4807.533270440121,4846.243339384716,4885.265100283049,4924.601062866471,4964.253757074609,5004.22573321805,5044.519562142395,5085.137835393579,5126.08316538458,5167.3581855634,5208.965550582488,5250.907936469426,5293.188040799074,5335.808582867062,5378.772303864684,5422.081967055189,5465.740357951513,5509.7502844954415,5554.1145772382,5598.836089522486,5643.917697666003,5689.362301146471,5735.17282278806,5781.352208949439,5827.903429713208,5874.829479076986,5922.133375145914,5969.818160326825,6017.886901523867,6066.342690335802,6115.188643254807,6164.427901866934,6214.06363305417,6264.099029198114,6314.537308385285,6365.381714614103,6416.635518003553,6468.302015003491,6520.384528606639,6572.88640856233,6625.811031591967,6679.16180160615,6732.942149923667,6787.155535492116,6841.805445110439,6896.895393653112,6952.428924296275,7008.409608745552,7064.841047465831,7121.726869912778,7179.070734766296,7236.876330165845,7295.147373947643,7353.887613883764,7413.100827923194,7472.790824434837,7532.961442452409,7593.616551921397,7654.7600539479145,7716.395881049652,7778.527997408752,7841.160399126823,7904.2971144818985,7967.94220418758,8032.099761654146,8096.773913251861,8161.968818576374,8227.688670716232,8293.937696522553,8360.720156880894,8428.04034698531,8495.90259661459,8564.311270410717,8633.270768159597,8702.785525074065,8772.860012079082,8843.498736099358,8914.706240349144,8986.487104624512,9058.845945597834,9131.787417114787,9205.31621049359,9279.437054826807,9354.154717285446,9429.47400342559,9505.399757497484,9581.936862757088,9659.090241780126,9736.864856778713,9815.265709920519,9894.297843650465,9973.966341015032,10054.276325989182,10135.232963805956,10216.841461288606,10299.107067185563,10382.035072507933,10465.630810869876,10549.89965883156,10634.84703624505,10720.478406602804,10806.799277389146,10893.815200434417,10981.531772272076,11069.954634498676,11159.08947413668,11248.94202400021,11339.518063063782,11430.823416834026,11522.863957724268,11615.64560543233,11709.174327321158,11803.456138802712,11898.49710372478,11994.303334761045,12090.880993804161,12188.23629236214,12286.375491957784,12385.304904531427,12485.030892846919,12585.55987090084,12686.898304334996,12789.052710852275,12892.029660635888,12995.8357767719,13100.477735675182,13205.962267518828,13312.296156667053,13419.486242111492,13527.539417911097,13636.462633635434,13746.262894811807,13856.947263375758,13968.522858125163,14080.996855178266,14194.376488435144,14308.66905004285,14423.881890864615] 0.31126199007860056 [Infinity,Infinity,Infinity,Infinity,Infinity,Infinity,Infinity,Infinity,Infinity,Infinity,Infinity,Infinity,Infinity,Infinity,Infinity,Infinity,Infinity,Infinity,Infinity,Infinity,Infinity,Infinity,Infinity,Infinity,Infinity,Infinity,Infinity,Infinity,Infinity,Infinity,Infinity,Infinity,Infinity,Infinity,Infinity,Infinity,Infinity,Infinity,Infinity,Infinity,Infinity,Infinity,Infinity,Infinity,Infinity,Infinity,Infinity,Infinity,Infinity,Infinity,Infinity,Infinity,Infinity,Infinity,Infinity,Infinity,Infinity,Infinity,Infinity,Infinity,Infinity,Infinity,Infinity,Infinity,Infinity,Infinity,Infinity,Infinity,Infinity,Infinity,Infinity,Infinity,Infinity,Infinity,Infinity,Infinity,Infinity,Infinity,Infinity,Infinity,Infinity,Infinity,Infinity,Infinity,Infinity,Infinity,Infinity,Infinity,Infinity,Infinity,Infinity,Infinity,Infinity,Infinity,Infinity,Infinity,Infinity,Infinity,Infinity,Infinity,Infinity,Infinity,Infinity,Infinity,Infinity,Infinity,Infinity,Infinity,Infinity,Infinity,Infinity,Infinity,Infinity,Infinity,Infinity,Infinity,Infinity,Infinity,Infinity,Infinity,Infinity,Infinity,Infinity,Infinity,Infinity,Infinity,Infinity,Infinity,Infinity,Infinity,Infinity,Infinity,Infinity,Infinity,Infinity,Infinity,Infinity,Infinity,Infinity,Infinity,Infinity,Infinity,Infinity,Infinity,Infinity,Infinity,Infinity,Infinity,Infinity,Infinity,Infinity,Infinity,Infinity,Infinity,Infinity,Infinity,Infinity,Infinity,Infinity,Infinity,Infinity,Infinity,Infinity,Infinity,Infinity,Infinity,Infinity,Infinity,Infinity,Infinity,Infinity,Infinity,Infinity,Infinity,Infinity,Infinity,Infinity,Infinity,Infinity,Infinity,Infinity,Infinity,Infinity,Infinity,Infinity,Infinity,Infinity,Infinity,Infinity,Infinity,Infinity,Infinity,Infinity,Infinity,Infinity,Infinity,Infinity,Infinity,Infinity,Infinity,Infinity,Infinity,Infinity,Infinity,Infinity,Infinity,Infinity,Infinity,Infinity,Infinity,Infinity,Infinity,Infinity,Infinity,Infinity,Infinity,Infinity,Infinity,Infinity,Infinity,Infinity,Infinity,Infinity,Infinity,Infinity,Infinity,Infinity,Infinity,Infinity,Infinity,Infinity,Infinity,Infinity,Infinity,Infinity,Infinity,Infinity,Infinity,Infinity,Infinity,Infinity,Infinity,Infinity,Infinity,Infinity,Infinity,Infinity,Infinity,Infinity,Infinity,Infinity,Infinity,Infinity,Infinity,Infinity,Infinity,Infinity,Infinity,Infinity,Infinity,Infinity,Infinity,Infinity,Infinity,Infinity,Infinity,Infinity,Infinity,Infinity,Infinity,Infinity,Infinity,Infinity,Infinity,Infinity,Infinity,Infinity,Infinity,Infinity,Infinity,Infinity,Infinity,Infinity,Infinity,Infinity,Infinity,Infinity,Infinity,Infinity,Infinity,Infinity,Infinity,Infinity,Infinity,Infinity,Infinity,Infinity,Infinity,Infinity,Infinity] [0.0,0.0,0.0,0.0,0.0,0.0,0.0,0.0,0.0,0.0,0.0,0.0,0.0,0.0,0.0,0.0,0.0,0.0,0.0,0.0,0.0,0.0,0.0,0.0,0.0,0.0,0.0,0.0,0.0,0.0,0.0,0.0,0.0,0.0,0.0,0.0,0.0,0.0,0.0,0.0,0.0,0.0,0.0,0.0,0.0,0.0,0.0,0.0,0.0,0.0,0.0,0.0,0.0,0.0,0.0,0.0,0.0,0.0,0.0,0.0,0.0,0.0,0.0,0.0,0.0,0.0,0.0,0.0,0.0,0.0,0.0,0.0,0.0,0.0,0.0,0.0,0.0,0.0,0.0,0.0,0.0,0.0,0.0,0.0,0.0,0.0,0.0,0.0,0.0,0.0,0.0,0.0,0.0,0.0,0.0,0.0,0.0,0.0,0.0,0.0,0.0,0.0,0.0,0.0,0.0,0.0,0.0,0.0,0.0,0.0,0.0,0.0,0.0,0.0,0.0,0.0,0.0,0.0,0.0,0.0,0.0,0.0,0.0,0.0,0.0,0.0,0.0,0.0,0.0,0.0,0.0,0.0,0.0,0.0,0.0,0.0,0.0,0.0,0.0,0.0,0.0,0.0,0.0,0.0,0.0,0.0,0.0,0.0,0.0,0.0,0.0,0.0,0.0,0.0,0.0,0.0,0.0,0.0,0.0,0.0,0.0,0.0,0.0,0.0,0.0,0.0,0.0,0.0,0.0,0.0,0.0,0.0,0.0,0.0,0.0,0.0,0.0,0.0,0.0,0.0,0.0,0.0,0.0,0.0,0.0,0.0,0.0,0.0,0.0,0.0,0.0,0.0,0.0,0.0,0.0,0.0,0.0,0.0,0.0,0.0,0.0,0.0,0.0,0.0,0.0,0.0,0.0,0.0,0.0,0.0,0.0,0.0,0.0,0.0,0.0,0.0,0.0,0.0,0.0,0.0,0.0,0.0,0.0,0.0,0.0,0.0,0.0,0.0,0.0,0.0,0.0,0.0,0.0,0.0,0.0,0.0,0.0,0.0,0.0,0.0,0.0,0.0,0.0,0.0,0.0,0.0,0.0,0.0,0.0,0.0,0.0,0.0,0.0,0.0,0.0,0.0,0.0,0.0,0.0,0.0,0.0,0.0,0.0,0.0,0.0,0.0,0.0,0.0,0.0,0.0,0.0,0.0,0.0,0.0,0.0,0.0,0.0,0.0,0.0,0.0,0.0,0.0,0.0,0.0,0.0,0.0,0.0,0.0,0.0,0.0,0.0,0.0,0.0,0.0,0.0,0.0,0.0,0.0,0.0,0.0]
56102.43779905679 [0.0,0.0,0.0,0.0,0.0,0.0,0.0,0.0,0.0,0.0,0.0,0.0,0.0,0.0,0.0,0.0,0.0,0.0,0.0,0.0,0.0,0.0,0.0,0.0,0.0,0.0,0.0,0.0,0.0,0.0,0.0,0.0,0.0,0.0,0.0,0.0,0.0,0.0,0.0,0.0,0.0,0.0,0.0,0.0,0.0,0.0,0.0,0.0,0.0,0.0,0.0,0.0,0.0,0.0,0.0,0.0,0.0,0.0,0.0,0.0,0.0,0.0,0.0,0.0,0.0,0.0,0.0,0.0,0.0,0.0,0.0,0.0,0.0,0.0,0.0,0.0,0.0,0.0,0.0,0.0,0.0,0.0,0.0,0.0,0.0,0.0,0.0,0.0,0.0,0.0,0.0,0.0,0.0,0.0,0.0,0.0,0.0,0.0,0.0,0.0,0.0,0.0,0.0,0.0,0.0,0.0,0.0,0.0,0.0,0.0,0.0,0.0,0.0,0.0,0.0,0.0,0.0,0.0,0.0,0.0,0.0,0.0,0.0,0.0,0.0,0.0,0.0,0.0,0.0,0.0,0.0,0.0,0.0,0.0,0.0,0.0,0.0,0.0,0.0,0.0,0.0,0.0,0.0,0.0,0.0,0.0,0.0,0.0,0.0,0.0,0.0,0.0,0.0,0.0,0.0,0.0,0.0,0.0,0.0,0.0,0.0,0.0,0.0,0.0,0.0,0.0,0.0,0.0,0.0,0.0,0.0,0.0,0.0,0.0,0.0,0.0,0.0,0.0,0.0,0.0,0.0,0.0,0.0,0.0,0.0,0.0,0.0,0.0,0.0,0.0,0.0,0.0,0.0,0.0,0.0,0.0,0.0,0.0,0.0,0.0,0.0,0.0,0.0,0.0,0.0,0.0,0.0,0.0,0.0,0.0,0.0,0.0,0.0,0.0,0.0,0.0,0.0,0.0,0.0,0.0,0.0,0.0,0.0,0.0,0.0,0.0,0.0,0.0,0.0,0.0,0.0,0.0,0.0,0.0,0.0,0.0,0.0,0.0,0.0,0.0,0.0,0.0,0.0,0.0,0.0,0.0,0.0,0.0,0.0,0.0,0.0,0.0,0.0,0.0,0.0,0.0,0.0,0.0,0.0,0.0,0.0,0.0,0.0,0.0,0.0,0.0,0.0,0.0,0.0,0.0,0.0,0.0,0.0,0.0,0.0,0.0,0.0,0.0,0.0,0.0,0.0,0.0,0.0,0.0,0.0,0.0,0.0,0.0,0.0,0.0,0.0,0.0,0.0,0.0,0.0,0.0,0.0,0.0,0.0,0.0] [1311.2619900786005,1321.8202200865917,1332.463464547639,1343.19240799478,1354.0077404728797,1364.9101575830227,1375.9003605272408,1386.9790561536227,1398.1469570017646,1409.4047813486081,1420.7532532546286,1432.193102610412,1443.7250651835902,1455.3498826661717,1467.068302722235,1478.881079036026,1490.78897136042,1502.7927455657994,1514.8931736892998,1527.0910339844697,1539.3871109713293,1551.7821954868166,1564.2770847356642,1576.872582341659,1589.569498399342,1602.368649526097,1615.270858914685,1628.2769563861766,1641.3877784433362,1654.6041683244075,1667.9269760573632,1681.3570585145608,1694.895279467867,1708.5425096441993,1722.2996267815402,1736.1675156853773,1750.1470682856248,1764.2391836939755,1778.4447682617345,1792.7647356381167,1807.2000068289992,1821.7515102561672,1836.4201818170154,1851.2069649447558,1866.112810669078,1881.1386776773347,1896.285532376183,1911.5543489537563,1926.9461094423048,1942.4618037813711,1958.1024298814455,1973.8689936881608,1989.7625092469793,2005.7839987684179,2021.9344926937952,2038.215029761504,2054.626657073813,2071.1704301642176,2087.8474130653335,2104.6586783773164,2121.605307336866,2138.6883898867477,2155.9090247459117,2173.268319480143,2190.767390573309,2208.407363499154,2226.1893727937027,2244.1145621282076,2262.184084382728,2280.399101720259,2298.7607856614945,2317.2703171601615,2335.9288866789793,2354.7376942662327,2373.6979496329395,2392.810872230673,2412.077691329971,2431.4996460994216,2451.0779856853383,2470.813969292122,2490.7088662632277,2510.763956162824,2530.9805288580706,2551.359884602096,2571.9033341176064,2592.612198681206,2613.487810208354,2634.5315113390543,2655.7446555241822,2677.1286071125573,2698.6847414386757,2720.4144449111714,2742.319115101994,2764.4001608362782,2786.6590022829737,2809.097071046162,2831.715810257159,2854.5166746673017,2877.5011307415425,2900.67065675274,2924.0267428767575,2947.570891288285,2971.304616257478,2995.22944424732,3019.346914011829,3043.658576695001,3068.1659959305807,3092.870747942638,3117.7744216469364,3142.87861875312,3168.1849538677375,3193.695054598094,3219.410561656912,3245.333128967883,3271.4644237720117,3297.806126734876,3324.3599320546946,3351.1275475713155,3378.1106948760344,3405.3111094223436,3432.7305406375262,3460.3707520352004,3488.23352132871,3516.320640545493,3544.6339161423107,3573.1751691214417,3601.9462351478164,3630.9489646670518,3660.1852230244945,3689.6568905851636,3719.3658628547196,3749.3140506013438,3779.5033799786634,3809.935792649603,3840.6132459112973,3871.5377128209448,3902.7111823227383,3934.135659375755,3965.8131650829396,3997.7457368210635,4029.9354283717907,4062.3843100537392,4095.0944688556665,4128.068008570669,4161.3070499315045,4194.813730746993,4228.590206039511,4262.638648183577,4296.961247045588,4331.560210124669,4366.437762694626,4401.596147947099,4437.037627135803,4472.764479721992,4508.779003521039,4545.083514850253,4581.680348677821,4618.571858773019,4655.7604178575675,4693.248417758249,4731.038269560753,4769.132403764733,4807.533270440121,4846.243339384716,4885.265100283049,4924.601062866471,4964.253757074609,5004.22573321805,5044.519562142395,5085.137835393579,5126.08316538458,5167.3581855634,5208.965550582488,5250.907936469426,5293.188040799074,5335.808582867062,5378.772303864684,5422.081967055189,5465.740357951513,5509.7502844954415,5554.1145772382,5598.836089522486,5643.917697666003,5689.362301146471,5735.17282278806,5781.352208949439,5827.903429713208,5874.829479076986,5922.133375145914,5969.818160326825,6017.886901523867,6066.342690335802,6115.188643254807,6164.427901866934,6214.06363305417,6264.099029198114,6314.537308385285,6365.381714614103,6416.635518003553,6468.302015003491,6520.384528606639,6572.88640856233,6625.811031591967,6679.16180160615,6732.942149923667,6787.155535492116,6841.805445110439,6896.895393653112,6952.428924296275,7008.409608745552,7064.841047465831,7121.726869912778,7179.070734766296,7236.876330165845,7295.147373947643,7353.887613883764,7413.100827923194,7472.790824434837,7532.961442452409,7593.616551921397,7654.7600539479145,7716.395881049652,7778.527997408752,7841.160399126823,7904.2971144818985,7967.94220418758,8032.099761654146,8096.773913251861,8161.968818576374,8227.688670716232,8293.937696522553,8360.720156880894,8428.04034698531,8495.90259661459,8564.311270410717,8633.270768159597,8702.785525074065,8772.860012079082,8843.498736099358,8914.706240349144,8986.487104624512,9058.845945597834,9131.787417114787,9205.31621049359,9279.437054826807,9354.154717285446,9429.47400342559,9505.399757497484,9581.936862757088,9659.090241780126,9736.864856778713,9815.265709920519,9894.297843650465,9973.966341015032,10054.276325989182,10135.232963805956,10216.841461288606,10299.107067185563,10382.035072507933,10465.630810869876,10549.89965883156,10634.84703624505,10720.478406602804,10806.799277389146,10893.815200434417,10981.531772272076,11069.954634498676,11159.08947413668,11248.94202400021,11339.518063063782,11430.823416834026,11522.863957724268,11615.64560543233,11709.174327321158,11803.456138802712,11898.49710372478,11994.303334761045,12090.880993804161,12188.23629236214,12286.375491957784,12385.304904531427,12485.030892846919,12585.55987090084,12686.898304334996,12789.052710852275,12892.029660635888,12995.8357767719,13100.477735675182,13205.962267518828,13312.296156667053,13419.486242111492,13527.539417911097,13636.462633635434,13746.262894811807,13856.947263375758,13968.522858125163,14080.996855178266,14194.376488435144,14308.66905004285,14423.881890864615] 0.31126199007860056 [Infinity,Infinity,Infinity,Infinity,Infinity,Infinity,Infinity,Infinity,Infinity,Infinity,Infinity,Infinity,Infinity,Infinity,Infinity,Infinity,Infinity,Infinity,Infinity,Infinity,Infinity,Infinity,Infinity,Infinity,Infinity,Infinity,Infinity,Infinity,Infinity,Infinity,Infinity,Infinity,Infinity,Infinity,Infinity,Infinity,Infinity,Infinity,Infinity,Infinity,Infinity,Infinity,Infinity,Infinity,Infinity,Infinity,Infinity,Infinity,Infinity,Infinity,Infinity,Infinity,Infinity,Infinity,Infinity,Infinity,Infinity,Infinity,Infinity,Infinity,Infinity,Infinity,Infinity,Infinity,Infinity,Infinity,Infinity,Infinity,Infinity,Infinity,Infinity,Infinity,Infinity,Infinity,Infinity,Infinity,Infinity,Infinity,Infinity,Infinity,Infinity,Infinity,Infinity,Infinity,Infinity,Infinity,Infinity,Infinity,Infinity,Infinity,Infinity,Infinity,Infinity,Infinity,Infinity,Infinity,Infinity,Infinity,Infinity,Infinity,Infinity,Infinity,Infinity,Infinity,Infinity,Infinity,Infinity,Infinity,Infinity,Infinity,Infinity,Infinity,Infinity,Infinity,Infinity,Infinity,Infinity,Infinity,Infinity,Infinity,Infinity,Infinity,Infinity,Infinity,Infinity,Infinity,Infinity,Infinity,Infinity,Infinity,Infinity,Infinity,Infinity,Infinity,Infinity,Infinity,Infinity,Infinity,Infinity,Infinity,Infinity,Infinity,Infinity,Infinity,Infinity,Infinity,Infinity,Infinity,Infinity,Infinity,Infinity,Infinity,Infinity,Infinity,Infinity,Infinity,Infinity,Infinity,Infinity,Infinity,Infinity,Infinity,Infinity,Infinity,Infinity,Infinity,Infinity,Infinity,Infinity,Infinity,Infinity,Infinity,Infinity,Infinity,Infinity,Infinity,Infinity,Infinity,Infinity,Infinity,Infinity,Infinity,Infinity,Infinity,Infinity,Infinity,Infinity,Infinity,Infinity,Infinity,Infinity,Infinity,Infinity,Infinity,Infinity,Infinity,Infinity,Infinity,Infinity,Infinity,Infinity,Infinity,Infinity,Infinity,Infinity,Infinity,Infinity,Infinity,Infinity,Infinity,Infinity,Infinity,Infinity,Infinity,Infinity,Infinity,Infinity,Infinity,Infinity,Infinity,Infinity,Infinity,Infinity,Infinity,Infinity,Infinity,Infinity,Infinity,Infinity,Infinity,Infinity,Infinity,Infinity,Infinity,Infinity,Infinity,Infinity,Infinity,Infinity,Infinity,Infinity,Infinity,Infinity,Infinity,Infinity,Infinity,Infinity,Infinity,Infinity,Infinity,Infinity,Infinity,Infinity,Infinity,Infinity,Infinity,Infinity,Infinity,Infinity,Infinity,Infinity,Infinity,Infinity,Infinity,Infinity,Infinity,Infinity,Infinity,Infinity,Infinity,Infinity,Infinity,Infinity,Infinity,Infinity,Infinity,Infinity,Infinity,Infinity,Infinity,Infinity,Infinity,Infinity,Infinity,Infinity,Infinity,Infinity,Infinity,Infinity,Infinity,Infinity,Infinity,Infinity,Infinity,Infinity,Infinity,Infinity,Infinity,Infinity,Infinity] [0.0,0.0,0.0,0.0,0.0,0.0,0.0,0.0,0.0,0.0,0.0,0.0,0.0,0.0,0.0,0.0,0.0,0.0,0.0,0.0,0.0,0.0,0.0,0.0,0.0,0.0,0.0,0.0,0.0,0.0,0.0,0.0,0.0,0.0,0.0,0.0,0.0,0.0,0.0,0.0,0.0,0.0,0.0,0.0,0.0,0.0,0.0,0.0,0.0,0.0,0.0,0.0,0.0,0.0,0.0,0.0,0.0,0.0,0.0,0.0,0.0,0.0,0.0,0.0,0.0,0.0,0.0,0.0,0.0,0.0,0.0,0.0,0.0,0.0,0.0,0.0,0.0,0.0,0.0,0.0,0.0,0.0,0.0,0.0,0.0,0.0,0.0,0.0,0.0,0.0,0.0,0.0,0.0,0.0,0.0,0.0,0.0,0.0,0.0,0.0,0.0,0.0,0.0,0.0,0.0,0.0,0.0,0.0,0.0,0.0,0.0,0.0,0.0,0.0,0.0,0.0,0.0,0.0,0.0,0.0,0.0,0.0,0.0,0.0,0.0,0.0,0.0,0.0,0.0,0.0,0.0,0.0,0.0,0.0,0.0,0.0,0.0,0.0,0.0,0.0,0.0,0.0,0.0,0.0,0.0,0.0,0.0,0.0,0.0,0.0,0.0,0.0,0.0,0.0,0.0,0.0,0.0,0.0,0.0,0.0,0.0,0.0,0.0,0.0,0.0,0.0,0.0,0.0,0.0,0.0,0.0,0.0,0.0,0.0,0.0,0.0,0.0,0.0,0.0,0.0,0.0,0.0,0.0,0.0,0.0,0.0,0.0,0.0,0.0,0.0,0.0,0.0,0.0,0.0,0.0,0.0,0.0,0.0,0.0,0.0,0.0,0.0,0.0,0.0,0.0,0.0,0.0,0.0,0.0,0.0,0.0,0.0,0.0,0.0,0.0,0.0,0.0,0.0,0.0,0.0,0.0,0.0,0.0,0.0,0.0,0.0,0.0,0.0,0.0,0.0,0.0,0.0,0.0,0.0,0.0,0.0,0.0,0.0,0.0,0.0,0.0,0.0,0.0,0.0,0.0,0.0,0.0,0.0,0.0,0.0,0.0,0.0,0.0,0.0,0.0,0.0,0.0,0.0,0.0,0.0,0.0,0.0,0.0,0.0,0.0,0.0,0.0,0.0,0.0,0.0,0.0,0.0,0.0,0.0,0.0,0.0,0.0,0.0,0.0,0.0,0.0,0.0,0.0,0.0,0.0,0.0,0.0,0.0,0.0,0.0,0.0,0.0,0.0,0.0,0.0,0.0,0.0,0.0,0.0,0.0]
56261.92860475666 [0.0,0.0,0.0,0.0,0.0,0.0,0.0,0.0,0.0,0.0,0.0,0.0,0.0,0.0,0.0,0.0,0.0,0.0,0.0,0.0,0.0,0.0,0.0,0.0,0.0,0.0,0.0,0.0,0.0,0.0,0.0,0.0,0.0,0.0,0.0,0.0,0.0,0.0,0.0,0.0,0.0,0.0,0.0,0.0,0.0,0.0,0.0,0.0,0.0,0.0,0.0,0.0,0.0,0.0,0.0,0.0,0.0,0.0,0.0,0.0,0.0,0.0,0.0,0.0,0.0,0.0,0.0,0.0,0.0,0.0,0.0,0.0,0.0,0.0,0.0,0.0,0.0,0.0,0.0,0.0,0.0,0.0,0.0,0.0,0.0,0.0,0.0,0.0,0.0,0.0,0.0,0.0,0.0,0.0,0.0,0.0,0.0,0.0,0.0,0.0,0.0,0.0,0.0,0.0,0.0,0.0,0.0,0.0,0.0,0.0,0.0,0.0,0.0,0.0,0.0,0.0,0.0,0.0,0.0,0.0,0.0,0.0,0.0,0.0,0.0,0.0,0.0,0.0,0.0,0.0,0.0,0.0,0.0,0.0,0.0,0.0,0.0,0.0,0.0,0.0,24.096016687332636,36.444223996388494,44.43334653366807,51.893026901867586,50.05694712860536,51.47524383384411,56.70027094054627,59.187853635421,60.28345563616479,61.491606934578556,63.55207714257776,64.56588883430013,80.62818267795511,81.97552908566247,93.95436112730266,114.21184679152128,121.68803485579595,148.7977584259694,180.84740531382653,167.3029266891567,168.45141804420217,208.51138754045857,249.10089441432498,239.91002977980796,201.7228906585372,163.11032185258028,148.17781759676666,163.16976286979155,260.5723367861554,374.5599674609879,401.9721527474856,411.6207597222161,360.3528000675509,341.37265297126527,271.4584826930366,266.62268430942106,272.3199122706671,290.1522948805987,303.21667566833077,326.3708035151122,320.58458347134365,268.4137385365468,301.07978090367186,215.1851209669395,199.187427155407,177.3455385717009,201.85019833826695,269.6068219169967,330.621690197901,464.10786007341164,535.990400290989,548.030988331448,371.8734914698987,280.73193153752857,237.43171408528264,239.42295831714185,228.56416178084194,228.61323011098835,309.4707244702798,319.3497415383575,253.08729824588207,209.94479876995277,217.19795649637206,223.12528566240957,267.4504909083179,334.1037428662473,397.65033997121736,401.6184832333592,432.89977161772026,348.49000689514656,380.4521592914792,338.8559914993233,308.96242356981116,292.98857184467994,244.0194894540474,194.49445648407348,168.79249419581996,152.05868124406112,196.66973433499504,233.35030858692318,302.59688532294234,307.1618510975293,298.53120579466884,254.6187612154295,216.12265904439928,170.2367457951105,123.5665261434059,131.9142443036662,168.67208028863107,204.42229659978827,197.19474653348007,228.22647051303625,213.61006092240896,196.239887308904,190.62702383149656,169.58697184805823,145.68855908040732,123.71238107167481,103.37071364521431,107.86101604102709,88.15608837616091,96.76373194736533,86.75759172712095,78.99888354420906,79.95505406191549,89.92945951182298,83.8848451725058,80.40197629117148,81.02280155541658,73.91975928107384,74.31598652705642,74.69384037150574,59.73805585634032,62.002334038785655,57.80424648739935,61.43365463943145,61.38230606426379,67.60168219759014,65.1177291358362,55.52992277124165,47.40974972232451,39.82786620476141,24.284011780157382,24.99070863023147,33.51577795149811,45.91958719523457,77.31972051074331,93.0106287877946,100.48940277320288,126.83788317156429,117.34636083546766,112.96521967904516,94.05877069599828,81.0181612851975,79.4939035873158,64.34221287730759,62.466224948414116,55.08312194824941,49.862174733844235,41.050904232569096,39.54520193881157,35.967067544974256,35.90907596086047,32.708605311995136,33.32637534849172,35.58325358183929,31.616001986628724,23.15382176093763,26.38861472467873,23.88162514888359,20.51395023160192,19.308115757909654,20.891315325132645,18.10363231881803,23.50353847857536,19.998496396291625,23.91623836068442,13.629707479736224,14.28949150401097,8.080843769758792] [1311.2619900786005,1321.8202200865917,1332.463464547639,1343.19240799478,1354.0077404728797,1364.9101575830227,1375.9003605272408,1386.9790561536227,1398.1469570017646,1409.4047813486081,1420.7532532546286,1432.193102610412,1443.7250651835902,1455.3498826661717,1467.068302722235,1478.881079036026,1490.78897136042,1502.7927455657994,1514.8931736892998,1527.0910339844697,1539.3871109713293,1551.7821954868166,1564.2770847356642,1576.872582341659,1589.569498399342,1602.368649526097,1615.270858914685,1628.2769563861766,1641.3877784433362,1654.6041683244075,1667.9269760573632,1681.3570585145608,1694.895279467867,1708.5425096441993,1722.2996267815402,1736.1675156853773,1750.1470682856248,1764.2391836939755,1778.4447682617345,1792.7647356381167,1807.2000068289992,1821.7515102561672,1836.4201818170154,1851.2069649447558,1866.112810669078,1881.1386776773347,1896.285532376183,1911.5543489537563,1926.9461094423048,1942.4618037813711,1958.1024298814455,1973.8689936881608,1989.7625092469793,2005.7839987684179,2021.9344926937952,2038.215029761504,2054.626657073813,2071.1704301642176,2087.8474130653335,2104.6586783773164,2121.605307336866,2138.6883898867477,2155.9090247459117,2173.268319480143,2190.767390573309,2208.407363499154,2226.1893727937027,2244.1145621282076,2262.184084382728,2280.399101720259,2298.7607856614945,2317.2703171601615,2335.9288866789793,2354.7376942662327,2373.6979496329395,2392.810872230673,2412.077691329971,2431.4996460994216,2451.0779856853383,2470.813969292122,2490.7088662632277,2510.763956162824,2530.9805288580706,2551.359884602096,2571.9033341176064,2592.612198681206,2613.487810208354,2634.5315113390543,2655.7446555241822,2677.1286071125573,2698.6847414386757,2720.4144449111714,2742.319115101994,2764.4001608362782,2786.6590022829737,2809.097071046162,2831.715810257159,2854.5166746673017,2877.5011307415425,2900.67065675274,2924.0267428767575,2947.570891288285,2971.304616257478,2995.22944424732,3019.346914011829,3043.658576695001,3068.1659959305807,3092.870747942638,3117.7744216469364,3142.87861875312,3168.1849538677375,3193.695054598094,3219.410561656912,3245.333128967883,3271.4644237720117,3297.806126734876,3324.3599320546946,3351.1275475713155,3378.1106948760344,3405.3111094223436,3432.7305406375262,3460.3707520352004,3488.23352132871,3516.320640545493,3544.6339161423107,3573.1751691214417,3601.9462351478164,3630.9489646670518,3660.1852230244945,3689.6568905851636,3719.3658628547196,3749.3140506013438,3779.5033799786634,3809.935792649603,3840.6132459112973,3871.5377128209448,3902.7111823227383,3934.135659375755,3965.8131650829396,3997.7457368210635,4029.9354283717907,4062.3843100537392,4095.0944688556665,4128.068008570669,4161.3070499315045,4194.813730746993,4228.590206039511,4262.638648183577,4296.961247045588,4331.560210124669,4366.437762694626,4401.596147947099,4437.037627135803,4472.764479721992,4508.779003521039,4545.083514850253,4581.680348677821,4618.571858773019,4655.7604178575675,4693.248417758249,4731.038269560753,4769.132403764733,4807.533270440121,4846.243339384716,4885.265100283049,4924.601062866471,4964.253757074609,5004.22573321805,5044.519562142395,5085.137835393579,5126.08316538458,5167.3581855634,5208.965550582488,5250.907936469426,5293.188040799074,5335.808582867062,5378.772303864684,5422.081967055189,5465.740357951513,5509.7502844954415,5554.1145772382,5598.836089522486,5643.917697666003,5689.362301146471,5735.17282278806,5781.352208949439,5827.903429713208,5874.829479076986,5922.133375145914,5969.818160326825,6017.886901523867,6066.342690335802,6115.188643254807,6164.427901866934,6214.06363305417,6264.099029198114,6314.537308385285,6365.381714614103,6416.635518003553,6468.302015003491,6520.384528606639,6572.88640856233,6625.811031591967,6679.16180160615,6732.942149923667,6787.155535492116,6841.805445110439,6896.895393653112,6952.428924296275,7008.409608745552,7064.841047465831,7121.726869912778,7179.070734766296,7236.876330165845,7295.147373947643,7353.887613883764,7413.100827923194,7472.790824434837,7532.961442452409,7593.616551921397,7654.7600539479145,7716.395881049652,7778.527997408752,7841.160399126823,7904.2971144818985,7967.94220418758,8032.099761654146,8096.773913251861,8161.968818576374,8227.688670716232,8293.937696522553,8360.720156880894,8428.04034698531,8495.90259661459,8564.311270410717,8633.270768159597,8702.785525074065,8772.860012079082,8843.498736099358,8914.706240349144,8986.487104624512,9058.845945597834,9131.787417114787,9205.31621049359,9279.437054826807,9354.154717285446,9429.47400342559,9505.399757497484,9581.936862757088,9659.090241780126,9736.864856778713,9815.265709920519,9894.297843650465,9973.966341015032,10054.276325989182,10135.232963805956,10216.841461288606,10299.107067185563,10382.035072507933,10465.630810869876,10549.89965883156,10634.84703624505,10720.478406602804,10806.799277389146,10893.815200434417,10981.531772272076,11069.954634498676,11159.08947413668,11248.94202400021,11339.518063063782,11430.823416834026,11522.863957724268,11615.64560543233,11709.174327321158,11803.456138802712,11898.49710372478,11994.303334761045,12090.880993804161,12188.23629236214,12286.375491957784,12385.304904531427,12485.030892846919,12585.55987090084,12686.898304334996,12789.052710852275,12892.029660635888,12995.8357767719,13100.477735675182,13205.962267518828,13312.296156667053,13419.486242111492,13527.539417911097,13636.462633635434,13746.262894811807,13856.947263375758,13968.522858125163,14080.996855178266,14194.376488435144,14308.66905004285,14423.881890864615] 0.31126199007860056 [Infinity,Infinity,Infinity,Infinity,Infinity,Infinity,Infinity,Infinity,Infinity,Infinity,Infinity,Infinity,Infinity,Infinity,Infinity,Infinity,Infinity,Infinity,Infinity,Infinity,Infinity,Infinity,Infinity,Infinity,Infinity,Infinity,Infinity,Infinity,Infinity,Infinity,Infinity,Infinity,Infinity,Infinity,Infinity,Infinity,Infinity,Infinity,Infinity,Infinity,Infinity,Infinity,Infinity,Infinity,Infinity,Infinity,Infinity,Infinity,Infinity,Infinity,Infinity,Infinity,Infinity,Infinity,Infinity,Infinity,Infinity,Infinity,Infinity,Infinity,Infinity,Infinity,Infinity,Infinity,Infinity,Infinity,Infinity,Infinity,Infinity,Infinity,Infinity,Infinity,Infinity,Infinity,Infinity,Infinity,Infinity,Infinity,Infinity,Infinity,Infinity,Infinity,Infinity,Infinity,Infinity,Infinity,Infinity,Infinity,Infinity,Infinity,Infinity,Infinity,Infinity,Infinity,Infinity,Infinity,Infinity,Infinity,Infinity,Infinity,Infinity,Infinity,Infinity,Infinity,Infinity,Infinity,Infinity,Infinity,Infinity,Infinity,Infinity,Infinity,Infinity,Infinity,Infinity,Infinity,Infinity,Infinity,Infinity,Infinity,Infinity,Infinity,Infinity,Infinity,Infinity,Infinity,Infinity,Infinity,Infinity,Infinity,Infinity,Infinity,Infinity,Infinity,Infinity,Infinity,Infinity,Infinity,Infinity,Infinity,1.282496421236063,1.758886255578005,2.152413126881046,2.3181425083388993,2.414014215039127,2.607576173458944,2.8783386327774285,3.078155179087014,3.100465683005196,3.058130313634574,3.127696393068075,3.3819694655601955,3.7227409392532294,4.06041195757716,4.529656419530897,5.389931823446214,6.654577320151037,7.816744329537994,8.371960879701152,8.62989425100324,9.348534589138838,10.661620577860306,11.648908437025739,11.455472957049414,10.204860309329703,8.394325594925371,7.293827396978105,8.80267474751911,13.194328919171141,17.803400953392032,20.200152397405063,20.17483707374314,18.15800989038066,15.465626461213887,13.742009856129409,13.391204052481873,13.942463259592373,14.833226474027327,15.432338251249163,15.576178068665095,15.716254201234483,15.741544838428558,14.59170413925872,12.114262383277044,9.891024264528852,9.098644360738357,9.885598343545112,12.453399135198937,17.207035561553848,22.943340706860443,26.301695101853323,25.36529711314511,20.19080513578985,13.927139171770495,11.47398288776044,11.758597641530658,11.415010126294744,11.979993591416381,14.650415992558786,15.145399956627733,12.23296354750719,10.648570819610981,11.101892826243823,11.291899642631282,12.536949095351314,16.10111766692686,19.67724078904198,21.334181398204542,20.468912569474472,18.90931640437375,18.239462555519992,17.278370251560695,15.670841750249366,13.91159102152137,11.975305897633547,9.988095775471116,8.453039215593773,7.926020051625382,9.148372928300507,12.648975062272932,15.677477589975194,15.816161653837943,13.798297221986283,12.145190807328117,11.19822797385994,8.470874698827728,6.557445957985607,7.077196366193573,8.800243747885016,9.96617139787782,10.380671822531507,10.528672361440584,10.439733900238492,10.430547457683598,10.05342596017711,8.774190960412678,7.20106824846918,6.042342241677666,5.313360428919718,4.838246343305398,4.7453018919813434,4.655528278657348,4.495083258741934,4.343638385416765,4.258457363564272,4.2447766714539865,4.082673740791044,4.085950920217959,4.05465944637742,3.7478538701349415,3.4703883604987853,3.2934044550310504,3.0377819003153173,2.895895196134097,2.931608949744552,3.0538181420973003,3.221115362157584,3.3550762115048074,3.2480870177700063,2.8897672514762984,2.530505220352972,1.942414468146493,1.2831859872970348,1.3252304332432898,1.6915843570403233,2.3591762327523256,3.5958934098172444,4.6609121713048705,5.487929929960309,5.8436080058267645,5.895785585067255,5.394943617560287,4.79198468685886,4.113401601336841,3.785436853500189,3.2171311051520184,3.0734030943402497,2.6895480696437186,2.479209035891292,2.0863140063637093,1.9411906641479661,1.804689734848786,1.795200712190144,1.7279909800706073,1.695645391481986,1.698575058312641,1.542794390009129,1.2247108888948157,1.2917142733993177,1.1605041978700443,0.9933141576171598,0.9658940295838896,1.0348689658474857,0.9699869262588819,1.044010267710044,0.9674922328427309,1.1184073153012317,0.6551901683135908,0.7209444261552231,0.4285187370195853] [0.0,0.0,0.0,0.0,0.0,0.0,0.0,0.0,0.0,0.0,0.0,0.0,0.0,0.0,0.0,0.0,0.0,0.0,0.0,0.0,0.0,0.0,0.0,0.0,0.0,0.0,0.0,0.0,0.0,0.0,0.0,0.0,0.0,0.0,0.0,0.0,0.0,0.0,0.0,0.0,0.0,0.0,0.0,0.0,0.0,0.0,0.0,0.0,0.0,0.0,0.0,0.0,0.0,0.0,0.0,0.0,0.0,0.0,0.0,0.0,0.0,0.0,0.0,0.0,0.0,0.0,0.0,0.0,0.0,0.0,0.0,0.0,0.0,0.0,0.0,0.0,0.0,0.0,0.0,0.0,0.0,0.0,0.0,0.0,0.0,0.0,0.0,0.0,0.0,0.0,0.0,0.0,0.0,0.0,0.0,0.0,0.0,0.0,0.0,0.0,0.0,0.0,0.0,0.0,0.0,0.0,0.0,0.0,0.0,0.0,0.0,0.0,0.0,0.0,0.0,0.0,0.0,0.0,0.0,0.0,0.0,0.0,0.0,0.0,0.0,0.0,0.0,0.0,0.0,0.0,0.0,0.0,0.0,0.0,0.0,0.0,0.0,0.0,0.0,0.0,-1.5539117373886246,1.2664988848283918,1.3850839960471577,5.530176735089598,1.7766628278228278,-0.6762796353347662,-0.8665017150023017,-2.3752499463192778,-1.725858023939137,0.3290006618870749,0.9981492812162607,-3.073500476903788,6.173363892890524,0.7672899341192765,3.361232736684716,6.413210322596996,-11.403511547224795,-7.5371281647904995,13.408187719803498,-5.29495833090808,-18.519273738574576,-4.721024016747548,16.122725673810216,10.800570638819655,-2.3743155280568637,-4.776190045927131,2.301269657204552,-12.883732080590656,-3.3142415972674217,18.491948393147258,-2.0308952006156353,8.124018247353307,-2.807397740062367,32.060123746987536,-3.3817144295515753,-1.2013967402164207,-6.529352921180352,-6.5122345999478775,-5.4300893566525,14.84724214181028,6.259499446654019,-46.41715823202434,9.245698118497446,-27.100126698601386,1.366941864829947,-4.627348643066235,4.138231467364697,20.53883921301797,-13.519021033175996,5.241045936202783,9.956498253922572,40.725046068545765,-31.942611245898316,2.1891481021186707,7.9520563300738205,4.251005486528702,0.26395925494705824,-10.986641717339282,16.462404619104046,16.441742405802827,8.428027295738275,-3.0266176222668575,-4.839900028504393,-2.7127071902161006,16.711509001291578,12.081389527710078,4.105524190377727,-25.065144730731614,23.52152022823082,-29.69632119232849,15.662908181079338,-6.711413531890601,-4.454411435176153,14.756751414252546,4.513371501376462,-5.267459025348839,-0.2682901160555182,-6.461719788446529,13.702275768984933,-19.629192658535448,-10.952666476561522,-9.161381979229606,22.565261354943164,11.714945068867125,-7.841900432799486,0.8192518185559208,-7.582393016306235,-9.629683020205253,-7.332794669069258,5.098868642231848,-10.418689917150092,17.65302328422456,4.815382917639118,-12.371061844767958,-10.441495372045644,-5.8968473601953155,1.6671941110237152,2.865536238121494,-2.8964949331800494,11.096089174919129,-6.749949463465968,3.65316637421837,-3.144073447717727,-7.873884164126224,-5.214093209369949,5.0339260827432515,2.231370356684919,-1.3170421131877,-0.07038737213183806,-1.0373181216249976,4.9082193170807225,8.825751270884735,-1.0175821499660318,4.08443011610372,-0.8279325074916926,0.35729179748544204,-3.0400011788878882,0.500157967493992,0.15598878043607065,-2.2654222582843193,-3.2003546847349265,0.9795768418315535,-1.3797079657833156,-1.5139000346343245,-0.31590918930835826,-1.2639374598119384,5.4018523143984325,-0.2076146383028003,-9.2691958260033,9.965723055028983,-0.5693508658774332,5.066347327839431,-1.7809230411789223,-1.2498707415393286,3.785166517312026,-0.00040922573278806334,0.9981630616091179,1.2921605553750417,0.27799401601839274,-0.6753758947050946,0.721388655852251,-0.12672715200146717,0.005061717057588111,-1.851214289417006,-0.5865324811480014,1.611752415586468,0.7601141864461454,-1.3403960169586846,0.5543292566923778,0.6715411914827041,0.6476670792587229,-0.009764833768138888,0.1939360081829313,-1.2961062063596116,2.623333124374478,0.6486517394370052,1.5480920546597852,0.5259041134644079,-0.12939701909349255,-0.48953097063291545]
56112.282945019244 [0.0,0.0,0.0,0.0,0.0,0.0,0.0,0.0,0.0,0.0,0.0,0.0,0.0,0.0,0.0,0.0,0.0,0.0,0.0,0.0,0.0,0.0,0.0,0.0,0.0,0.0,0.0,0.0,0.0,0.0,0.0,0.0,0.0,0.0,0.0,0.0,0.0,0.0,0.0,0.0,0.0,0.0,0.0,0.0,0.0,0.0,0.0,0.0,0.0,0.0,0.0,0.0,0.0,0.0,0.0,0.0,0.0,0.0,0.0,0.0,0.0,0.0,0.0,0.0,0.0,0.0,0.0,0.0,0.0,0.0,0.0,0.0,0.0,0.0,0.0,0.0,0.0,0.0,0.0,0.0,0.0,0.0,0.0,0.0,0.0,0.0,0.0,0.0,0.0,0.0,0.0,0.0,0.0,0.0,0.0,0.0,0.0,0.0,0.0,0.0,0.0,0.0,0.0,0.0,0.0,0.0,0.0,0.0,0.0,0.0,0.0,0.0,0.0,0.0,0.0,0.0,0.0,0.0,0.0,0.0,0.0,0.0,0.0,0.0,0.0,0.0,0.0,0.0,0.0,0.0,0.0,0.0,0.0,0.0,0.0,0.0,0.0,0.0,0.0,0.0,0.0,0.0,0.0,0.0,0.0,0.0,0.0,0.0,0.0,0.0,0.0,0.0,0.0,0.0,0.0,0.0,0.0,0.0,0.0,0.0,0.0,0.0,0.0,0.0,0.0,0.0,0.0,0.0,0.0,0.0,0.0,0.0,0.0,0.0,0.0,0.0,0.0,0.0,0.0,0.0,0.0,0.0,0.0,0.0,0.0,0.0,0.0,0.0,0.0,0.0,0.0,0.0,0.0,0.0,0.0,0.0,0.0,0.0,0.0,0.0,0.0,0.0,0.0,0.0,0.0,0.0,0.0,0.0,0.0,0.0,0.0,0.0,0.0,0.0,0.0,0.0,0.0,0.0,0.0,0.0,0.0,0.0,0.0,0.0,0.0,0.0,0.0,0.0,0.0,0.0,0.0,0.0,0.0,0.0,0.0,0.0,0.0,0.0,0.0,0.0,0.0,0.0,0.0,0.0,0.0,0.0,0.0,0.0,0.0,0.0,0.0,0.0,0.0,0.0,0.0,0.0,0.0,0.0,0.0,0.0,0.0,0.0,0.0,0.0,0.0,0.0,0.0,0.0,0.0,0.0,0.0,0.0,0.0,0.0,0.0,0.0,0.0,0.0,0.0,0.0,0.0,0.0,0.0,0.0,0.0,0.0,0.0,0.0,0.0,0.0,0.0,0.0,0.0,0.0,0.0,0.0,0.0,0.0,0.0,0.0] [1311.2619900786005,1321.8202200865917,1332.463464547639,1343.19240799478,1354.0077404728797,1364.9101575830227,1375.9003605272408,1386.9790561536227,1398.1469570017646,1409.4047813486081,1420.7532532546286,1432.193102610412,1443.7250651835902,1455.3498826661717,1467.068302722235,1478.881079036026,1490.78897136042,1502.7927455657994,1514.8931736892998,1527.0910339844697,1539.3871109713293,1551.7821954868166,1564.2770847356642,1576.872582341659,1589.569498399342,1602.368649526097,1615.270858914685,1628.2769563861766,1641.3877784433362,1654.6041683244075,1667.9269760573632,1681.3570585145608,1694.895279467867,1708.5425096441993,1722.2996267815402,1736.1675156853773,1750.1470682856248,1764.2391836939755,1778.4447682617345,1792.7647356381167,1807.2000068289992,1821.7515102561672,1836.4201818170154,1851.2069649447558,1866.112810669078,1881.1386776773347,1896.285532376183,1911.5543489537563,1926.9461094423048,1942.4618037813711,1958.1024298814455,1973.8689936881608,1989.7625092469793,2005.7839987684179,2021.9344926937952,2038.215029761504,2054.626657073813,2071.1704301642176,2087.8474130653335,2104.6586783773164,2121.605307336866,2138.6883898867477,2155.9090247459117,2173.268319480143,2190.767390573309,2208.407363499154,2226.1893727937027,2244.1145621282076,2262.184084382728,2280.399101720259,2298.7607856614945,2317.2703171601615,2335.9288866789793,2354.7376942662327,2373.6979496329395,2392.810872230673,2412.077691329971,2431.4996460994216,2451.0779856853383,2470.813969292122,2490.7088662632277,2510.763956162824,2530.9805288580706,2551.359884602096,2571.9033341176064,2592.612198681206,2613.487810208354,2634.5315113390543,2655.7446555241822,2677.1286071125573,2698.6847414386757,2720.4144449111714,2742.319115101994,2764.4001608362782,2786.6590022829737,2809.097071046162,2831.715810257159,2854.5166746673017,2877.5011307415425,2900.67065675274,2924.0267428767575,2947.570891288285,2971.304616257478,2995.22944424732,3019.346914011829,3043.658576695001,3068.1659959305807,3092.870747942638,3117.7744216469364,3142.87861875312,3168.1849538677375,3193.695054598094,3219.410561656912,3245.333128967883,3271.4644237720117,3297.806126734876,3324.3599320546946,3351.1275475713155,3378.1106948760344,3405.3111094223436,3432.7305406375262,3460.3707520352004,3488.23352132871,3516.320640545493,3544.6339161423107,3573.1751691214417,3601.9462351478164,3630.9489646670518,3660.1852230244945,3689.6568905851636,3719.3658628547196,3749.3140506013438,3779.5033799786634,3809.935792649603,3840.6132459112973,3871.5377128209448,3902.7111823227383,3934.135659375755,3965.8131650829396,3997.7457368210635,4029.9354283717907,4062.3843100537392,4095.0944688556665,4128.068008570669,4161.3070499315045,4194.813730746993,4228.590206039511,4262.638648183577,4296.961247045588,4331.560210124669,4366.437762694626,4401.596147947099,4437.037627135803,4472.764479721992,4508.779003521039,4545.083514850253,4581.680348677821,4618.571858773019,4655.7604178575675,4693.248417758249,4731.038269560753,4769.132403764733,4807.533270440121,4846.243339384716,4885.265100283049,4924.601062866471,4964.253757074609,5004.22573321805,5044.519562142395,5085.137835393579,5126.08316538458,5167.3581855634,5208.965550582488,5250.907936469426,5293.188040799074,5335.808582867062,5378.772303864684,5422.081967055189,5465.740357951513,5509.7502844954415,5554.1145772382,5598.836089522486,5643.917697666003,5689.362301146471,5735.17282278806,5781.352208949439,5827.903429713208,5874.829479076986,5922.133375145914,5969.818160326825,6017.886901523867,6066.342690335802,6115.188643254807,6164.427901866934,6214.06363305417,6264.099029198114,6314.537308385285,6365.381714614103,6416.635518003553,6468.302015003491,6520.384528606639,6572.88640856233,6625.811031591967,6679.16180160615,6732.942149923667,6787.155535492116,6841.805445110439,6896.895393653112,6952.428924296275,7008.409608745552,7064.841047465831,7121.726869912778,7179.070734766296,7236.876330165845,7295.147373947643,7353.887613883764,7413.100827923194,7472.790824434837,7532.961442452409,7593.616551921397,7654.7600539479145,7716.395881049652,7778.527997408752,7841.160399126823,7904.2971144818985,7967.94220418758,8032.099761654146,8096.773913251861,8161.968818576374,8227.688670716232,8293.937696522553,8360.720156880894,8428.04034698531,8495.90259661459,8564.311270410717,8633.270768159597,8702.785525074065,8772.860012079082,8843.498736099358,8914.706240349144,8986.487104624512,9058.845945597834,9131.787417114787,9205.31621049359,9279.437054826807,9354.154717285446,9429.47400342559,9505.399757497484,9581.936862757088,9659.090241780126,9736.864856778713,9815.265709920519,9894.297843650465,9973.966341015032,10054.276325989182,10135.232963805956,10216.841461288606,10299.107067185563,10382.035072507933,10465.630810869876,10549.89965883156,10634.84703624505,10720.478406602804,10806.799277389146,10893.815200434417,10981.531772272076,11069.954634498676,11159.08947413668,11248.94202400021,11339.518063063782,11430.823416834026,11522.863957724268,11615.64560543233,11709.174327321158,11803.456138802712,11898.49710372478,11994.303334761045,12090.880993804161,12188.23629236214,12286.375491957784,12385.304904531427,12485.030892846919,12585.55987090084,12686.898304334996,12789.052710852275,12892.029660635888,12995.8357767719,13100.477735675182,13205.962267518828,13312.296156667053,13419.486242111492,13527.539417911097,13636.462633635434,13746.262894811807,13856.947263375758,13968.522858125163,14080.996855178266,14194.376488435144,14308.66905004285,14423.881890864615] 0.31126199007860056 [Infinity,Infinity,Infinity,Infinity,Infinity,Infinity,Infinity,Infinity,Infinity,Infinity,Infinity,Infinity,Infinity,Infinity,Infinity,Infinity,Infinity,Infinity,Infinity,Infinity,Infinity,Infinity,Infinity,Infinity,Infinity,Infinity,Infinity,Infinity,Infinity,Infinity,Infinity,Infinity,Infinity,Infinity,Infinity,Infinity,Infinity,Infinity,Infinity,Infinity,Infinity,Infinity,Infinity,Infinity,Infinity,Infinity,Infinity,Infinity,Infinity,Infinity,Infinity,Infinity,Infinity,Infinity,Infinity,Infinity,Infinity,Infinity,Infinity,Infinity,Infinity,Infinity,Infinity,Infinity,Infinity,Infinity,Infinity,Infinity,Infinity,Infinity,Infinity,Infinity,Infinity,Infinity,Infinity,Infinity,Infinity,Infinity,Infinity,Infinity,Infinity,Infinity,Infinity,Infinity,Infinity,Infinity,Infinity,Infinity,Infinity,Infinity,Infinity,Infinity,Infinity,Infinity,Infinity,Infinity,Infinity,Infinity,Infinity,Infinity,Infinity,Infinity,Infinity,Infinity,Infinity,Infinity,Infinity,Infinity,Infinity,Infinity,Infinity,Infinity,Infinity,Infinity,Infinity,Infinity,Infinity,Infinity,Infinity,Infinity,Infinity,Infinity,Infinity,Infinity,Infinity,Infinity,Infinity,Infinity,Infinity,Infinity,Infinity,Infinity,Infinity,Infinity,Infinity,Infinity,Infinity,Infinity,Infinity,Infinity,Infinity,Infinity,Infinity,Infinity,Infinity,Infinity,Infinity,Infinity,Infinity,Infinity,Infinity,Infinity,Infinity,Infinity,Infinity,Infinity,Infinity,Infinity,Infinity,Infinity,Infinity,Infinity,Infinity,Infinity,Infinity,Infinity,Infinity,Infinity,Infinity,Infinity,Infinity,Infinity,Infinity,Infinity,Infinity,Infinity,Infinity,Infinity,Infinity,Infinity,Infinity,Infinity,Infinity,Infinity,Infinity,Infinity,Infinity,Infinity,Infinity,Infinity,Infinity,Infinity,Infinity,Infinity,Infinity,Infinity,Infinity,Infinity,Infinity,Infinity,Infinity,Infinity,Infinity,Infinity,Infinity,Infinity,Infinity,Infinity,Infinity,Infinity,Infinity,Infinity,Infinity,Infinity,Infinity,Infinity,Infinity,Infinity,Infinity,Infinity,Infinity,Infinity,Infinity,Infinity,Infinity,Infinity,Infinity,Infinity,Infinity,Infinity,Infinity,Infinity,Infinity,Infinity,Infinity,Infinity,Infinity,Infinity,Infinity,Infinity,Infinity,Infinity,Infinity,Infinity,Infinity,Infinity,Infinity,Infinity,Infinity,Infinity,Infinity,Infinity,Infinity,Infinity,Infinity,Infinity,Infinity,Infinity,Infinity,Infinity,Infinity,Infinity,Infinity,Infinity,Infinity,Infinity,Infinity,Infinity,Infinity,Infinity,Infinity,Infinity,Infinity,Infinity,Infinity,Infinity,Infinity,Infinity,Infinity,Infinity,Infinity,Infinity,Infinity,Infinity,Infinity,Infinity,Infinity,Infinity,Infinity,Infinity,Infinity,Infinity,Infinity,Infinity,Infinity,Infinity,Infinity,Infinity,Infinity,Infinity] [0.0,0.0,0.0,0.0,0.0,0.0,0.0,0.0,0.0,0.0,0.0,0.0,0.0,0.0,0.0,0.0,0.0,0.0,0.0,0.0,0.0,0.0,0.0,0.0,0.0,0.0,0.0,0.0,0.0,0.0,0.0,0.0,0.0,0.0,0.0,0.0,0.0,0.0,0.0,0.0,0.0,0.0,0.0,0.0,0.0,0.0,0.0,0.0,0.0,0.0,0.0,0.0,0.0,0.0,0.0,0.0,0.0,0.0,0.0,0.0,0.0,0.0,0.0,0.0,0.0,0.0,0.0,0.0,0.0,0.0,0.0,0.0,0.0,0.0,0.0,0.0,0.0,0.0,0.0,0.0,0.0,0.0,0.0,0.0,0.0,0.0,0.0,0.0,0.0,0.0,0.0,0.0,0.0,0.0,0.0,0.0,0.0,0.0,0.0,0.0,0.0,0.0,0.0,0.0,0.0,0.0,0.0,0.0,0.0,0.0,0.0,0.0,0.0,0.0,0.0,0.0,0.0,0.0,0.0,0.0,0.0,0.0,0.0,0.0,0.0,0.0,0.0,0.0,0.0,0.0,0.0,0.0,0.0,0.0,0.0,0.0,0.0,0.0,0.0,0.0,0.0,0.0,0.0,0.0,0.0,0.0,0.0,0.0,0.0,0.0,0.0,0.0,0.0,0.0,0.0,0.0,0.0,0.0,0.0,0.0,0.0,0.0,0.0,0.0,0.0,0.0,0.0,0.0,0.0,0.0,0.0,0.0,0.0,0.0,0.0,0.0,0.0,0.0,0.0,0.0,0.0,0.0,0.0,0.0,0.0,0.0,0.0,0.0,0.0,0.0,0.0,0.0,0.0,0.0,0.0,0.0,0.0,0.0,0.0,0.0,0.0,0.0,0.0,0.0,0.0,0.0,0.0,0.0,0.0,0.0,0.0,0.0,0.0,0.0,0.0,0.0,0.0,0.0,0.0,0.0,0.0,0.0,0.0,0.0,0.0,0.0,0.0,0.0,0.0,0.0,0.0,0.0,0.0,0.0,0.0,0.0,0.0,0.0,0.0,0.0,0.0,0.0,0.0,0.0,0.0,0.0,0.0,0.0,0.0,0.0,0.0,0.0,0.0,0.0,0.0,0.0,0.0,0.0,0.0,0.0,0.0,0.0,0.0,0.0,0.0,0.0,0.0,0.0,0.0,0.0,0.0,0.0,0.0,0.0,0.0,0.0,0.0,0.0,0.0,0.0,0.0,0.0,0.0,0.0,0.0,0.0,0.0,0.0,0.0,0.0,0.0,0.0,0.0,0.0,0.0,0.0,0.0,0.0,0.0,0.0]
56296.210327953864 [0.0,0.0,0.0,0.0,0.0,0.0,0.0,0.0,0.0,0.0,0.0,0.0,0.0,0.0,0.0,0.0,0.0,0.0,0.0,0.0,0.0,0.0,0.0,0.0,0.0,0.0,0.0,0.0,0.0,0.0,0.0,0.0,0.0,0.0,0.0,0.0,0.0,0.0,0.0,0.0,0.0,0.0,0.0,0.0,0.0,0.0,0.0,0.0,0.0,0.0,0.0,0.0,0.0,0.0,0.0,0.0,0.0,0.0,0.0,0.0,0.0,0.0,0.0,0.0,0.0,0.0,0.0,0.0,0.0,0.0,0.0,0.0,0.0,0.0,0.0,0.0,0.0,0.0,0.0,0.0,0.0,0.0,0.0,0.0,0.0,0.0,0.0,0.0,0.0,0.0,0.0,0.0,0.0,0.0,0.0,0.0,0.0,0.0,0.0,0.0,0.0,0.0,0.0,0.0,0.0,0.0,0.0,0.0,0.0,0.0,0.0,0.0,0.0,0.0,0.0,0.0,0.0,0.0,0.0,0.0,0.0,0.0,0.0,0.0,0.0,0.0,0.0,0.0,0.0,0.0,0.0,0.0,0.0,0.0,0.0,0.0,0.0,0.0,0.0,0.0,1.5136350090610986,0.9800868596379706,1.0749297123831987,2.257497167425823,3.6621138299230243,5.272235456021308,6.14865374978175,6.15071331949974,4.1057956473532204,2.2868093136221574,3.417496770347704,7.374130776145823,11.448351276621866,13.369138534123474,15.271086969618773,17.42310034164068,23.00108136526229,25.032890275126988,30.025093738983408,29.035115680500382,33.890138584015304,35.02462313360607,38.472415145408426,39.71501392986328,35.784544122645556,25.02303809007402,15.81727460722923,16.373520186537057,32.06393673197903,52.31036230074422,61.98588668985937,64.24223892175357,65.61514894260485,58.4305831232347,53.64449494648369,46.095064806257355,40.37184648665873,40.84608105844639,40.9586647106007,46.367594836489786,40.09618767383946,48.07425752105253,54.32291706161043,51.826152745000684,42.778135950506616,36.278302421292686,28.093013087908147,37.76178247035394,50.18185804921159,69.79267076420756,79.36565432856258,106.2008690987207,83.10359926342682,54.65754720163716,42.76083593375855,45.087177012545425,47.240327523558996,49.133036113498676,74.56178617773611,80.89710119931662,72.75135215949058,57.7247132835416,46.16081268092045,45.19358877545143,44.11603784507858,47.77648325287742,53.318014689685015,78.8856909193121,73.3235116565562,88.08909154022233,88.20759108543142,105.27223664315903,117.54174215075187,145.41734224727585,132.09837598438236,112.58528278453718,88.30317737669438,68.37039502071406,88.92964240331013,97.19163888734298,104.85537850255159,96.31176385238376,82.69014744127182,64.54144799619252,63.223396527947585,59.61271498826122,67.71802895687392,69.19928215614362,67.1504228421762,62.19222057409544,52.80254054338038,70.67135960827123,97.04849073985295,92.98948785430788,113.63608741731451,102.5873974258765,75.73246817618548,52.74972213164224,42.41276874029726,46.886847677972305,44.90952371721174,42.27793698701877,43.640754090213036,39.38428374667867,36.292174644376,37.75463960176455,45.2714171752451,51.67779989822781,50.66876663316231,55.041802331058335,55.27195198755476,58.32039815477427,48.188798167231475,50.32404871793712,61.42002666973439,73.18206915333347,61.55149046627414,54.112019377955214,41.330958415009434,39.64588273762243,30.229774086878045,23.843486373281852,12.041233212885407,6.6913149588923755,11.532064942220856,18.31286015543531,42.22760125562975,58.5473431736033,54.899850537403054,59.16548467794881,65.36742580448065,61.69704639674218,53.951833585914464,48.53136973749926,44.2916638048581,40.89224555235843,40.5818814473654,35.125566803164396,36.96409270501088,33.75313090106697,34.310054542760184,40.58592977708036,38.65612058855815,32.477383728656605,30.525141251753936,41.04408251652362,54.004395162726205,54.1150781017085,45.07905415081941,35.11760878777232,32.01555930575781,26.23138126445561,33.874941645146926,32.708194794446804,30.234695455912163,23.708922787609115,27.334700502999862,30.259174543056375,28.07553702524247,26.86547116144888] [1311.2619900786005,1321.8202200865917,1332.463464547639,1343.19240799478,1354.0077404728797,1364.9101575830227,1375.9003605272408,1386.9790561536227,1398.1469570017646,1409.4047813486081,1420.7532532546286,1432.193102610412,1443.7250651835902,1455.3498826661717,1467.068302722235,1478.881079036026,1490.78897136042,1502.7927455657994,1514.8931736892998,1527.0910339844697,1539.3871109713293,1551.7821954868166,1564.2770847356642,1576.872582341659,1589.569498399342,1602.368649526097,1615.270858914685,1628.2769563861766,1641.3877784433362,1654.6041683244075,1667.9269760573632,1681.3570585145608,1694.895279467867,1708.5425096441993,1722.2996267815402,1736.1675156853773,1750.1470682856248,1764.2391836939755,1778.4447682617345,1792.7647356381167,1807.2000068289992,1821.7515102561672,1836.4201818170154,1851.2069649447558,1866.112810669078,1881.1386776773347,1896.285532376183,1911.5543489537563,1926.9461094423048,1942.4618037813711,1958.1024298814455,1973.8689936881608,1989.7625092469793,2005.7839987684179,2021.9344926937952,2038.215029761504,2054.626657073813,2071.1704301642176,2087.8474130653335,2104.6586783773164,2121.605307336866,2138.6883898867477,2155.9090247459117,2173.268319480143,2190.767390573309,2208.407363499154,2226.1893727937027,2244.1145621282076,2262.184084382728,2280.399101720259,2298.7607856614945,2317.2703171601615,2335.9288866789793,2354.7376942662327,2373.6979496329395,2392.810872230673,2412.077691329971,2431.4996460994216,2451.0779856853383,2470.813969292122,2490.7088662632277,2510.763956162824,2530.9805288580706,2551.359884602096,2571.9033341176064,2592.612198681206,2613.487810208354,2634.5315113390543,2655.7446555241822,2677.1286071125573,2698.6847414386757,2720.4144449111714,2742.319115101994,2764.4001608362782,2786.6590022829737,2809.097071046162,2831.715810257159,2854.5166746673017,2877.5011307415425,2900.67065675274,2924.0267428767575,2947.570891288285,2971.304616257478,2995.22944424732,3019.346914011829,3043.658576695001,3068.1659959305807,3092.870747942638,3117.7744216469364,3142.87861875312,3168.1849538677375,3193.695054598094,3219.410561656912,3245.333128967883,3271.4644237720117,3297.806126734876,3324.3599320546946,3351.1275475713155,3378.1106948760344,3405.3111094223436,3432.7305406375262,3460.3707520352004,3488.23352132871,3516.320640545493,3544.6339161423107,3573.1751691214417,3601.9462351478164,3630.9489646670518,3660.1852230244945,3689.6568905851636,3719.3658628547196,3749.3140506013438,3779.5033799786634,3809.935792649603,3840.6132459112973,3871.5377128209448,3902.7111823227383,3934.135659375755,3965.8131650829396,3997.7457368210635,4029.9354283717907,4062.3843100537392,4095.0944688556665,4128.068008570669,4161.3070499315045,4194.813730746993,4228.590206039511,4262.638648183577,4296.961247045588,4331.560210124669,4366.437762694626,4401.596147947099,4437.037627135803,4472.764479721992,4508.779003521039,4545.083514850253,4581.680348677821,4618.571858773019,4655.7604178575675,4693.248417758249,4731.038269560753,4769.132403764733,4807.533270440121,4846.243339384716,4885.265100283049,4924.601062866471,4964.253757074609,5004.22573321805,5044.519562142395,5085.137835393579,5126.08316538458,5167.3581855634,5208.965550582488,5250.907936469426,5293.188040799074,5335.808582867062,5378.772303864684,5422.081967055189,5465.740357951513,5509.7502844954415,5554.1145772382,5598.836089522486,5643.917697666003,5689.362301146471,5735.17282278806,5781.352208949439,5827.903429713208,5874.829479076986,5922.133375145914,5969.818160326825,6017.886901523867,6066.342690335802,6115.188643254807,6164.427901866934,6214.06363305417,6264.099029198114,6314.537308385285,6365.381714614103,6416.635518003553,6468.302015003491,6520.384528606639,6572.88640856233,6625.811031591967,6679.16180160615,6732.942149923667,6787.155535492116,6841.805445110439,6896.895393653112,6952.428924296275,7008.409608745552,7064.841047465831,7121.726869912778,7179.070734766296,7236.876330165845,7295.147373947643,7353.887613883764,7413.100827923194,7472.790824434837,7532.961442452409,7593.616551921397,7654.7600539479145,7716.395881049652,7778.527997408752,7841.160399126823,7904.2971144818985,7967.94220418758,8032.099761654146,8096.773913251861,8161.968818576374,8227.688670716232,8293.937696522553,8360.720156880894,8428.04034698531,8495.90259661459,8564.311270410717,8633.270768159597,8702.785525074065,8772.860012079082,8843.498736099358,8914.706240349144,8986.487104624512,9058.845945597834,9131.787417114787,9205.31621049359,9279.437054826807,9354.154717285446,9429.47400342559,9505.399757497484,9581.936862757088,9659.090241780126,9736.864856778713,9815.265709920519,9894.297843650465,9973.966341015032,10054.276325989182,10135.232963805956,10216.841461288606,10299.107067185563,10382.035072507933,10465.630810869876,10549.89965883156,10634.84703624505,10720.478406602804,10806.799277389146,10893.815200434417,10981.531772272076,11069.954634498676,11159.08947413668,11248.94202400021,11339.518063063782,11430.823416834026,11522.863957724268,11615.64560543233,11709.174327321158,11803.456138802712,11898.49710372478,11994.303334761045,12090.880993804161,12188.23629236214,12286.375491957784,12385.304904531427,12485.030892846919,12585.55987090084,12686.898304334996,12789.052710852275,12892.029660635888,12995.8357767719,13100.477735675182,13205.962267518828,13312.296156667053,13419.486242111492,13527.539417911097,13636.462633635434,13746.262894811807,13856.947263375758,13968.522858125163,14080.996855178266,14194.376488435144,14308.66905004285,14423.881890864615] 0.31126199007860056 [Infinity,Infinity,Infinity,Infinity,Infinity,Infinity,Infinity,Infinity,Infinity,Infinity,Infinity,Infinity,Infinity,Infinity,Infinity,Infinity,Infinity,Infinity,Infinity,Infinity,Infinity,Infinity,Infinity,Infinity,Infinity,Infinity,Infinity,Infinity,Infinity,Infinity,Infinity,Infinity,Infinity,Infinity,Infinity,Infinity,Infinity,Infinity,Infinity,Infinity,Infinity,Infinity,Infinity,Infinity,Infinity,Infinity,Infinity,Infinity,Infinity,Infinity,Infinity,Infinity,Infinity,Infinity,Infinity,Infinity,Infinity,Infinity,Infinity,Infinity,Infinity,Infinity,Infinity,Infinity,Infinity,Infinity,Infinity,Infinity,Infinity,Infinity,Infinity,Infinity,Infinity,Infinity,Infinity,Infinity,Infinity,Infinity,Infinity,Infinity,Infinity,Infinity,Infinity,Infinity,Infinity,Infinity,Infinity,Infinity,Infinity,Infinity,Infinity,Infinity,Infinity,Infinity,Infinity,Infinity,Infinity,Infinity,Infinity,Infinity,Infinity,Infinity,Infinity,Infinity,Infinity,Infinity,Infinity,Infinity,Infinity,Infinity,Infinity,Infinity,Infinity,Infinity,Infinity,Infinity,Infinity,Infinity,Infinity,Infinity,Infinity,Infinity,Infinity,Infinity,Infinity,Infinity,Infinity,Infinity,Infinity,Infinity,Infinity,Infinity,Infinity,Infinity,Infinity,Infinity,Infinity,Infinity,Infinity,Infinity,0.07445058349839857,0.05173318462359701,0.060726864126294244,0.1080838798132792,0.17932647796687357,0.2567558229962258,0.3098368948478106,0.2990621121781101,0.20714658326871582,0.12140881144277431,0.1600159086679105,0.3496094883626042,0.5678424254336523,0.6929993959769716,0.7583833332423677,0.882113214059969,1.1111359718986027,1.3388391513926574,1.4513957481545638,1.490553723034526,1.5836566915621852,1.7718968193611075,1.9500860659646004,1.998183508205599,1.814251312176225,1.3218960736809444,0.7990162528960634,0.8125987188835264,1.5345594028764642,2.4117699825175203,2.9434356147047676,3.14264763295538,3.129282904587063,2.936871625406382,2.573259680043532,2.1817238309956,1.993395197394133,2.03069051812998,2.104301871932369,2.1565861606684535,2.3141834481417645,2.563372917859188,2.6484422655096873,2.433773889350212,2.0353547510141725,1.6387729228443741,1.5043177920968709,1.792657269355945,2.4861101666990626,3.461156310559197,4.46066883234817,4.937496918258433,4.134976644326914,2.679817488073886,2.1221513105998877,2.281278686721217,2.2862383967723767,2.5769295419710594,3.511159809954372,3.999718696062317,3.503937179576006,2.7288391302104547,2.192147232793382,2.106751467717712,2.2438406807934546,2.4115511469983533,2.9008916831023837,3.624098782855976,4.091390939519766,4.284913967546871,4.454388376298919,4.97040069170347,5.879012995621609,6.803351229627603,6.808468549781258,5.653848591473794,4.194006466079445,3.515416611505297,4.076410131693443,5.176065498073986,5.665711228809202,5.0830829935461805,4.251053534559221,3.4988739992720475,3.0005738006216656,2.9693355973887745,3.183254416210603,3.3916925050892366,3.398305296202737,2.9474055074179057,2.8084708121111057,3.5851323634049144,4.618094483261203,5.429307402227318,5.577108871640585,4.895152443446294,3.799557663202145,2.675065205217331,2.1155733417051445,2.149520065963549,2.0261885854007198,2.0979057811021558,2.0667157006153523,1.8643584707077885,1.8444549861528703,2.0153630671953895,2.370108275479746,2.5839073749810275,2.5526431356711377,2.7171212008964067,3.0996995909442293,2.7854786397983586,2.4400661019819556,2.693945314187111,3.1683788914707156,3.4655567907034586,3.317423190012014,2.7023471147596103,2.1235976961155467,1.767742172825514,1.5369042127641428,1.2999507002990414,0.6101615686958579,0.3384250207592744,0.6211723004586499,0.8351717438633086,1.869654318173949,2.7113179596838473,2.808879746969102,2.9498731240970377,3.121072644852762,3.2255395823412067,2.890677387052043,2.413482536303797,2.0751856482088886,1.8944323408773815,2.0537933172616936,1.8126536789911754,1.7894281766859,1.6831519406801796,1.9262770478236242,2.0682025580736254,1.9407434453976389,1.6749437484255272,1.601502609205578,1.9731160166295205,2.573094988484079,2.685972978733494,2.248514407063696,1.8225017481189536,1.523262836647536,1.3447634390666199,1.5823352190870907,1.6833700299614136,1.4562807798301127,1.2237972377281774,1.318783695744361,1.5132584246861451,1.4194596068296381,1.265806759395896] [0.0,0.0,0.0,0.0,0.0,0.0,0.0,0.0,0.0,0.0,0.0,0.0,0.0,0.0,0.0,0.0,0.0,0.0,0.0,0.0,0.0,0.0,0.0,0.0,0.0,0.0,0.0,0.0,0.0,0.0,0.0,0.0,0.0,0.0,0.0,0.0,0.0,0.0,0.0,0.0,0.0,0.0,0.0,0.0,0.0,0.0,0.0,0.0,0.0,0.0,0.0,0.0,0.0,0.0,0.0,0.0,0.0,0.0,0.0,0.0,0.0,0.0,0.0,0.0,0.0,0.0,0.0,0.0,0.0,0.0,0.0,0.0,0.0,0.0,0.0,0.0,0.0,0.0,0.0,0.0,0.0,0.0,0.0,0.0,0.0,0.0,0.0,0.0,0.0,0.0,0.0,0.0,0.0,0.0,0.0,0.0,0.0,0.0,0.0,0.0,0.0,0.0,0.0,0.0,0.0,0.0,0.0,0.0,0.0,0.0,0.0,0.0,0.0,0.0,0.0,0.0,0.0,0.0,0.0,0.0,0.0,0.0,0.0,0.0,0.0,0.0,0.0,0.0,0.0,0.0,0.0,0.0,0.0,0.0,0.0,0.0,0.0,0.0,0.0,0.0,0.02462333909312718,-0.054576832833969545,-0.13960757014268615,0.09581957116023887,0.07558427058555281,0.13711899609679204,-0.04808414717446126,0.16947107593753902,-0.03713601802109595,-0.14136691523332873,0.21717859698949418,0.3819410088937392,0.09150276794882085,-0.490849385415957,0.10342030477141816,-0.2191639395587014,0.7783619272902385,-1.7438927527261594,0.9971787758921297,-0.7759587801901359,2.2170047527715937,-0.4133132536160813,-0.5293061738835837,-0.24865623424869715,-0.5004821208789414,-1.414883383544869,-0.16305045069203838,0.12154580886652688,1.3727486744497428,4.074962650393804,3.117174395764014,1.3892862626459708,3.029490850863592,-0.3068493848929356,2.1793013456130477,2.460588186345351,0.5039425387760732,0.2322706958467868,-1.1273727280466799,3.235871623120716,-6.187481288995835,-3.1932008361312323,1.3540717514166918,3.1506749579964426,2.0710409302231643,3.502843964405204,-1.9933427540292725,1.9086370832350399,0.45965471523033363,0.5695445530236194,-9.847722318400807,7.450930733552037,0.4040663768885434,1.0611974401594344,0.3178097217607941,-0.538396721878915,1.5155595881114603,-2.40555472592251,4.338589978648664,0.9027272780702935,2.6726085679704545,3.1479306793325046,2.3178680250528134,3.058559421097189,-0.7607757707905063,-0.45453968708965287,-4.699818972362655,6.403715262192575,-8.504307133839113,2.3908121892849143,-0.8801764405469666,5.8642228090896324,-0.038517761680290426,9.350317654723796,-4.070995011242815,-0.4916890449387053,4.4230480551054825,-1.9379372093918963,7.401439769441267,-6.329671074136747,-8.458846073632444,-5.349896018539856,-2.3309232499126007,-5.436031989248434,3.2119205155142754,0.22600304048572625,4.052940632661852,1.3654320543588903,-0.8156830818785531,3.2441104257373206,-3.3668756988417323,-1.0312876598270544,4.686601074628903,-15.596660190238481,2.093909984502808,4.684348556950609,-0.2586850878574182,-0.7515819727043876,0.10130190619437117,3.896446358701324,4.385752009197346,0.31982136497565317,2.3064400779059926,2.0971143325229025,-0.59692507868141,-2.5526217421432404,-2.1307483343498204,-0.00034760139274308166,-0.38409608026044045,0.6993783131301992,-6.722039831329828,2.610825358807092,-0.6125238724076328,-3.5548575658051025,-1.9475511596799184,3.870933339264295,-4.796973333966142,0.06507708276300592,-1.1409955073015037,4.291039281112146,-0.5083101684048099,-2.1555276326989765,-0.16199816103175255,-0.07718545629311228,-0.8913810669521416,1.6094252781691392,4.834514892150774,4.320983979926352,-1.2777444019789868,0.1680221960080553,2.9459729074254035,-2.8137452500819493,-3.861714155126402,0.26171901142332077,2.7879508406803333,3.003598734810799,-0.4939848978684755,-1.127506776659113,1.1755291712928815,0.09009208746337727,-4.215486413712297,-0.7781213843921483,-0.15874831939462397,-1.0214912398539386,-1.5049109323576262,1.5817621839332123,2.542495393044627,0.395618527038624,0.10876600954548443,-1.3324261746067545,1.550302572807092,-0.6638875168767869,2.228237263405108,-0.9592058047814691,1.1090798593099096,-0.7670219669544303,0.9590265881126375,-0.0059939506665293,-0.313655111350294,1.5493359735309615]
56140.542771110384 [0.0,0.0,0.0,0.0,0.0,0.0,0.0,0.0,0.0,0.0,0.0,0.0,0.0,0.0,0.0,0.0,0.0,0.0,0.0,0.0,0.0,0.0,0.0,0.0,0.0,0.0,0.0,0.0,0.0,0.0,0.0,0.0,0.0,0.0,0.0,0.0,0.0,0.0,0.0,0.0,0.0,0.0,0.0,0.0,0.0,0.0,0.0,0.0,0.0,0.0,0.0,0.0,0.0,0.0,0.0,0.0,0.0,0.0,0.0,0.0,0.0,0.0,0.0,0.0,0.0,0.0,0.0,0.0,0.0,0.0,0.0,0.0,0.0,0.0,0.0,0.0,0.0,0.0,0.0,0.0,0.0,0.0,0.0,0.0,0.0,0.0,0.0,0.0,0.0,0.0,0.0,0.0,0.0,0.0,0.0,0.0,0.0,0.0,0.0,0.0,0.0,0.0,0.0,0.0,0.0,0.0,0.0,0.0,0.0,0.0,0.0,0.0,0.0,0.0,0.0,0.0,0.0,0.0,0.0,0.0,0.0,0.0,0.0,0.0,0.0,0.0,0.0,0.0,0.0,0.0,0.0,0.0,0.0,0.0,0.0,0.0,0.0,0.0,0.0,0.0,0.0,0.0,0.0,0.0,0.0,0.0,0.0,0.0,0.0,0.0,0.0,0.0,0.0,0.0,0.0,0.0,0.0,0.0,0.0,0.0,0.0,0.0,0.0,0.0,0.0,0.0,0.0,0.0,0.0,0.0,0.0,0.0,0.0,0.0,0.0,0.0,0.0,0.0,0.0,0.0,0.0,0.0,0.0,0.0,0.0,0.0,0.0,0.0,0.0,0.0,0.0,0.0,0.0,0.0,0.0,0.0,0.0,0.0,0.0,0.0,0.0,0.0,0.0,0.0,0.0,0.0,0.0,0.0,0.0,0.0,0.0,0.0,0.0,0.0,0.0,0.0,0.0,0.0,0.0,0.0,0.0,0.0,0.0,0.0,0.0,0.0,0.0,0.0,0.0,0.0,0.0,0.0,0.0,0.0,0.0,0.0,0.0,0.0,0.0,0.0,0.0,0.0,0.0,0.0,0.0,0.0,0.0,0.0,0.0,0.0,0.0,0.0,0.0,0.0,0.0,0.0,0.0,0.0,0.0,0.0,0.0,0.0,0.0,0.0,0.0,0.0,0.0,0.0,0.0,0.0,0.0,0.0,0.0,0.0,0.0,0.0,0.0,0.0,0.0,0.0,0.0,0.0,0.0,0.0,0.0,0.0,0.0,0.0,0.0,0.0,0.0,0.0,0.0,0.0,0.0,0.0,0.0,0.0,0.0,0.0] [1311.2619900786005,1321.8202200865917,1332.463464547639,1343.19240799478,1354.0077404728797,1364.9101575830227,1375.9003605272408,1386.9790561536227,1398.1469570017646,1409.4047813486081,1420.7532532546286,1432.193102610412,1443.7250651835902,1455.3498826661717,1467.068302722235,1478.881079036026,1490.78897136042,1502.7927455657994,1514.8931736892998,1527.0910339844697,1539.3871109713293,1551.7821954868166,1564.2770847356642,1576.872582341659,1589.569498399342,1602.368649526097,1615.270858914685,1628.2769563861766,1641.3877784433362,1654.6041683244075,1667.9269760573632,1681.3570585145608,1694.895279467867,1708.5425096441993,1722.2996267815402,1736.1675156853773,1750.1470682856248,1764.2391836939755,1778.4447682617345,1792.7647356381167,1807.2000068289992,1821.7515102561672,1836.4201818170154,1851.2069649447558,1866.112810669078,1881.1386776773347,1896.285532376183,1911.5543489537563,1926.9461094423048,1942.4618037813711,1958.1024298814455,1973.8689936881608,1989.7625092469793,2005.7839987684179,2021.9344926937952,2038.215029761504,2054.626657073813,2071.1704301642176,2087.8474130653335,2104.6586783773164,2121.605307336866,2138.6883898867477,2155.9090247459117,2173.268319480143,2190.767390573309,2208.407363499154,2226.1893727937027,2244.1145621282076,2262.184084382728,2280.399101720259,2298.7607856614945,2317.2703171601615,2335.9288866789793,2354.7376942662327,2373.6979496329395,2392.810872230673,2412.077691329971,2431.4996460994216,2451.0779856853383,2470.813969292122,2490.7088662632277,2510.763956162824,2530.9805288580706,2551.359884602096,2571.9033341176064,2592.612198681206,2613.487810208354,2634.5315113390543,2655.7446555241822,2677.1286071125573,2698.6847414386757,2720.4144449111714,2742.319115101994,2764.4001608362782,2786.6590022829737,2809.097071046162,2831.715810257159,2854.5166746673017,2877.5011307415425,2900.67065675274,2924.0267428767575,2947.570891288285,2971.304616257478,2995.22944424732,3019.346914011829,3043.658576695001,3068.1659959305807,3092.870747942638,3117.7744216469364,3142.87861875312,3168.1849538677375,3193.695054598094,3219.410561656912,3245.333128967883,3271.4644237720117,3297.806126734876,3324.3599320546946,3351.1275475713155,3378.1106948760344,3405.3111094223436,3432.7305406375262,3460.3707520352004,3488.23352132871,3516.320640545493,3544.6339161423107,3573.1751691214417,3601.9462351478164,3630.9489646670518,3660.1852230244945,3689.6568905851636,3719.3658628547196,3749.3140506013438,3779.5033799786634,3809.935792649603,3840.6132459112973,3871.5377128209448,3902.7111823227383,3934.135659375755,3965.8131650829396,3997.7457368210635,4029.9354283717907,4062.3843100537392,4095.0944688556665,4128.068008570669,4161.3070499315045,4194.813730746993,4228.590206039511,4262.638648183577,4296.961247045588,4331.560210124669,4366.437762694626,4401.596147947099,4437.037627135803,4472.764479721992,4508.779003521039,4545.083514850253,4581.680348677821,4618.571858773019,4655.7604178575675,4693.248417758249,4731.038269560753,4769.132403764733,4807.533270440121,4846.243339384716,4885.265100283049,4924.601062866471,4964.253757074609,5004.22573321805,5044.519562142395,5085.137835393579,5126.08316538458,5167.3581855634,5208.965550582488,5250.907936469426,5293.188040799074,5335.808582867062,5378.772303864684,5422.081967055189,5465.740357951513,5509.7502844954415,5554.1145772382,5598.836089522486,5643.917697666003,5689.362301146471,5735.17282278806,5781.352208949439,5827.903429713208,5874.829479076986,5922.133375145914,5969.818160326825,6017.886901523867,6066.342690335802,6115.188643254807,6164.427901866934,6214.06363305417,6264.099029198114,6314.537308385285,6365.381714614103,6416.635518003553,6468.302015003491,6520.384528606639,6572.88640856233,6625.811031591967,6679.16180160615,6732.942149923667,6787.155535492116,6841.805445110439,6896.895393653112,6952.428924296275,7008.409608745552,7064.841047465831,7121.726869912778,7179.070734766296,7236.876330165845,7295.147373947643,7353.887613883764,7413.100827923194,7472.790824434837,7532.961442452409,7593.616551921397,7654.7600539479145,7716.395881049652,7778.527997408752,7841.160399126823,7904.2971144818985,7967.94220418758,8032.099761654146,8096.773913251861,8161.968818576374,8227.688670716232,8293.937696522553,8360.720156880894,8428.04034698531,8495.90259661459,8564.311270410717,8633.270768159597,8702.785525074065,8772.860012079082,8843.498736099358,8914.706240349144,8986.487104624512,9058.845945597834,9131.787417114787,9205.31621049359,9279.437054826807,9354.154717285446,9429.47400342559,9505.399757497484,9581.936862757088,9659.090241780126,9736.864856778713,9815.265709920519,9894.297843650465,9973.966341015032,10054.276325989182,10135.232963805956,10216.841461288606,10299.107067185563,10382.035072507933,10465.630810869876,10549.89965883156,10634.84703624505,10720.478406602804,10806.799277389146,10893.815200434417,10981.531772272076,11069.954634498676,11159.08947413668,11248.94202400021,11339.518063063782,11430.823416834026,11522.863957724268,11615.64560543233,11709.174327321158,11803.456138802712,11898.49710372478,11994.303334761045,12090.880993804161,12188.23629236214,12286.375491957784,12385.304904531427,12485.030892846919,12585.55987090084,12686.898304334996,12789.052710852275,12892.029660635888,12995.8357767719,13100.477735675182,13205.962267518828,13312.296156667053,13419.486242111492,13527.539417911097,13636.462633635434,13746.262894811807,13856.947263375758,13968.522858125163,14080.996855178266,14194.376488435144,14308.66905004285,14423.881890864615] 0.31126199007860056 [Infinity,Infinity,Infinity,Infinity,Infinity,Infinity,Infinity,Infinity,Infinity,Infinity,Infinity,Infinity,Infinity,Infinity,Infinity,Infinity,Infinity,Infinity,Infinity,Infinity,Infinity,Infinity,Infinity,Infinity,Infinity,Infinity,Infinity,Infinity,Infinity,Infinity,Infinity,Infinity,Infinity,Infinity,Infinity,Infinity,Infinity,Infinity,Infinity,Infinity,Infinity,Infinity,Infinity,Infinity,Infinity,Infinity,Infinity,Infinity,Infinity,Infinity,Infinity,Infinity,Infinity,Infinity,Infinity,Infinity,Infinity,Infinity,Infinity,Infinity,Infinity,Infinity,Infinity,Infinity,Infinity,Infinity,Infinity,Infinity,Infinity,Infinity,Infinity,Infinity,Infinity,Infinity,Infinity,Infinity,Infinity,Infinity,Infinity,Infinity,Infinity,Infinity,Infinity,Infinity,Infinity,Infinity,Infinity,Infinity,Infinity,Infinity,Infinity,Infinity,Infinity,Infinity,Infinity,Infinity,Infinity,Infinity,Infinity,Infinity,Infinity,Infinity,Infinity,Infinity,Infinity,Infinity,Infinity,Infinity,Infinity,Infinity,Infinity,Infinity,Infinity,Infinity,Infinity,Infinity,Infinity,Infinity,Infinity,Infinity,Infinity,Infinity,Infinity,Infinity,Infinity,Infinity,Infinity,Infinity,Infinity,Infinity,Infinity,Infinity,Infinity,Infinity,Infinity,Infinity,Infinity,Infinity,Infinity,Infinity,Infinity,Infinity,Infinity,Infinity,Infinity,Infinity,Infinity,Infinity,Infinity,Infinity,Infinity,Infinity,Infinity,Infinity,Infinity,Infinity,Infinity,Infinity,Infinity,Infinity,Infinity,Infinity,Infinity,Infinity,Infinity,Infinity,Infinity,Infinity,Infinity,Infinity,Infinity,Infinity,Infinity,Infinity,Infinity,Infinity,Infinity,Infinity,Infinity,Infinity,Infinity,Infinity,Infinity,Infinity,Infinity,Infinity,Infinity,Infinity,Infinity,Infinity,Infinity,Infinity,Infinity,Infinity,Infinity,Infinity,Infinity,Infinity,Infinity,Infinity,Infinity,Infinity,Infinity,Infinity,Infinity,Infinity,Infinity,Infinity,Infinity,Infinity,Infinity,Infinity,Infinity,Infinity,Infinity,Infinity,Infinity,Infinity,Infinity,Infinity,Infinity,Infinity,Infinity,Infinity,Infinity,Infinity,Infinity,Infinity,Infinity,Infinity,Infinity,Infinity,Infinity,Infinity,Infinity,Infinity,Infinity,Infinity,Infinity,Infinity,Infinity,Infinity,Infinity,Infinity,Infinity,Infinity,Infinity,Infinity,Infinity,Infinity,Infinity,Infinity,Infinity,Infinity,Infinity,Infinity,Infinity,Infinity,Infinity,Infinity,Infinity,Infinity,Infinity,Infinity,Infinity,Infinity,Infinity,Infinity,Infinity,Infinity,Infinity,Infinity,Infinity,Infinity,Infinity,Infinity,Infinity,Infinity,Infinity,Infinity,Infinity,Infinity,Infinity,Infinity,Infinity,Infinity,Infinity,Infinity,Infinity,Infinity,Infinity,Infinity,Infinity,Infinity,Infinity,Infinity,Infinity,Infinity,Infinity,Infinity] [0.0,0.0,0.0,0.0,0.0,0.0,0.0,0.0,0.0,0.0,0.0,0.0,0.0,0.0,0.0,0.0,0.0,0.0,0.0,0.0,0.0,0.0,0.0,0.0,0.0,0.0,0.0,0.0,0.0,0.0,0.0,0.0,0.0,0.0,0.0,0.0,0.0,0.0,0.0,0.0,0.0,0.0,0.0,0.0,0.0,0.0,0.0,0.0,0.0,0.0,0.0,0.0,0.0,0.0,0.0,0.0,0.0,0.0,0.0,0.0,0.0,0.0,0.0,0.0,0.0,0.0,0.0,0.0,0.0,0.0,0.0,0.0,0.0,0.0,0.0,0.0,0.0,0.0,0.0,0.0,0.0,0.0,0.0,0.0,0.0,0.0,0.0,0.0,0.0,0.0,0.0,0.0,0.0,0.0,0.0,0.0,0.0,0.0,0.0,0.0,0.0,0.0,0.0,0.0,0.0,0.0,0.0,0.0,0.0,0.0,0.0,0.0,0.0,0.0,0.0,0.0,0.0,0.0,0.0,0.0,0.0,0.0,0.0,0.0,0.0,0.0,0.0,0.0,0.0,0.0,0.0,0.0,0.0,0.0,0.0,0.0,0.0,0.0,0.0,0.0,0.0,0.0,0.0,0.0,0.0,0.0,0.0,0.0,0.0,0.0,0.0,0.0,0.0,0.0,0.0,0.0,0.0,0.0,0.0,0.0,0.0,0.0,0.0,0.0,0.0,0.0,0.0,0.0,0.0,0.0,0.0,0.0,0.0,0.0,0.0,0.0,0.0,0.0,0.0,0.0,0.0,0.0,0.0,0.0,0.0,0.0,0.0,0.0,0.0,0.0,0.0,0.0,0.0,0.0,0.0,0.0,0.0,0.0,0.0,0.0,0.0,0.0,0.0,0.0,0.0,0.0,0.0,0.0,0.0,0.0,0.0,0.0,0.0,0.0,0.0,0.0,0.0,0.0,0.0,0.0,0.0,0.0,0.0,0.0,0.0,0.0,0.0,0.0,0.0,0.0,0.0,0.0,0.0,0.0,0.0,0.0,0.0,0.0,0.0,0.0,0.0,0.0,0.0,0.0,0.0,0.0,0.0,0.0,0.0,0.0,0.0,0.0,0.0,0.0,0.0,0.0,0.0,0.0,0.0,0.0,0.0,0.0,0.0,0.0,0.0,0.0,0.0,0.0,0.0,0.0,0.0,0.0,0.0,0.0,0.0,0.0,0.0,0.0,0.0,0.0,0.0,0.0,0.0,0.0,0.0,0.0,0.0,0.0,0.0,0.0,0.0,0.0,0.0,0.0,0.0,0.0,0.0,0.0,0.0,0.0]
56159.54274105682 [0.0,0.0,0.0,0.0,0.0,0.0,0.0,0.0,0.0,0.0,0.0,0.0,0.0,0.0,0.0,0.0,0.0,0.0,0.0,0.0,0.0,0.0,0.0,0.0,0.0,0.0,0.0,0.0,0.0,0.0,0.0,0.0,0.0,0.0,0.0,0.0,0.0,0.0,0.0,0.0,0.0,0.0,0.0,0.0,0.0,0.0,0.0,0.0,0.0,0.0,0.0,0.0,0.0,0.0,0.0,0.0,0.0,0.0,0.0,0.0,0.0,0.0,0.0,0.0,0.0,0.0,0.0,0.0,0.0,0.0,0.0,0.0,0.0,0.0,0.0,0.0,0.0,0.0,0.0,0.0,0.0,0.0,0.0,0.0,0.0,0.0,0.0,0.0,0.0,0.0,0.0,0.0,0.0,0.0,0.0,0.0,0.0,0.0,0.0,0.0,0.0,0.0,0.0,0.0,0.0,0.0,0.0,0.0,0.0,0.0,0.0,0.0,0.0,0.0,0.0,0.0,0.0,0.0,0.0,0.0,0.0,0.0,0.0,0.0,0.0,0.0,0.0,0.0,0.0,0.0,0.0,0.0,0.0,0.0,0.0,0.0,0.0,0.0,0.0,0.0,0.0,0.0,0.0,0.0,0.0,0.0,0.0,0.0,0.0,0.0,0.0,0.0,0.0,0.0,0.0,0.0,0.0,0.0,0.0,0.0,0.0,0.0,0.0,0.0,0.0,0.0,0.0,0.0,0.0,0.0,0.0,0.0,0.0,0.0,0.0,0.0,0.0,0.0,0.0,0.0,0.0,0.0,0.0,0.0,0.0,0.0,0.0,0.0,0.0,0.0,0.0,0.0,0.0,0.0,0.0,0.0,0.0,0.0,0.0,0.0,0.0,0.0,0.0,0.0,0.0,0.0,0.0,0.0,0.0,0.0,0.0,0.0,0.0,0.0,0.0,0.0,0.0,0.0,0.0,0.0,0.0,0.0,0.0,0.0,0.0,0.0,0.0,0.0,0.0,0.0,0.0,0.0,0.0,0.0,0.0,0.0,0.0,0.0,0.0,0.0,0.0,0.0,0.0,0.0,0.0,0.0,0.0,0.0,0.0,0.0,0.0,0.0,0.0,0.0,0.0,0.0,0.0,0.0,0.0,0.0,0.0,0.0,0.0,0.0,0.0,0.0,0.0,0.0,0.0,0.0,0.0,0.0,0.0,0.0,0.0,0.0,0.0,0.0,0.0,0.0,0.0,0.0,0.0,0.0,0.0,0.0,0.0,0.0,0.0,0.0,0.0,0.0,0.0,0.0,0.0,0.0,0.0,0.0,0.0,0.0] [1311.2619900786005,1321.8202200865917,1332.463464547639,1343.19240799478,1354.0077404728797,1364.9101575830227,1375.9003605272408,1386.9790561536227,1398.1469570017646,1409.4047813486081,1420.7532532546286,1432.193102610412,1443.7250651835902,1455.3498826661717,1467.068302722235,1478.881079036026,1490.78897136042,1502.7927455657994,1514.8931736892998,1527.0910339844697,1539.3871109713293,1551.7821954868166,1564.2770847356642,1576.872582341659,1589.569498399342,1602.368649526097,1615.270858914685,1628.2769563861766,1641.3877784433362,1654.6041683244075,1667.9269760573632,1681.3570585145608,1694.895279467867,1708.5425096441993,1722.2996267815402,1736.1675156853773,1750.1470682856248,1764.2391836939755,1778.4447682617345,1792.7647356381167,1807.2000068289992,1821.7515102561672,1836.4201818170154,1851.2069649447558,1866.112810669078,1881.1386776773347,1896.285532376183,1911.5543489537563,1926.9461094423048,1942.4618037813711,1958.1024298814455,1973.8689936881608,1989.7625092469793,2005.7839987684179,2021.9344926937952,2038.215029761504,2054.626657073813,2071.1704301642176,2087.8474130653335,2104.6586783773164,2121.605307336866,2138.6883898867477,2155.9090247459117,2173.268319480143,2190.767390573309,2208.407363499154,2226.1893727937027,2244.1145621282076,2262.184084382728,2280.399101720259,2298.7607856614945,2317.2703171601615,2335.9288866789793,2354.7376942662327,2373.6979496329395,2392.810872230673,2412.077691329971,2431.4996460994216,2451.0779856853383,2470.813969292122,2490.7088662632277,2510.763956162824,2530.9805288580706,2551.359884602096,2571.9033341176064,2592.612198681206,2613.487810208354,2634.5315113390543,2655.7446555241822,2677.1286071125573,2698.6847414386757,2720.4144449111714,2742.319115101994,2764.4001608362782,2786.6590022829737,2809.097071046162,2831.715810257159,2854.5166746673017,2877.5011307415425,2900.67065675274,2924.0267428767575,2947.570891288285,2971.304616257478,2995.22944424732,3019.346914011829,3043.658576695001,3068.1659959305807,3092.870747942638,3117.7744216469364,3142.87861875312,3168.1849538677375,3193.695054598094,3219.410561656912,3245.333128967883,3271.4644237720117,3297.806126734876,3324.3599320546946,3351.1275475713155,3378.1106948760344,3405.3111094223436,3432.7305406375262,3460.3707520352004,3488.23352132871,3516.320640545493,3544.6339161423107,3573.1751691214417,3601.9462351478164,3630.9489646670518,3660.1852230244945,3689.6568905851636,3719.3658628547196,3749.3140506013438,3779.5033799786634,3809.935792649603,3840.6132459112973,3871.5377128209448,3902.7111823227383,3934.135659375755,3965.8131650829396,3997.7457368210635,4029.9354283717907,4062.3843100537392,4095.0944688556665,4128.068008570669,4161.3070499315045,4194.813730746993,4228.590206039511,4262.638648183577,4296.961247045588,4331.560210124669,4366.437762694626,4401.596147947099,4437.037627135803,4472.764479721992,4508.779003521039,4545.083514850253,4581.680348677821,4618.571858773019,4655.7604178575675,4693.248417758249,4731.038269560753,4769.132403764733,4807.533270440121,4846.243339384716,4885.265100283049,4924.601062866471,4964.253757074609,5004.22573321805,5044.519562142395,5085.137835393579,5126.08316538458,5167.3581855634,5208.965550582488,5250.907936469426,5293.188040799074,5335.808582867062,5378.772303864684,5422.081967055189,5465.740357951513,5509.7502844954415,5554.1145772382,5598.836089522486,5643.917697666003,5689.362301146471,5735.17282278806,5781.352208949439,5827.903429713208,5874.829479076986,5922.133375145914,5969.818160326825,6017.886901523867,6066.342690335802,6115.188643254807,6164.427901866934,6214.06363305417,6264.099029198114,6314.537308385285,6365.381714614103,6416.635518003553,6468.302015003491,6520.384528606639,6572.88640856233,6625.811031591967,6679.16180160615,6732.942149923667,6787.155535492116,6841.805445110439,6896.895393653112,6952.428924296275,7008.409608745552,7064.841047465831,7121.726869912778,7179.070734766296,7236.876330165845,7295.147373947643,7353.887613883764,7413.100827923194,7472.790824434837,7532.961442452409,7593.616551921397,7654.7600539479145,7716.395881049652,7778.527997408752,7841.160399126823,7904.2971144818985,7967.94220418758,8032.099761654146,8096.773913251861,8161.968818576374,8227.688670716232,8293.937696522553,8360.720156880894,8428.04034698531,8495.90259661459,8564.311270410717,8633.270768159597,8702.785525074065,8772.860012079082,8843.498736099358,8914.706240349144,8986.487104624512,9058.845945597834,9131.787417114787,9205.31621049359,9279.437054826807,9354.154717285446,9429.47400342559,9505.399757497484,9581.936862757088,9659.090241780126,9736.864856778713,9815.265709920519,9894.297843650465,9973.966341015032,10054.276325989182,10135.232963805956,10216.841461288606,10299.107067185563,10382.035072507933,10465.630810869876,10549.89965883156,10634.84703624505,10720.478406602804,10806.799277389146,10893.815200434417,10981.531772272076,11069.954634498676,11159.08947413668,11248.94202400021,11339.518063063782,11430.823416834026,11522.863957724268,11615.64560543233,11709.174327321158,11803.456138802712,11898.49710372478,11994.303334761045,12090.880993804161,12188.23629236214,12286.375491957784,12385.304904531427,12485.030892846919,12585.55987090084,12686.898304334996,12789.052710852275,12892.029660635888,12995.8357767719,13100.477735675182,13205.962267518828,13312.296156667053,13419.486242111492,13527.539417911097,13636.462633635434,13746.262894811807,13856.947263375758,13968.522858125163,14080.996855178266,14194.376488435144,14308.66905004285,14423.881890864615] 0.31126199007860056 [Infinity,Infinity,Infinity,Infinity,Infinity,Infinity,Infinity,Infinity,Infinity,Infinity,Infinity,Infinity,Infinity,Infinity,Infinity,Infinity,Infinity,Infinity,Infinity,Infinity,Infinity,Infinity,Infinity,Infinity,Infinity,Infinity,Infinity,Infinity,Infinity,Infinity,Infinity,Infinity,Infinity,Infinity,Infinity,Infinity,Infinity,Infinity,Infinity,Infinity,Infinity,Infinity,Infinity,Infinity,Infinity,Infinity,Infinity,Infinity,Infinity,Infinity,Infinity,Infinity,Infinity,Infinity,Infinity,Infinity,Infinity,Infinity,Infinity,Infinity,Infinity,Infinity,Infinity,Infinity,Infinity,Infinity,Infinity,Infinity,Infinity,Infinity,Infinity,Infinity,Infinity,Infinity,Infinity,Infinity,Infinity,Infinity,Infinity,Infinity,Infinity,Infinity,Infinity,Infinity,Infinity,Infinity,Infinity,Infinity,Infinity,Infinity,Infinity,Infinity,Infinity,Infinity,Infinity,Infinity,Infinity,Infinity,Infinity,Infinity,Infinity,Infinity,Infinity,Infinity,Infinity,Infinity,Infinity,Infinity,Infinity,Infinity,Infinity,Infinity,Infinity,Infinity,Infinity,Infinity,Infinity,Infinity,Infinity,Infinity,Infinity,Infinity,Infinity,Infinity,Infinity,Infinity,Infinity,Infinity,Infinity,Infinity,Infinity,Infinity,Infinity,Infinity,Infinity,Infinity,Infinity,Infinity,Infinity,Infinity,Infinity,Infinity,Infinity,Infinity,Infinity,Infinity,Infinity,Infinity,Infinity,Infinity,Infinity,Infinity,Infinity,Infinity,Infinity,Infinity,Infinity,Infinity,Infinity,Infinity,Infinity,Infinity,Infinity,Infinity,Infinity,Infinity,Infinity,Infinity,Infinity,Infinity,Infinity,Infinity,Infinity,Infinity,Infinity,Infinity,Infinity,Infinity,Infinity,Infinity,Infinity,Infinity,Infinity,Infinity,Infinity,Infinity,Infinity,Infinity,Infinity,Infinity,Infinity,Infinity,Infinity,Infinity,Infinity,Infinity,Infinity,Infinity,Infinity,Infinity,Infinity,Infinity,Infinity,Infinity,Infinity,Infinity,Infinity,Infinity,Infinity,Infinity,Infinity,Infinity,Infinity,Infinity,Infinity,Infinity,Infinity,Infinity,Infinity,Infinity,Infinity,Infinity,Infinity,Infinity,Infinity,Infinity,Infinity,Infinity,Infinity,Infinity,Infinity,Infinity,Infinity,Infinity,Infinity,Infinity,Infinity,Infinity,Infinity,Infinity,Infinity,Infinity,Infinity,Infinity,Infinity,Infinity,Infinity,Infinity,Infinity,Infinity,Infinity,Infinity,Infinity,Infinity,Infinity,Infinity,Infinity,Infinity,Infinity,Infinity,Infinity,Infinity,Infinity,Infinity,Infinity,Infinity,Infinity,Infinity,Infinity,Infinity,Infinity,Infinity,Infinity,Infinity,Infinity,Infinity,Infinity,Infinity,Infinity,Infinity,Infinity,Infinity,Infinity,Infinity,Infinity,Infinity,Infinity,Infinity,Infinity,Infinity,Infinity,Infinity,Infinity,Infinity,Infinity,Infinity,Infinity,Infinity,Infinity,Infinity] [0.0,0.0,0.0,0.0,0.0,0.0,0.0,0.0,0.0,0.0,0.0,0.0,0.0,0.0,0.0,0.0,0.0,0.0,0.0,0.0,0.0,0.0,0.0,0.0,0.0,0.0,0.0,0.0,0.0,0.0,0.0,0.0,0.0,0.0,0.0,0.0,0.0,0.0,0.0,0.0,0.0,0.0,0.0,0.0,0.0,0.0,0.0,0.0,0.0,0.0,0.0,0.0,0.0,0.0,0.0,0.0,0.0,0.0,0.0,0.0,0.0,0.0,0.0,0.0,0.0,0.0,0.0,0.0,0.0,0.0,0.0,0.0,0.0,0.0,0.0,0.0,0.0,0.0,0.0,0.0,0.0,0.0,0.0,0.0,0.0,0.0,0.0,0.0,0.0,0.0,0.0,0.0,0.0,0.0,0.0,0.0,0.0,0.0,0.0,0.0,0.0,0.0,0.0,0.0,0.0,0.0,0.0,0.0,0.0,0.0,0.0,0.0,0.0,0.0,0.0,0.0,0.0,0.0,0.0,0.0,0.0,0.0,0.0,0.0,0.0,0.0,0.0,0.0,0.0,0.0,0.0,0.0,0.0,0.0,0.0,0.0,0.0,0.0,0.0,0.0,0.0,0.0,0.0,0.0,0.0,0.0,0.0,0.0,0.0,0.0,0.0,0.0,0.0,0.0,0.0,0.0,0.0,0.0,0.0,0.0,0.0,0.0,0.0,0.0,0.0,0.0,0.0,0.0,0.0,0.0,0.0,0.0,0.0,0.0,0.0,0.0,0.0,0.0,0.0,0.0,0.0,0.0,0.0,0.0,0.0,0.0,0.0,0.0,0.0,0.0,0.0,0.0,0.0,0.0,0.0,0.0,0.0,0.0,0.0,0.0,0.0,0.0,0.0,0.0,0.0,0.0,0.0,0.0,0.0,0.0,0.0,0.0,0.0,0.0,0.0,0.0,0.0,0.0,0.0,0.0,0.0,0.0,0.0,0.0,0.0,0.0,0.0,0.0,0.0,0.0,0.0,0.0,0.0,0.0,0.0,0.0,0.0,0.0,0.0,0.0,0.0,0.0,0.0,0.0,0.0,0.0,0.0,0.0,0.0,0.0,0.0,0.0,0.0,0.0,0.0,0.0,0.0,0.0,0.0,0.0,0.0,0.0,0.0,0.0,0.0,0.0,0.0,0.0,0.0,0.0,0.0,0.0,0.0,0.0,0.0,0.0,0.0,0.0,0.0,0.0,0.0,0.0,0.0,0.0,0.0,0.0,0.0,0.0,0.0,0.0,0.0,0.0,0.0,0.0,0.0,0.0,0.0,0.0,0.0,0.0]
56183.41076551419 [0.0,0.0,0.0,0.0,0.0,0.0,0.0,0.0,0.0,0.0,0.0,0.0,0.0,0.0,0.0,0.0,0.0,0.0,0.0,0.0,0.0,0.0,0.0,0.0,0.0,0.0,0.0,0.0,0.0,0.0,0.0,0.0,0.0,0.0,0.0,0.0,0.0,0.0,0.0,0.0,0.0,0.0,0.0,0.0,0.0,0.0,0.0,0.0,0.0,0.0,0.0,0.0,0.0,0.0,0.0,0.0,0.0,0.0,0.0,0.0,0.0,0.0,0.0,0.0,0.0,0.0,0.0,0.0,0.0,0.0,0.0,0.0,0.0,0.0,0.0,0.0,0.0,0.0,0.0,0.0,0.0,0.0,0.0,0.0,0.0,0.0,0.0,0.0,0.0,0.0,0.0,0.0,0.0,0.0,0.0,0.0,0.0,0.0,0.0,0.0,0.0,0.0,0.0,0.0,0.0,0.0,0.0,0.0,0.0,0.0,0.0,0.0,0.0,0.0,0.0,0.0,0.0,0.0,0.0,0.0,0.0,0.0,0.0,0.0,0.0,0.0,0.0,0.0,0.0,0.0,0.0,0.0,0.0,0.0,0.0,0.0,0.0,0.0,0.0,0.0,0.0,0.0,0.0,0.0,0.0,0.0,0.0,0.0,0.0,0.0,0.0,0.0,0.0,0.0,0.0,0.0,0.0,0.0,0.0,0.0,0.0,0.0,0.0,0.0,0.0,0.0,0.0,0.0,0.0,0.0,0.0,0.0,0.0,0.0,0.0,0.0,0.0,0.0,0.0,0.0,0.0,0.0,0.0,0.0,0.0,0.0,0.0,0.0,0.0,0.0,0.0,0.0,0.0,0.0,0.0,0.0,0.0,0.0,0.0,0.0,0.0,0.0,0.0,0.0,0.0,0.0,0.0,0.0,0.0,0.0,0.0,0.0,0.0,0.0,0.0,0.0,0.0,0.0,0.0,0.0,0.0,0.0,0.0,0.0,0.0,0.0,0.0,0.0,0.0,0.0,0.0,0.0,0.0,0.0,0.0,0.0,0.0,0.0,0.0,0.0,0.0,0.0,0.0,0.0,0.0,0.0,0.0,0.0,0.0,0.0,0.0,0.0,0.0,0.0,0.0,0.0,0.0,0.0,0.0,0.0,0.0,0.0,0.0,0.0,0.0,0.0,0.0,0.0,0.0,0.0,0.0,0.0,0.0,0.0,0.0,0.0,0.0,0.0,0.0,0.0,0.0,0.0,0.0,0.0,0.0,0.0,0.0,0.0,0.0,0.0,0.0,0.0,0.0,0.0,0.0,0.0,0.0,0.0,0.0,0.0] [1311.2619900786005,1321.8202200865917,1332.463464547639,1343.19240799478,1354.0077404728797,1364.9101575830227,1375.9003605272408,1386.9790561536227,1398.1469570017646,1409.4047813486081,1420.7532532546286,1432.193102610412,1443.7250651835902,1455.3498826661717,1467.068302722235,1478.881079036026,1490.78897136042,1502.7927455657994,1514.8931736892998,1527.0910339844697,1539.3871109713293,1551.7821954868166,1564.2770847356642,1576.872582341659,1589.569498399342,1602.368649526097,1615.270858914685,1628.2769563861766,1641.3877784433362,1654.6041683244075,1667.9269760573632,1681.3570585145608,1694.895279467867,1708.5425096441993,1722.2996267815402,1736.1675156853773,1750.1470682856248,1764.2391836939755,1778.4447682617345,1792.7647356381167,1807.2000068289992,1821.7515102561672,1836.4201818170154,1851.2069649447558,1866.112810669078,1881.1386776773347,1896.285532376183,1911.5543489537563,1926.9461094423048,1942.4618037813711,1958.1024298814455,1973.8689936881608,1989.7625092469793,2005.7839987684179,2021.9344926937952,2038.215029761504,2054.626657073813,2071.1704301642176,2087.8474130653335,2104.6586783773164,2121.605307336866,2138.6883898867477,2155.9090247459117,2173.268319480143,2190.767390573309,2208.407363499154,2226.1893727937027,2244.1145621282076,2262.184084382728,2280.399101720259,2298.7607856614945,2317.2703171601615,2335.9288866789793,2354.7376942662327,2373.6979496329395,2392.810872230673,2412.077691329971,2431.4996460994216,2451.0779856853383,2470.813969292122,2490.7088662632277,2510.763956162824,2530.9805288580706,2551.359884602096,2571.9033341176064,2592.612198681206,2613.487810208354,2634.5315113390543,2655.7446555241822,2677.1286071125573,2698.6847414386757,2720.4144449111714,2742.319115101994,2764.4001608362782,2786.6590022829737,2809.097071046162,2831.715810257159,2854.5166746673017,2877.5011307415425,2900.67065675274,2924.0267428767575,2947.570891288285,2971.304616257478,2995.22944424732,3019.346914011829,3043.658576695001,3068.1659959305807,3092.870747942638,3117.7744216469364,3142.87861875312,3168.1849538677375,3193.695054598094,3219.410561656912,3245.333128967883,3271.4644237720117,3297.806126734876,3324.3599320546946,3351.1275475713155,3378.1106948760344,3405.3111094223436,3432.7305406375262,3460.3707520352004,3488.23352132871,3516.320640545493,3544.6339161423107,3573.1751691214417,3601.9462351478164,3630.9489646670518,3660.1852230244945,3689.6568905851636,3719.3658628547196,3749.3140506013438,3779.5033799786634,3809.935792649603,3840.6132459112973,3871.5377128209448,3902.7111823227383,3934.135659375755,3965.8131650829396,3997.7457368210635,4029.9354283717907,4062.3843100537392,4095.0944688556665,4128.068008570669,4161.3070499315045,4194.813730746993,4228.590206039511,4262.638648183577,4296.961247045588,4331.560210124669,4366.437762694626,4401.596147947099,4437.037627135803,4472.764479721992,4508.779003521039,4545.083514850253,4581.680348677821,4618.571858773019,4655.7604178575675,4693.248417758249,4731.038269560753,4769.132403764733,4807.533270440121,4846.243339384716,4885.265100283049,4924.601062866471,4964.253757074609,5004.22573321805,5044.519562142395,5085.137835393579,5126.08316538458,5167.3581855634,5208.965550582488,5250.907936469426,5293.188040799074,5335.808582867062,5378.772303864684,5422.081967055189,5465.740357951513,5509.7502844954415,5554.1145772382,5598.836089522486,5643.917697666003,5689.362301146471,5735.17282278806,5781.352208949439,5827.903429713208,5874.829479076986,5922.133375145914,5969.818160326825,6017.886901523867,6066.342690335802,6115.188643254807,6164.427901866934,6214.06363305417,6264.099029198114,6314.537308385285,6365.381714614103,6416.635518003553,6468.302015003491,6520.384528606639,6572.88640856233,6625.811031591967,6679.16180160615,6732.942149923667,6787.155535492116,6841.805445110439,6896.895393653112,6952.428924296275,7008.409608745552,7064.841047465831,7121.726869912778,7179.070734766296,7236.876330165845,7295.147373947643,7353.887613883764,7413.100827923194,7472.790824434837,7532.961442452409,7593.616551921397,7654.7600539479145,7716.395881049652,7778.527997408752,7841.160399126823,7904.2971144818985,7967.94220418758,8032.099761654146,8096.773913251861,8161.968818576374,8227.688670716232,8293.937696522553,8360.720156880894,8428.04034698531,8495.90259661459,8564.311270410717,8633.270768159597,8702.785525074065,8772.860012079082,8843.498736099358,8914.706240349144,8986.487104624512,9058.845945597834,9131.787417114787,9205.31621049359,9279.437054826807,9354.154717285446,9429.47400342559,9505.399757497484,9581.936862757088,9659.090241780126,9736.864856778713,9815.265709920519,9894.297843650465,9973.966341015032,10054.276325989182,10135.232963805956,10216.841461288606,10299.107067185563,10382.035072507933,10465.630810869876,10549.89965883156,10634.84703624505,10720.478406602804,10806.799277389146,10893.815200434417,10981.531772272076,11069.954634498676,11159.08947413668,11248.94202400021,11339.518063063782,11430.823416834026,11522.863957724268,11615.64560543233,11709.174327321158,11803.456138802712,11898.49710372478,11994.303334761045,12090.880993804161,12188.23629236214,12286.375491957784,12385.304904531427,12485.030892846919,12585.55987090084,12686.898304334996,12789.052710852275,12892.029660635888,12995.8357767719,13100.477735675182,13205.962267518828,13312.296156667053,13419.486242111492,13527.539417911097,13636.462633635434,13746.262894811807,13856.947263375758,13968.522858125163,14080.996855178266,14194.376488435144,14308.66905004285,14423.881890864615] 0.31126199007860056 [Infinity,Infinity,Infinity,Infinity,Infinity,Infinity,Infinity,Infinity,Infinity,Infinity,Infinity,Infinity,Infinity,Infinity,Infinity,Infinity,Infinity,Infinity,Infinity,Infinity,Infinity,Infinity,Infinity,Infinity,Infinity,Infinity,Infinity,Infinity,Infinity,Infinity,Infinity,Infinity,Infinity,Infinity,Infinity,Infinity,Infinity,Infinity,Infinity,Infinity,Infinity,Infinity,Infinity,Infinity,Infinity,Infinity,Infinity,Infinity,Infinity,Infinity,Infinity,Infinity,Infinity,Infinity,Infinity,Infinity,Infinity,Infinity,Infinity,Infinity,Infinity,Infinity,Infinity,Infinity,Infinity,Infinity,Infinity,Infinity,Infinity,Infinity,Infinity,Infinity,Infinity,Infinity,Infinity,Infinity,Infinity,Infinity,Infinity,Infinity,Infinity,Infinity,Infinity,Infinity,Infinity,Infinity,Infinity,Infinity,Infinity,Infinity,Infinity,Infinity,Infinity,Infinity,Infinity,Infinity,Infinity,Infinity,Infinity,Infinity,Infinity,Infinity,Infinity,Infinity,Infinity,Infinity,Infinity,Infinity,Infinity,Infinity,Infinity,Infinity,Infinity,Infinity,Infinity,Infinity,Infinity,Infinity,Infinity,Infinity,Infinity,Infinity,Infinity,Infinity,Infinity,Infinity,Infinity,Infinity,Infinity,Infinity,Infinity,Infinity,Infinity,Infinity,Infinity,Infinity,Infinity,Infinity,Infinity,Infinity,Infinity,Infinity,Infinity,Infinity,Infinity,Infinity,Infinity,Infinity,Infinity,Infinity,Infinity,Infinity,Infinity,Infinity,Infinity,Infinity,Infinity,Infinity,Infinity,Infinity,Infinity,Infinity,Infinity,Infinity,Infinity,Infinity,Infinity,Infinity,Infinity,Infinity,Infinity,Infinity,Infinity,Infinity,Infinity,Infinity,Infinity,Infinity,Infinity,Infinity,Infinity,Infinity,Infinity,Infinity,Infinity,Infinity,Infinity,Infinity,Infinity,Infinity,Infinity,Infinity,Infinity,Infinity,Infinity,Infinity,Infinity,Infinity,Infinity,Infinity,Infinity,Infinity,Infinity,Infinity,Infinity,Infinity,Infinity,Infinity,Infinity,Infinity,Infinity,Infinity,Infinity,Infinity,Infinity,Infinity,Infinity,Infinity,Infinity,Infinity,Infinity,Infinity,Infinity,Infinity,Infinity,Infinity,Infinity,Infinity,Infinity,Infinity,Infinity,Infinity,Infinity,Infinity,Infinity,Infinity,Infinity,Infinity,Infinity,Infinity,Infinity,Infinity,Infinity,Infinity,Infinity,Infinity,Infinity,Infinity,Infinity,Infinity,Infinity,Infinity,Infinity,Infinity,Infinity,Infinity,Infinity,Infinity,Infinity,Infinity,Infinity,Infinity,Infinity,Infinity,Infinity,Infinity,Infinity,Infinity,Infinity,Infinity,Infinity,Infinity,Infinity,Infinity,Infinity,Infinity,Infinity,Infinity,Infinity,Infinity,Infinity,Infinity,Infinity,Infinity,Infinity,Infinity,Infinity,Infinity,Infinity,Infinity,Infinity,Infinity,Infinity,Infinity,Infinity,Infinity,Infinity,Infinity,Infinity,Infinity] [0.0,0.0,0.0,0.0,0.0,0.0,0.0,0.0,0.0,0.0,0.0,0.0,0.0,0.0,0.0,0.0,0.0,0.0,0.0,0.0,0.0,0.0,0.0,0.0,0.0,0.0,0.0,0.0,0.0,0.0,0.0,0.0,0.0,0.0,0.0,0.0,0.0,0.0,0.0,0.0,0.0,0.0,0.0,0.0,0.0,0.0,0.0,0.0,0.0,0.0,0.0,0.0,0.0,0.0,0.0,0.0,0.0,0.0,0.0,0.0,0.0,0.0,0.0,0.0,0.0,0.0,0.0,0.0,0.0,0.0,0.0,0.0,0.0,0.0,0.0,0.0,0.0,0.0,0.0,0.0,0.0,0.0,0.0,0.0,0.0,0.0,0.0,0.0,0.0,0.0,0.0,0.0,0.0,0.0,0.0,0.0,0.0,0.0,0.0,0.0,0.0,0.0,0.0,0.0,0.0,0.0,0.0,0.0,0.0,0.0,0.0,0.0,0.0,0.0,0.0,0.0,0.0,0.0,0.0,0.0,0.0,0.0,0.0,0.0,0.0,0.0,0.0,0.0,0.0,0.0,0.0,0.0,0.0,0.0,0.0,0.0,0.0,0.0,0.0,0.0,0.0,0.0,0.0,0.0,0.0,0.0,0.0,0.0,0.0,0.0,0.0,0.0,0.0,0.0,0.0,0.0,0.0,0.0,0.0,0.0,0.0,0.0,0.0,0.0,0.0,0.0,0.0,0.0,0.0,0.0,0.0,0.0,0.0,0.0,0.0,0.0,0.0,0.0,0.0,0.0,0.0,0.0,0.0,0.0,0.0,0.0,0.0,0.0,0.0,0.0,0.0,0.0,0.0,0.0,0.0,0.0,0.0,0.0,0.0,0.0,0.0,0.0,0.0,0.0,0.0,0.0,0.0,0.0,0.0,0.0,0.0,0.0,0.0,0.0,0.0,0.0,0.0,0.0,0.0,0.0,0.0,0.0,0.0,0.0,0.0,0.0,0.0,0.0,0.0,0.0,0.0,0.0,0.0,0.0,0.0,0.0,0.0,0.0,0.0,0.0,0.0,0.0,0.0,0.0,0.0,0.0,0.0,0.0,0.0,0.0,0.0,0.0,0.0,0.0,0.0,0.0,0.0,0.0,0.0,0.0,0.0,0.0,0.0,0.0,0.0,0.0,0.0,0.0,0.0,0.0,0.0,0.0,0.0,0.0,0.0,0.0,0.0,0.0,0.0,0.0,0.0,0.0,0.0,0.0,0.0,0.0,0.0,0.0,0.0,0.0,0.0,0.0,0.0,0.0,0.0,0.0,0.0,0.0,0.0,0.0]
56385.09296466485 [0.0,0.0,0.0,0.0,0.0,0.0,0.0,0.0,0.0,0.0,0.0,0.0,0.0,0.0,0.0,0.0,0.0,0.0,0.0,0.0,0.0,0.0,0.0,0.0,0.0,0.0,0.0,0.0,0.0,0.0,0.0,0.0,0.0,0.0,0.0,0.0,0.0,0.0,0.0,0.0,0.0,0.0,0.0,0.0,0.0,0.0,0.0,0.0,0.0,0.0,0.0,0.0,0.0,0.0,0.0,0.0,0.0,0.0,0.0,0.0,0.0,0.0,0.0,0.0,0.0,0.0,0.0,0.0,0.0,0.0,0.0,0.0,0.0,0.0,0.0,0.0,0.0,0.0,0.0,0.0,0.0,0.0,0.0,0.0,0.0,0.0,0.0,0.0,0.0,0.0,0.0,0.0,0.0,0.0,0.0,0.0,0.0,0.0,0.0,0.0,0.0,0.0,0.0,0.0,0.0,0.0,0.0,0.0,0.0,0.0,0.0,0.0,0.0,0.0,0.0,0.0,0.0,0.0,0.0,0.0,0.0,0.0,0.0,0.0,0.0,0.0,0.0,0.0,0.0,0.0,0.0,0.0,0.0,0.0,0.0,0.0,0.0,0.0,0.0,0.0,0.0,0.0,0.0,0.0,0.0,0.0,0.0,0.0,0.0,0.0,0.0,0.0,0.0,0.0,0.0,0.0,0.0,0.0,0.0,0.0,0.0,0.0,0.0,0.0,0.0,0.0,0.0,0.0,0.0,0.0,0.0,0.0,0.0,0.0,0.0,0.0,0.0,0.0,0.0,0.0,0.0,0.0,0.0,0.0,0.0,0.0,0.0,0.0,0.0,0.0,0.0,0.0,0.0,0.0,0.0,0.0,0.0,0.0,0.0,0.0,0.0,0.0,0.0,0.0,0.0,0.0,0.0,0.0,0.0,0.0,0.0,0.0,0.0,0.0,0.0,0.0,0.0,0.0,0.0,0.0,0.0,0.0,0.0,0.0,0.0,0.0,0.0,0.0,0.0,0.0,0.0,0.0,0.0,0.0,0.0,0.0,0.0,0.0,0.0,0.0,0.0,0.0,0.0,0.0,0.0,0.0,0.0,0.0,0.0,0.0,0.0,0.0,0.0,0.0,0.0,0.0,0.0,0.0,0.0,0.0,0.0,0.0,0.0,0.0,0.0,0.0,0.0,0.0,0.0,0.0,0.0,0.0,0.0,0.0,0.0,0.0,0.0,0.0,0.0,0.0,0.0,0.0,0.0,0.0,0.0,0.0,0.0,0.0,0.0,0.0,0.0,0.0,0.0,0.0,0.0,0.0,0.0,0.0,0.0,0.0] [1311.2619900786005,1321.8202200865917,1332.463464547639,1343.19240799478,1354.0077404728797,1364.9101575830227,1375.9003605272408,1386.9790561536227,1398.1469570017646,1409.4047813486081,1420.7532532546286,1432.193102610412,1443.7250651835902,1455.3498826661717,1467.068302722235,1478.881079036026,1490.78897136042,1502.7927455657994,1514.8931736892998,1527.0910339844697,1539.3871109713293,1551.7821954868166,1564.2770847356642,1576.872582341659,1589.569498399342,1602.368649526097,1615.270858914685,1628.2769563861766,1641.3877784433362,1654.6041683244075,1667.9269760573632,1681.3570585145608,1694.895279467867,1708.5425096441993,1722.2996267815402,1736.1675156853773,1750.1470682856248,1764.2391836939755,1778.4447682617345,1792.7647356381167,1807.2000068289992,1821.7515102561672,1836.4201818170154,1851.2069649447558,1866.112810669078,1881.1386776773347,1896.285532376183,1911.5543489537563,1926.9461094423048,1942.4618037813711,1958.1024298814455,1973.8689936881608,1989.7625092469793,2005.7839987684179,2021.9344926937952,2038.215029761504,2054.626657073813,2071.1704301642176,2087.8474130653335,2104.6586783773164,2121.605307336866,2138.6883898867477,2155.9090247459117,2173.268319480143,2190.767390573309,2208.407363499154,2226.1893727937027,2244.1145621282076,2262.184084382728,2280.399101720259,2298.7607856614945,2317.2703171601615,2335.9288866789793,2354.7376942662327,2373.6979496329395,2392.810872230673,2412.077691329971,2431.4996460994216,2451.0779856853383,2470.813969292122,2490.7088662632277,2510.763956162824,2530.9805288580706,2551.359884602096,2571.9033341176064,2592.612198681206,2613.487810208354,2634.5315113390543,2655.7446555241822,2677.1286071125573,2698.6847414386757,2720.4144449111714,2742.319115101994,2764.4001608362782,2786.6590022829737,2809.097071046162,2831.715810257159,2854.5166746673017,2877.5011307415425,2900.67065675274,2924.0267428767575,2947.570891288285,2971.304616257478,2995.22944424732,3019.346914011829,3043.658576695001,3068.1659959305807,3092.870747942638,3117.7744216469364,3142.87861875312,3168.1849538677375,3193.695054598094,3219.410561656912,3245.333128967883,3271.4644237720117,3297.806126734876,3324.3599320546946,3351.1275475713155,3378.1106948760344,3405.3111094223436,3432.7305406375262,3460.3707520352004,3488.23352132871,3516.320640545493,3544.6339161423107,3573.1751691214417,3601.9462351478164,3630.9489646670518,3660.1852230244945,3689.6568905851636,3719.3658628547196,3749.3140506013438,3779.5033799786634,3809.935792649603,3840.6132459112973,3871.5377128209448,3902.7111823227383,3934.135659375755,3965.8131650829396,3997.7457368210635,4029.9354283717907,4062.3843100537392,4095.0944688556665,4128.068008570669,4161.3070499315045,4194.813730746993,4228.590206039511,4262.638648183577,4296.961247045588,4331.560210124669,4366.437762694626,4401.596147947099,4437.037627135803,4472.764479721992,4508.779003521039,4545.083514850253,4581.680348677821,4618.571858773019,4655.7604178575675,4693.248417758249,4731.038269560753,4769.132403764733,4807.533270440121,4846.243339384716,4885.265100283049,4924.601062866471,4964.253757074609,5004.22573321805,5044.519562142395,5085.137835393579,5126.08316538458,5167.3581855634,5208.965550582488,5250.907936469426,5293.188040799074,5335.808582867062,5378.772303864684,5422.081967055189,5465.740357951513,5509.7502844954415,5554.1145772382,5598.836089522486,5643.917697666003,5689.362301146471,5735.17282278806,5781.352208949439,5827.903429713208,5874.829479076986,5922.133375145914,5969.818160326825,6017.886901523867,6066.342690335802,6115.188643254807,6164.427901866934,6214.06363305417,6264.099029198114,6314.537308385285,6365.381714614103,6416.635518003553,6468.302015003491,6520.384528606639,6572.88640856233,6625.811031591967,6679.16180160615,6732.942149923667,6787.155535492116,6841.805445110439,6896.895393653112,6952.428924296275,7008.409608745552,7064.841047465831,7121.726869912778,7179.070734766296,7236.876330165845,7295.147373947643,7353.887613883764,7413.100827923194,7472.790824434837,7532.961442452409,7593.616551921397,7654.7600539479145,7716.395881049652,7778.527997408752,7841.160399126823,7904.2971144818985,7967.94220418758,8032.099761654146,8096.773913251861,8161.968818576374,8227.688670716232,8293.937696522553,8360.720156880894,8428.04034698531,8495.90259661459,8564.311270410717,8633.270768159597,8702.785525074065,8772.860012079082,8843.498736099358,8914.706240349144,8986.487104624512,9058.845945597834,9131.787417114787,9205.31621049359,9279.437054826807,9354.154717285446,9429.47400342559,9505.399757497484,9581.936862757088,9659.090241780126,9736.864856778713,9815.265709920519,9894.297843650465,9973.966341015032,10054.276325989182,10135.232963805956,10216.841461288606,10299.107067185563,10382.035072507933,10465.630810869876,10549.89965883156,10634.84703624505,10720.478406602804,10806.799277389146,10893.815200434417,10981.531772272076,11069.954634498676,11159.08947413668,11248.94202400021,11339.518063063782,11430.823416834026,11522.863957724268,11615.64560543233,11709.174327321158,11803.456138802712,11898.49710372478,11994.303334761045,12090.880993804161,12188.23629236214,12286.375491957784,12385.304904531427,12485.030892846919,12585.55987090084,12686.898304334996,12789.052710852275,12892.029660635888,12995.8357767719,13100.477735675182,13205.962267518828,13312.296156667053,13419.486242111492,13527.539417911097,13636.462633635434,13746.262894811807,13856.947263375758,13968.522858125163,14080.996855178266,14194.376488435144,14308.66905004285,14423.881890864615] 0.31126199007860056 [Infinity,Infinity,Infinity,Infinity,Infinity,Infinity,Infinity,Infinity,Infinity,Infinity,Infinity,Infinity,Infinity,Infinity,Infinity,Infinity,Infinity,Infinity,Infinity,Infinity,Infinity,Infinity,Infinity,Infinity,Infinity,Infinity,Infinity,Infinity,Infinity,Infinity,Infinity,Infinity,Infinity,Infinity,Infinity,Infinity,Infinity,Infinity,Infinity,Infinity,Infinity,Infinity,Infinity,Infinity,Infinity,Infinity,Infinity,Infinity,Infinity,Infinity,Infinity,Infinity,Infinity,Infinity,Infinity,Infinity,Infinity,Infinity,Infinity,Infinity,Infinity,Infinity,Infinity,Infinity,Infinity,Infinity,Infinity,Infinity,Infinity,Infinity,Infinity,Infinity,Infinity,Infinity,Infinity,Infinity,Infinity,Infinity,Infinity,Infinity,Infinity,Infinity,Infinity,Infinity,Infinity,Infinity,Infinity,Infinity,Infinity,Infinity,Infinity,Infinity,Infinity,Infinity,Infinity,Infinity,Infinity,Infinity,Infinity,Infinity,Infinity,Infinity,Infinity,Infinity,Infinity,Infinity,Infinity,Infinity,Infinity,Infinity,Infinity,Infinity,Infinity,Infinity,Infinity,Infinity,Infinity,Infinity,Infinity,Infinity,Infinity,Infinity,Infinity,Infinity,Infinity,Infinity,Infinity,Infinity,Infinity,Infinity,Infinity,Infinity,Infinity,Infinity,Infinity,Infinity,Infinity,Infinity,Infinity,Infinity,Infinity,Infinity,Infinity,Infinity,Infinity,Infinity,Infinity,Infinity,Infinity,Infinity,Infinity,Infinity,Infinity,Infinity,Infinity,Infinity,Infinity,Infinity,Infinity,Infinity,Infinity,Infinity,Infinity,Infinity,Infinity,Infinity,Infinity,Infinity,Infinity,Infinity,Infinity,Infinity,Infinity,Infinity,Infinity,Infinity,Infinity,Infinity,Infinity,Infinity,Infinity,Infinity,Infinity,Infinity,Infinity,Infinity,Infinity,Infinity,Infinity,Infinity,Infinity,Infinity,Infinity,Infinity,Infinity,Infinity,Infinity,Infinity,Infinity,Infinity,Infinity,Infinity,Infinity,Infinity,Infinity,Infinity,Infinity,Infinity,Infinity,Infinity,Infinity,Infinity,Infinity,Infinity,Infinity,Infinity,Infinity,Infinity,Infinity,Infinity,Infinity,Infinity,Infinity,Infinity,Infinity,Infinity,Infinity,Infinity,Infinity,Infinity,Infinity,Infinity,Infinity,Infinity,Infinity,Infinity,Infinity,Infinity,Infinity,Infinity,Infinity,Infinity,Infinity,Infinity,Infinity,Infinity,Infinity,Infinity,Infinity,Infinity,Infinity,Infinity,Infinity,Infinity,Infinity,Infinity,Infinity,Infinity,Infinity,Infinity,Infinity,Infinity,Infinity,Infinity,Infinity,Infinity,Infinity,Infinity,Infinity,Infinity,Infinity,Infinity,Infinity,Infinity,Infinity,Infinity,Infinity,Infinity,Infinity,Infinity,Infinity,Infinity,Infinity,Infinity,Infinity,Infinity,Infinity,Infinity,Infinity,Infinity,Infinity,Infinity,Infinity,Infinity,Infinity,Infinity,Infinity,Infinity,Infinity,Infinity] [0.0,0.0,0.0,0.0,0.0,0.0,0.0,0.0,0.0,0.0,0.0,0.0,0.0,0.0,0.0,0.0,0.0,0.0,0.0,0.0,0.0,0.0,0.0,0.0,0.0,0.0,0.0,0.0,0.0,0.0,0.0,0.0,0.0,0.0,0.0,0.0,0.0,0.0,0.0,0.0,0.0,0.0,0.0,0.0,0.0,0.0,0.0,0.0,0.0,0.0,0.0,0.0,0.0,0.0,0.0,0.0,0.0,0.0,0.0,0.0,0.0,0.0,0.0,0.0,0.0,0.0,0.0,0.0,0.0,0.0,0.0,0.0,0.0,0.0,0.0,0.0,0.0,0.0,0.0,0.0,0.0,0.0,0.0,0.0,0.0,0.0,0.0,0.0,0.0,0.0,0.0,0.0,0.0,0.0,0.0,0.0,0.0,0.0,0.0,0.0,0.0,0.0,0.0,0.0,0.0,0.0,0.0,0.0,0.0,0.0,0.0,0.0,0.0,0.0,0.0,0.0,0.0,0.0,0.0,0.0,0.0,0.0,0.0,0.0,0.0,0.0,0.0,0.0,0.0,0.0,0.0,0.0,0.0,0.0,0.0,0.0,0.0,0.0,0.0,0.0,0.0,0.0,0.0,0.0,0.0,0.0,0.0,0.0,0.0,0.0,0.0,0.0,0.0,0.0,0.0,0.0,0.0,0.0,0.0,0.0,0.0,0.0,0.0,0.0,0.0,0.0,0.0,0.0,0.0,0.0,0.0,0.0,0.0,0.0,0.0,0.0,0.0,0.0,0.0,0.0,0.0,0.0,0.0,0.0,0.0,0.0,0.0,0.0,0.0,0.0,0.0,0.0,0.0,0.0,0.0,0.0,0.0,0.0,0.0,0.0,0.0,0.0,0.0,0.0,0.0,0.0,0.0,0.0,0.0,0.0,0.0,0.0,0.0,0.0,0.0,0.0,0.0,0.0,0.0,0.0,0.0,0.0,0.0,0.0,0.0,0.0,0.0,0.0,0.0,0.0,0.0,0.0,0.0,0.0,0.0,0.0,0.0,0.0,0.0,0.0,0.0,0.0,0.0,0.0,0.0,0.0,0.0,0.0,0.0,0.0,0.0,0.0,0.0,0.0,0.0,0.0,0.0,0.0,0.0,0.0,0.0,0.0,0.0,0.0,0.0,0.0,0.0,0.0,0.0,0.0,0.0,0.0,0.0,0.0,0.0,0.0,0.0,0.0,0.0,0.0,0.0,0.0,0.0,0.0,0.0,0.0,0.0,0.0,0.0,0.0,0.0,0.0,0.0,0.0,0.0,0.0,0.0,0.0,0.0,0.0]
56199.26497849956 [0.0,0.0,0.0,0.0,0.0,0.0,0.0,0.0,0.0,0.0,0.0,0.0,0.0,0.0,0.0,0.0,0.0,0.0,0.0,0.0,0.0,0.0,0.0,0.0,0.0,0.0,0.0,0.0,0.0,0.0,0.0,0.0,0.0,0.0,0.0,0.0,0.0,0.0,0.0,0.0,0.0,0.0,0.0,0.0,0.0,0.0,0.0,0.0,0.0,0.0,0.0,0.0,0.0,0.0,0.0,0.0,0.0,0.0,0.0,0.0,0.0,0.0,0.0,0.0,0.0,0.0,0.0,0.0,0.0,0.0,0.0,0.0,0.0,0.0,0.0,0.0,0.0,0.0,0.0,0.0,0.0,0.0,0.0,0.0,0.0,0.0,0.0,0.0,0.0,0.0,0.0,0.0,0.0,0.0,0.0,0.0,0.0,0.0,0.0,0.0,0.0,0.0,0.0,0.0,0.0,0.0,0.0,0.0,0.0,0.0,0.0,0.0,0.0,0.0,0.0,0.0,0.0,0.0,0.0,0.0,0.0,0.0,0.0,0.0,0.0,0.0,0.0,0.0,0.0,0.0,0.0,0.0,0.0,0.0,0.0,0.0,0.0,0.0,0.0,0.0,0.0,0.0,0.0,0.0,0.0,0.0,0.0,0.0,0.0,0.0,0.0,0.0,0.0,0.0,0.0,0.0,0.0,0.0,0.0,0.0,0.0,0.0,0.0,0.0,0.0,0.0,0.0,0.0,0.0,0.0,0.0,0.0,0.0,0.0,0.0,0.0,0.0,0.0,0.0,0.0,0.0,0.0,0.0,0.0,0.0,0.0,0.0,0.0,0.0,0.0,0.0,0.0,0.0,0.0,0.0,0.0,0.0,0.0,0.0,0.0,0.0,0.0,0.0,0.0,0.0,0.0,0.0,0.0,0.0,0.0,0.0,0.0,0.0,0.0,0.0,0.0,0.0,0.0,0.0,0.0,0.0,0.0,0.0,0.0,0.0,0.0,0.0,0.0,0.0,0.0,0.0,0.0,0.0,0.0,0.0,0.0,0.0,0.0,0.0,0.0,0.0,0.0,0.0,0.0,0.0,0.0,0.0,0.0,0.0,0.0,0.0,0.0,0.0,0.0,0.0,0.0,0.0,0.0,0.0,0.0,0.0,0.0,0.0,0.0,0.0,0.0,0.0,0.0,0.0,0.0,0.0,0.0,0.0,0.0,0.0,0.0,0.0,0.0,0.0,0.0,0.0,0.0,0.0,0.0,0.0,0.0,0.0,0.0,0.0,0.0,0.0,0.0,0.0,0.0,0.0,0.0,0.0,0.0,0.0,0.0] [1311.2619900786005,1321.8202200865917,1332.463464547639,1343.19240799478,1354.0077404728797,1364.9101575830227,1375.9003605272408,1386.9790561536227,1398.1469570017646,1409.4047813486081,1420.7532532546286,1432.193102610412,1443.7250651835902,1455.3498826661717,1467.068302722235,1478.881079036026,1490.78897136042,1502.7927455657994,1514.8931736892998,1527.0910339844697,1539.3871109713293,1551.7821954868166,1564.2770847356642,1576.872582341659,1589.569498399342,1602.368649526097,1615.270858914685,1628.2769563861766,1641.3877784433362,1654.6041683244075,1667.9269760573632,1681.3570585145608,1694.895279467867,1708.5425096441993,1722.2996267815402,1736.1675156853773,1750.1470682856248,1764.2391836939755,1778.4447682617345,1792.7647356381167,1807.2000068289992,1821.7515102561672,1836.4201818170154,1851.2069649447558,1866.112810669078,1881.1386776773347,1896.285532376183,1911.5543489537563,1926.9461094423048,1942.4618037813711,1958.1024298814455,1973.8689936881608,1989.7625092469793,2005.7839987684179,2021.9344926937952,2038.215029761504,2054.626657073813,2071.1704301642176,2087.8474130653335,2104.6586783773164,2121.605307336866,2138.6883898867477,2155.9090247459117,2173.268319480143,2190.767390573309,2208.407363499154,2226.1893727937027,2244.1145621282076,2262.184084382728,2280.399101720259,2298.7607856614945,2317.2703171601615,2335.9288866789793,2354.7376942662327,2373.6979496329395,2392.810872230673,2412.077691329971,2431.4996460994216,2451.0779856853383,2470.813969292122,2490.7088662632277,2510.763956162824,2530.9805288580706,2551.359884602096,2571.9033341176064,2592.612198681206,2613.487810208354,2634.5315113390543,2655.7446555241822,2677.1286071125573,2698.6847414386757,2720.4144449111714,2742.319115101994,2764.4001608362782,2786.6590022829737,2809.097071046162,2831.715810257159,2854.5166746673017,2877.5011307415425,2900.67065675274,2924.0267428767575,2947.570891288285,2971.304616257478,2995.22944424732,3019.346914011829,3043.658576695001,3068.1659959305807,3092.870747942638,3117.7744216469364,3142.87861875312,3168.1849538677375,3193.695054598094,3219.410561656912,3245.333128967883,3271.4644237720117,3297.806126734876,3324.3599320546946,3351.1275475713155,3378.1106948760344,3405.3111094223436,3432.7305406375262,3460.3707520352004,3488.23352132871,3516.320640545493,3544.6339161423107,3573.1751691214417,3601.9462351478164,3630.9489646670518,3660.1852230244945,3689.6568905851636,3719.3658628547196,3749.3140506013438,3779.5033799786634,3809.935792649603,3840.6132459112973,3871.5377128209448,3902.7111823227383,3934.135659375755,3965.8131650829396,3997.7457368210635,4029.9354283717907,4062.3843100537392,4095.0944688556665,4128.068008570669,4161.3070499315045,4194.813730746993,4228.590206039511,4262.638648183577,4296.961247045588,4331.560210124669,4366.437762694626,4401.596147947099,4437.037627135803,4472.764479721992,4508.779003521039,4545.083514850253,4581.680348677821,4618.571858773019,4655.7604178575675,4693.248417758249,4731.038269560753,4769.132403764733,4807.533270440121,4846.243339384716,4885.265100283049,4924.601062866471,4964.253757074609,5004.22573321805,5044.519562142395,5085.137835393579,5126.08316538458,5167.3581855634,5208.965550582488,5250.907936469426,5293.188040799074,5335.808582867062,5378.772303864684,5422.081967055189,5465.740357951513,5509.7502844954415,5554.1145772382,5598.836089522486,5643.917697666003,5689.362301146471,5735.17282278806,5781.352208949439,5827.903429713208,5874.829479076986,5922.133375145914,5969.818160326825,6017.886901523867,6066.342690335802,6115.188643254807,6164.427901866934,6214.06363305417,6264.099029198114,6314.537308385285,6365.381714614103,6416.635518003553,6468.302015003491,6520.384528606639,6572.88640856233,6625.811031591967,6679.16180160615,6732.942149923667,6787.155535492116,6841.805445110439,6896.895393653112,6952.428924296275,7008.409608745552,7064.841047465831,7121.726869912778,7179.070734766296,7236.876330165845,7295.147373947643,7353.887613883764,7413.100827923194,7472.790824434837,7532.961442452409,7593.616551921397,7654.7600539479145,7716.395881049652,7778.527997408752,7841.160399126823,7904.2971144818985,7967.94220418758,8032.099761654146,8096.773913251861,8161.968818576374,8227.688670716232,8293.937696522553,8360.720156880894,8428.04034698531,8495.90259661459,8564.311270410717,8633.270768159597,8702.785525074065,8772.860012079082,8843.498736099358,8914.706240349144,8986.487104624512,9058.845945597834,9131.787417114787,9205.31621049359,9279.437054826807,9354.154717285446,9429.47400342559,9505.399757497484,9581.936862757088,9659.090241780126,9736.864856778713,9815.265709920519,9894.297843650465,9973.966341015032,10054.276325989182,10135.232963805956,10216.841461288606,10299.107067185563,10382.035072507933,10465.630810869876,10549.89965883156,10634.84703624505,10720.478406602804,10806.799277389146,10893.815200434417,10981.531772272076,11069.954634498676,11159.08947413668,11248.94202400021,11339.518063063782,11430.823416834026,11522.863957724268,11615.64560543233,11709.174327321158,11803.456138802712,11898.49710372478,11994.303334761045,12090.880993804161,12188.23629236214,12286.375491957784,12385.304904531427,12485.030892846919,12585.55987090084,12686.898304334996,12789.052710852275,12892.029660635888,12995.8357767719,13100.477735675182,13205.962267518828,13312.296156667053,13419.486242111492,13527.539417911097,13636.462633635434,13746.262894811807,13856.947263375758,13968.522858125163,14080.996855178266,14194.376488435144,14308.66905004285,14423.881890864615] 0.31126199007860056 [Infinity,Infinity,Infinity,Infinity,Infinity,Infinity,Infinity,Infinity,Infinity,Infinity,Infinity,Infinity,Infinity,Infinity,Infinity,Infinity,Infinity,Infinity,Infinity,Infinity,Infinity,Infinity,Infinity,Infinity,Infinity,Infinity,Infinity,Infinity,Infinity,Infinity,Infinity,Infinity,Infinity,Infinity,Infinity,Infinity,Infinity,Infinity,Infinity,Infinity,Infinity,Infinity,Infinity,Infinity,Infinity,Infinity,Infinity,Infinity,Infinity,Infinity,Infinity,Infinity,Infinity,Infinity,Infinity,Infinity,Infinity,Infinity,Infinity,Infinity,Infinity,Infinity,Infinity,Infinity,Infinity,Infinity,Infinity,Infinity,Infinity,Infinity,Infinity,Infinity,Infinity,Infinity,Infinity,Infinity,Infinity,Infinity,Infinity,Infinity,Infinity,Infinity,Infinity,Infinity,Infinity,Infinity,Infinity,Infinity,Infinity,Infinity,Infinity,Infinity,Infinity,Infinity,Infinity,Infinity,Infinity,Infinity,Infinity,Infinity,Infinity,Infinity,Infinity,Infinity,Infinity,Infinity,Infinity,Infinity,Infinity,Infinity,Infinity,Infinity,Infinity,Infinity,Infinity,Infinity,Infinity,Infinity,Infinity,Infinity,Infinity,Infinity,Infinity,Infinity,Infinity,Infinity,Infinity,Infinity,Infinity,Infinity,Infinity,Infinity,Infinity,Infinity,Infinity,Infinity,Infinity,Infinity,Infinity,Infinity,Infinity,Infinity,Infinity,Infinity,Infinity,Infinity,Infinity,Infinity,Infinity,Infinity,Infinity,Infinity,Infinity,Infinity,Infinity,Infinity,Infinity,Infinity,Infinity,Infinity,Infinity,Infinity,Infinity,Infinity,Infinity,Infinity,Infinity,Infinity,Infinity,Infinity,Infinity,Infinity,Infinity,Infinity,Infinity,Infinity,Infinity,Infinity,Infinity,Infinity,Infinity,Infinity,Infinity,Infinity,Infinity,Infinity,Infinity,Infinity,Infinity,Infinity,Infinity,Infinity,Infinity,Infinity,Infinity,Infinity,Infinity,Infinity,Infinity,Infinity,Infinity,Infinity,Infinity,Infinity,Infinity,Infinity,Infinity,Infinity,Infinity,Infinity,Infinity,Infinity,Infinity,Infinity,Infinity,Infinity,Infinity,Infinity,Infinity,Infinity,Infinity,Infinity,Infinity,Infinity,Infinity,Infinity,Infinity,Infinity,Infinity,Infinity,Infinity,Infinity,Infinity,Infinity,Infinity,Infinity,Infinity,Infinity,Infinity,Infinity,Infinity,Infinity,Infinity,Infinity,Infinity,Infinity,Infinity,Infinity,Infinity,Infinity,Infinity,Infinity,Infinity,Infinity,Infinity,Infinity,Infinity,Infinity,Infinity,Infinity,Infinity,Infinity,Infinity,Infinity,Infinity,Infinity,Infinity,Infinity,Infinity,Infinity,Infinity,Infinity,Infinity,Infinity,Infinity,Infinity,Infinity,Infinity,Infinity,Infinity,Infinity,Infinity,Infinity,Infinity,Infinity,Infinity,Infinity,Infinity,Infinity,Infinity,Infinity,Infinity,Infinity,Infinity,Infinity,Infinity,Infinity,Infinity,Infinity,Infinity] [0.0,0.0,0.0,0.0,0.0,0.0,0.0,0.0,0.0,0.0,0.0,0.0,0.0,0.0,0.0,0.0,0.0,0.0,0.0,0.0,0.0,0.0,0.0,0.0,0.0,0.0,0.0,0.0,0.0,0.0,0.0,0.0,0.0,0.0,0.0,0.0,0.0,0.0,0.0,0.0,0.0,0.0,0.0,0.0,0.0,0.0,0.0,0.0,0.0,0.0,0.0,0.0,0.0,0.0,0.0,0.0,0.0,0.0,0.0,0.0,0.0,0.0,0.0,0.0,0.0,0.0,0.0,0.0,0.0,0.0,0.0,0.0,0.0,0.0,0.0,0.0,0.0,0.0,0.0,0.0,0.0,0.0,0.0,0.0,0.0,0.0,0.0,0.0,0.0,0.0,0.0,0.0,0.0,0.0,0.0,0.0,0.0,0.0,0.0,0.0,0.0,0.0,0.0,0.0,0.0,0.0,0.0,0.0,0.0,0.0,0.0,0.0,0.0,0.0,0.0,0.0,0.0,0.0,0.0,0.0,0.0,0.0,0.0,0.0,0.0,0.0,0.0,0.0,0.0,0.0,0.0,0.0,0.0,0.0,0.0,0.0,0.0,0.0,0.0,0.0,0.0,0.0,0.0,0.0,0.0,0.0,0.0,0.0,0.0,0.0,0.0,0.0,0.0,0.0,0.0,0.0,0.0,0.0,0.0,0.0,0.0,0.0,0.0,0.0,0.0,0.0,0.0,0.0,0.0,0.0,0.0,0.0,0.0,0.0,0.0,0.0,0.0,0.0,0.0,0.0,0.0,0.0,0.0,0.0,0.0,0.0,0.0,0.0,0.0,0.0,0.0,0.0,0.0,0.0,0.0,0.0,0.0,0.0,0.0,0.0,0.0,0.0,0.0,0.0,0.0,0.0,0.0,0.0,0.0,0.0,0.0,0.0,0.0,0.0,0.0,0.0,0.0,0.0,0.0,0.0,0.0,0.0,0.0,0.0,0.0,0.0,0.0,0.0,0.0,0.0,0.0,0.0,0.0,0.0,0.0,0.0,0.0,0.0,0.0,0.0,0.0,0.0,0.0,0.0,0.0,0.0,0.0,0.0,0.0,0.0,0.0,0.0,0.0,0.0,0.0,0.0,0.0,0.0,0.0,0.0,0.0,0.0,0.0,0.0,0.0,0.0,0.0,0.0,0.0,0.0,0.0,0.0,0.0,0.0,0.0,0.0,0.0,0.0,0.0,0.0,0.0,0.0,0.0,0.0,0.0,0.0,0.0,0.0,0.0,0.0,0.0,0.0,0.0,0.0,0.0,0.0,0.0,0.0,0.0,0.0]
56282.5633580776 [0.0,0.0,0.0,0.0,0.0,0.0,0.0,0.0,0.0,0.0,0.0,0.0,0.0,0.0,0.0,0.0,0.0,0.0,0.0,0.0,0.0,0.0,0.0,0.0,0.0,0.0,0.0,0.0,0.0,0.0,0.0,0.0,0.0,0.0,0.0,0.0,0.0,0.0,0.0,0.0,0.0,0.0,0.0,0.0,0.0,0.0,0.0,0.0,0.0,0.0,0.0,0.0,0.0,0.0,0.0,0.0,0.0,0.0,0.0,0.0,0.0,0.0,0.0,0.0,0.0,0.0,0.0,0.0,0.0,0.0,0.0,0.0,0.0,0.0,0.0,0.0,0.0,0.0,0.0,0.0,0.0,0.0,0.0,0.0,0.0,0.0,0.0,0.0,0.0,0.0,0.0,0.0,0.0,0.0,0.0,0.0,0.0,0.0,0.0,0.0,0.0,0.0,0.0,0.0,0.0,0.0,0.0,0.0,0.0,0.0,0.0,0.0,0.0,0.0,0.0,0.0,0.0,0.0,0.0,0.0,0.0,0.0,0.0,0.0,0.0,0.0,0.0,0.0,0.0,0.0,0.0,0.0,0.0,0.0,0.0,0.0,0.0,0.0,0.0,0.0,2.779294111209882,1.8458835782177276,3.5891328996048713,6.286837586556552,10.888079875760392,11.59627238557196,9.796195343422287,7.294567555357677,5.4854109663407264,5.305592955072185,8.422962224275551,14.062681038210474,18.124776029972452,20.585497957086247,20.295979327711706,23.80436516630342,35.481064955786366,36.2580305051591,40.91201563411486,42.13525578848041,44.31370171648739,48.72351983327061,61.14047169657977,51.068447869758195,48.739839389982464,40.409892251589866,30.47851227428721,30.284133987131682,43.34313041968641,63.52541292415158,79.15443509286295,89.76717274251288,100.27994818805014,79.65812435243275,69.42363624906388,71.343244701765,67.94049072972024,63.26535761509507,63.123168914834096,62.87665751923562,71.44930359728762,74.86899411261693,79.35008566088074,76.17033702581139,64.90171172128899,54.76992302776045,49.004097737201384,61.428030111433756,79.46002618545126,116.62607313917349,148.2599142737322,145.40906337854003,119.53697474243506,78.64913534533903,70.0610910579122,78.07966958696929,85.41143439344533,93.62497995174829,121.32544388195706,135.85367264597915,113.19797195878307,81.1387952698509,78.01311146106781,67.31617888114938,69.04957305506728,76.63947803479272,101.13750422261461,120.65979274488986,145.1968922677183,134.41910338225387,137.53916724012578,175.5465479754589,221.91665975324628,223.18661614847838,213.7181476071481,197.87864006297622,148.95330120461747,128.65424189561185,138.84285549591908,159.52587157302852,180.25388498790664,155.29293847854532,130.62713684929795,112.42014102508972,120.16403952263863,104.96129654570576,102.37664850762418,106.15352125161927,103.1716471540853,105.29544971589547,110.46475245233795,140.80475982691422,157.30586296132134,200.6812981350574,214.17750231115656,187.9312119171479,129.84719061196435,106.94735599465683,111.9435109218791,92.0439508071163,84.11611441803309,87.96502123490906,76.77268650657096,74.07862750628057,67.49492219957992,75.28131846052257,84.16538772963062,81.06067251551777,84.9733154646182,106.98942280924673,102.01521386821868,85.75404283700827,83.82113527645055,100.65000437418199,109.64098696412664,123.60871723253607,106.34602635840118,93.99985457563494,71.30287915190048,63.08849313694708,52.99303785341562,42.04212519697522,20.33836034523434,16.67058878060347,21.366619220658563,28.837908779744755,61.33824291946785,103.9330347957167,100.1798520569323,103.68860202270305,124.56012814028465,116.34214097643107,101.21923689301357,87.21104917100669,83.26147762043072,68.97663943865048,66.65478714429666,56.800800689772544,47.294008104454115,51.91309596025799,58.48971126073185,64.38461667142967,49.56038492951463,49.99666847334284,53.213634994682394,67.78750811717832,66.8299017874167,66.64570586198981,59.86679808363222,53.047192790799926,44.747581958684165,47.96140232222654,49.86060858196128,49.69334386087364,40.04888240754359,29.344983003236884,31.679682260057046,30.871315665078825,34.1045520709391,28.98737306053255] [1311.2619900786005,1321.8202200865917,1332.463464547639,1343.19240799478,1354.0077404728797,1364.9101575830227,1375.9003605272408,1386.9790561536227,1398.1469570017646,1409.4047813486081,1420.7532532546286,1432.193102610412,1443.7250651835902,1455.3498826661717,1467.068302722235,1478.881079036026,1490.78897136042,1502.7927455657994,1514.8931736892998,1527.0910339844697,1539.3871109713293,1551.7821954868166,1564.2770847356642,1576.872582341659,1589.569498399342,1602.368649526097,1615.270858914685,1628.2769563861766,1641.3877784433362,1654.6041683244075,1667.9269760573632,1681.3570585145608,1694.895279467867,1708.5425096441993,1722.2996267815402,1736.1675156853773,1750.1470682856248,1764.2391836939755,1778.4447682617345,1792.7647356381167,1807.2000068289992,1821.7515102561672,1836.4201818170154,1851.2069649447558,1866.112810669078,1881.1386776773347,1896.285532376183,1911.5543489537563,1926.9461094423048,1942.4618037813711,1958.1024298814455,1973.8689936881608,1989.7625092469793,2005.7839987684179,2021.9344926937952,2038.215029761504,2054.626657073813,2071.1704301642176,2087.8474130653335,2104.6586783773164,2121.605307336866,2138.6883898867477,2155.9090247459117,2173.268319480143,2190.767390573309,2208.407363499154,2226.1893727937027,2244.1145621282076,2262.184084382728,2280.399101720259,2298.7607856614945,2317.2703171601615,2335.9288866789793,2354.7376942662327,2373.6979496329395,2392.810872230673,2412.077691329971,2431.4996460994216,2451.0779856853383,2470.813969292122,2490.7088662632277,2510.763956162824,2530.9805288580706,2551.359884602096,2571.9033341176064,2592.612198681206,2613.487810208354,2634.5315113390543,2655.7446555241822,2677.1286071125573,2698.6847414386757,2720.4144449111714,2742.319115101994,2764.4001608362782,2786.6590022829737,2809.097071046162,2831.715810257159,2854.5166746673017,2877.5011307415425,2900.67065675274,2924.0267428767575,2947.570891288285,2971.304616257478,2995.22944424732,3019.346914011829,3043.658576695001,3068.1659959305807,3092.870747942638,3117.7744216469364,3142.87861875312,3168.1849538677375,3193.695054598094,3219.410561656912,3245.333128967883,3271.4644237720117,3297.806126734876,3324.3599320546946,3351.1275475713155,3378.1106948760344,3405.3111094223436,3432.7305406375262,3460.3707520352004,3488.23352132871,3516.320640545493,3544.6339161423107,3573.1751691214417,3601.9462351478164,3630.9489646670518,3660.1852230244945,3689.6568905851636,3719.3658628547196,3749.3140506013438,3779.5033799786634,3809.935792649603,3840.6132459112973,3871.5377128209448,3902.7111823227383,3934.135659375755,3965.8131650829396,3997.7457368210635,4029.9354283717907,4062.3843100537392,4095.0944688556665,4128.068008570669,4161.3070499315045,4194.813730746993,4228.590206039511,4262.638648183577,4296.961247045588,4331.560210124669,4366.437762694626,4401.596147947099,4437.037627135803,4472.764479721992,4508.779003521039,4545.083514850253,4581.680348677821,4618.571858773019,4655.7604178575675,4693.248417758249,4731.038269560753,4769.132403764733,4807.533270440121,4846.243339384716,4885.265100283049,4924.601062866471,4964.253757074609,5004.22573321805,5044.519562142395,5085.137835393579,5126.08316538458,5167.3581855634,5208.965550582488,5250.907936469426,5293.188040799074,5335.808582867062,5378.772303864684,5422.081967055189,5465.740357951513,5509.7502844954415,5554.1145772382,5598.836089522486,5643.917697666003,5689.362301146471,5735.17282278806,5781.352208949439,5827.903429713208,5874.829479076986,5922.133375145914,5969.818160326825,6017.886901523867,6066.342690335802,6115.188643254807,6164.427901866934,6214.06363305417,6264.099029198114,6314.537308385285,6365.381714614103,6416.635518003553,6468.302015003491,6520.384528606639,6572.88640856233,6625.811031591967,6679.16180160615,6732.942149923667,6787.155535492116,6841.805445110439,6896.895393653112,6952.428924296275,7008.409608745552,7064.841047465831,7121.726869912778,7179.070734766296,7236.876330165845,7295.147373947643,7353.887613883764,7413.100827923194,7472.790824434837,7532.961442452409,7593.616551921397,7654.7600539479145,7716.395881049652,7778.527997408752,7841.160399126823,7904.2971144818985,7967.94220418758,8032.099761654146,8096.773913251861,8161.968818576374,8227.688670716232,8293.937696522553,8360.720156880894,8428.04034698531,8495.90259661459,8564.311270410717,8633.270768159597,8702.785525074065,8772.860012079082,8843.498736099358,8914.706240349144,8986.487104624512,9058.845945597834,9131.787417114787,9205.31621049359,9279.437054826807,9354.154717285446,9429.47400342559,9505.399757497484,9581.936862757088,9659.090241780126,9736.864856778713,9815.265709920519,9894.297843650465,9973.966341015032,10054.276325989182,10135.232963805956,10216.841461288606,10299.107067185563,10382.035072507933,10465.630810869876,10549.89965883156,10634.84703624505,10720.478406602804,10806.799277389146,10893.815200434417,10981.531772272076,11069.954634498676,11159.08947413668,11248.94202400021,11339.518063063782,11430.823416834026,11522.863957724268,11615.64560543233,11709.174327321158,11803.456138802712,11898.49710372478,11994.303334761045,12090.880993804161,12188.23629236214,12286.375491957784,12385.304904531427,12485.030892846919,12585.55987090084,12686.898304334996,12789.052710852275,12892.029660635888,12995.8357767719,13100.477735675182,13205.962267518828,13312.296156667053,13419.486242111492,13527.539417911097,13636.462633635434,13746.262894811807,13856.947263375758,13968.522858125163,14080.996855178266,14194.376488435144,14308.66905004285,14423.881890864615] 0.31126199007860056 [Infinity,Infinity,Infinity,Infinity,Infinity,Infinity,Infinity,Infinity,Infinity,Infinity,Infinity,Infinity,Infinity,Infinity,Infinity,Infinity,Infinity,Infinity,Infinity,Infinity,Infinity,Infinity,Infinity,Infinity,Infinity,Infinity,Infinity,Infinity,Infinity,Infinity,Infinity,Infinity,Infinity,Infinity,Infinity,Infinity,Infinity,Infinity,Infinity,Infinity,Infinity,Infinity,Infinity,Infinity,Infinity,Infinity,Infinity,Infinity,Infinity,Infinity,Infinity,Infinity,Infinity,Infinity,Infinity,Infinity,Infinity,Infinity,Infinity,Infinity,Infinity,Infinity,Infinity,Infinity,Infinity,Infinity,Infinity,Infinity,Infinity,Infinity,Infinity,Infinity,Infinity,Infinity,Infinity,Infinity,Infinity,Infinity,Infinity,Infinity,Infinity,Infinity,Infinity,Infinity,Infinity,Infinity,Infinity,Infinity,Infinity,Infinity,Infinity,Infinity,Infinity,Infinity,Infinity,Infinity,Infinity,Infinity,Infinity,Infinity,Infinity,Infinity,Infinity,Infinity,Infinity,Infinity,Infinity,Infinity,Infinity,Infinity,Infinity,Infinity,Infinity,Infinity,Infinity,Infinity,Infinity,Infinity,Infinity,Infinity,Infinity,Infinity,Infinity,Infinity,Infinity,Infinity,Infinity,Infinity,Infinity,Infinity,Infinity,Infinity,Infinity,Infinity,Infinity,Infinity,Infinity,Infinity,Infinity,Infinity,0.141148301124154,0.09319546707271428,0.162823865038824,0.34667836201524505,0.521671502248111,0.5629788549622904,0.4736193160156549,0.34334471134157674,0.2594932357812868,0.2730505531606716,0.42550685172544866,0.6908562889295016,0.9354523536975357,1.0346253072945812,1.0617487587778487,1.1995155091776741,1.515087519431504,1.827168935211604,1.9451435410373503,1.953694046787226,2.0890699543206863,2.4194084245219853,2.7276747307178013,2.793348703283537,2.5541284664974406,2.0163313951737543,1.4821141990172495,1.4955486416806327,2.2394895465611606,3.2340144450727673,4.008928658524878,4.427884615473622,4.447155976947307,4.158015521977822,3.715941137107844,3.2993863928035045,3.0972212542583626,3.1218496959584807,3.207632120979445,3.2949846341244737,3.473438954626515,3.7197252297825707,3.8161209152592677,3.618133757624644,3.145252860895748,2.5918379973001215,2.4252315521084578,2.9210513592759484,3.993100850182768,5.391778398745741,6.679423002549386,7.139383324269593,5.895343913927098,3.927473087091177,3.418191749475511,3.9306981104311434,4.022954421512492,4.4330219749471595,5.797055909748489,6.442006612366522,5.5941996449042115,4.478779225035694,3.7735046557440564,3.544265682185324,3.5999975134009716,3.8921654866557747,4.911324452772646,6.223331436314098,6.605369219711028,6.592100445945311,7.242942763632494,9.01234740675901,10.981873514875147,11.605565433830627,11.098708853197403,9.768939398549712,7.719718099671441,6.586245522884624,7.139407547479007,7.971950445482745,8.392178395659952,8.084272992839015,6.883009338490227,5.7344705301145975,5.317940425352633,5.295485874376604,5.25931414129657,5.190525654405961,5.264643076127504,5.167149378132869,5.530212269343054,6.853137718769091,8.385086235051338,9.423559798292555,9.72518978943262,8.981260363113417,6.76289229075644,5.343509366877074,5.055321457070452,4.743373018690791,4.310151891734511,4.303116215612159,4.114744131601004,3.5945209836171186,3.403288997592301,3.7290251639666048,4.2595836840075565,4.34501633848897,4.361611671428873,5.06093578401503,5.589876932303809,4.4960749399861815,4.302882505076797,5.058435976964215,5.867964283515038,6.09671132507628,5.53204894513887,4.575997693934392,3.7354171112620294,3.1111680898764575,2.88114160077965,2.1871026500721933,1.0193662370576522,0.7902354891507601,1.059906558557192,1.492249190703022,3.396221517214813,5.081197674022958,5.276964225514436,5.429981523881321,5.820818538676138,5.78531007365895,5.151911009830307,4.400747377462437,3.743078133961663,3.5658006078718705,3.4055096209010807,3.0218964902582863,2.6320334743293996,2.679849361220499,2.966818101314922,3.065997368802782,2.5648127960727676,2.4551215857594837,2.751674185620426,3.4239035151451085,3.73168170699675,3.445856442460612,3.0915987076341,2.6448965352655756,2.317102318264433,2.296297699743748,2.6906797434240537,2.4421038455575306,1.9958339845424498,1.4987451214288585,1.496468251354441,1.6380793001767529,1.6968980641228846,1.4684089909517895] [0.0,0.0,0.0,0.0,0.0,0.0,0.0,0.0,0.0,0.0,0.0,0.0,0.0,0.0,0.0,0.0,0.0,0.0,0.0,0.0,0.0,0.0,0.0,0.0,0.0,0.0,0.0,0.0,0.0,0.0,0.0,0.0,0.0,0.0,0.0,0.0,0.0,0.0,0.0,0.0,0.0,0.0,0.0,0.0,0.0,0.0,0.0,0.0,0.0,0.0,0.0,0.0,0.0,0.0,0.0,0.0,0.0,0.0,0.0,0.0,0.0,0.0,0.0,0.0,0.0,0.0,0.0,0.0,0.0,0.0,0.0,0.0,0.0,0.0,0.0,0.0,0.0,0.0,0.0,0.0,0.0,0.0,0.0,0.0,0.0,0.0,0.0,0.0,0.0,0.0,0.0,0.0,0.0,0.0,0.0,0.0,0.0,0.0,0.0,0.0,0.0,0.0,0.0,0.0,0.0,0.0,0.0,0.0,0.0,0.0,0.0,0.0,0.0,0.0,0.0,0.0,0.0,0.0,0.0,0.0,0.0,0.0,0.0,0.0,0.0,0.0,0.0,0.0,0.0,0.0,0.0,0.0,0.0,0.0,0.0,0.0,0.0,0.0,0.0,0.0,-0.04367191127319817,-0.01802576323655793,0.33265559882839074,-0.6467296537483491,0.45464983079817095,0.3366952863261516,0.3238090231091891,0.4276733285261422,0.29554625071498997,-0.1554181081412482,-0.08717481023342193,0.24555525962044467,-0.5842710439782614,-0.10700818880537542,-0.9389958478452698,-0.18594501725006127,5.179314567156281,-0.28534819907298126,2.009144813367855,3.061374852735891,2.5323026300736555,0.335351342830903,6.586977082223747,-4.798526195912551,-2.342729939966346,0.08326434811478274,0.836228293942218,0.3731611535190284,-1.446660511536802,-1.1548759773037598,-1.0241380776346078,1.2094804330404352,11.336828649104007,-3.502186087123686,-4.895186493093001,5.355516845694909,5.99606564455298,0.8283636959254553,-1.0294735047548078,-3.0230351632538532,1.980524504757322,0.47448951696552233,3.0276673556953817,3.8076618733185104,1.9966545033740302,2.93316308175802,0.49946669503222474,3.0070029259147937,-0.4019908182041031,8.79050516425866,14.671454222744478,2.621396893148164,1.6300964638931048,0.09967360351550215,1.6972560684019729,-0.5342926216535756,4.952345963195504,4.964540452805096,5.384325686987274,7.013540398648706,1.3139790606988382,-8.436789230862983,2.5430183461866784,-3.5691347625571015,-2.9503772129521417,-1.2038316983227773,2.9110151671616906,-3.8068359813920933,13.089507873497759,2.5770944633476254,-7.319688032524101,-4.700400159721319,2.279189455743344,-8.924692528134159,-8.256029456799943,2.4998520919819764,-5.441060788811347,-3.070668562080633,-3.945295453661047,0.08686266337365017,12.410317074707583,-6.392521378234957,-7.0330499205065955,-2.2692695772022256,13.80523101558596,-0.9484209418263342,-2.809634318307212,2.343008163500059,-2.1212143684647806,1.9524621532380904,-0.1394929345231365,3.7420054515323984,-10.395861739705422,12.210102169206287,19.673706522504183,8.306004654879558,-5.410655203164446,0.07716865711536877,10.837081780470061,-2.8235095666995087,-2.086923416657131,1.9026969226658736,-5.522196125449116,2.1882078339381996,-0.5708577522661143,0.700815181190478,-1.0262859505204973,-5.8396542542616405,-2.2589179639592736,5.770707128946132,-9.782324777857502,-4.167455962715369,-2.2365148250853806,-0.5187151651023126,-7.718298706174105,1.674490731010484,-4.294952544376217,2.4799006969470927,-3.4054630733401017,0.8651313394179284,-4.629794162177377,-1.6999278044686466,-0.048964395918705966,0.8658789975882677,0.16848804951472018,-1.0070750343156873,-6.586187424828405,2.3090813152575342,-5.359432453356423,-4.911028454923365,8.143757366761871,0.6359395032520706,-1.8189833035925769,-0.803898378242058,8.399914941197467,-2.3393727187869344,-1.455405273724956,-3.6371291153931855,-5.346661382133883,-1.6838912641519952,-0.8466507655665959,3.064669295374036,-1.7358709919407216,0.8942367581531622,-1.819848717726133,-0.6905621857238474,-7.803732352518301,-2.2714229872224374,-1.965176069049781,0.14926208548841688,-1.5944644066044842,2.035448327351578,-3.952986286519798,0.8512669497230262,0.1322027166945921,-0.6299194253402849,1.7503172329682277,-1.8902703384562312,0.16659078848140713,-0.3808067585032367]
56393.71765234594 [0.0,0.0,0.0,0.0,0.0,0.0,0.0,0.0,0.0,0.0,0.0,0.0,0.0,0.0,0.0,0.0,0.0,0.0,0.0,0.0,0.0,0.0,0.0,0.0,0.0,0.0,0.0,0.0,0.0,0.0,0.0,0.0,0.0,0.0,0.0,0.0,0.0,0.0,0.0,0.0,0.0,0.0,0.0,0.0,0.0,0.0,0.0,0.0,0.0,0.0,0.0,0.0,0.0,0.0,0.0,0.0,0.0,0.0,0.0,0.0,0.0,0.0,0.0,0.0,0.0,0.0,0.0,0.0,0.0,0.0,0.0,0.0,0.0,0.0,0.0,0.0,0.0,0.0,0.0,0.0,0.0,0.0,0.0,0.0,0.0,0.0,0.0,0.0,0.0,0.0,0.0,0.0,0.0,0.0,0.0,0.0,0.0,0.0,0.0,0.0,0.0,0.0,0.0,0.0,0.0,0.0,0.0,0.0,0.0,0.0,0.0,0.0,0.0,0.0,0.0,0.0,0.0,0.0,0.0,0.0,0.0,0.0,0.0,0.0,0.0,0.0,0.0,0.0,0.0,0.0,0.0,0.0,0.0,0.0,0.0,0.0,0.0,0.0,0.0,0.0,0.0,0.0,0.0,0.0,0.0,0.0,0.0,0.0,0.0,0.0,0.0,0.0,0.0,0.0,0.0,0.0,0.0,0.0,0.0,0.0,0.0,0.0,0.0,0.0,0.0,0.0,0.0,0.0,0.0,0.0,0.0,0.0,0.0,0.0,0.0,0.0,0.0,0.0,0.0,0.0,0.0,0.0,0.0,0.0,0.0,0.0,0.0,0.0,0.0,0.0,0.0,0.0,0.0,0.0,0.0,0.0,0.0,0.0,0.0,0.0,0.0,0.0,0.0,0.0,0.0,0.0,0.0,0.0,0.0,0.0,0.0,0.0,0.0,0.0,0.0,0.0,0.0,0.0,0.0,0.0,0.0,0.0,0.0,0.0,0.0,0.0,0.0,0.0,0.0,0.0,0.0,0.0,0.0,0.0,0.0,0.0,0.0,0.0,0.0,0.0,0.0,0.0,0.0,0.0,0.0,0.0,0.0,0.0,0.0,0.0,0.0,0.0,0.0,0.0,0.0,0.0,0.0,0.0,0.0,0.0,0.0,0.0,0.0,0.0,0.0,0.0,0.0,0.0,0.0,0.0,0.0,0.0,0.0,0.0,0.0,0.0,0.0,0.0,0.0,0.0,0.0,0.0,0.0,0.0,0.0,0.0,0.0,0.0,0.0,0.0,0.0,0.0,0.0,0.0,0.0,0.0,0.0,0.0,0.0,0.0] [1311.2619900786005,1321.8202200865917,1332.463464547639,1343.19240799478,1354.0077404728797,1364.9101575830227,1375.9003605272408,1386.9790561536227,1398.1469570017646,1409.4047813486081,1420.7532532546286,1432.193102610412,1443.7250651835902,1455.3498826661717,1467.068302722235,1478.881079036026,1490.78897136042,1502.7927455657994,1514.8931736892998,1527.0910339844697,1539.3871109713293,1551.7821954868166,1564.2770847356642,1576.872582341659,1589.569498399342,1602.368649526097,1615.270858914685,1628.2769563861766,1641.3877784433362,1654.6041683244075,1667.9269760573632,1681.3570585145608,1694.895279467867,1708.5425096441993,1722.2996267815402,1736.1675156853773,1750.1470682856248,1764.2391836939755,1778.4447682617345,1792.7647356381167,1807.2000068289992,1821.7515102561672,1836.4201818170154,1851.2069649447558,1866.112810669078,1881.1386776773347,1896.285532376183,1911.5543489537563,1926.9461094423048,1942.4618037813711,1958.1024298814455,1973.8689936881608,1989.7625092469793,2005.7839987684179,2021.9344926937952,2038.215029761504,2054.626657073813,2071.1704301642176,2087.8474130653335,2104.6586783773164,2121.605307336866,2138.6883898867477,2155.9090247459117,2173.268319480143,2190.767390573309,2208.407363499154,2226.1893727937027,2244.1145621282076,2262.184084382728,2280.399101720259,2298.7607856614945,2317.2703171601615,2335.9288866789793,2354.7376942662327,2373.6979496329395,2392.810872230673,2412.077691329971,2431.4996460994216,2451.0779856853383,2470.813969292122,2490.7088662632277,2510.763956162824,2530.9805288580706,2551.359884602096,2571.9033341176064,2592.612198681206,2613.487810208354,2634.5315113390543,2655.7446555241822,2677.1286071125573,2698.6847414386757,2720.4144449111714,2742.319115101994,2764.4001608362782,2786.6590022829737,2809.097071046162,2831.715810257159,2854.5166746673017,2877.5011307415425,2900.67065675274,2924.0267428767575,2947.570891288285,2971.304616257478,2995.22944424732,3019.346914011829,3043.658576695001,3068.1659959305807,3092.870747942638,3117.7744216469364,3142.87861875312,3168.1849538677375,3193.695054598094,3219.410561656912,3245.333128967883,3271.4644237720117,3297.806126734876,3324.3599320546946,3351.1275475713155,3378.1106948760344,3405.3111094223436,3432.7305406375262,3460.3707520352004,3488.23352132871,3516.320640545493,3544.6339161423107,3573.1751691214417,3601.9462351478164,3630.9489646670518,3660.1852230244945,3689.6568905851636,3719.3658628547196,3749.3140506013438,3779.5033799786634,3809.935792649603,3840.6132459112973,3871.5377128209448,3902.7111823227383,3934.135659375755,3965.8131650829396,3997.7457368210635,4029.9354283717907,4062.3843100537392,4095.0944688556665,4128.068008570669,4161.3070499315045,4194.813730746993,4228.590206039511,4262.638648183577,4296.961247045588,4331.560210124669,4366.437762694626,4401.596147947099,4437.037627135803,4472.764479721992,4508.779003521039,4545.083514850253,4581.680348677821,4618.571858773019,4655.7604178575675,4693.248417758249,4731.038269560753,4769.132403764733,4807.533270440121,4846.243339384716,4885.265100283049,4924.601062866471,4964.253757074609,5004.22573321805,5044.519562142395,5085.137835393579,5126.08316538458,5167.3581855634,5208.965550582488,5250.907936469426,5293.188040799074,5335.808582867062,5378.772303864684,5422.081967055189,5465.740357951513,5509.7502844954415,5554.1145772382,5598.836089522486,5643.917697666003,5689.362301146471,5735.17282278806,5781.352208949439,5827.903429713208,5874.829479076986,5922.133375145914,5969.818160326825,6017.886901523867,6066.342690335802,6115.188643254807,6164.427901866934,6214.06363305417,6264.099029198114,6314.537308385285,6365.381714614103,6416.635518003553,6468.302015003491,6520.384528606639,6572.88640856233,6625.811031591967,6679.16180160615,6732.942149923667,6787.155535492116,6841.805445110439,6896.895393653112,6952.428924296275,7008.409608745552,7064.841047465831,7121.726869912778,7179.070734766296,7236.876330165845,7295.147373947643,7353.887613883764,7413.100827923194,7472.790824434837,7532.961442452409,7593.616551921397,7654.7600539479145,7716.395881049652,7778.527997408752,7841.160399126823,7904.2971144818985,7967.94220418758,8032.099761654146,8096.773913251861,8161.968818576374,8227.688670716232,8293.937696522553,8360.720156880894,8428.04034698531,8495.90259661459,8564.311270410717,8633.270768159597,8702.785525074065,8772.860012079082,8843.498736099358,8914.706240349144,8986.487104624512,9058.845945597834,9131.787417114787,9205.31621049359,9279.437054826807,9354.154717285446,9429.47400342559,9505.399757497484,9581.936862757088,9659.090241780126,9736.864856778713,9815.265709920519,9894.297843650465,9973.966341015032,10054.276325989182,10135.232963805956,10216.841461288606,10299.107067185563,10382.035072507933,10465.630810869876,10549.89965883156,10634.84703624505,10720.478406602804,10806.799277389146,10893.815200434417,10981.531772272076,11069.954634498676,11159.08947413668,11248.94202400021,11339.518063063782,11430.823416834026,11522.863957724268,11615.64560543233,11709.174327321158,11803.456138802712,11898.49710372478,11994.303334761045,12090.880993804161,12188.23629236214,12286.375491957784,12385.304904531427,12485.030892846919,12585.55987090084,12686.898304334996,12789.052710852275,12892.029660635888,12995.8357767719,13100.477735675182,13205.962267518828,13312.296156667053,13419.486242111492,13527.539417911097,13636.462633635434,13746.262894811807,13856.947263375758,13968.522858125163,14080.996855178266,14194.376488435144,14308.66905004285,14423.881890864615] 0.31126199007860056 [Infinity,Infinity,Infinity,Infinity,Infinity,Infinity,Infinity,Infinity,Infinity,Infinity,Infinity,Infinity,Infinity,Infinity,Infinity,Infinity,Infinity,Infinity,Infinity,Infinity,Infinity,Infinity,Infinity,Infinity,Infinity,Infinity,Infinity,Infinity,Infinity,Infinity,Infinity,Infinity,Infinity,Infinity,Infinity,Infinity,Infinity,Infinity,Infinity,Infinity,Infinity,Infinity,Infinity,Infinity,Infinity,Infinity,Infinity,Infinity,Infinity,Infinity,Infinity,Infinity,Infinity,Infinity,Infinity,Infinity,Infinity,Infinity,Infinity,Infinity,Infinity,Infinity,Infinity,Infinity,Infinity,Infinity,Infinity,Infinity,Infinity,Infinity,Infinity,Infinity,Infinity,Infinity,Infinity,Infinity,Infinity,Infinity,Infinity,Infinity,Infinity,Infinity,Infinity,Infinity,Infinity,Infinity,Infinity,Infinity,Infinity,Infinity,Infinity,Infinity,Infinity,Infinity,Infinity,Infinity,Infinity,Infinity,Infinity,Infinity,Infinity,Infinity,Infinity,Infinity,Infinity,Infinity,Infinity,Infinity,Infinity,Infinity,Infinity,Infinity,Infinity,Infinity,Infinity,Infinity,Infinity,Infinity,Infinity,Infinity,Infinity,Infinity,Infinity,Infinity,Infinity,Infinity,Infinity,Infinity,Infinity,Infinity,Infinity,Infinity,Infinity,Infinity,Infinity,Infinity,Infinity,Infinity,Infinity,Infinity,Infinity,Infinity,Infinity,Infinity,Infinity,Infinity,Infinity,Infinity,Infinity,Infinity,Infinity,Infinity,Infinity,Infinity,Infinity,Infinity,Infinity,Infinity,Infinity,Infinity,Infinity,Infinity,Infinity,Infinity,Infinity,Infinity,Infinity,Infinity,Infinity,Infinity,Infinity,Infinity,Infinity,Infinity,Infinity,Infinity,Infinity,Infinity,Infinity,Infinity,Infinity,Infinity,Infinity,Infinity,Infinity,Infinity,Infinity,Infinity,Infinity,Infinity,Infinity,Infinity,Infinity,Infinity,Infinity,Infinity,Infinity,Infinity,Infinity,Infinity,Infinity,Infinity,Infinity,Infinity,Infinity,Infinity,Infinity,Infinity,Infinity,Infinity,Infinity,Infinity,Infinity,Infinity,Infinity,Infinity,Infinity,Infinity,Infinity,Infinity,Infinity,Infinity,Infinity,Infinity,Infinity,Infinity,Infinity,Infinity,Infinity,Infinity,Infinity,Infinity,Infinity,Infinity,Infinity,Infinity,Infinity,Infinity,Infinity,Infinity,Infinity,Infinity,Infinity,Infinity,Infinity,Infinity,Infinity,Infinity,Infinity,Infinity,Infinity,Infinity,Infinity,Infinity,Infinity,Infinity,Infinity,Infinity,Infinity,Infinity,Infinity,Infinity,Infinity,Infinity,Infinity,Infinity,Infinity,Infinity,Infinity,Infinity,Infinity,Infinity,Infinity,Infinity,Infinity,Infinity,Infinity,Infinity,Infinity,Infinity,Infinity,Infinity,Infinity,Infinity,Infinity,Infinity,Infinity,Infinity,Infinity,Infinity,Infinity,Infinity,Infinity,Infinity,Infinity,Infinity,Infinity,Infinity,Infinity,Infinity] [0.0,0.0,0.0,0.0,0.0,0.0,0.0,0.0,0.0,0.0,0.0,0.0,0.0,0.0,0.0,0.0,0.0,0.0,0.0,0.0,0.0,0.0,0.0,0.0,0.0,0.0,0.0,0.0,0.0,0.0,0.0,0.0,0.0,0.0,0.0,0.0,0.0,0.0,0.0,0.0,0.0,0.0,0.0,0.0,0.0,0.0,0.0,0.0,0.0,0.0,0.0,0.0,0.0,0.0,0.0,0.0,0.0,0.0,0.0,0.0,0.0,0.0,0.0,0.0,0.0,0.0,0.0,0.0,0.0,0.0,0.0,0.0,0.0,0.0,0.0,0.0,0.0,0.0,0.0,0.0,0.0,0.0,0.0,0.0,0.0,0.0,0.0,0.0,0.0,0.0,0.0,0.0,0.0,0.0,0.0,0.0,0.0,0.0,0.0,0.0,0.0,0.0,0.0,0.0,0.0,0.0,0.0,0.0,0.0,0.0,0.0,0.0,0.0,0.0,0.0,0.0,0.0,0.0,0.0,0.0,0.0,0.0,0.0,0.0,0.0,0.0,0.0,0.0,0.0,0.0,0.0,0.0,0.0,0.0,0.0,0.0,0.0,0.0,0.0,0.0,0.0,0.0,0.0,0.0,0.0,0.0,0.0,0.0,0.0,0.0,0.0,0.0,0.0,0.0,0.0,0.0,0.0,0.0,0.0,0.0,0.0,0.0,0.0,0.0,0.0,0.0,0.0,0.0,0.0,0.0,0.0,0.0,0.0,0.0,0.0,0.0,0.0,0.0,0.0,0.0,0.0,0.0,0.0,0.0,0.0,0.0,0.0,0.0,0.0,0.0,0.0,0.0,0.0,0.0,0.0,0.0,0.0,0.0,0.0,0.0,0.0,0.0,0.0,0.0,0.0,0.0,0.0,0.0,0.0,0.0,0.0,0.0,0.0,0.0,0.0,0.0,0.0,0.0,0.0,0.0,0.0,0.0,0.0,0.0,0.0,0.0,0.0,0.0,0.0,0.0,0.0,0.0,0.0,0.0,0.0,0.0,0.0,0.0,0.0,0.0,0.0,0.0,0.0,0.0,0.0,0.0,0.0,0.0,0.0,0.0,0.0,0.0,0.0,0.0,0.0,0.0,0.0,0.0,0.0,0.0,0.0,0.0,0.0,0.0,0.0,0.0,0.0,0.0,0.0,0.0,0.0,0.0,0.0,0.0,0.0,0.0,0.0,0.0,0.0,0.0,0.0,0.0,0.0,0.0,0.0,0.0,0.0,0.0,0.0,0.0,0.0,0.0,0.0,0.0,0.0,0.0,0.0,0.0,0.0,0.0]
56351.79800558697 [0.0,0.0,0.0,0.0,0.0,0.0,0.0,0.0,0.0,0.0,0.0,0.0,0.0,0.0,0.0,0.0,0.0,0.0,0.0,0.0,0.0,0.0,0.0,0.0,0.0,0.0,0.0,0.0,0.0,0.0,0.0,0.0,0.0,0.0,0.0,0.0,0.0,0.0,0.0,0.0,0.0,0.0,0.0,0.0,0.0,0.0,0.0,0.0,0.0,0.0,0.0,0.0,0.0,0.0,0.0,0.0,0.0,0.0,0.0,0.0,0.0,0.0,0.0,0.0,0.0,0.0,0.0,0.0,0.0,0.0,0.0,0.0,0.0,0.0,0.0,0.0,0.0,0.0,0.0,0.0,0.0,0.0,0.0,0.0,0.0,0.0,0.0,0.0,0.0,0.0,0.0,0.0,0.0,0.0,0.0,0.0,0.0,0.0,0.0,0.0,0.0,0.0,0.0,0.0,0.0,0.0,0.0,0.0,0.0,0.0,0.0,0.0,0.0,0.0,0.0,0.0,0.0,0.0,0.0,0.0,0.0,0.0,0.0,0.0,0.0,0.0,0.0,0.0,0.0,0.0,0.0,0.0,0.0,0.0,0.0,0.0,0.0,0.0,0.0,0.0,0.0,0.0,0.0,0.0,0.0,0.0,0.0,0.0,0.0,0.0,0.0,0.0,0.0,0.0,0.0,0.0,0.0,0.0,0.0,0.0,0.0,0.0,0.0,0.0,0.0,0.0,0.0,0.0,0.0,0.0,0.0,0.0,0.0,0.0,0.0,0.0,0.0,0.0,0.0,0.0,0.0,0.0,0.0,0.0,0.0,0.0,0.0,0.0,0.0,0.0,0.0,0.0,0.0,0.0,0.0,0.0,0.0,0.0,0.0,0.0,0.0,0.0,0.0,0.0,0.0,0.0,0.0,0.0,0.0,0.0,0.0,0.0,0.0,0.0,0.0,0.0,0.0,0.0,0.0,0.0,0.0,0.0,0.0,0.0,0.0,0.0,0.0,0.0,0.0,0.0,0.0,0.0,0.0,0.0,0.0,0.0,0.0,0.0,0.0,0.0,0.0,0.0,0.0,0.0,0.0,0.0,0.0,0.0,0.0,0.0,0.0,0.0,0.0,0.0,0.0,0.0,0.0,0.0,0.0,0.0,0.0,0.0,0.0,0.0,0.0,0.0,0.0,0.0,0.0,0.0,0.0,0.0,0.0,0.0,0.0,0.0,0.0,0.0,0.0,0.0,0.0,0.0,0.0,0.0,0.0,0.0,0.0,0.0,0.0,0.0,0.0,0.0,0.0,0.0,0.0,0.0,0.0,0.0,0.0,0.0] [1311.2619900786005,1321.8202200865917,1332.463464547639,1343.19240799478,1354.0077404728797,1364.9101575830227,1375.9003605272408,1386.9790561536227,1398.1469570017646,1409.4047813486081,1420.7532532546286,1432.193102610412,1443.7250651835902,1455.3498826661717,1467.068302722235,1478.881079036026,1490.78897136042,1502.7927455657994,1514.8931736892998,1527.0910339844697,1539.3871109713293,1551.7821954868166,1564.2770847356642,1576.872582341659,1589.569498399342,1602.368649526097,1615.270858914685,1628.2769563861766,1641.3877784433362,1654.6041683244075,1667.9269760573632,1681.3570585145608,1694.895279467867,1708.5425096441993,1722.2996267815402,1736.1675156853773,1750.1470682856248,1764.2391836939755,1778.4447682617345,1792.7647356381167,1807.2000068289992,1821.7515102561672,1836.4201818170154,1851.2069649447558,1866.112810669078,1881.1386776773347,1896.285532376183,1911.5543489537563,1926.9461094423048,1942.4618037813711,1958.1024298814455,1973.8689936881608,1989.7625092469793,2005.7839987684179,2021.9344926937952,2038.215029761504,2054.626657073813,2071.1704301642176,2087.8474130653335,2104.6586783773164,2121.605307336866,2138.6883898867477,2155.9090247459117,2173.268319480143,2190.767390573309,2208.407363499154,2226.1893727937027,2244.1145621282076,2262.184084382728,2280.399101720259,2298.7607856614945,2317.2703171601615,2335.9288866789793,2354.7376942662327,2373.6979496329395,2392.810872230673,2412.077691329971,2431.4996460994216,2451.0779856853383,2470.813969292122,2490.7088662632277,2510.763956162824,2530.9805288580706,2551.359884602096,2571.9033341176064,2592.612198681206,2613.487810208354,2634.5315113390543,2655.7446555241822,2677.1286071125573,2698.6847414386757,2720.4144449111714,2742.319115101994,2764.4001608362782,2786.6590022829737,2809.097071046162,2831.715810257159,2854.5166746673017,2877.5011307415425,2900.67065675274,2924.0267428767575,2947.570891288285,2971.304616257478,2995.22944424732,3019.346914011829,3043.658576695001,3068.1659959305807,3092.870747942638,3117.7744216469364,3142.87861875312,3168.1849538677375,3193.695054598094,3219.410561656912,3245.333128967883,3271.4644237720117,3297.806126734876,3324.3599320546946,3351.1275475713155,3378.1106948760344,3405.3111094223436,3432.7305406375262,3460.3707520352004,3488.23352132871,3516.320640545493,3544.6339161423107,3573.1751691214417,3601.9462351478164,3630.9489646670518,3660.1852230244945,3689.6568905851636,3719.3658628547196,3749.3140506013438,3779.5033799786634,3809.935792649603,3840.6132459112973,3871.5377128209448,3902.7111823227383,3934.135659375755,3965.8131650829396,3997.7457368210635,4029.9354283717907,4062.3843100537392,4095.0944688556665,4128.068008570669,4161.3070499315045,4194.813730746993,4228.590206039511,4262.638648183577,4296.961247045588,4331.560210124669,4366.437762694626,4401.596147947099,4437.037627135803,4472.764479721992,4508.779003521039,4545.083514850253,4581.680348677821,4618.571858773019,4655.7604178575675,4693.248417758249,4731.038269560753,4769.132403764733,4807.533270440121,4846.243339384716,4885.265100283049,4924.601062866471,4964.253757074609,5004.22573321805,5044.519562142395,5085.137835393579,5126.08316538458,5167.3581855634,5208.965550582488,5250.907936469426,5293.188040799074,5335.808582867062,5378.772303864684,5422.081967055189,5465.740357951513,5509.7502844954415,5554.1145772382,5598.836089522486,5643.917697666003,5689.362301146471,5735.17282278806,5781.352208949439,5827.903429713208,5874.829479076986,5922.133375145914,5969.818160326825,6017.886901523867,6066.342690335802,6115.188643254807,6164.427901866934,6214.06363305417,6264.099029198114,6314.537308385285,6365.381714614103,6416.635518003553,6468.302015003491,6520.384528606639,6572.88640856233,6625.811031591967,6679.16180160615,6732.942149923667,6787.155535492116,6841.805445110439,6896.895393653112,6952.428924296275,7008.409608745552,7064.841047465831,7121.726869912778,7179.070734766296,7236.876330165845,7295.147373947643,7353.887613883764,7413.100827923194,7472.790824434837,7532.961442452409,7593.616551921397,7654.7600539479145,7716.395881049652,7778.527997408752,7841.160399126823,7904.2971144818985,7967.94220418758,8032.099761654146,8096.773913251861,8161.968818576374,8227.688670716232,8293.937696522553,8360.720156880894,8428.04034698531,8495.90259661459,8564.311270410717,8633.270768159597,8702.785525074065,8772.860012079082,8843.498736099358,8914.706240349144,8986.487104624512,9058.845945597834,9131.787417114787,9205.31621049359,9279.437054826807,9354.154717285446,9429.47400342559,9505.399757497484,9581.936862757088,9659.090241780126,9736.864856778713,9815.265709920519,9894.297843650465,9973.966341015032,10054.276325989182,10135.232963805956,10216.841461288606,10299.107067185563,10382.035072507933,10465.630810869876,10549.89965883156,10634.84703624505,10720.478406602804,10806.799277389146,10893.815200434417,10981.531772272076,11069.954634498676,11159.08947413668,11248.94202400021,11339.518063063782,11430.823416834026,11522.863957724268,11615.64560543233,11709.174327321158,11803.456138802712,11898.49710372478,11994.303334761045,12090.880993804161,12188.23629236214,12286.375491957784,12385.304904531427,12485.030892846919,12585.55987090084,12686.898304334996,12789.052710852275,12892.029660635888,12995.8357767719,13100.477735675182,13205.962267518828,13312.296156667053,13419.486242111492,13527.539417911097,13636.462633635434,13746.262894811807,13856.947263375758,13968.522858125163,14080.996855178266,14194.376488435144,14308.66905004285,14423.881890864615] 0.31126199007860056 [Infinity,Infinity,Infinity,Infinity,Infinity,Infinity,Infinity,Infinity,Infinity,Infinity,Infinity,Infinity,Infinity,Infinity,Infinity,Infinity,Infinity,Infinity,Infinity,Infinity,Infinity,Infinity,Infinity,Infinity,Infinity,Infinity,Infinity,Infinity,Infinity,Infinity,Infinity,Infinity,Infinity,Infinity,Infinity,Infinity,Infinity,Infinity,Infinity,Infinity,Infinity,Infinity,Infinity,Infinity,Infinity,Infinity,Infinity,Infinity,Infinity,Infinity,Infinity,Infinity,Infinity,Infinity,Infinity,Infinity,Infinity,Infinity,Infinity,Infinity,Infinity,Infinity,Infinity,Infinity,Infinity,Infinity,Infinity,Infinity,Infinity,Infinity,Infinity,Infinity,Infinity,Infinity,Infinity,Infinity,Infinity,Infinity,Infinity,Infinity,Infinity,Infinity,Infinity,Infinity,Infinity,Infinity,Infinity,Infinity,Infinity,Infinity,Infinity,Infinity,Infinity,Infinity,Infinity,Infinity,Infinity,Infinity,Infinity,Infinity,Infinity,Infinity,Infinity,Infinity,Infinity,Infinity,Infinity,Infinity,Infinity,Infinity,Infinity,Infinity,Infinity,Infinity,Infinity,Infinity,Infinity,Infinity,Infinity,Infinity,Infinity,Infinity,Infinity,Infinity,Infinity,Infinity,Infinity,Infinity,Infinity,Infinity,Infinity,Infinity,Infinity,Infinity,Infinity,Infinity,Infinity,Infinity,Infinity,Infinity,Infinity,Infinity,Infinity,Infinity,Infinity,Infinity,Infinity,Infinity,Infinity,Infinity,Infinity,Infinity,Infinity,Infinity,Infinity,Infinity,Infinity,Infinity,Infinity,Infinity,Infinity,Infinity,Infinity,Infinity,Infinity,Infinity,Infinity,Infinity,Infinity,Infinity,Infinity,Infinity,Infinity,Infinity,Infinity,Infinity,Infinity,Infinity,Infinity,Infinity,Infinity,Infinity,Infinity,Infinity,Infinity,Infinity,Infinity,Infinity,Infinity,Infinity,Infinity,Infinity,Infinity,Infinity,Infinity,Infinity,Infinity,Infinity,Infinity,Infinity,Infinity,Infinity,Infinity,Infinity,Infinity,Infinity,Infinity,Infinity,Infinity,Infinity,Infinity,Infinity,Infinity,Infinity,Infinity,Infinity,Infinity,Infinity,Infinity,Infinity,Infinity,Infinity,Infinity,Infinity,Infinity,Infinity,Infinity,Infinity,Infinity,Infinity,Infinity,Infinity,Infinity,Infinity,Infinity,Infinity,Infinity,Infinity,Infinity,Infinity,Infinity,Infinity,Infinity,Infinity,Infinity,Infinity,Infinity,Infinity,Infinity,Infinity,Infinity,Infinity,Infinity,Infinity,Infinity,Infinity,Infinity,Infinity,Infinity,Infinity,Infinity,Infinity,Infinity,Infinity,Infinity,Infinity,Infinity,Infinity,Infinity,Infinity,Infinity,Infinity,Infinity,Infinity,Infinity,Infinity,Infinity,Infinity,Infinity,Infinity,Infinity,Infinity,Infinity,Infinity,Infinity,Infinity,Infinity,Infinity,Infinity,Infinity,Infinity,Infinity,Infinity,Infinity,Infinity,Infinity,Infinity,Infinity,Infinity,Infinity] [0.0,0.0,0.0,0.0,0.0,0.0,0.0,0.0,0.0,0.0,0.0,0.0,0.0,0.0,0.0,0.0,0.0,0.0,0.0,0.0,0.0,0.0,0.0,0.0,0.0,0.0,0.0,0.0,0.0,0.0,0.0,0.0,0.0,0.0,0.0,0.0,0.0,0.0,0.0,0.0,0.0,0.0,0.0,0.0,0.0,0.0,0.0,0.0,0.0,0.0,0.0,0.0,0.0,0.0,0.0,0.0,0.0,0.0,0.0,0.0,0.0,0.0,0.0,0.0,0.0,0.0,0.0,0.0,0.0,0.0,0.0,0.0,0.0,0.0,0.0,0.0,0.0,0.0,0.0,0.0,0.0,0.0,0.0,0.0,0.0,0.0,0.0,0.0,0.0,0.0,0.0,0.0,0.0,0.0,0.0,0.0,0.0,0.0,0.0,0.0,0.0,0.0,0.0,0.0,0.0,0.0,0.0,0.0,0.0,0.0,0.0,0.0,0.0,0.0,0.0,0.0,0.0,0.0,0.0,0.0,0.0,0.0,0.0,0.0,0.0,0.0,0.0,0.0,0.0,0.0,0.0,0.0,0.0,0.0,0.0,0.0,0.0,0.0,0.0,0.0,0.0,0.0,0.0,0.0,0.0,0.0,0.0,0.0,0.0,0.0,0.0,0.0,0.0,0.0,0.0,0.0,0.0,0.0,0.0,0.0,0.0,0.0,0.0,0.0,0.0,0.0,0.0,0.0,0.0,0.0,0.0,0.0,0.0,0.0,0.0,0.0,0.0,0.0,0.0,0.0,0.0,0.0,0.0,0.0,0.0,0.0,0.0,0.0,0.0,0.0,0.0,0.0,0.0,0.0,0.0,0.0,0.0,0.0,0.0,0.0,0.0,0.0,0.0,0.0,0.0,0.0,0.0,0.0,0.0,0.0,0.0,0.0,0.0,0.0,0.0,0.0,0.0,0.0,0.0,0.0,0.0,0.0,0.0,0.0,0.0,0.0,0.0,0.0,0.0,0.0,0.0,0.0,0.0,0.0,0.0,0.0,0.0,0.0,0.0,0.0,0.0,0.0,0.0,0.0,0.0,0.0,0.0,0.0,0.0,0.0,0.0,0.0,0.0,0.0,0.0,0.0,0.0,0.0,0.0,0.0,0.0,0.0,0.0,0.0,0.0,0.0,0.0,0.0,0.0,0.0,0.0,0.0,0.0,0.0,0.0,0.0,0.0,0.0,0.0,0.0,0.0,0.0,0.0,0.0,0.0,0.0,0.0,0.0,0.0,0.0,0.0,0.0,0.0,0.0,0.0,0.0,0.0,0.0,0.0,0.0]
56093.89697926776 [0.0,0.0,0.0,0.0,0.0,0.0,0.0,0.0,0.0,0.0,0.0,0.0,0.0,0.0,0.0,0.0,0.0,0.0,0.0,0.0,0.0,0.0,0.0,0.0,0.0,0.0,0.0,0.0,0.0,0.0,0.0,0.0,0.0,0.0,0.0,0.0,0.0,0.0,0.0,0.0,0.0,0.0,0.0,0.0,0.0,0.0,0.0,0.0,0.0,0.0,0.0,0.0,0.0,0.0,0.0,0.0,0.0,0.0,0.0,0.0,0.0,0.0,0.0,0.0,0.0,0.0,0.0,0.0,0.0,0.0,0.0,0.0,0.0,0.0,0.0,0.0,0.0,0.0,0.0,0.0,0.0,0.0,0.0,0.0,0.0,0.0,0.0,0.0,0.0,0.0,0.0,0.0,0.0,0.0,0.0,0.0,0.0,0.0,0.0,0.0,0.0,0.0,0.0,0.0,0.0,0.0,0.0,0.0,0.0,0.0,0.0,0.0,0.0,0.0,0.0,0.0,0.0,0.0,0.0,0.0,0.0,0.0,0.0,0.0,0.0,0.0,0.0,0.0,0.0,0.0,0.0,0.0,0.0,0.0,0.0,0.0,0.0,0.0,0.0,0.0,0.0,0.0,0.0,0.0,0.0,0.0,0.0,0.0,0.0,0.0,0.0,0.0,0.0,0.0,0.0,0.0,0.0,0.0,0.0,0.0,0.0,0.0,0.0,0.0,0.0,0.0,0.0,0.0,0.0,0.0,0.0,0.0,0.0,0.0,0.0,0.0,0.0,0.0,0.0,0.0,0.0,0.0,0.0,0.0,0.0,0.0,0.0,0.0,0.0,0.0,0.0,0.0,0.0,0.0,0.0,0.0,0.0,0.0,0.0,0.0,0.0,0.0,0.0,0.0,0.0,0.0,0.0,0.0,0.0,0.0,0.0,0.0,0.0,0.0,0.0,0.0,0.0,0.0,0.0,0.0,0.0,0.0,0.0,0.0,0.0,0.0,0.0,0.0,0.0,0.0,0.0,0.0,0.0,0.0,0.0,0.0,0.0,0.0,0.0,0.0,0.0,0.0,0.0,0.0,0.0,0.0,0.0,0.0,0.0,0.0,0.0,0.0,0.0,0.0,0.0,0.0,0.0,0.0,0.0,0.0,0.0,0.0,0.0,0.0,0.0,0.0,0.0,0.0,0.0,0.0,0.0,0.0,0.0,0.0,0.0,0.0,0.0,0.0,0.0,0.0,0.0,0.0,0.0,0.0,0.0,0.0,0.0,0.0,0.0,0.0,0.0,0.0,0.0,0.0,0.0,0.0,0.0,0.0,0.0,0.0] [1311.2619900786005,1321.8202200865917,1332.463464547639,1343.19240799478,1354.0077404728797,1364.9101575830227,1375.9003605272408,1386.9790561536227,1398.1469570017646,1409.4047813486081,1420.7532532546286,1432.193102610412,1443.7250651835902,1455.3498826661717,1467.068302722235,1478.881079036026,1490.78897136042,1502.7927455657994,1514.8931736892998,1527.0910339844697,1539.3871109713293,1551.7821954868166,1564.2770847356642,1576.872582341659,1589.569498399342,1602.368649526097,1615.270858914685,1628.2769563861766,1641.3877784433362,1654.6041683244075,1667.9269760573632,1681.3570585145608,1694.895279467867,1708.5425096441993,1722.2996267815402,1736.1675156853773,1750.1470682856248,1764.2391836939755,1778.4447682617345,1792.7647356381167,1807.2000068289992,1821.7515102561672,1836.4201818170154,1851.2069649447558,1866.112810669078,1881.1386776773347,1896.285532376183,1911.5543489537563,1926.9461094423048,1942.4618037813711,1958.1024298814455,1973.8689936881608,1989.7625092469793,2005.7839987684179,2021.9344926937952,2038.215029761504,2054.626657073813,2071.1704301642176,2087.8474130653335,2104.6586783773164,2121.605307336866,2138.6883898867477,2155.9090247459117,2173.268319480143,2190.767390573309,2208.407363499154,2226.1893727937027,2244.1145621282076,2262.184084382728,2280.399101720259,2298.7607856614945,2317.2703171601615,2335.9288866789793,2354.7376942662327,2373.6979496329395,2392.810872230673,2412.077691329971,2431.4996460994216,2451.0779856853383,2470.813969292122,2490.7088662632277,2510.763956162824,2530.9805288580706,2551.359884602096,2571.9033341176064,2592.612198681206,2613.487810208354,2634.5315113390543,2655.7446555241822,2677.1286071125573,2698.6847414386757,2720.4144449111714,2742.319115101994,2764.4001608362782,2786.6590022829737,2809.097071046162,2831.715810257159,2854.5166746673017,2877.5011307415425,2900.67065675274,2924.0267428767575,2947.570891288285,2971.304616257478,2995.22944424732,3019.346914011829,3043.658576695001,3068.1659959305807,3092.870747942638,3117.7744216469364,3142.87861875312,3168.1849538677375,3193.695054598094,3219.410561656912,3245.333128967883,3271.4644237720117,3297.806126734876,3324.3599320546946,3351.1275475713155,3378.1106948760344,3405.3111094223436,3432.7305406375262,3460.3707520352004,3488.23352132871,3516.320640545493,3544.6339161423107,3573.1751691214417,3601.9462351478164,3630.9489646670518,3660.1852230244945,3689.6568905851636,3719.3658628547196,3749.3140506013438,3779.5033799786634,3809.935792649603,3840.6132459112973,3871.5377128209448,3902.7111823227383,3934.135659375755,3965.8131650829396,3997.7457368210635,4029.9354283717907,4062.3843100537392,4095.0944688556665,4128.068008570669,4161.3070499315045,4194.813730746993,4228.590206039511,4262.638648183577,4296.961247045588,4331.560210124669,4366.437762694626,4401.596147947099,4437.037627135803,4472.764479721992,4508.779003521039,4545.083514850253,4581.680348677821,4618.571858773019,4655.7604178575675,4693.248417758249,4731.038269560753,4769.132403764733,4807.533270440121,4846.243339384716,4885.265100283049,4924.601062866471,4964.253757074609,5004.22573321805,5044.519562142395,5085.137835393579,5126.08316538458,5167.3581855634,5208.965550582488,5250.907936469426,5293.188040799074,5335.808582867062,5378.772303864684,5422.081967055189,5465.740357951513,5509.7502844954415,5554.1145772382,5598.836089522486,5643.917697666003,5689.362301146471,5735.17282278806,5781.352208949439,5827.903429713208,5874.829479076986,5922.133375145914,5969.818160326825,6017.886901523867,6066.342690335802,6115.188643254807,6164.427901866934,6214.06363305417,6264.099029198114,6314.537308385285,6365.381714614103,6416.635518003553,6468.302015003491,6520.384528606639,6572.88640856233,6625.811031591967,6679.16180160615,6732.942149923667,6787.155535492116,6841.805445110439,6896.895393653112,6952.428924296275,7008.409608745552,7064.841047465831,7121.726869912778,7179.070734766296,7236.876330165845,7295.147373947643,7353.887613883764,7413.100827923194,7472.790824434837,7532.961442452409,7593.616551921397,7654.7600539479145,7716.395881049652,7778.527997408752,7841.160399126823,7904.2971144818985,7967.94220418758,8032.099761654146,8096.773913251861,8161.968818576374,8227.688670716232,8293.937696522553,8360.720156880894,8428.04034698531,8495.90259661459,8564.311270410717,8633.270768159597,8702.785525074065,8772.860012079082,8843.498736099358,8914.706240349144,8986.487104624512,9058.845945597834,9131.787417114787,9205.31621049359,9279.437054826807,9354.154717285446,9429.47400342559,9505.399757497484,9581.936862757088,9659.090241780126,9736.864856778713,9815.265709920519,9894.297843650465,9973.966341015032,10054.276325989182,10135.232963805956,10216.841461288606,10299.107067185563,10382.035072507933,10465.630810869876,10549.89965883156,10634.84703624505,10720.478406602804,10806.799277389146,10893.815200434417,10981.531772272076,11069.954634498676,11159.08947413668,11248.94202400021,11339.518063063782,11430.823416834026,11522.863957724268,11615.64560543233,11709.174327321158,11803.456138802712,11898.49710372478,11994.303334761045,12090.880993804161,12188.23629236214,12286.375491957784,12385.304904531427,12485.030892846919,12585.55987090084,12686.898304334996,12789.052710852275,12892.029660635888,12995.8357767719,13100.477735675182,13205.962267518828,13312.296156667053,13419.486242111492,13527.539417911097,13636.462633635434,13746.262894811807,13856.947263375758,13968.522858125163,14080.996855178266,14194.376488435144,14308.66905004285,14423.881890864615] 0.31126199007860056 [Infinity,Infinity,Infinity,Infinity,Infinity,Infinity,Infinity,Infinity,Infinity,Infinity,Infinity,Infinity,Infinity,Infinity,Infinity,Infinity,Infinity,Infinity,Infinity,Infinity,Infinity,Infinity,Infinity,Infinity,Infinity,Infinity,Infinity,Infinity,Infinity,Infinity,Infinity,Infinity,Infinity,Infinity,Infinity,Infinity,Infinity,Infinity,Infinity,Infinity,Infinity,Infinity,Infinity,Infinity,Infinity,Infinity,Infinity,Infinity,Infinity,Infinity,Infinity,Infinity,Infinity,Infinity,Infinity,Infinity,Infinity,Infinity,Infinity,Infinity,Infinity,Infinity,Infinity,Infinity,Infinity,Infinity,Infinity,Infinity,Infinity,Infinity,Infinity,Infinity,Infinity,Infinity,Infinity,Infinity,Infinity,Infinity,Infinity,Infinity,Infinity,Infinity,Infinity,Infinity,Infinity,Infinity,Infinity,Infinity,Infinity,Infinity,Infinity,Infinity,Infinity,Infinity,Infinity,Infinity,Infinity,Infinity,Infinity,Infinity,Infinity,Infinity,Infinity,Infinity,Infinity,Infinity,Infinity,Infinity,Infinity,Infinity,Infinity,Infinity,Infinity,Infinity,Infinity,Infinity,Infinity,Infinity,Infinity,Infinity,Infinity,Infinity,Infinity,Infinity,Infinity,Infinity,Infinity,Infinity,Infinity,Infinity,Infinity,Infinity,Infinity,Infinity,Infinity,Infinity,Infinity,Infinity,Infinity,Infinity,Infinity,Infinity,Infinity,Infinity,Infinity,Infinity,Infinity,Infinity,Infinity,Infinity,Infinity,Infinity,Infinity,Infinity,Infinity,Infinity,Infinity,Infinity,Infinity,Infinity,Infinity,Infinity,Infinity,Infinity,Infinity,Infinity,Infinity,Infinity,Infinity,Infinity,Infinity,Infinity,Infinity,Infinity,Infinity,Infinity,Infinity,Infinity,Infinity,Infinity,Infinity,Infinity,Infinity,Infinity,Infinity,Infinity,Infinity,Infinity,Infinity,Infinity,Infinity,Infinity,Infinity,Infinity,Infinity,Infinity,Infinity,Infinity,Infinity,Infinity,Infinity,Infinity,Infinity,Infinity,Infinity,Infinity,Infinity,Infinity,Infinity,Infinity,Infinity,Infinity,Infinity,Infinity,Infinity,Infinity,Infinity,Infinity,Infinity,Infinity,Infinity,Infinity,Infinity,Infinity,Infinity,Infinity,Infinity,Infinity,Infinity,Infinity,Infinity,Infinity,Infinity,Infinity,Infinity,Infinity,Infinity,Infinity,Infinity,Infinity,Infinity,Infinity,Infinity,Infinity,Infinity,Infinity,Infinity,Infinity,Infinity,Infinity,Infinity,Infinity,Infinity,Infinity,Infinity,Infinity,Infinity,Infinity,Infinity,Infinity,Infinity,Infinity,Infinity,Infinity,Infinity,Infinity,Infinity,Infinity,Infinity,Infinity,Infinity,Infinity,Infinity,Infinity,Infinity,Infinity,Infinity,Infinity,Infinity,Infinity,Infinity,Infinity,Infinity,Infinity,Infinity,Infinity,Infinity,Infinity,Infinity,Infinity,Infinity,Infinity,Infinity,Infinity,Infinity,Infinity,Infinity,Infinity,Infinity,Infinity] [0.0,0.0,0.0,0.0,0.0,0.0,0.0,0.0,0.0,0.0,0.0,0.0,0.0,0.0,0.0,0.0,0.0,0.0,0.0,0.0,0.0,0.0,0.0,0.0,0.0,0.0,0.0,0.0,0.0,0.0,0.0,0.0,0.0,0.0,0.0,0.0,0.0,0.0,0.0,0.0,0.0,0.0,0.0,0.0,0.0,0.0,0.0,0.0,0.0,0.0,0.0,0.0,0.0,0.0,0.0,0.0,0.0,0.0,0.0,0.0,0.0,0.0,0.0,0.0,0.0,0.0,0.0,0.0,0.0,0.0,0.0,0.0,0.0,0.0,0.0,0.0,0.0,0.0,0.0,0.0,0.0,0.0,0.0,0.0,0.0,0.0,0.0,0.0,0.0,0.0,0.0,0.0,0.0,0.0,0.0,0.0,0.0,0.0,0.0,0.0,0.0,0.0,0.0,0.0,0.0,0.0,0.0,0.0,0.0,0.0,0.0,0.0,0.0,0.0,0.0,0.0,0.0,0.0,0.0,0.0,0.0,0.0,0.0,0.0,0.0,0.0,0.0,0.0,0.0,0.0,0.0,0.0,0.0,0.0,0.0,0.0,0.0,0.0,0.0,0.0,0.0,0.0,0.0,0.0,0.0,0.0,0.0,0.0,0.0,0.0,0.0,0.0,0.0,0.0,0.0,0.0,0.0,0.0,0.0,0.0,0.0,0.0,0.0,0.0,0.0,0.0,0.0,0.0,0.0,0.0,0.0,0.0,0.0,0.0,0.0,0.0,0.0,0.0,0.0,0.0,0.0,0.0,0.0,0.0,0.0,0.0,0.0,0.0,0.0,0.0,0.0,0.0,0.0,0.0,0.0,0.0,0.0,0.0,0.0,0.0,0.0,0.0,0.0,0.0,0.0,0.0,0.0,0.0,0.0,0.0,0.0,0.0,0.0,0.0,0.0,0.0,0.0,0.0,0.0,0.0,0.0,0.0,0.0,0.0,0.0,0.0,0.0,0.0,0.0,0.0,0.0,0.0,0.0,0.0,0.0,0.0,0.0,0.0,0.0,0.0,0.0,0.0,0.0,0.0,0.0,0.0,0.0,0.0,0.0,0.0,0.0,0.0,0.0,0.0,0.0,0.0,0.0,0.0,0.0,0.0,0.0,0.0,0.0,0.0,0.0,0.0,0.0,0.0,0.0,0.0,0.0,0.0,0.0,0.0,0.0,0.0,0.0,0.0,0.0,0.0,0.0,0.0,0.0,0.0,0.0,0.0,0.0,0.0,0.0,0.0,0.0,0.0,0.0,0.0,0.0,0.0,0.0,0.0,0.0,0.0]
56327.25426903894 [0.0,0.0,0.0,0.0,0.0,0.0,0.0,0.0,0.0,0.0,0.0,0.0,0.0,0.0,0.0,0.0,0.0,0.0,0.0,0.0,0.0,0.0,0.0,0.0,0.0,0.0,0.0,0.0,0.0,0.0,0.0,0.0,0.0,0.0,0.0,0.0,0.0,0.0,0.0,0.0,0.0,0.0,0.0,0.0,0.0,0.0,0.0,0.0,0.0,0.0,0.0,0.0,0.0,0.0,0.0,0.0,0.0,0.0,0.0,0.0,0.0,0.0,0.0,0.0,0.0,0.0,0.0,0.0,0.0,0.0,0.0,0.0,0.0,0.0,0.0,0.0,0.0,0.0,0.0,0.0,0.0,0.0,0.0,0.0,0.0,0.0,0.0,0.0,0.0,0.0,0.0,0.0,0.0,0.0,0.0,0.0,0.0,0.0,0.0,0.0,0.0,0.0,0.0,0.0,0.0,0.0,0.0,0.0,0.0,0.0,0.0,0.0,0.0,0.0,0.0,0.0,0.0,0.0,0.0,0.0,0.0,0.0,0.0,0.0,0.0,0.0,0.0,0.0,0.0,0.0,0.0,0.0,0.0,0.0,0.0,0.0,0.0,0.0,0.0,0.0,0.0,0.0,0.0,0.0,0.0,0.0,0.0,0.0,0.0,0.0,0.0,0.0,0.0,0.0,0.0,0.0,0.0,0.0,0.0,0.0,0.0,0.0,0.0,0.0,0.0,0.0,0.0,0.0,0.0,0.0,0.0,0.0,0.0,0.0,0.0,0.0,0.0,0.0,0.0,0.0,0.0,0.0,0.0,0.0,0.0,0.0,0.0,0.0,0.0,0.0,0.0,0.0,0.0,0.0,0.0,0.0,0.0,0.0,0.0,0.0,0.0,0.0,0.0,0.0,0.0,0.0,0.0,0.0,0.0,0.0,0.0,0.0,0.0,0.0,0.0,0.0,0.0,0.0,0.0,0.0,0.0,0.0,0.0,0.0,0.0,0.0,0.0,0.0,0.0,0.0,0.0,0.0,0.0,0.0,0.0,0.0,0.0,0.0,0.0,0.0,0.0,0.0,0.0,0.0,0.0,0.0,0.0,0.0,0.0,0.0,0.0,0.0,0.0,0.0,0.0,0.0,0.0,0.0,0.0,0.0,0.0,0.0,0.0,0.0,0.0,0.0,0.0,0.0,0.0,0.0,0.0,0.0,0.0,0.0,0.0,0.0,0.0,0.0,0.0,0.0,0.0,0.0,0.0,0.0,0.0,0.0,0.0,0.0,0.0,0.0,0.0,0.0,0.0,0.0,0.0,0.0,0.0,0.0,0.0,0.0] [1311.2619900786005,1321.8202200865917,1332.463464547639,1343.19240799478,1354.0077404728797,1364.9101575830227,1375.9003605272408,1386.9790561536227,1398.1469570017646,1409.4047813486081,1420.7532532546286,1432.193102610412,1443.7250651835902,1455.3498826661717,1467.068302722235,1478.881079036026,1490.78897136042,1502.7927455657994,1514.8931736892998,1527.0910339844697,1539.3871109713293,1551.7821954868166,1564.2770847356642,1576.872582341659,1589.569498399342,1602.368649526097,1615.270858914685,1628.2769563861766,1641.3877784433362,1654.6041683244075,1667.9269760573632,1681.3570585145608,1694.895279467867,1708.5425096441993,1722.2996267815402,1736.1675156853773,1750.1470682856248,1764.2391836939755,1778.4447682617345,1792.7647356381167,1807.2000068289992,1821.7515102561672,1836.4201818170154,1851.2069649447558,1866.112810669078,1881.1386776773347,1896.285532376183,1911.5543489537563,1926.9461094423048,1942.4618037813711,1958.1024298814455,1973.8689936881608,1989.7625092469793,2005.7839987684179,2021.9344926937952,2038.215029761504,2054.626657073813,2071.1704301642176,2087.8474130653335,2104.6586783773164,2121.605307336866,2138.6883898867477,2155.9090247459117,2173.268319480143,2190.767390573309,2208.407363499154,2226.1893727937027,2244.1145621282076,2262.184084382728,2280.399101720259,2298.7607856614945,2317.2703171601615,2335.9288866789793,2354.7376942662327,2373.6979496329395,2392.810872230673,2412.077691329971,2431.4996460994216,2451.0779856853383,2470.813969292122,2490.7088662632277,2510.763956162824,2530.9805288580706,2551.359884602096,2571.9033341176064,2592.612198681206,2613.487810208354,2634.5315113390543,2655.7446555241822,2677.1286071125573,2698.6847414386757,2720.4144449111714,2742.319115101994,2764.4001608362782,2786.6590022829737,2809.097071046162,2831.715810257159,2854.5166746673017,2877.5011307415425,2900.67065675274,2924.0267428767575,2947.570891288285,2971.304616257478,2995.22944424732,3019.346914011829,3043.658576695001,3068.1659959305807,3092.870747942638,3117.7744216469364,3142.87861875312,3168.1849538677375,3193.695054598094,3219.410561656912,3245.333128967883,3271.4644237720117,3297.806126734876,3324.3599320546946,3351.1275475713155,3378.1106948760344,3405.3111094223436,3432.7305406375262,3460.3707520352004,3488.23352132871,3516.320640545493,3544.6339161423107,3573.1751691214417,3601.9462351478164,3630.9489646670518,3660.1852230244945,3689.6568905851636,3719.3658628547196,3749.3140506013438,3779.5033799786634,3809.935792649603,3840.6132459112973,3871.5377128209448,3902.7111823227383,3934.135659375755,3965.8131650829396,3997.7457368210635,4029.9354283717907,4062.3843100537392,4095.0944688556665,4128.068008570669,4161.3070499315045,4194.813730746993,4228.590206039511,4262.638648183577,4296.961247045588,4331.560210124669,4366.437762694626,4401.596147947099,4437.037627135803,4472.764479721992,4508.779003521039,4545.083514850253,4581.680348677821,4618.571858773019,4655.7604178575675,4693.248417758249,4731.038269560753,4769.132403764733,4807.533270440121,4846.243339384716,4885.265100283049,4924.601062866471,4964.253757074609,5004.22573321805,5044.519562142395,5085.137835393579,5126.08316538458,5167.3581855634,5208.965550582488,5250.907936469426,5293.188040799074,5335.808582867062,5378.772303864684,5422.081967055189,5465.740357951513,5509.7502844954415,5554.1145772382,5598.836089522486,5643.917697666003,5689.362301146471,5735.17282278806,5781.352208949439,5827.903429713208,5874.829479076986,5922.133375145914,5969.818160326825,6017.886901523867,6066.342690335802,6115.188643254807,6164.427901866934,6214.06363305417,6264.099029198114,6314.537308385285,6365.381714614103,6416.635518003553,6468.302015003491,6520.384528606639,6572.88640856233,6625.811031591967,6679.16180160615,6732.942149923667,6787.155535492116,6841.805445110439,6896.895393653112,6952.428924296275,7008.409608745552,7064.841047465831,7121.726869912778,7179.070734766296,7236.876330165845,7295.147373947643,7353.887613883764,7413.100827923194,7472.790824434837,7532.961442452409,7593.616551921397,7654.7600539479145,7716.395881049652,7778.527997408752,7841.160399126823,7904.2971144818985,7967.94220418758,8032.099761654146,8096.773913251861,8161.968818576374,8227.688670716232,8293.937696522553,8360.720156880894,8428.04034698531,8495.90259661459,8564.311270410717,8633.270768159597,8702.785525074065,8772.860012079082,8843.498736099358,8914.706240349144,8986.487104624512,9058.845945597834,9131.787417114787,9205.31621049359,9279.437054826807,9354.154717285446,9429.47400342559,9505.399757497484,9581.936862757088,9659.090241780126,9736.864856778713,9815.265709920519,9894.297843650465,9973.966341015032,10054.276325989182,10135.232963805956,10216.841461288606,10299.107067185563,10382.035072507933,10465.630810869876,10549.89965883156,10634.84703624505,10720.478406602804,10806.799277389146,10893.815200434417,10981.531772272076,11069.954634498676,11159.08947413668,11248.94202400021,11339.518063063782,11430.823416834026,11522.863957724268,11615.64560543233,11709.174327321158,11803.456138802712,11898.49710372478,11994.303334761045,12090.880993804161,12188.23629236214,12286.375491957784,12385.304904531427,12485.030892846919,12585.55987090084,12686.898304334996,12789.052710852275,12892.029660635888,12995.8357767719,13100.477735675182,13205.962267518828,13312.296156667053,13419.486242111492,13527.539417911097,13636.462633635434,13746.262894811807,13856.947263375758,13968.522858125163,14080.996855178266,14194.376488435144,14308.66905004285,14423.881890864615] 0.31126199007860056 [Infinity,Infinity,Infinity,Infinity,Infinity,Infinity,Infinity,Infinity,Infinity,Infinity,Infinity,Infinity,Infinity,Infinity,Infinity,Infinity,Infinity,Infinity,Infinity,Infinity,Infinity,Infinity,Infinity,Infinity,Infinity,Infinity,Infinity,Infinity,Infinity,Infinity,Infinity,Infinity,Infinity,Infinity,Infinity,Infinity,Infinity,Infinity,Infinity,Infinity,Infinity,Infinity,Infinity,Infinity,Infinity,Infinity,Infinity,Infinity,Infinity,Infinity,Infinity,Infinity,Infinity,Infinity,Infinity,Infinity,Infinity,Infinity,Infinity,Infinity,Infinity,Infinity,Infinity,Infinity,Infinity,Infinity,Infinity,Infinity,Infinity,Infinity,Infinity,Infinity,Infinity,Infinity,Infinity,Infinity,Infinity,Infinity,Infinity,Infinity,Infinity,Infinity,Infinity,Infinity,Infinity,Infinity,Infinity,Infinity,Infinity,Infinity,Infinity,Infinity,Infinity,Infinity,Infinity,Infinity,Infinity,Infinity,Infinity,Infinity,Infinity,Infinity,Infinity,Infinity,Infinity,Infinity,Infinity,Infinity,Infinity,Infinity,Infinity,Infinity,Infinity,Infinity,Infinity,Infinity,Infinity,Infinity,Infinity,Infinity,Infinity,Infinity,Infinity,Infinity,Infinity,Infinity,Infinity,Infinity,Infinity,Infinity,Infinity,Infinity,Infinity,Infinity,Infinity,Infinity,Infinity,Infinity,Infinity,Infinity,Infinity,Infinity,Infinity,Infinity,Infinity,Infinity,Infinity,Infinity,Infinity,Infinity,Infinity,Infinity,Infinity,Infinity,Infinity,Infinity,Infinity,Infinity,Infinity,Infinity,Infinity,Infinity,Infinity,Infinity,Infinity,Infinity,Infinity,Infinity,Infinity,Infinity,Infinity,Infinity,Infinity,Infinity,Infinity,Infinity,Infinity,Infinity,Infinity,Infinity,Infinity,Infinity,Infinity,Infinity,Infinity,Infinity,Infinity,Infinity,Infinity,Infinity,Infinity,Infinity,Infinity,Infinity,Infinity,Infinity,Infinity,Infinity,Infinity,Infinity,Infinity,Infinity,Infinity,Infinity,Infinity,Infinity,Infinity,Infinity,Infinity,Infinity,Infinity,Infinity,Infinity,Infinity,Infinity,Infinity,Infinity,Infinity,Infinity,Infinity,Infinity,Infinity,Infinity,Infinity,Infinity,Infinity,Infinity,Infinity,Infinity,Infinity,Infinity,Infinity,Infinity,Infinity,Infinity,Infinity,Infinity,Infinity,Infinity,Infinity,Infinity,Infinity,Infinity,Infinity,Infinity,Infinity,Infinity,Infinity,Infinity,Infinity,Infinity,Infinity,Infinity,Infinity,Infinity,Infinity,Infinity,Infinity,Infinity,Infinity,Infinity,Infinity,Infinity,Infinity,Infinity,Infinity,Infinity,Infinity,Infinity,Infinity,Infinity,Infinity,Infinity,Infinity,Infinity,Infinity,Infinity,Infinity,Infinity,Infinity,Infinity,Infinity,Infinity,Infinity,Infinity,Infinity,Infinity,Infinity,Infinity,Infinity,Infinity,Infinity,Infinity,Infinity,Infinity,Infinity,Infinity,Infinity,Infinity,Infinity] [0.0,0.0,0.0,0.0,0.0,0.0,0.0,0.0,0.0,0.0,0.0,0.0,0.0,0.0,0.0,0.0,0.0,0.0,0.0,0.0,0.0,0.0,0.0,0.0,0.0,0.0,0.0,0.0,0.0,0.0,0.0,0.0,0.0,0.0,0.0,0.0,0.0,0.0,0.0,0.0,0.0,0.0,0.0,0.0,0.0,0.0,0.0,0.0,0.0,0.0,0.0,0.0,0.0,0.0,0.0,0.0,0.0,0.0,0.0,0.0,0.0,0.0,0.0,0.0,0.0,0.0,0.0,0.0,0.0,0.0,0.0,0.0,0.0,0.0,0.0,0.0,0.0,0.0,0.0,0.0,0.0,0.0,0.0,0.0,0.0,0.0,0.0,0.0,0.0,0.0,0.0,0.0,0.0,0.0,0.0,0.0,0.0,0.0,0.0,0.0,0.0,0.0,0.0,0.0,0.0,0.0,0.0,0.0,0.0,0.0,0.0,0.0,0.0,0.0,0.0,0.0,0.0,0.0,0.0,0.0,0.0,0.0,0.0,0.0,0.0,0.0,0.0,0.0,0.0,0.0,0.0,0.0,0.0,0.0,0.0,0.0,0.0,0.0,0.0,0.0,0.0,0.0,0.0,0.0,0.0,0.0,0.0,0.0,0.0,0.0,0.0,0.0,0.0,0.0,0.0,0.0,0.0,0.0,0.0,0.0,0.0,0.0,0.0,0.0,0.0,0.0,0.0,0.0,0.0,0.0,0.0,0.0,0.0,0.0,0.0,0.0,0.0,0.0,0.0,0.0,0.0,0.0,0.0,0.0,0.0,0.0,0.0,0.0,0.0,0.0,0.0,0.0,0.0,0.0,0.0,0.0,0.0,0.0,0.0,0.0,0.0,0.0,0.0,0.0,0.0,0.0,0.0,0.0,0.0,0.0,0.0,0.0,0.0,0.0,0.0,0.0,0.0,0.0,0.0,0.0,0.0,0.0,0.0,0.0,0.0,0.0,0.0,0.0,0.0,0.0,0.0,0.0,0.0,0.0,0.0,0.0,0.0,0.0,0.0,0.0,0.0,0.0,0.0,0.0,0.0,0.0,0.0,0.0,0.0,0.0,0.0,0.0,0.0,0.0,0.0,0.0,0.0,0.0,0.0,0.0,0.0,0.0,0.0,0.0,0.0,0.0,0.0,0.0,0.0,0.0,0.0,0.0,0.0,0.0,0.0,0.0,0.0,0.0,0.0,0.0,0.0,0.0,0.0,0.0,0.0,0.0,0.0,0.0,0.0,0.0,0.0,0.0,0.0,0.0,0.0,0.0,0.0,0.0,0.0,0.0]
56338.42576392035 [0.0,0.0,0.0,0.0,0.0,0.0,0.0,0.0,0.0,0.0,0.0,0.0,0.0,0.0,0.0,0.0,0.0,0.0,0.0,0.0,0.0,0.0,0.0,0.0,0.0,0.0,0.0,0.0,0.0,0.0,0.0,0.0,0.0,0.0,0.0,0.0,0.0,0.0,0.0,0.0,0.0,0.0,0.0,0.0,0.0,0.0,0.0,0.0,0.0,0.0,0.0,0.0,0.0,0.0,0.0,0.0,0.0,0.0,0.0,0.0,0.0,0.0,0.0,0.0,0.0,0.0,0.0,0.0,0.0,0.0,0.0,0.0,0.0,0.0,0.0,0.0,0.0,0.0,0.0,0.0,0.0,0.0,0.0,0.0,0.0,0.0,0.0,0.0,0.0,0.0,0.0,0.0,0.0,0.0,0.0,0.0,0.0,0.0,0.0,0.0,0.0,0.0,0.0,0.0,0.0,0.0,0.0,0.0,0.0,0.0,0.0,0.0,0.0,0.0,0.0,0.0,0.0,0.0,0.0,0.0,0.0,0.0,0.0,0.0,0.0,0.0,0.0,0.0,0.0,0.0,0.0,0.0,0.0,0.0,0.0,0.0,0.0,0.0,0.0,0.0,0.0,0.0,0.0,0.0,0.0,0.0,0.0,0.0,0.0,0.0,0.0,0.0,0.0,0.0,0.0,0.0,0.0,0.0,0.0,0.0,0.0,0.0,0.0,0.0,0.0,0.0,0.0,0.0,0.0,0.0,0.0,0.0,0.0,0.0,0.0,0.0,0.0,0.0,0.0,0.0,0.0,0.0,0.0,0.0,0.0,0.0,0.0,0.0,0.0,0.0,0.0,0.0,0.0,0.0,0.0,0.0,0.0,0.0,0.0,0.0,0.0,0.0,0.0,0.0,0.0,0.0,0.0,0.0,0.0,0.0,0.0,0.0,0.0,0.0,0.0,0.0,0.0,0.0,0.0,0.0,0.0,0.0,0.0,0.0,0.0,0.0,0.0,0.0,0.0,0.0,0.0,0.0,0.0,0.0,0.0,0.0,0.0,0.0,0.0,0.0,0.0,0.0,0.0,0.0,0.0,0.0,0.0,0.0,0.0,0.0,0.0,0.0,0.0,0.0,0.0,0.0,0.0,0.0,0.0,0.0,0.0,0.0,0.0,0.0,0.0,0.0,0.0,0.0,0.0,0.0,0.0,0.0,0.0,0.0,0.0,0.0,0.0,0.0,0.0,0.0,0.0,0.0,0.0,0.0,0.0,0.0,0.0,0.0,0.0,0.0,0.0,0.0,0.0,0.0,0.0,0.0,0.0,0.0,0.0,0.0] [1311.2619900786005,1321.8202200865917,1332.463464547639,1343.19240799478,1354.0077404728797,1364.9101575830227,1375.9003605272408,1386.9790561536227,1398.1469570017646,1409.4047813486081,1420.7532532546286,1432.193102610412,1443.7250651835902,1455.3498826661717,1467.068302722235,1478.881079036026,1490.78897136042,1502.7927455657994,1514.8931736892998,1527.0910339844697,1539.3871109713293,1551.7821954868166,1564.2770847356642,1576.872582341659,1589.569498399342,1602.368649526097,1615.270858914685,1628.2769563861766,1641.3877784433362,1654.6041683244075,1667.9269760573632,1681.3570585145608,1694.895279467867,1708.5425096441993,1722.2996267815402,1736.1675156853773,1750.1470682856248,1764.2391836939755,1778.4447682617345,1792.7647356381167,1807.2000068289992,1821.7515102561672,1836.4201818170154,1851.2069649447558,1866.112810669078,1881.1386776773347,1896.285532376183,1911.5543489537563,1926.9461094423048,1942.4618037813711,1958.1024298814455,1973.8689936881608,1989.7625092469793,2005.7839987684179,2021.9344926937952,2038.215029761504,2054.626657073813,2071.1704301642176,2087.8474130653335,2104.6586783773164,2121.605307336866,2138.6883898867477,2155.9090247459117,2173.268319480143,2190.767390573309,2208.407363499154,2226.1893727937027,2244.1145621282076,2262.184084382728,2280.399101720259,2298.7607856614945,2317.2703171601615,2335.9288866789793,2354.7376942662327,2373.6979496329395,2392.810872230673,2412.077691329971,2431.4996460994216,2451.0779856853383,2470.813969292122,2490.7088662632277,2510.763956162824,2530.9805288580706,2551.359884602096,2571.9033341176064,2592.612198681206,2613.487810208354,2634.5315113390543,2655.7446555241822,2677.1286071125573,2698.6847414386757,2720.4144449111714,2742.319115101994,2764.4001608362782,2786.6590022829737,2809.097071046162,2831.715810257159,2854.5166746673017,2877.5011307415425,2900.67065675274,2924.0267428767575,2947.570891288285,2971.304616257478,2995.22944424732,3019.346914011829,3043.658576695001,3068.1659959305807,3092.870747942638,3117.7744216469364,3142.87861875312,3168.1849538677375,3193.695054598094,3219.410561656912,3245.333128967883,3271.4644237720117,3297.806126734876,3324.3599320546946,3351.1275475713155,3378.1106948760344,3405.3111094223436,3432.7305406375262,3460.3707520352004,3488.23352132871,3516.320640545493,3544.6339161423107,3573.1751691214417,3601.9462351478164,3630.9489646670518,3660.1852230244945,3689.6568905851636,3719.3658628547196,3749.3140506013438,3779.5033799786634,3809.935792649603,3840.6132459112973,3871.5377128209448,3902.7111823227383,3934.135659375755,3965.8131650829396,3997.7457368210635,4029.9354283717907,4062.3843100537392,4095.0944688556665,4128.068008570669,4161.3070499315045,4194.813730746993,4228.590206039511,4262.638648183577,4296.961247045588,4331.560210124669,4366.437762694626,4401.596147947099,4437.037627135803,4472.764479721992,4508.779003521039,4545.083514850253,4581.680348677821,4618.571858773019,4655.7604178575675,4693.248417758249,4731.038269560753,4769.132403764733,4807.533270440121,4846.243339384716,4885.265100283049,4924.601062866471,4964.253757074609,5004.22573321805,5044.519562142395,5085.137835393579,5126.08316538458,5167.3581855634,5208.965550582488,5250.907936469426,5293.188040799074,5335.808582867062,5378.772303864684,5422.081967055189,5465.740357951513,5509.7502844954415,5554.1145772382,5598.836089522486,5643.917697666003,5689.362301146471,5735.17282278806,5781.352208949439,5827.903429713208,5874.829479076986,5922.133375145914,5969.818160326825,6017.886901523867,6066.342690335802,6115.188643254807,6164.427901866934,6214.06363305417,6264.099029198114,6314.537308385285,6365.381714614103,6416.635518003553,6468.302015003491,6520.384528606639,6572.88640856233,6625.811031591967,6679.16180160615,6732.942149923667,6787.155535492116,6841.805445110439,6896.895393653112,6952.428924296275,7008.409608745552,7064.841047465831,7121.726869912778,7179.070734766296,7236.876330165845,7295.147373947643,7353.887613883764,7413.100827923194,7472.790824434837,7532.961442452409,7593.616551921397,7654.7600539479145,7716.395881049652,7778.527997408752,7841.160399126823,7904.2971144818985,7967.94220418758,8032.099761654146,8096.773913251861,8161.968818576374,8227.688670716232,8293.937696522553,8360.720156880894,8428.04034698531,8495.90259661459,8564.311270410717,8633.270768159597,8702.785525074065,8772.860012079082,8843.498736099358,8914.706240349144,8986.487104624512,9058.845945597834,9131.787417114787,9205.31621049359,9279.437054826807,9354.154717285446,9429.47400342559,9505.399757497484,9581.936862757088,9659.090241780126,9736.864856778713,9815.265709920519,9894.297843650465,9973.966341015032,10054.276325989182,10135.232963805956,10216.841461288606,10299.107067185563,10382.035072507933,10465.630810869876,10549.89965883156,10634.84703624505,10720.478406602804,10806.799277389146,10893.815200434417,10981.531772272076,11069.954634498676,11159.08947413668,11248.94202400021,11339.518063063782,11430.823416834026,11522.863957724268,11615.64560543233,11709.174327321158,11803.456138802712,11898.49710372478,11994.303334761045,12090.880993804161,12188.23629236214,12286.375491957784,12385.304904531427,12485.030892846919,12585.55987090084,12686.898304334996,12789.052710852275,12892.029660635888,12995.8357767719,13100.477735675182,13205.962267518828,13312.296156667053,13419.486242111492,13527.539417911097,13636.462633635434,13746.262894811807,13856.947263375758,13968.522858125163,14080.996855178266,14194.376488435144,14308.66905004285,14423.881890864615] 0.31126199007860056 [Infinity,Infinity,Infinity,Infinity,Infinity,Infinity,Infinity,Infinity,Infinity,Infinity,Infinity,Infinity,Infinity,Infinity,Infinity,Infinity,Infinity,Infinity,Infinity,Infinity,Infinity,Infinity,Infinity,Infinity,Infinity,Infinity,Infinity,Infinity,Infinity,Infinity,Infinity,Infinity,Infinity,Infinity,Infinity,Infinity,Infinity,Infinity,Infinity,Infinity,Infinity,Infinity,Infinity,Infinity,Infinity,Infinity,Infinity,Infinity,Infinity,Infinity,Infinity,Infinity,Infinity,Infinity,Infinity,Infinity,Infinity,Infinity,Infinity,Infinity,Infinity,Infinity,Infinity,Infinity,Infinity,Infinity,Infinity,Infinity,Infinity,Infinity,Infinity,Infinity,Infinity,Infinity,Infinity,Infinity,Infinity,Infinity,Infinity,Infinity,Infinity,Infinity,Infinity,Infinity,Infinity,Infinity,Infinity,Infinity,Infinity,Infinity,Infinity,Infinity,Infinity,Infinity,Infinity,Infinity,Infinity,Infinity,Infinity,Infinity,Infinity,Infinity,Infinity,Infinity,Infinity,Infinity,Infinity,Infinity,Infinity,Infinity,Infinity,Infinity,Infinity,Infinity,Infinity,Infinity,Infinity,Infinity,Infinity,Infinity,Infinity,Infinity,Infinity,Infinity,Infinity,Infinity,Infinity,Infinity,Infinity,Infinity,Infinity,Infinity,Infinity,Infinity,Infinity,Infinity,Infinity,Infinity,Infinity,Infinity,Infinity,Infinity,Infinity,Infinity,Infinity,Infinity,Infinity,Infinity,Infinity,Infinity,Infinity,Infinity,Infinity,Infinity,Infinity,Infinity,Infinity,Infinity,Infinity,Infinity,Infinity,Infinity,Infinity,Infinity,Infinity,Infinity,Infinity,Infinity,Infinity,Infinity,Infinity,Infinity,Infinity,Infinity,Infinity,Infinity,Infinity,Infinity,Infinity,Infinity,Infinity,Infinity,Infinity,Infinity,Infinity,Infinity,Infinity,Infinity,Infinity,Infinity,Infinity,Infinity,Infinity,Infinity,Infinity,Infinity,Infinity,Infinity,Infinity,Infinity,Infinity,Infinity,Infinity,Infinity,Infinity,Infinity,Infinity,Infinity,Infinity,Infinity,Infinity,Infinity,Infinity,Infinity,Infinity,Infinity,Infinity,Infinity,Infinity,Infinity,Infinity,Infinity,Infinity,Infinity,Infinity,Infinity,Infinity,Infinity,Infinity,Infinity,Infinity,Infinity,Infinity,Infinity,Infinity,Infinity,Infinity,Infinity,Infinity,Infinity,Infinity,Infinity,Infinity,Infinity,Infinity,Infinity,Infinity,Infinity,Infinity,Infinity,Infinity,Infinity,Infinity,Infinity,Infinity,Infinity,Infinity,Infinity,Infinity,Infinity,Infinity,Infinity,Infinity,Infinity,Infinity,Infinity,Infinity,Infinity,Infinity,Infinity,Infinity,Infinity,Infinity,Infinity,Infinity,Infinity,Infinity,Infinity,Infinity,Infinity,Infinity,Infinity,Infinity,Infinity,Infinity,Infinity,Infinity,Infinity,Infinity,Infinity,Infinity,Infinity,Infinity,Infinity,Infinity,Infinity,Infinity,Infinity,Infinity,Infinity] [0.0,0.0,0.0,0.0,0.0,0.0,0.0,0.0,0.0,0.0,0.0,0.0,0.0,0.0,0.0,0.0,0.0,0.0,0.0,0.0,0.0,0.0,0.0,0.0,0.0,0.0,0.0,0.0,0.0,0.0,0.0,0.0,0.0,0.0,0.0,0.0,0.0,0.0,0.0,0.0,0.0,0.0,0.0,0.0,0.0,0.0,0.0,0.0,0.0,0.0,0.0,0.0,0.0,0.0,0.0,0.0,0.0,0.0,0.0,0.0,0.0,0.0,0.0,0.0,0.0,0.0,0.0,0.0,0.0,0.0,0.0,0.0,0.0,0.0,0.0,0.0,0.0,0.0,0.0,0.0,0.0,0.0,0.0,0.0,0.0,0.0,0.0,0.0,0.0,0.0,0.0,0.0,0.0,0.0,0.0,0.0,0.0,0.0,0.0,0.0,0.0,0.0,0.0,0.0,0.0,0.0,0.0,0.0,0.0,0.0,0.0,0.0,0.0,0.0,0.0,0.0,0.0,0.0,0.0,0.0,0.0,0.0,0.0,0.0,0.0,0.0,0.0,0.0,0.0,0.0,0.0,0.0,0.0,0.0,0.0,0.0,0.0,0.0,0.0,0.0,0.0,0.0,0.0,0.0,0.0,0.0,0.0,0.0,0.0,0.0,0.0,0.0,0.0,0.0,0.0,0.0,0.0,0.0,0.0,0.0,0.0,0.0,0.0,0.0,0.0,0.0,0.0,0.0,0.0,0.0,0.0,0.0,0.0,0.0,0.0,0.0,0.0,0.0,0.0,0.0,0.0,0.0,0.0,0.0,0.0,0.0,0.0,0.0,0.0,0.0,0.0,0.0,0.0,0.0,0.0,0.0,0.0,0.0,0.0,0.0,0.0,0.0,0.0,0.0,0.0,0.0,0.0,0.0,0.0,0.0,0.0,0.0,0.0,0.0,0.0,0.0,0.0,0.0,0.0,0.0,0.0,0.0,0.0,0.0,0.0,0.0,0.0,0.0,0.0,0.0,0.0,0.0,0.0,0.0,0.0,0.0,0.0,0.0,0.0,0.0,0.0,0.0,0.0,0.0,0.0,0.0,0.0,0.0,0.0,0.0,0.0,0.0,0.0,0.0,0.0,0.0,0.0,0.0,0.0,0.0,0.0,0.0,0.0,0.0,0.0,0.0,0.0,0.0,0.0,0.0,0.0,0.0,0.0,0.0,0.0,0.0,0.0,0.0,0.0,0.0,0.0,0.0,0.0,0.0,0.0,0.0,0.0,0.0,0.0,0.0,0.0,0.0,0.0,0.0,0.0,0.0,0.0,0.0,0.0,0.0]
56350.117229872165 [0.0,0.0,0.0,0.0,0.0,0.0,0.0,0.0,0.0,0.0,0.0,0.0,0.0,0.0,0.0,0.0,0.0,0.0,0.0,0.0,0.0,0.0,0.0,0.0,0.0,0.0,0.0,0.0,0.0,0.0,0.0,0.0,0.0,0.0,0.0,0.0,0.0,0.0,0.0,0.0,0.0,0.0,0.0,0.0,0.0,0.0,0.0,0.0,0.0,0.0,0.0,0.0,0.0,0.0,0.0,0.0,0.0,0.0,0.0,0.0,0.0,0.0,0.0,0.0,0.0,0.0,0.0,0.0,0.0,0.0,0.0,0.0,0.0,0.0,0.0,0.0,0.0,0.0,0.0,0.0,0.0,0.0,0.0,0.0,0.0,0.0,0.0,0.0,0.0,0.0,0.0,0.0,0.0,0.0,0.0,0.0,0.0,0.0,0.0,0.0,0.0,0.0,0.0,0.0,0.0,0.0,0.0,0.0,0.0,0.0,0.0,0.0,0.0,0.0,0.0,0.0,0.0,0.0,0.0,0.0,0.0,0.0,0.0,0.0,0.0,0.0,0.0,0.0,0.0,0.0,0.0,0.0,0.0,0.0,0.0,0.0,0.0,0.0,0.0,0.0,0.0,0.0,0.0,0.0,0.0,0.0,0.0,0.0,0.0,0.0,0.0,0.0,0.0,0.0,0.0,0.0,0.0,0.0,0.0,0.0,0.0,0.0,0.0,0.0,0.0,0.0,0.0,0.0,0.0,0.0,0.0,0.0,0.0,0.0,0.0,0.0,0.0,0.0,0.0,0.0,0.0,0.0,0.0,0.0,0.0,0.0,0.0,0.0,0.0,0.0,0.0,0.0,0.0,0.0,0.0,0.0,0.0,0.0,0.0,0.0,0.0,0.0,0.0,0.0,0.0,0.0,0.0,0.0,0.0,0.0,0.0,0.0,0.0,0.0,0.0,0.0,0.0,0.0,0.0,0.0,0.0,0.0,0.0,0.0,0.0,0.0,0.0,0.0,0.0,0.0,0.0,0.0,0.0,0.0,0.0,0.0,0.0,0.0,0.0,0.0,0.0,0.0,0.0,0.0,0.0,0.0,0.0,0.0,0.0,0.0,0.0,0.0,0.0,0.0,0.0,0.0,0.0,0.0,0.0,0.0,0.0,0.0,0.0,0.0,0.0,0.0,0.0,0.0,0.0,0.0,0.0,0.0,0.0,0.0,0.0,0.0,0.0,0.0,0.0,0.0,0.0,0.0,0.0,0.0,0.0,0.0,0.0,0.0,0.0,0.0,0.0,0.0,0.0,0.0,0.0,0.0,0.0,0.0,0.0,0.0] [1311.2619900786005,1321.8202200865917,1332.463464547639,1343.19240799478,1354.0077404728797,1364.9101575830227,1375.9003605272408,1386.9790561536227,1398.1469570017646,1409.4047813486081,1420.7532532546286,1432.193102610412,1443.7250651835902,1455.3498826661717,1467.068302722235,1478.881079036026,1490.78897136042,1502.7927455657994,1514.8931736892998,1527.0910339844697,1539.3871109713293,1551.7821954868166,1564.2770847356642,1576.872582341659,1589.569498399342,1602.368649526097,1615.270858914685,1628.2769563861766,1641.3877784433362,1654.6041683244075,1667.9269760573632,1681.3570585145608,1694.895279467867,1708.5425096441993,1722.2996267815402,1736.1675156853773,1750.1470682856248,1764.2391836939755,1778.4447682617345,1792.7647356381167,1807.2000068289992,1821.7515102561672,1836.4201818170154,1851.2069649447558,1866.112810669078,1881.1386776773347,1896.285532376183,1911.5543489537563,1926.9461094423048,1942.4618037813711,1958.1024298814455,1973.8689936881608,1989.7625092469793,2005.7839987684179,2021.9344926937952,2038.215029761504,2054.626657073813,2071.1704301642176,2087.8474130653335,2104.6586783773164,2121.605307336866,2138.6883898867477,2155.9090247459117,2173.268319480143,2190.767390573309,2208.407363499154,2226.1893727937027,2244.1145621282076,2262.184084382728,2280.399101720259,2298.7607856614945,2317.2703171601615,2335.9288866789793,2354.7376942662327,2373.6979496329395,2392.810872230673,2412.077691329971,2431.4996460994216,2451.0779856853383,2470.813969292122,2490.7088662632277,2510.763956162824,2530.9805288580706,2551.359884602096,2571.9033341176064,2592.612198681206,2613.487810208354,2634.5315113390543,2655.7446555241822,2677.1286071125573,2698.6847414386757,2720.4144449111714,2742.319115101994,2764.4001608362782,2786.6590022829737,2809.097071046162,2831.715810257159,2854.5166746673017,2877.5011307415425,2900.67065675274,2924.0267428767575,2947.570891288285,2971.304616257478,2995.22944424732,3019.346914011829,3043.658576695001,3068.1659959305807,3092.870747942638,3117.7744216469364,3142.87861875312,3168.1849538677375,3193.695054598094,3219.410561656912,3245.333128967883,3271.4644237720117,3297.806126734876,3324.3599320546946,3351.1275475713155,3378.1106948760344,3405.3111094223436,3432.7305406375262,3460.3707520352004,3488.23352132871,3516.320640545493,3544.6339161423107,3573.1751691214417,3601.9462351478164,3630.9489646670518,3660.1852230244945,3689.6568905851636,3719.3658628547196,3749.3140506013438,3779.5033799786634,3809.935792649603,3840.6132459112973,3871.5377128209448,3902.7111823227383,3934.135659375755,3965.8131650829396,3997.7457368210635,4029.9354283717907,4062.3843100537392,4095.0944688556665,4128.068008570669,4161.3070499315045,4194.813730746993,4228.590206039511,4262.638648183577,4296.961247045588,4331.560210124669,4366.437762694626,4401.596147947099,4437.037627135803,4472.764479721992,4508.779003521039,4545.083514850253,4581.680348677821,4618.571858773019,4655.7604178575675,4693.248417758249,4731.038269560753,4769.132403764733,4807.533270440121,4846.243339384716,4885.265100283049,4924.601062866471,4964.253757074609,5004.22573321805,5044.519562142395,5085.137835393579,5126.08316538458,5167.3581855634,5208.965550582488,5250.907936469426,5293.188040799074,5335.808582867062,5378.772303864684,5422.081967055189,5465.740357951513,5509.7502844954415,5554.1145772382,5598.836089522486,5643.917697666003,5689.362301146471,5735.17282278806,5781.352208949439,5827.903429713208,5874.829479076986,5922.133375145914,5969.818160326825,6017.886901523867,6066.342690335802,6115.188643254807,6164.427901866934,6214.06363305417,6264.099029198114,6314.537308385285,6365.381714614103,6416.635518003553,6468.302015003491,6520.384528606639,6572.88640856233,6625.811031591967,6679.16180160615,6732.942149923667,6787.155535492116,6841.805445110439,6896.895393653112,6952.428924296275,7008.409608745552,7064.841047465831,7121.726869912778,7179.070734766296,7236.876330165845,7295.147373947643,7353.887613883764,7413.100827923194,7472.790824434837,7532.961442452409,7593.616551921397,7654.7600539479145,7716.395881049652,7778.527997408752,7841.160399126823,7904.2971144818985,7967.94220418758,8032.099761654146,8096.773913251861,8161.968818576374,8227.688670716232,8293.937696522553,8360.720156880894,8428.04034698531,8495.90259661459,8564.311270410717,8633.270768159597,8702.785525074065,8772.860012079082,8843.498736099358,8914.706240349144,8986.487104624512,9058.845945597834,9131.787417114787,9205.31621049359,9279.437054826807,9354.154717285446,9429.47400342559,9505.399757497484,9581.936862757088,9659.090241780126,9736.864856778713,9815.265709920519,9894.297843650465,9973.966341015032,10054.276325989182,10135.232963805956,10216.841461288606,10299.107067185563,10382.035072507933,10465.630810869876,10549.89965883156,10634.84703624505,10720.478406602804,10806.799277389146,10893.815200434417,10981.531772272076,11069.954634498676,11159.08947413668,11248.94202400021,11339.518063063782,11430.823416834026,11522.863957724268,11615.64560543233,11709.174327321158,11803.456138802712,11898.49710372478,11994.303334761045,12090.880993804161,12188.23629236214,12286.375491957784,12385.304904531427,12485.030892846919,12585.55987090084,12686.898304334996,12789.052710852275,12892.029660635888,12995.8357767719,13100.477735675182,13205.962267518828,13312.296156667053,13419.486242111492,13527.539417911097,13636.462633635434,13746.262894811807,13856.947263375758,13968.522858125163,14080.996855178266,14194.376488435144,14308.66905004285,14423.881890864615] 0.31126199007860056 [Infinity,Infinity,Infinity,Infinity,Infinity,Infinity,Infinity,Infinity,Infinity,Infinity,Infinity,Infinity,Infinity,Infinity,Infinity,Infinity,Infinity,Infinity,Infinity,Infinity,Infinity,Infinity,Infinity,Infinity,Infinity,Infinity,Infinity,Infinity,Infinity,Infinity,Infinity,Infinity,Infinity,Infinity,Infinity,Infinity,Infinity,Infinity,Infinity,Infinity,Infinity,Infinity,Infinity,Infinity,Infinity,Infinity,Infinity,Infinity,Infinity,Infinity,Infinity,Infinity,Infinity,Infinity,Infinity,Infinity,Infinity,Infinity,Infinity,Infinity,Infinity,Infinity,Infinity,Infinity,Infinity,Infinity,Infinity,Infinity,Infinity,Infinity,Infinity,Infinity,Infinity,Infinity,Infinity,Infinity,Infinity,Infinity,Infinity,Infinity,Infinity,Infinity,Infinity,Infinity,Infinity,Infinity,Infinity,Infinity,Infinity,Infinity,Infinity,Infinity,Infinity,Infinity,Infinity,Infinity,Infinity,Infinity,Infinity,Infinity,Infinity,Infinity,Infinity,Infinity,Infinity,Infinity,Infinity,Infinity,Infinity,Infinity,Infinity,Infinity,Infinity,Infinity,Infinity,Infinity,Infinity,Infinity,Infinity,Infinity,Infinity,Infinity,Infinity,Infinity,Infinity,Infinity,Infinity,Infinity,Infinity,Infinity,Infinity,Infinity,Infinity,Infinity,Infinity,Infinity,Infinity,Infinity,Infinity,Infinity,Infinity,Infinity,Infinity,Infinity,Infinity,Infinity,Infinity,Infinity,Infinity,Infinity,Infinity,Infinity,Infinity,Infinity,Infinity,Infinity,Infinity,Infinity,Infinity,Infinity,Infinity,Infinity,Infinity,Infinity,Infinity,Infinity,Infinity,Infinity,Infinity,Infinity,Infinity,Infinity,Infinity,Infinity,Infinity,Infinity,Infinity,Infinity,Infinity,Infinity,Infinity,Infinity,Infinity,Infinity,Infinity,Infinity,Infinity,Infinity,Infinity,Infinity,Infinity,Infinity,Infinity,Infinity,Infinity,Infinity,Infinity,Infinity,Infinity,Infinity,Infinity,Infinity,Infinity,Infinity,Infinity,Infinity,Infinity,Infinity,Infinity,Infinity,Infinity,Infinity,Infinity,Infinity,Infinity,Infinity,Infinity,Infinity,Infinity,Infinity,Infinity,Infinity,Infinity,Infinity,Infinity,Infinity,Infinity,Infinity,Infinity,Infinity,Infinity,Infinity,Infinity,Infinity,Infinity,Infinity,Infinity,Infinity,Infinity,Infinity,Infinity,Infinity,Infinity,Infinity,Infinity,Infinity,Infinity,Infinity,Infinity,Infinity,Infinity,Infinity,Infinity,Infinity,Infinity,Infinity,Infinity,Infinity,Infinity,Infinity,Infinity,Infinity,Infinity,Infinity,Infinity,Infinity,Infinity,Infinity,Infinity,Infinity,Infinity,Infinity,Infinity,Infinity,Infinity,Infinity,Infinity,Infinity,Infinity,Infinity,Infinity,Infinity,Infinity,Infinity,Infinity,Infinity,Infinity,Infinity,Infinity,Infinity,Infinity,Infinity,Infinity,Infinity,Infinity,Infinity,Infinity,Infinity,Infinity,Infinity] [0.0,0.0,0.0,0.0,0.0,0.0,0.0,0.0,0.0,0.0,0.0,0.0,0.0,0.0,0.0,0.0,0.0,0.0,0.0,0.0,0.0,0.0,0.0,0.0,0.0,0.0,0.0,0.0,0.0,0.0,0.0,0.0,0.0,0.0,0.0,0.0,0.0,0.0,0.0,0.0,0.0,0.0,0.0,0.0,0.0,0.0,0.0,0.0,0.0,0.0,0.0,0.0,0.0,0.0,0.0,0.0,0.0,0.0,0.0,0.0,0.0,0.0,0.0,0.0,0.0,0.0,0.0,0.0,0.0,0.0,0.0,0.0,0.0,0.0,0.0,0.0,0.0,0.0,0.0,0.0,0.0,0.0,0.0,0.0,0.0,0.0,0.0,0.0,0.0,0.0,0.0,0.0,0.0,0.0,0.0,0.0,0.0,0.0,0.0,0.0,0.0,0.0,0.0,0.0,0.0,0.0,0.0,0.0,0.0,0.0,0.0,0.0,0.0,0.0,0.0,0.0,0.0,0.0,0.0,0.0,0.0,0.0,0.0,0.0,0.0,0.0,0.0,0.0,0.0,0.0,0.0,0.0,0.0,0.0,0.0,0.0,0.0,0.0,0.0,0.0,0.0,0.0,0.0,0.0,0.0,0.0,0.0,0.0,0.0,0.0,0.0,0.0,0.0,0.0,0.0,0.0,0.0,0.0,0.0,0.0,0.0,0.0,0.0,0.0,0.0,0.0,0.0,0.0,0.0,0.0,0.0,0.0,0.0,0.0,0.0,0.0,0.0,0.0,0.0,0.0,0.0,0.0,0.0,0.0,0.0,0.0,0.0,0.0,0.0,0.0,0.0,0.0,0.0,0.0,0.0,0.0,0.0,0.0,0.0,0.0,0.0,0.0,0.0,0.0,0.0,0.0,0.0,0.0,0.0,0.0,0.0,0.0,0.0,0.0,0.0,0.0,0.0,0.0,0.0,0.0,0.0,0.0,0.0,0.0,0.0,0.0,0.0,0.0,0.0,0.0,0.0,0.0,0.0,0.0,0.0,0.0,0.0,0.0,0.0,0.0,0.0,0.0,0.0,0.0,0.0,0.0,0.0,0.0,0.0,0.0,0.0,0.0,0.0,0.0,0.0,0.0,0.0,0.0,0.0,0.0,0.0,0.0,0.0,0.0,0.0,0.0,0.0,0.0,0.0,0.0,0.0,0.0,0.0,0.0,0.0,0.0,0.0,0.0,0.0,0.0,0.0,0.0,0.0,0.0,0.0,0.0,0.0,0.0,0.0,0.0,0.0,0.0,0.0,0.0,0.0,0.0,0.0,0.0,0.0,0.0]
56404.10157610642 [0.0,0.0,0.0,0.0,0.0,0.0,0.0,0.0,0.0,0.0,0.0,0.0,0.0,0.0,0.0,0.0,0.0,0.0,0.0,0.0,0.0,0.0,0.0,0.0,0.0,0.0,0.0,0.0,0.0,0.0,0.0,0.0,0.0,0.0,0.0,0.0,0.0,0.0,0.0,0.0,0.0,0.0,0.0,0.0,0.0,0.0,0.0,0.0,0.0,0.0,0.0,0.0,0.0,0.0,0.0,0.0,0.0,0.0,0.0,0.0,0.0,0.0,0.0,0.0,0.0,0.0,0.0,0.0,0.0,0.0,0.0,0.0,0.0,0.0,0.0,0.0,0.0,0.0,0.0,0.0,0.0,0.0,0.0,0.0,0.0,0.0,0.0,0.0,0.0,0.0,0.0,0.0,0.0,0.0,0.0,0.0,0.0,0.0,0.0,0.0,0.0,0.0,0.0,0.0,0.0,0.0,0.0,0.0,0.0,0.0,0.0,0.0,0.0,0.0,0.0,0.0,0.0,0.0,0.0,0.0,0.0,0.0,0.0,0.0,0.0,0.0,0.0,0.0,0.0,0.0,0.0,0.0,0.0,0.0,0.0,0.0,0.0,0.0,0.0,0.0,0.0,0.0,0.0,0.0,0.0,0.0,0.0,0.0,0.0,0.0,0.0,0.0,0.0,0.0,0.0,0.0,0.0,0.0,0.0,0.0,0.0,0.0,0.0,0.0,0.0,0.0,0.0,0.0,0.0,0.0,0.0,0.0,0.0,0.0,0.0,0.0,0.0,0.0,0.0,0.0,0.0,0.0,0.0,0.0,0.0,0.0,0.0,0.0,0.0,0.0,0.0,0.0,0.0,0.0,0.0,0.0,0.0,0.0,0.0,0.0,0.0,0.0,0.0,0.0,0.0,0.0,0.0,0.0,0.0,0.0,0.0,0.0,0.0,0.0,0.0,0.0,0.0,0.0,0.0,0.0,0.0,0.0,0.0,0.0,0.0,0.0,0.0,0.0,0.0,0.0,0.0,0.0,0.0,0.0,0.0,0.0,0.0,0.0,0.0,0.0,0.0,0.0,0.0,0.0,0.0,0.0,0.0,0.0,0.0,0.0,0.0,0.0,0.0,0.0,0.0,0.0,0.0,0.0,0.0,0.0,0.0,0.0,0.0,0.0,0.0,0.0,0.0,0.0,0.0,0.0,0.0,0.0,0.0,0.0,0.0,0.0,0.0,0.0,0.0,0.0,0.0,0.0,0.0,0.0,0.0,0.0,0.0,0.0,0.0,0.0,0.0,0.0,0.0,0.0,0.0,0.0,0.0,0.0,0.0,0.0] [1311.2619900786005,1321.8202200865917,1332.463464547639,1343.19240799478,1354.0077404728797,1364.9101575830227,1375.9003605272408,1386.9790561536227,1398.1469570017646,1409.4047813486081,1420.7532532546286,1432.193102610412,1443.7250651835902,1455.3498826661717,1467.068302722235,1478.881079036026,1490.78897136042,1502.7927455657994,1514.8931736892998,1527.0910339844697,1539.3871109713293,1551.7821954868166,1564.2770847356642,1576.872582341659,1589.569498399342,1602.368649526097,1615.270858914685,1628.2769563861766,1641.3877784433362,1654.6041683244075,1667.9269760573632,1681.3570585145608,1694.895279467867,1708.5425096441993,1722.2996267815402,1736.1675156853773,1750.1470682856248,1764.2391836939755,1778.4447682617345,1792.7647356381167,1807.2000068289992,1821.7515102561672,1836.4201818170154,1851.2069649447558,1866.112810669078,1881.1386776773347,1896.285532376183,1911.5543489537563,1926.9461094423048,1942.4618037813711,1958.1024298814455,1973.8689936881608,1989.7625092469793,2005.7839987684179,2021.9344926937952,2038.215029761504,2054.626657073813,2071.1704301642176,2087.8474130653335,2104.6586783773164,2121.605307336866,2138.6883898867477,2155.9090247459117,2173.268319480143,2190.767390573309,2208.407363499154,2226.1893727937027,2244.1145621282076,2262.184084382728,2280.399101720259,2298.7607856614945,2317.2703171601615,2335.9288866789793,2354.7376942662327,2373.6979496329395,2392.810872230673,2412.077691329971,2431.4996460994216,2451.0779856853383,2470.813969292122,2490.7088662632277,2510.763956162824,2530.9805288580706,2551.359884602096,2571.9033341176064,2592.612198681206,2613.487810208354,2634.5315113390543,2655.7446555241822,2677.1286071125573,2698.6847414386757,2720.4144449111714,2742.319115101994,2764.4001608362782,2786.6590022829737,2809.097071046162,2831.715810257159,2854.5166746673017,2877.5011307415425,2900.67065675274,2924.0267428767575,2947.570891288285,2971.304616257478,2995.22944424732,3019.346914011829,3043.658576695001,3068.1659959305807,3092.870747942638,3117.7744216469364,3142.87861875312,3168.1849538677375,3193.695054598094,3219.410561656912,3245.333128967883,3271.4644237720117,3297.806126734876,3324.3599320546946,3351.1275475713155,3378.1106948760344,3405.3111094223436,3432.7305406375262,3460.3707520352004,3488.23352132871,3516.320640545493,3544.6339161423107,3573.1751691214417,3601.9462351478164,3630.9489646670518,3660.1852230244945,3689.6568905851636,3719.3658628547196,3749.3140506013438,3779.5033799786634,3809.935792649603,3840.6132459112973,3871.5377128209448,3902.7111823227383,3934.135659375755,3965.8131650829396,3997.7457368210635,4029.9354283717907,4062.3843100537392,4095.0944688556665,4128.068008570669,4161.3070499315045,4194.813730746993,4228.590206039511,4262.638648183577,4296.961247045588,4331.560210124669,4366.437762694626,4401.596147947099,4437.037627135803,4472.764479721992,4508.779003521039,4545.083514850253,4581.680348677821,4618.571858773019,4655.7604178575675,4693.248417758249,4731.038269560753,4769.132403764733,4807.533270440121,4846.243339384716,4885.265100283049,4924.601062866471,4964.253757074609,5004.22573321805,5044.519562142395,5085.137835393579,5126.08316538458,5167.3581855634,5208.965550582488,5250.907936469426,5293.188040799074,5335.808582867062,5378.772303864684,5422.081967055189,5465.740357951513,5509.7502844954415,5554.1145772382,5598.836089522486,5643.917697666003,5689.362301146471,5735.17282278806,5781.352208949439,5827.903429713208,5874.829479076986,5922.133375145914,5969.818160326825,6017.886901523867,6066.342690335802,6115.188643254807,6164.427901866934,6214.06363305417,6264.099029198114,6314.537308385285,6365.381714614103,6416.635518003553,6468.302015003491,6520.384528606639,6572.88640856233,6625.811031591967,6679.16180160615,6732.942149923667,6787.155535492116,6841.805445110439,6896.895393653112,6952.428924296275,7008.409608745552,7064.841047465831,7121.726869912778,7179.070734766296,7236.876330165845,7295.147373947643,7353.887613883764,7413.100827923194,7472.790824434837,7532.961442452409,7593.616551921397,7654.7600539479145,7716.395881049652,7778.527997408752,7841.160399126823,7904.2971144818985,7967.94220418758,8032.099761654146,8096.773913251861,8161.968818576374,8227.688670716232,8293.937696522553,8360.720156880894,8428.04034698531,8495.90259661459,8564.311270410717,8633.270768159597,8702.785525074065,8772.860012079082,8843.498736099358,8914.706240349144,8986.487104624512,9058.845945597834,9131.787417114787,9205.31621049359,9279.437054826807,9354.154717285446,9429.47400342559,9505.399757497484,9581.936862757088,9659.090241780126,9736.864856778713,9815.265709920519,9894.297843650465,9973.966341015032,10054.276325989182,10135.232963805956,10216.841461288606,10299.107067185563,10382.035072507933,10465.630810869876,10549.89965883156,10634.84703624505,10720.478406602804,10806.799277389146,10893.815200434417,10981.531772272076,11069.954634498676,11159.08947413668,11248.94202400021,11339.518063063782,11430.823416834026,11522.863957724268,11615.64560543233,11709.174327321158,11803.456138802712,11898.49710372478,11994.303334761045,12090.880993804161,12188.23629236214,12286.375491957784,12385.304904531427,12485.030892846919,12585.55987090084,12686.898304334996,12789.052710852275,12892.029660635888,12995.8357767719,13100.477735675182,13205.962267518828,13312.296156667053,13419.486242111492,13527.539417911097,13636.462633635434,13746.262894811807,13856.947263375758,13968.522858125163,14080.996855178266,14194.376488435144,14308.66905004285,14423.881890864615] 0.31126199007860056 [Infinity,Infinity,Infinity,Infinity,Infinity,Infinity,Infinity,Infinity,Infinity,Infinity,Infinity,Infinity,Infinity,Infinity,Infinity,Infinity,Infinity,Infinity,Infinity,Infinity,Infinity,Infinity,Infinity,Infinity,Infinity,Infinity,Infinity,Infinity,Infinity,Infinity,Infinity,Infinity,Infinity,Infinity,Infinity,Infinity,Infinity,Infinity,Infinity,Infinity,Infinity,Infinity,Infinity,Infinity,Infinity,Infinity,Infinity,Infinity,Infinity,Infinity,Infinity,Infinity,Infinity,Infinity,Infinity,Infinity,Infinity,Infinity,Infinity,Infinity,Infinity,Infinity,Infinity,Infinity,Infinity,Infinity,Infinity,Infinity,Infinity,Infinity,Infinity,Infinity,Infinity,Infinity,Infinity,Infinity,Infinity,Infinity,Infinity,Infinity,Infinity,Infinity,Infinity,Infinity,Infinity,Infinity,Infinity,Infinity,Infinity,Infinity,Infinity,Infinity,Infinity,Infinity,Infinity,Infinity,Infinity,Infinity,Infinity,Infinity,Infinity,Infinity,Infinity,Infinity,Infinity,Infinity,Infinity,Infinity,Infinity,Infinity,Infinity,Infinity,Infinity,Infinity,Infinity,Infinity,Infinity,Infinity,Infinity,Infinity,Infinity,Infinity,Infinity,Infinity,Infinity,Infinity,Infinity,Infinity,Infinity,Infinity,Infinity,Infinity,Infinity,Infinity,Infinity,Infinity,Infinity,Infinity,Infinity,Infinity,Infinity,Infinity,Infinity,Infinity,Infinity,Infinity,Infinity,Infinity,Infinity,Infinity,Infinity,Infinity,Infinity,Infinity,Infinity,Infinity,Infinity,Infinity,Infinity,Infinity,Infinity,Infinity,Infinity,Infinity,Infinity,Infinity,Infinity,Infinity,Infinity,Infinity,Infinity,Infinity,Infinity,Infinity,Infinity,Infinity,Infinity,Infinity,Infinity,Infinity,Infinity,Infinity,Infinity,Infinity,Infinity,Infinity,Infinity,Infinity,Infinity,Infinity,Infinity,Infinity,Infinity,Infinity,Infinity,Infinity,Infinity,Infinity,Infinity,Infinity,Infinity,Infinity,Infinity,Infinity,Infinity,Infinity,Infinity,Infinity,Infinity,Infinity,Infinity,Infinity,Infinity,Infinity,Infinity,Infinity,Infinity,Infinity,Infinity,Infinity,Infinity,Infinity,Infinity,Infinity,Infinity,Infinity,Infinity,Infinity,Infinity,Infinity,Infinity,Infinity,Infinity,Infinity,Infinity,Infinity,Infinity,Infinity,Infinity,Infinity,Infinity,Infinity,Infinity,Infinity,Infinity,Infinity,Infinity,Infinity,Infinity,Infinity,Infinity,Infinity,Infinity,Infinity,Infinity,Infinity,Infinity,Infinity,Infinity,Infinity,Infinity,Infinity,Infinity,Infinity,Infinity,Infinity,Infinity,Infinity,Infinity,Infinity,Infinity,Infinity,Infinity,Infinity,Infinity,Infinity,Infinity,Infinity,Infinity,Infinity,Infinity,Infinity,Infinity,Infinity,Infinity,Infinity,Infinity,Infinity,Infinity,Infinity,Infinity,Infinity,Infinity,Infinity,Infinity,Infinity,Infinity,Infinity,Infinity,Infinity] [0.0,0.0,0.0,0.0,0.0,0.0,0.0,0.0,0.0,0.0,0.0,0.0,0.0,0.0,0.0,0.0,0.0,0.0,0.0,0.0,0.0,0.0,0.0,0.0,0.0,0.0,0.0,0.0,0.0,0.0,0.0,0.0,0.0,0.0,0.0,0.0,0.0,0.0,0.0,0.0,0.0,0.0,0.0,0.0,0.0,0.0,0.0,0.0,0.0,0.0,0.0,0.0,0.0,0.0,0.0,0.0,0.0,0.0,0.0,0.0,0.0,0.0,0.0,0.0,0.0,0.0,0.0,0.0,0.0,0.0,0.0,0.0,0.0,0.0,0.0,0.0,0.0,0.0,0.0,0.0,0.0,0.0,0.0,0.0,0.0,0.0,0.0,0.0,0.0,0.0,0.0,0.0,0.0,0.0,0.0,0.0,0.0,0.0,0.0,0.0,0.0,0.0,0.0,0.0,0.0,0.0,0.0,0.0,0.0,0.0,0.0,0.0,0.0,0.0,0.0,0.0,0.0,0.0,0.0,0.0,0.0,0.0,0.0,0.0,0.0,0.0,0.0,0.0,0.0,0.0,0.0,0.0,0.0,0.0,0.0,0.0,0.0,0.0,0.0,0.0,0.0,0.0,0.0,0.0,0.0,0.0,0.0,0.0,0.0,0.0,0.0,0.0,0.0,0.0,0.0,0.0,0.0,0.0,0.0,0.0,0.0,0.0,0.0,0.0,0.0,0.0,0.0,0.0,0.0,0.0,0.0,0.0,0.0,0.0,0.0,0.0,0.0,0.0,0.0,0.0,0.0,0.0,0.0,0.0,0.0,0.0,0.0,0.0,0.0,0.0,0.0,0.0,0.0,0.0,0.0,0.0,0.0,0.0,0.0,0.0,0.0,0.0,0.0,0.0,0.0,0.0,0.0,0.0,0.0,0.0,0.0,0.0,0.0,0.0,0.0,0.0,0.0,0.0,0.0,0.0,0.0,0.0,0.0,0.0,0.0,0.0,0.0,0.0,0.0,0.0,0.0,0.0,0.0,0.0,0.0,0.0,0.0,0.0,0.0,0.0,0.0,0.0,0.0,0.0,0.0,0.0,0.0,0.0,0.0,0.0,0.0,0.0,0.0,0.0,0.0,0.0,0.0,0.0,0.0,0.0,0.0,0.0,0.0,0.0,0.0,0.0,0.0,0.0,0.0,0.0,0.0,0.0,0.0,0.0,0.0,0.0,0.0,0.0,0.0,0.0,0.0,0.0,0.0,0.0,0.0,0.0,0.0,0.0,0.0,0.0,0.0,0.0,0.0,0.0,0.0,0.0,0.0,0.0,0.0,0.0]
56136.72954237271 [0.0,0.0,0.0,0.0,0.0,0.0,0.0,0.0,0.0,0.0,0.0,0.0,0.0,0.0,0.0,0.0,0.0,0.0,0.0,0.0,0.0,0.0,0.0,0.0,0.0,0.0,0.0,0.0,0.0,0.0,0.0,0.0,0.0,0.0,0.0,0.0,0.0,0.0,0.0,0.0,0.0,0.0,0.0,0.0,0.0,0.0,0.0,0.0,0.0,0.0,0.0,0.0,0.0,0.0,0.0,0.0,0.0,0.0,0.0,0.0,0.0,0.0,0.0,0.0,0.0,0.0,0.0,0.0,0.0,0.0,0.0,0.0,0.0,0.0,0.0,0.0,0.0,0.0,0.0,0.0,0.0,0.0,0.0,0.0,0.0,0.0,0.0,0.0,0.0,0.0,0.0,0.0,0.0,0.0,0.0,0.0,0.0,0.0,0.0,0.0,0.0,0.0,0.0,0.0,0.0,0.0,0.0,0.0,0.0,0.0,0.0,0.0,0.0,0.0,0.0,0.0,0.0,0.0,0.0,0.0,0.0,0.0,0.0,0.0,0.0,0.0,0.0,0.0,0.0,0.0,0.0,0.0,0.0,0.0,0.0,0.0,0.0,0.0,0.0,0.0,0.0,0.0,0.0,0.0,0.0,0.0,0.0,0.0,0.0,0.0,0.0,0.0,0.0,0.0,0.0,0.0,0.0,0.0,0.0,0.0,0.0,0.0,0.0,0.0,0.0,0.0,0.0,0.0,0.0,0.0,0.0,0.0,0.0,0.0,0.0,0.0,0.0,0.0,0.0,0.0,0.0,0.0,0.0,0.0,0.0,0.0,0.0,0.0,0.0,0.0,0.0,0.0,0.0,0.0,0.0,0.0,0.0,0.0,0.0,0.0,0.0,0.0,0.0,0.0,0.0,0.0,0.0,0.0,0.0,0.0,0.0,0.0,0.0,0.0,0.0,0.0,0.0,0.0,0.0,0.0,0.0,0.0,0.0,0.0,0.0,0.0,0.0,0.0,0.0,0.0,0.0,0.0,0.0,0.0,0.0,0.0,0.0,0.0,0.0,0.0,0.0,0.0,0.0,0.0,0.0,0.0,0.0,0.0,0.0,0.0,0.0,0.0,0.0,0.0,0.0,0.0,0.0,0.0,0.0,0.0,0.0,0.0,0.0,0.0,0.0,0.0,0.0,0.0,0.0,0.0,0.0,0.0,0.0,0.0,0.0,0.0,0.0,0.0,0.0,0.0,0.0,0.0,0.0,0.0,0.0,0.0,0.0,0.0,0.0,0.0,0.0,0.0,0.0,0.0,0.0,0.0,0.0,0.0,0.0,0.0] [1311.2619900786005,1321.8202200865917,1332.463464547639,1343.19240799478,1354.0077404728797,1364.9101575830227,1375.9003605272408,1386.9790561536227,1398.1469570017646,1409.4047813486081,1420.7532532546286,1432.193102610412,1443.7250651835902,1455.3498826661717,1467.068302722235,1478.881079036026,1490.78897136042,1502.7927455657994,1514.8931736892998,1527.0910339844697,1539.3871109713293,1551.7821954868166,1564.2770847356642,1576.872582341659,1589.569498399342,1602.368649526097,1615.270858914685,1628.2769563861766,1641.3877784433362,1654.6041683244075,1667.9269760573632,1681.3570585145608,1694.895279467867,1708.5425096441993,1722.2996267815402,1736.1675156853773,1750.1470682856248,1764.2391836939755,1778.4447682617345,1792.7647356381167,1807.2000068289992,1821.7515102561672,1836.4201818170154,1851.2069649447558,1866.112810669078,1881.1386776773347,1896.285532376183,1911.5543489537563,1926.9461094423048,1942.4618037813711,1958.1024298814455,1973.8689936881608,1989.7625092469793,2005.7839987684179,2021.9344926937952,2038.215029761504,2054.626657073813,2071.1704301642176,2087.8474130653335,2104.6586783773164,2121.605307336866,2138.6883898867477,2155.9090247459117,2173.268319480143,2190.767390573309,2208.407363499154,2226.1893727937027,2244.1145621282076,2262.184084382728,2280.399101720259,2298.7607856614945,2317.2703171601615,2335.9288866789793,2354.7376942662327,2373.6979496329395,2392.810872230673,2412.077691329971,2431.4996460994216,2451.0779856853383,2470.813969292122,2490.7088662632277,2510.763956162824,2530.9805288580706,2551.359884602096,2571.9033341176064,2592.612198681206,2613.487810208354,2634.5315113390543,2655.7446555241822,2677.1286071125573,2698.6847414386757,2720.4144449111714,2742.319115101994,2764.4001608362782,2786.6590022829737,2809.097071046162,2831.715810257159,2854.5166746673017,2877.5011307415425,2900.67065675274,2924.0267428767575,2947.570891288285,2971.304616257478,2995.22944424732,3019.346914011829,3043.658576695001,3068.1659959305807,3092.870747942638,3117.7744216469364,3142.87861875312,3168.1849538677375,3193.695054598094,3219.410561656912,3245.333128967883,3271.4644237720117,3297.806126734876,3324.3599320546946,3351.1275475713155,3378.1106948760344,3405.3111094223436,3432.7305406375262,3460.3707520352004,3488.23352132871,3516.320640545493,3544.6339161423107,3573.1751691214417,3601.9462351478164,3630.9489646670518,3660.1852230244945,3689.6568905851636,3719.3658628547196,3749.3140506013438,3779.5033799786634,3809.935792649603,3840.6132459112973,3871.5377128209448,3902.7111823227383,3934.135659375755,3965.8131650829396,3997.7457368210635,4029.9354283717907,4062.3843100537392,4095.0944688556665,4128.068008570669,4161.3070499315045,4194.813730746993,4228.590206039511,4262.638648183577,4296.961247045588,4331.560210124669,4366.437762694626,4401.596147947099,4437.037627135803,4472.764479721992,4508.779003521039,4545.083514850253,4581.680348677821,4618.571858773019,4655.7604178575675,4693.248417758249,4731.038269560753,4769.132403764733,4807.533270440121,4846.243339384716,4885.265100283049,4924.601062866471,4964.253757074609,5004.22573321805,5044.519562142395,5085.137835393579,5126.08316538458,5167.3581855634,5208.965550582488,5250.907936469426,5293.188040799074,5335.808582867062,5378.772303864684,5422.081967055189,5465.740357951513,5509.7502844954415,5554.1145772382,5598.836089522486,5643.917697666003,5689.362301146471,5735.17282278806,5781.352208949439,5827.903429713208,5874.829479076986,5922.133375145914,5969.818160326825,6017.886901523867,6066.342690335802,6115.188643254807,6164.427901866934,6214.06363305417,6264.099029198114,6314.537308385285,6365.381714614103,6416.635518003553,6468.302015003491,6520.384528606639,6572.88640856233,6625.811031591967,6679.16180160615,6732.942149923667,6787.155535492116,6841.805445110439,6896.895393653112,6952.428924296275,7008.409608745552,7064.841047465831,7121.726869912778,7179.070734766296,7236.876330165845,7295.147373947643,7353.887613883764,7413.100827923194,7472.790824434837,7532.961442452409,7593.616551921397,7654.7600539479145,7716.395881049652,7778.527997408752,7841.160399126823,7904.2971144818985,7967.94220418758,8032.099761654146,8096.773913251861,8161.968818576374,8227.688670716232,8293.937696522553,8360.720156880894,8428.04034698531,8495.90259661459,8564.311270410717,8633.270768159597,8702.785525074065,8772.860012079082,8843.498736099358,8914.706240349144,8986.487104624512,9058.845945597834,9131.787417114787,9205.31621049359,9279.437054826807,9354.154717285446,9429.47400342559,9505.399757497484,9581.936862757088,9659.090241780126,9736.864856778713,9815.265709920519,9894.297843650465,9973.966341015032,10054.276325989182,10135.232963805956,10216.841461288606,10299.107067185563,10382.035072507933,10465.630810869876,10549.89965883156,10634.84703624505,10720.478406602804,10806.799277389146,10893.815200434417,10981.531772272076,11069.954634498676,11159.08947413668,11248.94202400021,11339.518063063782,11430.823416834026,11522.863957724268,11615.64560543233,11709.174327321158,11803.456138802712,11898.49710372478,11994.303334761045,12090.880993804161,12188.23629236214,12286.375491957784,12385.304904531427,12485.030892846919,12585.55987090084,12686.898304334996,12789.052710852275,12892.029660635888,12995.8357767719,13100.477735675182,13205.962267518828,13312.296156667053,13419.486242111492,13527.539417911097,13636.462633635434,13746.262894811807,13856.947263375758,13968.522858125163,14080.996855178266,14194.376488435144,14308.66905004285,14423.881890864615] 0.31126199007860056 [Infinity,Infinity,Infinity,Infinity,Infinity,Infinity,Infinity,Infinity,Infinity,Infinity,Infinity,Infinity,Infinity,Infinity,Infinity,Infinity,Infinity,Infinity,Infinity,Infinity,Infinity,Infinity,Infinity,Infinity,Infinity,Infinity,Infinity,Infinity,Infinity,Infinity,Infinity,Infinity,Infinity,Infinity,Infinity,Infinity,Infinity,Infinity,Infinity,Infinity,Infinity,Infinity,Infinity,Infinity,Infinity,Infinity,Infinity,Infinity,Infinity,Infinity,Infinity,Infinity,Infinity,Infinity,Infinity,Infinity,Infinity,Infinity,Infinity,Infinity,Infinity,Infinity,Infinity,Infinity,Infinity,Infinity,Infinity,Infinity,Infinity,Infinity,Infinity,Infinity,Infinity,Infinity,Infinity,Infinity,Infinity,Infinity,Infinity,Infinity,Infinity,Infinity,Infinity,Infinity,Infinity,Infinity,Infinity,Infinity,Infinity,Infinity,Infinity,Infinity,Infinity,Infinity,Infinity,Infinity,Infinity,Infinity,Infinity,Infinity,Infinity,Infinity,Infinity,Infinity,Infinity,Infinity,Infinity,Infinity,Infinity,Infinity,Infinity,Infinity,Infinity,Infinity,Infinity,Infinity,Infinity,Infinity,Infinity,Infinity,Infinity,Infinity,Infinity,Infinity,Infinity,Infinity,Infinity,Infinity,Infinity,Infinity,Infinity,Infinity,Infinity,Infinity,Infinity,Infinity,Infinity,Infinity,Infinity,Infinity,Infinity,Infinity,Infinity,Infinity,Infinity,Infinity,Infinity,Infinity,Infinity,Infinity,Infinity,Infinity,Infinity,Infinity,Infinity,Infinity,Infinity,Infinity,Infinity,Infinity,Infinity,Infinity,Infinity,Infinity,Infinity,Infinity,Infinity,Infinity,Infinity,Infinity,Infinity,Infinity,Infinity,Infinity,Infinity,Infinity,Infinity,Infinity,Infinity,Infinity,Infinity,Infinity,Infinity,Infinity,Infinity,Infinity,Infinity,Infinity,Infinity,Infinity,Infinity,Infinity,Infinity,Infinity,Infinity,Infinity,Infinity,Infinity,Infinity,Infinity,Infinity,Infinity,Infinity,Infinity,Infinity,Infinity,Infinity,Infinity,Infinity,Infinity,Infinity,Infinity,Infinity,Infinity,Infinity,Infinity,Infinity,Infinity,Infinity,Infinity,Infinity,Infinity,Infinity,Infinity,Infinity,Infinity,Infinity,Infinity,Infinity,Infinity,Infinity,Infinity,Infinity,Infinity,Infinity,Infinity,Infinity,Infinity,Infinity,Infinity,Infinity,Infinity,Infinity,Infinity,Infinity,Infinity,Infinity,Infinity,Infinity,Infinity,Infinity,Infinity,Infinity,Infinity,Infinity,Infinity,Infinity,Infinity,Infinity,Infinity,Infinity,Infinity,Infinity,Infinity,Infinity,Infinity,Infinity,Infinity,Infinity,Infinity,Infinity,Infinity,Infinity,Infinity,Infinity,Infinity,Infinity,Infinity,Infinity,Infinity,Infinity,Infinity,Infinity,Infinity,Infinity,Infinity,Infinity,Infinity,Infinity,Infinity,Infinity,Infinity,Infinity,Infinity,Infinity,Infinity,Infinity,Infinity,Infinity,Infinity] [0.0,0.0,0.0,0.0,0.0,0.0,0.0,0.0,0.0,0.0,0.0,0.0,0.0,0.0,0.0,0.0,0.0,0.0,0.0,0.0,0.0,0.0,0.0,0.0,0.0,0.0,0.0,0.0,0.0,0.0,0.0,0.0,0.0,0.0,0.0,0.0,0.0,0.0,0.0,0.0,0.0,0.0,0.0,0.0,0.0,0.0,0.0,0.0,0.0,0.0,0.0,0.0,0.0,0.0,0.0,0.0,0.0,0.0,0.0,0.0,0.0,0.0,0.0,0.0,0.0,0.0,0.0,0.0,0.0,0.0,0.0,0.0,0.0,0.0,0.0,0.0,0.0,0.0,0.0,0.0,0.0,0.0,0.0,0.0,0.0,0.0,0.0,0.0,0.0,0.0,0.0,0.0,0.0,0.0,0.0,0.0,0.0,0.0,0.0,0.0,0.0,0.0,0.0,0.0,0.0,0.0,0.0,0.0,0.0,0.0,0.0,0.0,0.0,0.0,0.0,0.0,0.0,0.0,0.0,0.0,0.0,0.0,0.0,0.0,0.0,0.0,0.0,0.0,0.0,0.0,0.0,0.0,0.0,0.0,0.0,0.0,0.0,0.0,0.0,0.0,0.0,0.0,0.0,0.0,0.0,0.0,0.0,0.0,0.0,0.0,0.0,0.0,0.0,0.0,0.0,0.0,0.0,0.0,0.0,0.0,0.0,0.0,0.0,0.0,0.0,0.0,0.0,0.0,0.0,0.0,0.0,0.0,0.0,0.0,0.0,0.0,0.0,0.0,0.0,0.0,0.0,0.0,0.0,0.0,0.0,0.0,0.0,0.0,0.0,0.0,0.0,0.0,0.0,0.0,0.0,0.0,0.0,0.0,0.0,0.0,0.0,0.0,0.0,0.0,0.0,0.0,0.0,0.0,0.0,0.0,0.0,0.0,0.0,0.0,0.0,0.0,0.0,0.0,0.0,0.0,0.0,0.0,0.0,0.0,0.0,0.0,0.0,0.0,0.0,0.0,0.0,0.0,0.0,0.0,0.0,0.0,0.0,0.0,0.0,0.0,0.0,0.0,0.0,0.0,0.0,0.0,0.0,0.0,0.0,0.0,0.0,0.0,0.0,0.0,0.0,0.0,0.0,0.0,0.0,0.0,0.0,0.0,0.0,0.0,0.0,0.0,0.0,0.0,0.0,0.0,0.0,0.0,0.0,0.0,0.0,0.0,0.0,0.0,0.0,0.0,0.0,0.0,0.0,0.0,0.0,0.0,0.0,0.0,0.0,0.0,0.0,0.0,0.0,0.0,0.0,0.0,0.0,0.0,0.0,0.0]
56090.6782382823 [0.0,0.0,0.0,0.0,0.0,0.0,0.0,0.0,0.0,0.0,0.0,0.0,0.0,0.0,0.0,0.0,0.0,0.0,0.0,0.0,0.0,0.0,0.0,0.0,0.0,0.0,0.0,0.0,0.0,0.0,0.0,0.0,0.0,0.0,0.0,0.0,0.0,0.0,0.0,0.0,0.0,0.0,0.0,0.0,0.0,0.0,0.0,0.0,0.0,0.0,0.0,0.0,0.0,0.0,0.0,0.0,0.0,0.0,0.0,0.0,0.0,0.0,0.0,0.0,0.0,0.0,0.0,0.0,0.0,0.0,0.0,0.0,0.0,0.0,0.0,0.0,0.0,0.0,0.0,0.0,0.0,0.0,0.0,0.0,0.0,0.0,0.0,0.0,0.0,0.0,0.0,0.0,0.0,0.0,0.0,0.0,0.0,0.0,0.0,0.0,0.0,0.0,0.0,0.0,0.0,0.0,0.0,0.0,0.0,0.0,0.0,0.0,0.0,0.0,0.0,0.0,0.0,0.0,0.0,0.0,0.0,0.0,0.0,0.0,0.0,0.0,0.0,0.0,0.0,0.0,0.0,0.0,0.0,0.0,0.0,0.0,0.0,0.0,0.0,0.0,0.0,0.0,0.0,0.0,0.0,0.0,0.0,0.0,0.0,0.0,0.0,0.0,0.0,0.0,0.0,0.0,0.0,0.0,0.0,0.0,0.0,0.0,0.0,0.0,0.0,0.0,0.0,0.0,0.0,0.0,0.0,0.0,0.0,0.0,0.0,0.0,0.0,0.0,0.0,0.0,0.0,0.0,0.0,0.0,0.0,0.0,0.0,0.0,0.0,0.0,0.0,0.0,0.0,0.0,0.0,0.0,0.0,0.0,0.0,0.0,0.0,0.0,0.0,0.0,0.0,0.0,0.0,0.0,0.0,0.0,0.0,0.0,0.0,0.0,0.0,0.0,0.0,0.0,0.0,0.0,0.0,0.0,0.0,0.0,0.0,0.0,0.0,0.0,0.0,0.0,0.0,0.0,0.0,0.0,0.0,0.0,0.0,0.0,0.0,0.0,0.0,0.0,0.0,0.0,0.0,0.0,0.0,0.0,0.0,0.0,0.0,0.0,0.0,0.0,0.0,0.0,0.0,0.0,0.0,0.0,0.0,0.0,0.0,0.0,0.0,0.0,0.0,0.0,0.0,0.0,0.0,0.0,0.0,0.0,0.0,0.0,0.0,0.0,0.0,0.0,0.0,0.0,0.0,0.0,0.0,0.0,0.0,0.0,0.0,0.0,0.0,0.0,0.0,0.0,0.0,0.0,0.0,0.0,0.0,0.0] [1311.2619900786005,1321.8202200865917,1332.463464547639,1343.19240799478,1354.0077404728797,1364.9101575830227,1375.9003605272408,1386.9790561536227,1398.1469570017646,1409.4047813486081,1420.7532532546286,1432.193102610412,1443.7250651835902,1455.3498826661717,1467.068302722235,1478.881079036026,1490.78897136042,1502.7927455657994,1514.8931736892998,1527.0910339844697,1539.3871109713293,1551.7821954868166,1564.2770847356642,1576.872582341659,1589.569498399342,1602.368649526097,1615.270858914685,1628.2769563861766,1641.3877784433362,1654.6041683244075,1667.9269760573632,1681.3570585145608,1694.895279467867,1708.5425096441993,1722.2996267815402,1736.1675156853773,1750.1470682856248,1764.2391836939755,1778.4447682617345,1792.7647356381167,1807.2000068289992,1821.7515102561672,1836.4201818170154,1851.2069649447558,1866.112810669078,1881.1386776773347,1896.285532376183,1911.5543489537563,1926.9461094423048,1942.4618037813711,1958.1024298814455,1973.8689936881608,1989.7625092469793,2005.7839987684179,2021.9344926937952,2038.215029761504,2054.626657073813,2071.1704301642176,2087.8474130653335,2104.6586783773164,2121.605307336866,2138.6883898867477,2155.9090247459117,2173.268319480143,2190.767390573309,2208.407363499154,2226.1893727937027,2244.1145621282076,2262.184084382728,2280.399101720259,2298.7607856614945,2317.2703171601615,2335.9288866789793,2354.7376942662327,2373.6979496329395,2392.810872230673,2412.077691329971,2431.4996460994216,2451.0779856853383,2470.813969292122,2490.7088662632277,2510.763956162824,2530.9805288580706,2551.359884602096,2571.9033341176064,2592.612198681206,2613.487810208354,2634.5315113390543,2655.7446555241822,2677.1286071125573,2698.6847414386757,2720.4144449111714,2742.319115101994,2764.4001608362782,2786.6590022829737,2809.097071046162,2831.715810257159,2854.5166746673017,2877.5011307415425,2900.67065675274,2924.0267428767575,2947.570891288285,2971.304616257478,2995.22944424732,3019.346914011829,3043.658576695001,3068.1659959305807,3092.870747942638,3117.7744216469364,3142.87861875312,3168.1849538677375,3193.695054598094,3219.410561656912,3245.333128967883,3271.4644237720117,3297.806126734876,3324.3599320546946,3351.1275475713155,3378.1106948760344,3405.3111094223436,3432.7305406375262,3460.3707520352004,3488.23352132871,3516.320640545493,3544.6339161423107,3573.1751691214417,3601.9462351478164,3630.9489646670518,3660.1852230244945,3689.6568905851636,3719.3658628547196,3749.3140506013438,3779.5033799786634,3809.935792649603,3840.6132459112973,3871.5377128209448,3902.7111823227383,3934.135659375755,3965.8131650829396,3997.7457368210635,4029.9354283717907,4062.3843100537392,4095.0944688556665,4128.068008570669,4161.3070499315045,4194.813730746993,4228.590206039511,4262.638648183577,4296.961247045588,4331.560210124669,4366.437762694626,4401.596147947099,4437.037627135803,4472.764479721992,4508.779003521039,4545.083514850253,4581.680348677821,4618.571858773019,4655.7604178575675,4693.248417758249,4731.038269560753,4769.132403764733,4807.533270440121,4846.243339384716,4885.265100283049,4924.601062866471,4964.253757074609,5004.22573321805,5044.519562142395,5085.137835393579,5126.08316538458,5167.3581855634,5208.965550582488,5250.907936469426,5293.188040799074,5335.808582867062,5378.772303864684,5422.081967055189,5465.740357951513,5509.7502844954415,5554.1145772382,5598.836089522486,5643.917697666003,5689.362301146471,5735.17282278806,5781.352208949439,5827.903429713208,5874.829479076986,5922.133375145914,5969.818160326825,6017.886901523867,6066.342690335802,6115.188643254807,6164.427901866934,6214.06363305417,6264.099029198114,6314.537308385285,6365.381714614103,6416.635518003553,6468.302015003491,6520.384528606639,6572.88640856233,6625.811031591967,6679.16180160615,6732.942149923667,6787.155535492116,6841.805445110439,6896.895393653112,6952.428924296275,7008.409608745552,7064.841047465831,7121.726869912778,7179.070734766296,7236.876330165845,7295.147373947643,7353.887613883764,7413.100827923194,7472.790824434837,7532.961442452409,7593.616551921397,7654.7600539479145,7716.395881049652,7778.527997408752,7841.160399126823,7904.2971144818985,7967.94220418758,8032.099761654146,8096.773913251861,8161.968818576374,8227.688670716232,8293.937696522553,8360.720156880894,8428.04034698531,8495.90259661459,8564.311270410717,8633.270768159597,8702.785525074065,8772.860012079082,8843.498736099358,8914.706240349144,8986.487104624512,9058.845945597834,9131.787417114787,9205.31621049359,9279.437054826807,9354.154717285446,9429.47400342559,9505.399757497484,9581.936862757088,9659.090241780126,9736.864856778713,9815.265709920519,9894.297843650465,9973.966341015032,10054.276325989182,10135.232963805956,10216.841461288606,10299.107067185563,10382.035072507933,10465.630810869876,10549.89965883156,10634.84703624505,10720.478406602804,10806.799277389146,10893.815200434417,10981.531772272076,11069.954634498676,11159.08947413668,11248.94202400021,11339.518063063782,11430.823416834026,11522.863957724268,11615.64560543233,11709.174327321158,11803.456138802712,11898.49710372478,11994.303334761045,12090.880993804161,12188.23629236214,12286.375491957784,12385.304904531427,12485.030892846919,12585.55987090084,12686.898304334996,12789.052710852275,12892.029660635888,12995.8357767719,13100.477735675182,13205.962267518828,13312.296156667053,13419.486242111492,13527.539417911097,13636.462633635434,13746.262894811807,13856.947263375758,13968.522858125163,14080.996855178266,14194.376488435144,14308.66905004285,14423.881890864615] 0.31126199007860056 [Infinity,Infinity,Infinity,Infinity,Infinity,Infinity,Infinity,Infinity,Infinity,Infinity,Infinity,Infinity,Infinity,Infinity,Infinity,Infinity,Infinity,Infinity,Infinity,Infinity,Infinity,Infinity,Infinity,Infinity,Infinity,Infinity,Infinity,Infinity,Infinity,Infinity,Infinity,Infinity,Infinity,Infinity,Infinity,Infinity,Infinity,Infinity,Infinity,Infinity,Infinity,Infinity,Infinity,Infinity,Infinity,Infinity,Infinity,Infinity,Infinity,Infinity,Infinity,Infinity,Infinity,Infinity,Infinity,Infinity,Infinity,Infinity,Infinity,Infinity,Infinity,Infinity,Infinity,Infinity,Infinity,Infinity,Infinity,Infinity,Infinity,Infinity,Infinity,Infinity,Infinity,Infinity,Infinity,Infinity,Infinity,Infinity,Infinity,Infinity,Infinity,Infinity,Infinity,Infinity,Infinity,Infinity,Infinity,Infinity,Infinity,Infinity,Infinity,Infinity,Infinity,Infinity,Infinity,Infinity,Infinity,Infinity,Infinity,Infinity,Infinity,Infinity,Infinity,Infinity,Infinity,Infinity,Infinity,Infinity,Infinity,Infinity,Infinity,Infinity,Infinity,Infinity,Infinity,Infinity,Infinity,Infinity,Infinity,Infinity,Infinity,Infinity,Infinity,Infinity,Infinity,Infinity,Infinity,Infinity,Infinity,Infinity,Infinity,Infinity,Infinity,Infinity,Infinity,Infinity,Infinity,Infinity,Infinity,Infinity,Infinity,Infinity,Infinity,Infinity,Infinity,Infinity,Infinity,Infinity,Infinity,Infinity,Infinity,Infinity,Infinity,Infinity,Infinity,Infinity,Infinity,Infinity,Infinity,Infinity,Infinity,Infinity,Infinity,Infinity,Infinity,Infinity,Infinity,Infinity,Infinity,Infinity,Infinity,Infinity,Infinity,Infinity,Infinity,Infinity,Infinity,Infinity,Infinity,Infinity,Infinity,Infinity,Infinity,Infinity,Infinity,Infinity,Infinity,Infinity,Infinity,Infinity,Infinity,Infinity,Infinity,Infinity,Infinity,Infinity,Infinity,Infinity,Infinity,Infinity,Infinity,Infinity,Infinity,Infinity,Infinity,Infinity,Infinity,Infinity,Infinity,Infinity,Infinity,Infinity,Infinity,Infinity,Infinity,Infinity,Infinity,Infinity,Infinity,Infinity,Infinity,Infinity,Infinity,Infinity,Infinity,Infinity,Infinity,Infinity,Infinity,Infinity,Infinity,Infinity,Infinity,Infinity,Infinity,Infinity,Infinity,Infinity,Infinity,Infinity,Infinity,Infinity,Infinity,Infinity,Infinity,Infinity,Infinity,Infinity,Infinity,Infinity,Infinity,Infinity,Infinity,Infinity,Infinity,Infinity,Infinity,Infinity,Infinity,Infinity,Infinity,Infinity,Infinity,Infinity,Infinity,Infinity,Infinity,Infinity,Infinity,Infinity,Infinity,Infinity,Infinity,Infinity,Infinity,Infinity,Infinity,Infinity,Infinity,Infinity,Infinity,Infinity,Infinity,Infinity,Infinity,Infinity,Infinity,Infinity,Infinity,Infinity,Infinity,Infinity,Infinity,Infinity,Infinity,Infinity,Infinity,Infinity,Infinity,Infinity] [0.0,0.0,0.0,0.0,0.0,0.0,0.0,0.0,0.0,0.0,0.0,0.0,0.0,0.0,0.0,0.0,0.0,0.0,0.0,0.0,0.0,0.0,0.0,0.0,0.0,0.0,0.0,0.0,0.0,0.0,0.0,0.0,0.0,0.0,0.0,0.0,0.0,0.0,0.0,0.0,0.0,0.0,0.0,0.0,0.0,0.0,0.0,0.0,0.0,0.0,0.0,0.0,0.0,0.0,0.0,0.0,0.0,0.0,0.0,0.0,0.0,0.0,0.0,0.0,0.0,0.0,0.0,0.0,0.0,0.0,0.0,0.0,0.0,0.0,0.0,0.0,0.0,0.0,0.0,0.0,0.0,0.0,0.0,0.0,0.0,0.0,0.0,0.0,0.0,0.0,0.0,0.0,0.0,0.0,0.0,0.0,0.0,0.0,0.0,0.0,0.0,0.0,0.0,0.0,0.0,0.0,0.0,0.0,0.0,0.0,0.0,0.0,0.0,0.0,0.0,0.0,0.0,0.0,0.0,0.0,0.0,0.0,0.0,0.0,0.0,0.0,0.0,0.0,0.0,0.0,0.0,0.0,0.0,0.0,0.0,0.0,0.0,0.0,0.0,0.0,0.0,0.0,0.0,0.0,0.0,0.0,0.0,0.0,0.0,0.0,0.0,0.0,0.0,0.0,0.0,0.0,0.0,0.0,0.0,0.0,0.0,0.0,0.0,0.0,0.0,0.0,0.0,0.0,0.0,0.0,0.0,0.0,0.0,0.0,0.0,0.0,0.0,0.0,0.0,0.0,0.0,0.0,0.0,0.0,0.0,0.0,0.0,0.0,0.0,0.0,0.0,0.0,0.0,0.0,0.0,0.0,0.0,0.0,0.0,0.0,0.0,0.0,0.0,0.0,0.0,0.0,0.0,0.0,0.0,0.0,0.0,0.0,0.0,0.0,0.0,0.0,0.0,0.0,0.0,0.0,0.0,0.0,0.0,0.0,0.0,0.0,0.0,0.0,0.0,0.0,0.0,0.0,0.0,0.0,0.0,0.0,0.0,0.0,0.0,0.0,0.0,0.0,0.0,0.0,0.0,0.0,0.0,0.0,0.0,0.0,0.0,0.0,0.0,0.0,0.0,0.0,0.0,0.0,0.0,0.0,0.0,0.0,0.0,0.0,0.0,0.0,0.0,0.0,0.0,0.0,0.0,0.0,0.0,0.0,0.0,0.0,0.0,0.0,0.0,0.0,0.0,0.0,0.0,0.0,0.0,0.0,0.0,0.0,0.0,0.0,0.0,0.0,0.0,0.0,0.0,0.0,0.0,0.0,0.0,0.0]
56215.7711781242 [0.0,0.0,0.0,0.0,0.0,0.0,0.0,0.0,0.0,0.0,0.0,0.0,0.0,0.0,0.0,0.0,0.0,0.0,0.0,0.0,0.0,0.0,0.0,0.0,0.0,0.0,0.0,0.0,0.0,0.0,0.0,0.0,0.0,0.0,0.0,0.0,0.0,0.0,0.0,0.0,0.0,0.0,0.0,0.0,0.0,0.0,0.0,0.0,0.0,0.0,0.0,0.0,0.0,0.0,0.0,0.0,0.0,0.0,0.0,0.0,0.0,0.0,0.0,0.0,0.0,0.0,0.0,0.0,0.0,0.0,0.0,0.0,0.0,0.0,0.0,0.0,0.0,0.0,0.0,0.0,0.0,0.0,0.0,0.0,0.0,0.0,0.0,0.0,0.0,0.0,0.0,0.0,0.0,0.0,0.0,0.0,0.0,0.0,0.0,0.0,0.0,0.0,0.0,0.0,0.0,0.0,0.0,0.0,0.0,0.0,0.0,0.0,0.0,0.0,0.0,0.0,0.0,0.0,0.0,0.0,0.0,0.0,0.0,0.0,0.0,0.0,0.0,0.0,0.0,0.0,0.0,0.0,0.0,0.0,0.0,0.0,0.0,0.0,0.0,0.0,0.5270149913871501,0.20720691932191487,-0.042527813717480094,-0.10820884392441261,-0.022763983287548795,0.12829948552889975,0.3163941013654187,0.3761675965969954,0.3289812974012204,0.25666378702619547,0.2684525217568191,0.39318097698510995,0.5507642042722931,0.5969330370413317,0.5949663758189456,0.6627663627726829,0.7147215510101509,0.7595323264032817,0.5821014158357484,0.5371027182167787,0.5580238814688908,0.7553160701647951,0.9656626027990063,1.0603402281081564,1.0057438171843875,1.015139463772611,1.0166831946577632,1.0949683878022092,0.9614942761514824,1.094855054764804,1.0601891976403375,1.1333639024036637,1.1779022833453492,1.2613196072808504,1.2490817537644434,1.2560923614150707,1.0669075511897228,1.1391811873224504,0.9770863327097994,0.8278072475242267,0.7339309195679756,0.8320155561967685,0.9041930081121333,0.8711396102133178,0.9454110375957154,0.9076626272177448,0.9106657842595958,0.7808496090265242,0.8111437266682531,0.8097318523038063,0.8557567554066295,0.8654859763917452,0.7611784765257065,0.7283132531204507,0.725979028540559,0.6997491516571072,0.6384562578011328,0.6907285894505881,0.5534775593079154,0.5941517955129829,0.5968332033702702,0.7078912419825759,0.7135439369713374,0.7730290692328462,0.7848223513218249,0.6337496985804126,0.6421019915666057,0.636620491319215,0.5854417028755783,0.5244867751974855,0.548023000786217,0.5843266987726053,0.532940352033895,0.541004751171395,0.48207434133565724,0.534883914860032,0.5436926222566931,0.48025486016316477,0.5204922731706666,0.504069834872351,0.5389641110868918,0.5170158082546621,0.3802399206664828,0.3576359850648391,0.38517862041650736,0.38411716945051305,0.4312863689622933,0.48217215021976906,0.4589145780250381,0.4456823803290478,0.440091405151103,0.43044583490935234,0.44932305350001195,0.4605302079490755,0.46236813793547155,0.4370534396154974,0.4668175059179843,0.4055853772325984,0.37282906785781184,0.35187604123306493,0.35131677631661695,0.3810753981298458,0.3376131756723843,0.3108692260309114,0.33419219638273523,0.3185399841098418,0.31588438326143686,0.3075302513399039,0.31101524750897813,0.29763719450983755,0.2719483417147143,0.2476249051581128,0.2188559168257317,0.24394119457441607,0.25008791100495525,0.2061347329349359,0.18275957861484785,0.1839484985215129,0.15746057857126539,0.15612116387578626,0.1633161988777693,0.15328280990633883,0.14666104538412553,0.15870071026514251,0.15547246485580465,0.1793382916589038,0.1825210446831353,0.18488994743621273,0.17478342321137672,0.19336567474522906,0.16957654034648975,0.1672278079735917,0.1743425165456574,0.1679511623808157,0.1492220703080455,0.13529716691751564,0.15811621314331437,0.10909851482696646,0.11617409052669807,0.1354681857432618,0.13184366205264725,0.15471183395930335,0.17479535876629787,0.1675827533515528,0.15955305287152718,0.1627728422925139,0.130599854793711,0.12840219866525365,0.11402571806678856,0.08850047553493079,0.0603578771523423,0.028382125195524254,0.03777363820259416,0.031445544327375285,0.045442676216278274,0.03033424076663461,0.03139722452466518,0.019387307240961715,0.018532555996152982,0.0159032498764958] [1311.2619900786005,1321.8202200865917,1332.463464547639,1343.19240799478,1354.0077404728797,1364.9101575830227,1375.9003605272408,1386.9790561536227,1398.1469570017646,1409.4047813486081,1420.7532532546286,1432.193102610412,1443.7250651835902,1455.3498826661717,1467.068302722235,1478.881079036026,1490.78897136042,1502.7927455657994,1514.8931736892998,1527.0910339844697,1539.3871109713293,1551.7821954868166,1564.2770847356642,1576.872582341659,1589.569498399342,1602.368649526097,1615.270858914685,1628.2769563861766,1641.3877784433362,1654.6041683244075,1667.9269760573632,1681.3570585145608,1694.895279467867,1708.5425096441993,1722.2996267815402,1736.1675156853773,1750.1470682856248,1764.2391836939755,1778.4447682617345,1792.7647356381167,1807.2000068289992,1821.7515102561672,1836.4201818170154,1851.2069649447558,1866.112810669078,1881.1386776773347,1896.285532376183,1911.5543489537563,1926.9461094423048,1942.4618037813711,1958.1024298814455,1973.8689936881608,1989.7625092469793,2005.7839987684179,2021.9344926937952,2038.215029761504,2054.626657073813,2071.1704301642176,2087.8474130653335,2104.6586783773164,2121.605307336866,2138.6883898867477,2155.9090247459117,2173.268319480143,2190.767390573309,2208.407363499154,2226.1893727937027,2244.1145621282076,2262.184084382728,2280.399101720259,2298.7607856614945,2317.2703171601615,2335.9288866789793,2354.7376942662327,2373.6979496329395,2392.810872230673,2412.077691329971,2431.4996460994216,2451.0779856853383,2470.813969292122,2490.7088662632277,2510.763956162824,2530.9805288580706,2551.359884602096,2571.9033341176064,2592.612198681206,2613.487810208354,2634.5315113390543,2655.7446555241822,2677.1286071125573,2698.6847414386757,2720.4144449111714,2742.319115101994,2764.4001608362782,2786.6590022829737,2809.097071046162,2831.715810257159,2854.5166746673017,2877.5011307415425,2900.67065675274,2924.0267428767575,2947.570891288285,2971.304616257478,2995.22944424732,3019.346914011829,3043.658576695001,3068.1659959305807,3092.870747942638,3117.7744216469364,3142.87861875312,3168.1849538677375,3193.695054598094,3219.410561656912,3245.333128967883,3271.4644237720117,3297.806126734876,3324.3599320546946,3351.1275475713155,3378.1106948760344,3405.3111094223436,3432.7305406375262,3460.3707520352004,3488.23352132871,3516.320640545493,3544.6339161423107,3573.1751691214417,3601.9462351478164,3630.9489646670518,3660.1852230244945,3689.6568905851636,3719.3658628547196,3749.3140506013438,3779.5033799786634,3809.935792649603,3840.6132459112973,3871.5377128209448,3902.7111823227383,3934.135659375755,3965.8131650829396,3997.7457368210635,4029.9354283717907,4062.3843100537392,4095.0944688556665,4128.068008570669,4161.3070499315045,4194.813730746993,4228.590206039511,4262.638648183577,4296.961247045588,4331.560210124669,4366.437762694626,4401.596147947099,4437.037627135803,4472.764479721992,4508.779003521039,4545.083514850253,4581.680348677821,4618.571858773019,4655.7604178575675,4693.248417758249,4731.038269560753,4769.132403764733,4807.533270440121,4846.243339384716,4885.265100283049,4924.601062866471,4964.253757074609,5004.22573321805,5044.519562142395,5085.137835393579,5126.08316538458,5167.3581855634,5208.965550582488,5250.907936469426,5293.188040799074,5335.808582867062,5378.772303864684,5422.081967055189,5465.740357951513,5509.7502844954415,5554.1145772382,5598.836089522486,5643.917697666003,5689.362301146471,5735.17282278806,5781.352208949439,5827.903429713208,5874.829479076986,5922.133375145914,5969.818160326825,6017.886901523867,6066.342690335802,6115.188643254807,6164.427901866934,6214.06363305417,6264.099029198114,6314.537308385285,6365.381714614103,6416.635518003553,6468.302015003491,6520.384528606639,6572.88640856233,6625.811031591967,6679.16180160615,6732.942149923667,6787.155535492116,6841.805445110439,6896.895393653112,6952.428924296275,7008.409608745552,7064.841047465831,7121.726869912778,7179.070734766296,7236.876330165845,7295.147373947643,7353.887613883764,7413.100827923194,7472.790824434837,7532.961442452409,7593.616551921397,7654.7600539479145,7716.395881049652,7778.527997408752,7841.160399126823,7904.2971144818985,7967.94220418758,8032.099761654146,8096.773913251861,8161.968818576374,8227.688670716232,8293.937696522553,8360.720156880894,8428.04034698531,8495.90259661459,8564.311270410717,8633.270768159597,8702.785525074065,8772.860012079082,8843.498736099358,8914.706240349144,8986.487104624512,9058.845945597834,9131.787417114787,9205.31621049359,9279.437054826807,9354.154717285446,9429.47400342559,9505.399757497484,9581.936862757088,9659.090241780126,9736.864856778713,9815.265709920519,9894.297843650465,9973.966341015032,10054.276325989182,10135.232963805956,10216.841461288606,10299.107067185563,10382.035072507933,10465.630810869876,10549.89965883156,10634.84703624505,10720.478406602804,10806.799277389146,10893.815200434417,10981.531772272076,11069.954634498676,11159.08947413668,11248.94202400021,11339.518063063782,11430.823416834026,11522.863957724268,11615.64560543233,11709.174327321158,11803.456138802712,11898.49710372478,11994.303334761045,12090.880993804161,12188.23629236214,12286.375491957784,12385.304904531427,12485.030892846919,12585.55987090084,12686.898304334996,12789.052710852275,12892.029660635888,12995.8357767719,13100.477735675182,13205.962267518828,13312.296156667053,13419.486242111492,13527.539417911097,13636.462633635434,13746.262894811807,13856.947263375758,13968.522858125163,14080.996855178266,14194.376488435144,14308.66905004285,14423.881890864615] 0.31126199007860056 [Infinity,Infinity,Infinity,Infinity,Infinity,Infinity,Infinity,Infinity,Infinity,Infinity,Infinity,Infinity,Infinity,Infinity,Infinity,Infinity,Infinity,Infinity,Infinity,Infinity,Infinity,Infinity,Infinity,Infinity,Infinity,Infinity,Infinity,Infinity,Infinity,Infinity,Infinity,Infinity,Infinity,Infinity,Infinity,Infinity,Infinity,Infinity,Infinity,Infinity,Infinity,Infinity,Infinity,Infinity,Infinity,Infinity,Infinity,Infinity,Infinity,Infinity,Infinity,Infinity,Infinity,Infinity,Infinity,Infinity,Infinity,Infinity,Infinity,Infinity,Infinity,Infinity,Infinity,Infinity,Infinity,Infinity,Infinity,Infinity,Infinity,Infinity,Infinity,Infinity,Infinity,Infinity,Infinity,Infinity,Infinity,Infinity,Infinity,Infinity,Infinity,Infinity,Infinity,Infinity,Infinity,Infinity,Infinity,Infinity,Infinity,Infinity,Infinity,Infinity,Infinity,Infinity,Infinity,Infinity,Infinity,Infinity,Infinity,Infinity,Infinity,Infinity,Infinity,Infinity,Infinity,Infinity,Infinity,Infinity,Infinity,Infinity,Infinity,Infinity,Infinity,Infinity,Infinity,Infinity,Infinity,Infinity,Infinity,Infinity,Infinity,Infinity,Infinity,Infinity,Infinity,Infinity,Infinity,Infinity,Infinity,Infinity,Infinity,Infinity,Infinity,Infinity,Infinity,Infinity,Infinity,Infinity,Infinity,Infinity,0.02614874450476007,0.009823814205189692,0.002277981441980993,0.005308374394464669,0.001252559254504283,0.006863807962307092,0.01531514660216451,0.019820989313606534,0.017362365506677753,0.012769776435599432,0.012672268278842963,0.01949870471547736,0.02741866116596713,0.030950868221067674,0.030638443462370785,0.030791599685929587,0.03313694029729982,0.034355697449985276,0.031068282983728317,0.02689740211622841,0.029596146892315045,0.04051117381077843,0.050815506596205186,0.052784690484296196,0.04968629640435494,0.048299289302011536,0.05042743700181812,0.05374492370432443,0.056247959243946856,0.056861446074943235,0.05546482109893034,0.05495382549912943,0.058170396177465014,0.06197363643337794,0.061189290119757045,0.056544123027975436,0.052887615045442184,0.050764295342384524,0.04641781479044579,0.04032677787185486,0.038855273320538154,0.04308638809976271,0.04536410277376303,0.0427929162444419,0.0419351393976944,0.04506228405402545,0.04533021657915913,0.040905808773572735,0.03924105160168063,0.04193904711339525,0.041886660965205436,0.037925445978184764,0.03605760673002505,0.036952602815189334,0.03710434555574372,0.03574349069024602,0.033635090485884964,0.031218784289602036,0.0292521950357941,0.02958661835770311,0.03244876482892979,0.03532182585334941,0.03681602673126592,0.03677812285764552,0.03575967900884324,0.034424603394790976,0.03305660119032316,0.031552990790421336,0.02959012952335034,0.027703379827501595,0.026711100566970625,0.027159917429850893,0.02766665378073843,0.026462082085420096,0.026161090136310367,0.02713991728264651,0.026310091035755212,0.025238992614246936,0.025357422329554753,0.02517904034317761,0.024851605523187513,0.02414649750504224,0.021502188693458255,0.019005975497819225,0.018652945388905738,0.019889370639983115,0.02170555187948458,0.022923555058442714,0.02290735751129148,0.022736605656666197,0.022692812847745502,0.02256076534839293,0.022402973365616374,0.022061264423073886,0.021702780577557448,0.02142063923567894,0.020884349789727315,0.020938041040241936,0.019835416117842113,0.017953333667149726,0.019091762345456575,0.017941233012268874,0.016768468428898956,0.01746418404379999,0.017440045246093685,0.0160142212690845,0.016049769373730337,0.015504360776201254,0.015159323685556118,0.015342097426417674,0.013857761811744557,0.012742648595835581,0.012102166517227246,0.012032632107305433,0.012705955029763636,0.011434856755738198,0.009375284100349915,0.008628972253223512,0.00749869198000931,0.008057049462936781,0.007729268601419144,0.007841807658563767,0.007827697201924954,0.007982970898774751,0.007994660818478454,0.00888100898706734,0.009259121860882378,0.009013645154337334,0.008923254163160983,0.009183610111706497,0.008770045723282932,0.008483365212251378,0.00821862891959171,0.008053814904046034,0.007176097402872184,0.007076455418900424,0.007320304440225184,0.005414830860992004,0.0060005670101698095,0.006454069409761752,0.0065102188107521485,0.007874097780678354,0.00870943851968696,0.008375131569355754,0.007570262204867455,0.007577589826622928,0.0071606306549598904,0.006531674240871098,0.005399092663257041,0.004026602586938337,0.002892117929660534,0.0014025337438148542,0.0017508095175176215,0.001672047993397642,0.0022144432128627842,0.0015582584543933592,0.0015865456586752712,0.0009102298094858716,0.0009573364786011392,0.0007446180764145764] [0.0,0.0,0.0,0.0,0.0,0.0,0.0,0.0,0.0,0.0,0.0,0.0,0.0,0.0,0.0,0.0,0.0,0.0,0.0,0.0,0.0,0.0,0.0,0.0,0.0,0.0,0.0,0.0,0.0,0.0,0.0,0.0,0.0,0.0,0.0,0.0,0.0,0.0,0.0,0.0,0.0,0.0,0.0,0.0,0.0,0.0,0.0,0.0,0.0,0.0,0.0,0.0,0.0,0.0,0.0,0.0,0.0,0.0,0.0,0.0,0.0,0.0,0.0,0.0,0.0,0.0,0.0,0.0,0.0,0.0,0.0,0.0,0.0,0.0,0.0,0.0,0.0,0.0,0.0,0.0,0.0,0.0,0.0,0.0,0.0,0.0,0.0,0.0,0.0,0.0,0.0,0.0,0.0,0.0,0.0,0.0,0.0,0.0,0.0,0.0,0.0,0.0,0.0,0.0,0.0,0.0,0.0,0.0,0.0,0.0,0.0,0.0,0.0,0.0,0.0,0.0,0.0,0.0,0.0,0.0,0.0,0.0,0.0,0.0,0.0,0.0,0.0,0.0,0.0,0.0,0.0,0.0,0.0,0.0,0.0,0.0,0.0,0.0,0.0,0.0,0.004040101291948724,0.010730635218121039,0.0030318151221397716,-0.0020413560351192506,0.0022872018025368616,-0.008976673717242076,0.01009116932212851,-0.020252189675135337,-0.018266012732334667,0.001268258314206854,0.01500715617995987,0.003206882675562748,0.0023909809529505874,-0.022084327380021695,-0.017802493428470092,0.0469343690540911,0.05198274506415448,0.07241837740357618,-0.039264243838817964,-0.000845324107789522,-0.033899056377410135,-0.05490740605077345,-0.05064752912509736,0.004646418422232525,0.012017889097288514,0.049153677732380316,0.00813445462140082,0.020069913715720478,-0.16346490872745462,-0.04237386673406071,-0.04910722433826941,0.03428739242107512,0.014494359796048862,0.021846878613291508,0.025295951369302464,0.12520990085556202,0.009155250280879145,0.12389528047475991,0.048730036900883636,0.021271690087129556,-0.04317454684278747,-0.02971220579848569,-0.00308904736312737,0.015281285324479811,0.1067082496418274,0.0064169461372358075,0.00406145267641326,-0.037266566444930496,0.026322694634640584,-0.02904908996409869,0.01802353610252078,0.10697705682804995,0.04002634192520539,-0.010738803183335924,-0.016107882574315384,-0.01512066214781331,-0.0342455519165665,0.06635290365854743,-0.031566341407966575,0.002419428358920746,-0.052142093208325524,0.0014547249155876208,-0.02277659765398089,0.03746661207993578,0.06962877114496,-0.05474236931540691,-0.01903003223985746,0.00556067551078834,-0.0063608875914285086,-0.029580821352546388,0.013800989446804517,0.04112835017558747,-0.020392723580873635,0.011763109462993065,-0.04114746139055009,-0.007914430792898273,0.017490801541588892,-0.02452499212177393,0.01334382657957159,0.0004890280087988481,0.041932000623141556,0.03408585815381725,-0.049803853202682276,-0.022483524891545356,0.01211971263839264,-0.013670243349149246,-0.0028246686273982477,0.02370104905091476,0.0007674277992084866,-0.009049732804276176,-0.013764851803807049,-0.02076947205850621,0.0012635861876844397,0.019304919487597792,0.028312526384322575,0.008640654901918643,0.04913051012343808,-0.013175443572240344,-0.02387925449903039,-0.0071906321099296025,-0.030518470592514575,0.022250737884468304,0.0022438070944052024,-0.0384144548450884,-0.014608708539138501,-0.001744441271848179,-0.0051110042131698235,-0.002556964184121185,0.0078287737978558,-0.009204754018515957,-0.005206894520176807,-0.007228066758598842,-0.023187413518813232,0.003288552428307403,-0.004031189590317479,-0.02256240217982804,-0.004746103392150444,0.011369053457042661,0.007486738971079174,-0.00501982538294937,0.00873082684938642,-0.0035533432649364986,-0.009892898654373537,-0.0009587077103524913,-0.004420751513764416,0.0017181119175569985,-0.0026613925345122798,0.004617044349466057,-0.0036816600518429377,0.009693472511099149,-0.005824374119168882,-0.0024394962714358328,0.009969938153823223,0.006874864299895041,0.005700122250601827,-0.006231941460492815,0.011710124338810676,0.0008018976071263845,-0.003837249676698117,0.006386797548026757,0.001639285837604273,-0.0027701216542637213,0.000606588372558657,8.012196443769743e-05,0.008147808774178096,0.011221045760055327,-0.012612758305486799,-0.002231286152168307,0.0060438648016477425,0.007968423796164047,0.0025155185591316247,0.0003314503192271701,0.0027574478522417304,-0.001995415540577559,0.0011538119590225914,-0.0008309283212325775,-0.00033368864884024326,0.001182711051244282,-0.0006141735758698015,0.001010888348204271]
56332.75817585511 [0.0,0.0,0.0,0.0,0.0,0.0,0.0,0.0,0.0,0.0,0.0,0.0,0.0,0.0,0.0,0.0,0.0,0.0,0.0,0.0,0.0,0.0,0.0,0.0,0.0,0.0,0.0,0.0,0.0,0.0,0.0,0.0,0.0,0.0,0.0,0.0,0.0,0.0,0.0,0.0,0.0,0.0,0.0,0.0,0.0,0.0,0.0,0.0,0.0,0.0,0.0,0.0,0.0,0.0,0.0,0.0,0.0,0.0,0.0,0.0,0.0,0.0,0.0,0.0,0.0,0.0,0.0,0.0,0.0,0.0,0.0,0.0,0.0,0.0,0.0,0.0,0.0,0.0,0.0,0.0,0.0,0.0,0.0,0.0,0.0,0.0,0.0,0.0,0.0,0.0,0.0,0.0,0.0,0.0,0.0,0.0,0.0,0.0,0.0,0.0,0.0,0.0,0.0,0.0,0.0,0.0,0.0,0.0,0.0,0.0,0.0,0.0,0.0,0.0,0.0,0.0,0.0,0.0,0.0,0.0,0.0,0.0,0.0,0.0,0.0,0.0,0.0,0.0,0.0,0.0,0.0,0.0,0.0,0.0,0.0,0.0,0.0,0.0,0.0,0.0,0.0,0.0,0.0,0.0,0.0,0.0,0.0,0.0,0.0,0.0,0.0,0.0,0.0,0.0,0.0,0.0,0.0,0.0,0.0,0.0,0.0,0.0,0.0,0.0,0.0,0.0,0.0,0.0,0.0,0.0,0.0,0.0,0.0,0.0,0.0,0.0,0.0,0.0,0.0,0.0,0.0,0.0,0.0,0.0,0.0,0.0,0.0,0.0,0.0,0.0,0.0,0.0,0.0,0.0,0.0,0.0,0.0,0.0,0.0,0.0,0.0,0.0,0.0,0.0,0.0,0.0,0.0,0.0,0.0,0.0,0.0,0.0,0.0,0.0,0.0,0.0,0.0,0.0,0.0,0.0,0.0,0.0,0.0,0.0,0.0,0.0,0.0,0.0,0.0,0.0,0.0,0.0,0.0,0.0,0.0,0.0,0.0,0.0,0.0,0.0,0.0,0.0,0.0,0.0,0.0,0.0,0.0,0.0,0.0,0.0,0.0,0.0,0.0,0.0,0.0,0.0,0.0,0.0,0.0,0.0,0.0,0.0,0.0,0.0,0.0,0.0,0.0,0.0,0.0,0.0,0.0,0.0,0.0,0.0,0.0,0.0,0.0,0.0,0.0,0.0,0.0,0.0,0.0,0.0,0.0,0.0,0.0,0.0,0.0,0.0,0.0,0.0,0.0,0.0,0.0,0.0,0.0,0.0,0.0,0.0] [1311.2619900786005,1321.8202200865917,1332.463464547639,1343.19240799478,1354.0077404728797,1364.9101575830227,1375.9003605272408,1386.9790561536227,1398.1469570017646,1409.4047813486081,1420.7532532546286,1432.193102610412,1443.7250651835902,1455.3498826661717,1467.068302722235,1478.881079036026,1490.78897136042,1502.7927455657994,1514.8931736892998,1527.0910339844697,1539.3871109713293,1551.7821954868166,1564.2770847356642,1576.872582341659,1589.569498399342,1602.368649526097,1615.270858914685,1628.2769563861766,1641.3877784433362,1654.6041683244075,1667.9269760573632,1681.3570585145608,1694.895279467867,1708.5425096441993,1722.2996267815402,1736.1675156853773,1750.1470682856248,1764.2391836939755,1778.4447682617345,1792.7647356381167,1807.2000068289992,1821.7515102561672,1836.4201818170154,1851.2069649447558,1866.112810669078,1881.1386776773347,1896.285532376183,1911.5543489537563,1926.9461094423048,1942.4618037813711,1958.1024298814455,1973.8689936881608,1989.7625092469793,2005.7839987684179,2021.9344926937952,2038.215029761504,2054.626657073813,2071.1704301642176,2087.8474130653335,2104.6586783773164,2121.605307336866,2138.6883898867477,2155.9090247459117,2173.268319480143,2190.767390573309,2208.407363499154,2226.1893727937027,2244.1145621282076,2262.184084382728,2280.399101720259,2298.7607856614945,2317.2703171601615,2335.9288866789793,2354.7376942662327,2373.6979496329395,2392.810872230673,2412.077691329971,2431.4996460994216,2451.0779856853383,2470.813969292122,2490.7088662632277,2510.763956162824,2530.9805288580706,2551.359884602096,2571.9033341176064,2592.612198681206,2613.487810208354,2634.5315113390543,2655.7446555241822,2677.1286071125573,2698.6847414386757,2720.4144449111714,2742.319115101994,2764.4001608362782,2786.6590022829737,2809.097071046162,2831.715810257159,2854.5166746673017,2877.5011307415425,2900.67065675274,2924.0267428767575,2947.570891288285,2971.304616257478,2995.22944424732,3019.346914011829,3043.658576695001,3068.1659959305807,3092.870747942638,3117.7744216469364,3142.87861875312,3168.1849538677375,3193.695054598094,3219.410561656912,3245.333128967883,3271.4644237720117,3297.806126734876,3324.3599320546946,3351.1275475713155,3378.1106948760344,3405.3111094223436,3432.7305406375262,3460.3707520352004,3488.23352132871,3516.320640545493,3544.6339161423107,3573.1751691214417,3601.9462351478164,3630.9489646670518,3660.1852230244945,3689.6568905851636,3719.3658628547196,3749.3140506013438,3779.5033799786634,3809.935792649603,3840.6132459112973,3871.5377128209448,3902.7111823227383,3934.135659375755,3965.8131650829396,3997.7457368210635,4029.9354283717907,4062.3843100537392,4095.0944688556665,4128.068008570669,4161.3070499315045,4194.813730746993,4228.590206039511,4262.638648183577,4296.961247045588,4331.560210124669,4366.437762694626,4401.596147947099,4437.037627135803,4472.764479721992,4508.779003521039,4545.083514850253,4581.680348677821,4618.571858773019,4655.7604178575675,4693.248417758249,4731.038269560753,4769.132403764733,4807.533270440121,4846.243339384716,4885.265100283049,4924.601062866471,4964.253757074609,5004.22573321805,5044.519562142395,5085.137835393579,5126.08316538458,5167.3581855634,5208.965550582488,5250.907936469426,5293.188040799074,5335.808582867062,5378.772303864684,5422.081967055189,5465.740357951513,5509.7502844954415,5554.1145772382,5598.836089522486,5643.917697666003,5689.362301146471,5735.17282278806,5781.352208949439,5827.903429713208,5874.829479076986,5922.133375145914,5969.818160326825,6017.886901523867,6066.342690335802,6115.188643254807,6164.427901866934,6214.06363305417,6264.099029198114,6314.537308385285,6365.381714614103,6416.635518003553,6468.302015003491,6520.384528606639,6572.88640856233,6625.811031591967,6679.16180160615,6732.942149923667,6787.155535492116,6841.805445110439,6896.895393653112,6952.428924296275,7008.409608745552,7064.841047465831,7121.726869912778,7179.070734766296,7236.876330165845,7295.147373947643,7353.887613883764,7413.100827923194,7472.790824434837,7532.961442452409,7593.616551921397,7654.7600539479145,7716.395881049652,7778.527997408752,7841.160399126823,7904.2971144818985,7967.94220418758,8032.099761654146,8096.773913251861,8161.968818576374,8227.688670716232,8293.937696522553,8360.720156880894,8428.04034698531,8495.90259661459,8564.311270410717,8633.270768159597,8702.785525074065,8772.860012079082,8843.498736099358,8914.706240349144,8986.487104624512,9058.845945597834,9131.787417114787,9205.31621049359,9279.437054826807,9354.154717285446,9429.47400342559,9505.399757497484,9581.936862757088,9659.090241780126,9736.864856778713,9815.265709920519,9894.297843650465,9973.966341015032,10054.276325989182,10135.232963805956,10216.841461288606,10299.107067185563,10382.035072507933,10465.630810869876,10549.89965883156,10634.84703624505,10720.478406602804,10806.799277389146,10893.815200434417,10981.531772272076,11069.954634498676,11159.08947413668,11248.94202400021,11339.518063063782,11430.823416834026,11522.863957724268,11615.64560543233,11709.174327321158,11803.456138802712,11898.49710372478,11994.303334761045,12090.880993804161,12188.23629236214,12286.375491957784,12385.304904531427,12485.030892846919,12585.55987090084,12686.898304334996,12789.052710852275,12892.029660635888,12995.8357767719,13100.477735675182,13205.962267518828,13312.296156667053,13419.486242111492,13527.539417911097,13636.462633635434,13746.262894811807,13856.947263375758,13968.522858125163,14080.996855178266,14194.376488435144,14308.66905004285,14423.881890864615] 0.31126199007860056 [Infinity,Infinity,Infinity,Infinity,Infinity,Infinity,Infinity,Infinity,Infinity,Infinity,Infinity,Infinity,Infinity,Infinity,Infinity,Infinity,Infinity,Infinity,Infinity,Infinity,Infinity,Infinity,Infinity,Infinity,Infinity,Infinity,Infinity,Infinity,Infinity,Infinity,Infinity,Infinity,Infinity,Infinity,Infinity,Infinity,Infinity,Infinity,Infinity,Infinity,Infinity,Infinity,Infinity,Infinity,Infinity,Infinity,Infinity,Infinity,Infinity,Infinity,Infinity,Infinity,Infinity,Infinity,Infinity,Infinity,Infinity,Infinity,Infinity,Infinity,Infinity,Infinity,Infinity,Infinity,Infinity,Infinity,Infinity,Infinity,Infinity,Infinity,Infinity,Infinity,Infinity,Infinity,Infinity,Infinity,Infinity,Infinity,Infinity,Infinity,Infinity,Infinity,Infinity,Infinity,Infinity,Infinity,Infinity,Infinity,Infinity,Infinity,Infinity,Infinity,Infinity,Infinity,Infinity,Infinity,Infinity,Infinity,Infinity,Infinity,Infinity,Infinity,Infinity,Infinity,Infinity,Infinity,Infinity,Infinity,Infinity,Infinity,Infinity,Infinity,Infinity,Infinity,Infinity,Infinity,Infinity,Infinity,Infinity,Infinity,Infinity,Infinity,Infinity,Infinity,Infinity,Infinity,Infinity,Infinity,Infinity,Infinity,Infinity,Infinity,Infinity,Infinity,Infinity,Infinity,Infinity,Infinity,Infinity,Infinity,Infinity,Infinity,Infinity,Infinity,Infinity,Infinity,Infinity,Infinity,Infinity,Infinity,Infinity,Infinity,Infinity,Infinity,Infinity,Infinity,Infinity,Infinity,Infinity,Infinity,Infinity,Infinity,Infinity,Infinity,Infinity,Infinity,Infinity,Infinity,Infinity,Infinity,Infinity,Infinity,Infinity,Infinity,Infinity,Infinity,Infinity,Infinity,Infinity,Infinity,Infinity,Infinity,Infinity,Infinity,Infinity,Infinity,Infinity,Infinity,Infinity,Infinity,Infinity,Infinity,Infinity,Infinity,Infinity,Infinity,Infinity,Infinity,Infinity,Infinity,Infinity,Infinity,Infinity,Infinity,Infinity,Infinity,Infinity,Infinity,Infinity,Infinity,Infinity,Infinity,Infinity,Infinity,Infinity,Infinity,Infinity,Infinity,Infinity,Infinity,Infinity,Infinity,Infinity,Infinity,Infinity,Infinity,Infinity,Infinity,Infinity,Infinity,Infinity,Infinity,Infinity,Infinity,Infinity,Infinity,Infinity,Infinity,Infinity,Infinity,Infinity,Infinity,Infinity,Infinity,Infinity,Infinity,Infinity,Infinity,Infinity,Infinity,Infinity,Infinity,Infinity,Infinity,Infinity,Infinity,Infinity,Infinity,Infinity,Infinity,Infinity,Infinity,Infinity,Infinity,Infinity,Infinity,Infinity,Infinity,Infinity,Infinity,Infinity,Infinity,Infinity,Infinity,Infinity,Infinity,Infinity,Infinity,Infinity,Infinity,Infinity,Infinity,Infinity,Infinity,Infinity,Infinity,Infinity,Infinity,Infinity,Infinity,Infinity,Infinity,Infinity,Infinity,Infinity,Infinity,Infinity,Infinity,Infinity,Infinity] [0.0,0.0,0.0,0.0,0.0,0.0,0.0,0.0,0.0,0.0,0.0,0.0,0.0,0.0,0.0,0.0,0.0,0.0,0.0,0.0,0.0,0.0,0.0,0.0,0.0,0.0,0.0,0.0,0.0,0.0,0.0,0.0,0.0,0.0,0.0,0.0,0.0,0.0,0.0,0.0,0.0,0.0,0.0,0.0,0.0,0.0,0.0,0.0,0.0,0.0,0.0,0.0,0.0,0.0,0.0,0.0,0.0,0.0,0.0,0.0,0.0,0.0,0.0,0.0,0.0,0.0,0.0,0.0,0.0,0.0,0.0,0.0,0.0,0.0,0.0,0.0,0.0,0.0,0.0,0.0,0.0,0.0,0.0,0.0,0.0,0.0,0.0,0.0,0.0,0.0,0.0,0.0,0.0,0.0,0.0,0.0,0.0,0.0,0.0,0.0,0.0,0.0,0.0,0.0,0.0,0.0,0.0,0.0,0.0,0.0,0.0,0.0,0.0,0.0,0.0,0.0,0.0,0.0,0.0,0.0,0.0,0.0,0.0,0.0,0.0,0.0,0.0,0.0,0.0,0.0,0.0,0.0,0.0,0.0,0.0,0.0,0.0,0.0,0.0,0.0,0.0,0.0,0.0,0.0,0.0,0.0,0.0,0.0,0.0,0.0,0.0,0.0,0.0,0.0,0.0,0.0,0.0,0.0,0.0,0.0,0.0,0.0,0.0,0.0,0.0,0.0,0.0,0.0,0.0,0.0,0.0,0.0,0.0,0.0,0.0,0.0,0.0,0.0,0.0,0.0,0.0,0.0,0.0,0.0,0.0,0.0,0.0,0.0,0.0,0.0,0.0,0.0,0.0,0.0,0.0,0.0,0.0,0.0,0.0,0.0,0.0,0.0,0.0,0.0,0.0,0.0,0.0,0.0,0.0,0.0,0.0,0.0,0.0,0.0,0.0,0.0,0.0,0.0,0.0,0.0,0.0,0.0,0.0,0.0,0.0,0.0,0.0,0.0,0.0,0.0,0.0,0.0,0.0,0.0,0.0,0.0,0.0,0.0,0.0,0.0,0.0,0.0,0.0,0.0,0.0,0.0,0.0,0.0,0.0,0.0,0.0,0.0,0.0,0.0,0.0,0.0,0.0,0.0,0.0,0.0,0.0,0.0,0.0,0.0,0.0,0.0,0.0,0.0,0.0,0.0,0.0,0.0,0.0,0.0,0.0,0.0,0.0,0.0,0.0,0.0,0.0,0.0,0.0,0.0,0.0,0.0,0.0,0.0,0.0,0.0,0.0,0.0,0.0,0.0,0.0,0.0,0.0,0.0,0.0,0.0]
56243.255121283866 [0.0,0.0,0.0,0.0,0.0,0.0,0.0,0.0,0.0,0.0,0.0,0.0,0.0,0.0,0.0,0.0,0.0,0.0,0.0,0.0,0.0,0.0,0.0,0.0,0.0,0.0,0.0,0.0,0.0,0.0,0.0,0.0,0.0,0.0,0.0,0.0,0.0,0.0,0.0,0.0,0.0,0.0,0.0,0.0,0.0,0.0,0.0,0.0,0.0,0.0,0.0,0.0,0.0,0.0,0.0,0.0,0.0,0.0,0.0,0.0,0.0,0.0,0.0,0.0,0.0,0.0,0.0,0.0,0.0,0.0,0.0,0.0,0.0,0.0,0.0,0.0,0.0,0.0,0.0,0.0,0.0,0.0,0.0,0.0,0.0,0.0,0.0,0.0,0.0,0.0,0.0,0.0,0.0,0.0,0.0,0.0,0.0,0.0,0.0,0.0,0.0,0.0,0.0,0.0,0.0,0.0,0.0,0.0,0.0,0.0,0.0,0.0,0.0,0.0,0.0,0.0,0.0,0.0,0.0,0.0,0.0,0.0,0.0,0.0,0.0,0.0,0.0,0.0,0.0,0.0,0.0,0.0,0.0,0.0,0.0,0.0,0.0,0.0,0.0,0.0,280.6285077487451,364.1909010036814,385.221959826733,441.2486880687351,450.41585899787,445.48785910448504,430.04768289727747,415.1685078704521,361.1708501705617,382.09923927909267,377.37538962620965,443.7280465053626,468.9135776101698,522.0162010480677,619.1466486436639,627.2752672480956,765.6430070995226,789.6706341415326,884.122501275277,977.2528679216457,1000.7053767424845,730.4796241038276,526.3365617106159,490.1017058879567,402.62339818901665,429.1902003281139,428.87402914902356,595.3396403787772,784.4479174042729,977.4189702730777,952.2956204822987,1107.6262345408084,1042.961338929508,889.2626334961528,975.8362337039449,1109.3197915604412,1105.0251837823982,1005.323788048529,927.0025435068231,912.4949433587867,756.611921190163,641.735705166845,587.8886267503432,688.9662546412906,646.6719699110308,754.4293145820993,791.2726459124717,861.0372893576704,819.3907958093514,868.4264927499676,795.6016411658509,762.473777855787,692.9044909371992,613.8066912758607,589.935169370006,594.3517609604054,571.9978915338901,466.3924989654261,498.82085033663213,455.8957672815302,493.9803892092755,515.0600832744024,569.6140168629598,595.646078280762,636.5904354373822,707.9433177992992,544.241589607016,479.89580168175263,450.65209552145774,477.6851254785561,508.4380888649024,389.79707553847754,395.6052448113939,504.85111723101954,550.3639458114803,544.4794615934474,562.238594412528,509.31256454234773,467.64682784158725,490.4861082080355,491.9212504867942,482.9300690832674,474.474878538883,438.85490978660835,433.1040371441593,278.8461371334392,201.25765684770076,255.11063448176958,370.5067705828156,376.23679103224356,391.2458599836161,427.72204550666095,343.6936029866041,340.1764275358316,329.00947493458233,297.24975090402324,272.1586219582978,257.48061171623954,228.1125640301027,240.42588889501792,212.9876541549658,187.9953790565734,185.32122199730068,191.04188352274014,169.92960698507173,176.20919803799637,163.95496249793905,151.80414855580514,141.99553575116104,124.46990212028648,120.1281865351077,110.13484960325893,111.24999121167596,112.43923708246585,109.45213666137681,115.04878984213919,133.21332533769638,129.48044944923618,137.51364310857304,134.2613814677774,119.60023813606571,124.60653895878416,99.80391892307432,93.68906767893155,101.13063930417938,114.05536932606302,132.27697997758185,135.08130021352744,120.59133384693654,121.77800242482627,117.55417340902045,113.45611316670949,105.18399456442702,83.865412243385,85.46863947623726,81.72574187780894,75.48425728959131,67.0787827728418,70.61817164073422,67.72978029720728,60.19341860250929,62.38533097167403,53.17360699161736,43.133797185886536,45.42136576134842,41.646283088478995,43.59022437109863,37.67172497183257,32.902069199549615,31.773494258330825,30.824354063360378,28.802906775124256,32.07619083055256,29.932012679870716,32.7586760594196,32.4552623100956,33.85963123823578,40.5614016087768,34.83646163525669,38.993170092023355] [1311.2619900786005,1321.8202200865917,1332.463464547639,1343.19240799478,1354.0077404728797,1364.9101575830227,1375.9003605272408,1386.9790561536227,1398.1469570017646,1409.4047813486081,1420.7532532546286,1432.193102610412,1443.7250651835902,1455.3498826661717,1467.068302722235,1478.881079036026,1490.78897136042,1502.7927455657994,1514.8931736892998,1527.0910339844697,1539.3871109713293,1551.7821954868166,1564.2770847356642,1576.872582341659,1589.569498399342,1602.368649526097,1615.270858914685,1628.2769563861766,1641.3877784433362,1654.6041683244075,1667.9269760573632,1681.3570585145608,1694.895279467867,1708.5425096441993,1722.2996267815402,1736.1675156853773,1750.1470682856248,1764.2391836939755,1778.4447682617345,1792.7647356381167,1807.2000068289992,1821.7515102561672,1836.4201818170154,1851.2069649447558,1866.112810669078,1881.1386776773347,1896.285532376183,1911.5543489537563,1926.9461094423048,1942.4618037813711,1958.1024298814455,1973.8689936881608,1989.7625092469793,2005.7839987684179,2021.9344926937952,2038.215029761504,2054.626657073813,2071.1704301642176,2087.8474130653335,2104.6586783773164,2121.605307336866,2138.6883898867477,2155.9090247459117,2173.268319480143,2190.767390573309,2208.407363499154,2226.1893727937027,2244.1145621282076,2262.184084382728,2280.399101720259,2298.7607856614945,2317.2703171601615,2335.9288866789793,2354.7376942662327,2373.6979496329395,2392.810872230673,2412.077691329971,2431.4996460994216,2451.0779856853383,2470.813969292122,2490.7088662632277,2510.763956162824,2530.9805288580706,2551.359884602096,2571.9033341176064,2592.612198681206,2613.487810208354,2634.5315113390543,2655.7446555241822,2677.1286071125573,2698.6847414386757,2720.4144449111714,2742.319115101994,2764.4001608362782,2786.6590022829737,2809.097071046162,2831.715810257159,2854.5166746673017,2877.5011307415425,2900.67065675274,2924.0267428767575,2947.570891288285,2971.304616257478,2995.22944424732,3019.346914011829,3043.658576695001,3068.1659959305807,3092.870747942638,3117.7744216469364,3142.87861875312,3168.1849538677375,3193.695054598094,3219.410561656912,3245.333128967883,3271.4644237720117,3297.806126734876,3324.3599320546946,3351.1275475713155,3378.1106948760344,3405.3111094223436,3432.7305406375262,3460.3707520352004,3488.23352132871,3516.320640545493,3544.6339161423107,3573.1751691214417,3601.9462351478164,3630.9489646670518,3660.1852230244945,3689.6568905851636,3719.3658628547196,3749.3140506013438,3779.5033799786634,3809.935792649603,3840.6132459112973,3871.5377128209448,3902.7111823227383,3934.135659375755,3965.8131650829396,3997.7457368210635,4029.9354283717907,4062.3843100537392,4095.0944688556665,4128.068008570669,4161.3070499315045,4194.813730746993,4228.590206039511,4262.638648183577,4296.961247045588,4331.560210124669,4366.437762694626,4401.596147947099,4437.037627135803,4472.764479721992,4508.779003521039,4545.083514850253,4581.680348677821,4618.571858773019,4655.7604178575675,4693.248417758249,4731.038269560753,4769.132403764733,4807.533270440121,4846.243339384716,4885.265100283049,4924.601062866471,4964.253757074609,5004.22573321805,5044.519562142395,5085.137835393579,5126.08316538458,5167.3581855634,5208.965550582488,5250.907936469426,5293.188040799074,5335.808582867062,5378.772303864684,5422.081967055189,5465.740357951513,5509.7502844954415,5554.1145772382,5598.836089522486,5643.917697666003,5689.362301146471,5735.17282278806,5781.352208949439,5827.903429713208,5874.829479076986,5922.133375145914,5969.818160326825,6017.886901523867,6066.342690335802,6115.188643254807,6164.427901866934,6214.06363305417,6264.099029198114,6314.537308385285,6365.381714614103,6416.635518003553,6468.302015003491,6520.384528606639,6572.88640856233,6625.811031591967,6679.16180160615,6732.942149923667,6787.155535492116,6841.805445110439,6896.895393653112,6952.428924296275,7008.409608745552,7064.841047465831,7121.726869912778,7179.070734766296,7236.876330165845,7295.147373947643,7353.887613883764,7413.100827923194,7472.790824434837,7532.961442452409,7593.616551921397,7654.7600539479145,7716.395881049652,7778.527997408752,7841.160399126823,7904.2971144818985,7967.94220418758,8032.099761654146,8096.773913251861,8161.968818576374,8227.688670716232,8293.937696522553,8360.720156880894,8428.04034698531,8495.90259661459,8564.311270410717,8633.270768159597,8702.785525074065,8772.860012079082,8843.498736099358,8914.706240349144,8986.487104624512,9058.845945597834,9131.787417114787,9205.31621049359,9279.437054826807,9354.154717285446,9429.47400342559,9505.399757497484,9581.936862757088,9659.090241780126,9736.864856778713,9815.265709920519,9894.297843650465,9973.966341015032,10054.276325989182,10135.232963805956,10216.841461288606,10299.107067185563,10382.035072507933,10465.630810869876,10549.89965883156,10634.84703624505,10720.478406602804,10806.799277389146,10893.815200434417,10981.531772272076,11069.954634498676,11159.08947413668,11248.94202400021,11339.518063063782,11430.823416834026,11522.863957724268,11615.64560543233,11709.174327321158,11803.456138802712,11898.49710372478,11994.303334761045,12090.880993804161,12188.23629236214,12286.375491957784,12385.304904531427,12485.030892846919,12585.55987090084,12686.898304334996,12789.052710852275,12892.029660635888,12995.8357767719,13100.477735675182,13205.962267518828,13312.296156667053,13419.486242111492,13527.539417911097,13636.462633635434,13746.262894811807,13856.947263375758,13968.522858125163,14080.996855178266,14194.376488435144,14308.66905004285,14423.881890864615] 0.31126199007860056 [Infinity,Infinity,Infinity,Infinity,Infinity,Infinity,Infinity,Infinity,Infinity,Infinity,Infinity,Infinity,Infinity,Infinity,Infinity,Infinity,Infinity,Infinity,Infinity,Infinity,Infinity,Infinity,Infinity,Infinity,Infinity,Infinity,Infinity,Infinity,Infinity,Infinity,Infinity,Infinity,Infinity,Infinity,Infinity,Infinity,Infinity,Infinity,Infinity,Infinity,Infinity,Infinity,Infinity,Infinity,Infinity,Infinity,Infinity,Infinity,Infinity,Infinity,Infinity,Infinity,Infinity,Infinity,Infinity,Infinity,Infinity,Infinity,Infinity,Infinity,Infinity,Infinity,Infinity,Infinity,Infinity,Infinity,Infinity,Infinity,Infinity,Infinity,Infinity,Infinity,Infinity,Infinity,Infinity,Infinity,Infinity,Infinity,Infinity,Infinity,Infinity,Infinity,Infinity,Infinity,Infinity,Infinity,Infinity,Infinity,Infinity,Infinity,Infinity,Infinity,Infinity,Infinity,Infinity,Infinity,Infinity,Infinity,Infinity,Infinity,Infinity,Infinity,Infinity,Infinity,Infinity,Infinity,Infinity,Infinity,Infinity,Infinity,Infinity,Infinity,Infinity,Infinity,Infinity,Infinity,Infinity,Infinity,Infinity,Infinity,Infinity,Infinity,Infinity,Infinity,Infinity,Infinity,Infinity,Infinity,Infinity,Infinity,Infinity,Infinity,Infinity,Infinity,Infinity,Infinity,Infinity,Infinity,Infinity,Infinity,15.281645561184025,16.978651663796683,18.86183840971097,20.654922704751428,21.68335108541016,21.308306195211312,19.897836242408484,18.506343430866448,18.055559746260172,18.61417781401459,20.013708299482822,22.024121766117723,24.32796348875964,26.640650767272763,29.132471137635456,32.225348863522,36.243413748672666,41.284474651803876,47.10562485774845,50.825959723600825,48.082388061588546,38.39449279921637,27.809813700656072,21.97854249850366,20.429108106094127,20.835548868289308,23.09719037724514,28.90853551604212,37.93128670365452,46.13431231218958,50.12832802171832,50.6059535081966,49.31690997643163,48.56912425287534,50.65708045908157,53.84248814614733,53.70788671624498,49.91164799116889,46.254712495517644,43.60468451249475,38.76742904434303,31.92049024927058,29.009028033119353,32.12852134002881,35.735432523411575,36.89665181743453,38.58452728198883,41.76043354494746,43.24418500772684,41.93240277046201,40.02887847302866,38.026514234103715,34.4713497178235,30.604664661121557,29.374510307076388,29.049901213722894,26.443618846149654,24.012720366824922,24.20660743197544,24.189442423420196,23.17646004426635,24.748268456664285,28.53037959524493,31.19864316061262,32.498397436904334,32.36606256043302,28.489255636390407,22.870677405852796,21.32689491092113,22.62508382211372,23.121488164876844,20.91303949779184,19.547077810840364,23.99728649988996,27.771643314154137,27.4192851608101,26.52704645215608,25.36161596660877,23.927002882890612,23.705676622710342,23.999937932006567,23.877447016076218,23.645714161670774,23.451807839249515,21.177209169547076,13.989057497275743,9.808617506892338,12.236231228890096,16.925093167454648,19.22517951964068,19.171389185233366,18.455586019327193,17.08191541635249,16.177866405320405,15.512189848630777,14.388135084436252,13.544120620522127,12.555418432439604,11.756273894331645,11.24306512958992,10.169576678739725,9.829622005779271,9.424027159255697,8.83801443574979,8.725641305174918,8.321166886760224,8.066708818632424,7.751482774444748,6.975722898012227,6.2613203386066845,5.973823170520645,5.263346765470944,5.3545110752630025,5.30066102536558,5.365588456273372,5.81815954876524,6.336631256277515,6.640053433967642,6.45432991181835,6.111326105316865,5.984440860359176,5.75449444498403,5.257382186257522,4.640614840203558,5.130666470725546,5.629493087971576,6.3771023760413525,6.589248312907747,6.280772565428426,6.130882361700673,5.877442254490445,5.468557051465963,4.7926180400122735,4.401619072538482,4.209947667775268,3.922191402583784,3.628155057883757,3.7034659431154724,3.4269032637972314,3.372036278556392,3.162530167766646,2.906728110275295,2.62166442826844,2.359357069521879,2.2486332484923053,2.1469025633355945,2.069035004518839,1.8425648409424862,1.70284188903086,1.5645624626957961,1.5061991630696006,1.4915606934603303,1.5026493069093072,1.4942123102038394,1.5564660486167967,1.676091140900061,1.7539963216249876,1.7965603232498908,1.7920815507275436,1.7916684190784564] [0.0,0.0,0.0,0.0,0.0,0.0,0.0,0.0,0.0,0.0,0.0,0.0,0.0,0.0,0.0,0.0,0.0,0.0,0.0,0.0,0.0,0.0,0.0,0.0,0.0,0.0,0.0,0.0,0.0,0.0,0.0,0.0,0.0,0.0,0.0,0.0,0.0,0.0,0.0,0.0,0.0,0.0,0.0,0.0,0.0,0.0,0.0,0.0,0.0,0.0,0.0,0.0,0.0,0.0,0.0,0.0,0.0,0.0,0.0,0.0,0.0,0.0,0.0,0.0,0.0,0.0,0.0,0.0,0.0,0.0,0.0,0.0,0.0,0.0,0.0,0.0,0.0,0.0,0.0,0.0,0.0,0.0,0.0,0.0,0.0,0.0,0.0,0.0,0.0,0.0,0.0,0.0,0.0,0.0,0.0,0.0,0.0,0.0,0.0,0.0,0.0,0.0,0.0,0.0,0.0,0.0,0.0,0.0,0.0,0.0,0.0,0.0,0.0,0.0,0.0,0.0,0.0,0.0,0.0,0.0,0.0,0.0,0.0,0.0,0.0,0.0,0.0,0.0,0.0,0.0,0.0,0.0,0.0,0.0,0.0,0.0,0.0,0.0,0.0,0.0,-25.004403474935387,24.61786772774776,7.985191632513614,28.150233973706534,16.748837289666838,19.321735200258804,32.09095804910775,45.04163925312312,0.059655245358287,9.815682998800927,-22.898776363446764,3.2456111830080996,-17.645692165023,-10.796814297387558,36.49722589095474,-17.231710022344426,40.77473212606924,-36.01885889454498,-57.98999587969191,-39.2663265503708,39.05761551071356,-37.4102318804998,-29.859712302505546,50.530855917883535,-5.958763932865887,12.479222962327754,-33.06977839587928,17.168930057934766,25.82218333118252,54.73272402928615,-50.27093995206764,95.50716437687643,56.62313940087544,-82.11985156135403,-37.30537547768652,32.470028637494565,30.86744945749863,7.09082822515122,1.9082935964702177,40.40125310889178,-18.736659696697636,3.3259001814334717,7.70806608795618,46.3958278407143,-68.03668055720063,16.496278233408752,19.5821002726953,25.828618458721152,-45.49290434518538,29.778437340727372,-4.975928294722347,1.943493173712812,3.4774965807291602,1.7133980534295035,2.4449632284781844,13.353736685947522,43.12551461089692,-13.861908371072332,14.688701697123328,-27.893081186873683,30.451188323948504,20.094714141116647,-0.9935750419387788,-28.32678493149035,-13.377513300704418,60.62206659063867,-25.543523120792194,22.48225356469669,24.114197303035148,25.18344903628168,46.00832556736553,-28.46371441735927,4.663688594586655,24.90538723322034,-5.0689204716023655,-3.9062416227546533,31.697665369406465,2.0802452101723494,-10.893229816225036,16.37257575382867,11.922491846662789,5.381128761743047,1.5605953054674953,-30.181246998381948,9.559853753217723,-0.9350128120757024,5.0853067098539935,10.386009903967649,32.00490723372261,-8.266799360570026,7.8180762789487925,58.6103251201171,2.0552946595542974,16.619099429423525,18.765677961966773,9.487049215298223,1.2762095478552362,6.372243067447489,-7.0129138565302025,15.564586303219505,9.596120580171316,-8.59706105901201,-3.159321187813247,14.28159480774433,-4.583219118426626,9.785860302791903,2.6207861252905627,-3.2255069330897985,2.4810777909165207,-0.7565046518472107,0.6517231246947933,4.867914293840054,4.159769706415909,6.426016575154269,2.140367535909377,-1.3144011331656187,6.480700212146072,-3.320619230116668,8.427044872206048,12.034859361440105,-0.08857907111780573,9.51665005910355,-5.343724802076119,0.8767708748603934,-1.4826901103315497,1.4655075666314985,4.734932456754782,3.296333955372492,-5.024117461631979,-0.8396448091871803,0.005328319211541288,4.0849721373902375,9.331633764181564,-4.166969207384651,1.2696861207319035,3.2819138261332683,2.9211561319161783,-6.990536089467646,2.08010636478958,0.28905472607944166,-3.057184752823635,4.2507687661681315,0.7403184262485643,-4.053344204551048,0.44870079150230846,-1.2917681782328914,2.2095242807218427,0.8204281529828388,-1.1547685810675832,0.48224500441490187,0.7003708019683641,-1.0283070940823502,2.023204692366416,0.0477664757939283,1.6293550870836653,-1.0665605079056175,-1.2202951942639766,4.630195143778981,-1.0051693792941796,3.1598017104542273]
56324.77730673641 [0.0,0.0,0.0,0.0,0.0,0.0,0.0,0.0,0.0,0.0,0.0,0.0,0.0,0.0,0.0,0.0,0.0,0.0,0.0,0.0,0.0,0.0,0.0,0.0,0.0,0.0,0.0,0.0,0.0,0.0,0.0,0.0,0.0,0.0,0.0,0.0,0.0,0.0,0.0,0.0,0.0,0.0,0.0,0.0,0.0,0.0,0.0,0.0,0.0,0.0,0.0,0.0,0.0,0.0,0.0,0.0,0.0,0.0,0.0,0.0,0.0,0.0,0.0,0.0,0.0,0.0,0.0,0.0,0.0,0.0,0.0,0.0,0.0,0.0,0.0,0.0,0.0,0.0,0.0,0.0,0.0,0.0,0.0,0.0,0.0,0.0,0.0,0.0,0.0,0.0,0.0,0.0,0.0,0.0,0.0,0.0,0.0,0.0,0.0,0.0,0.0,0.0,0.0,0.0,0.0,0.0,0.0,0.0,0.0,0.0,0.0,0.0,0.0,0.0,0.0,0.0,0.0,0.0,0.0,0.0,0.0,0.0,0.0,0.0,0.0,0.0,0.0,0.0,0.0,0.0,0.0,0.0,0.0,0.0,0.0,0.0,0.0,0.0,0.0,0.0,0.0,0.0,0.0,0.0,0.0,0.0,0.0,0.0,0.0,0.0,0.0,0.0,0.0,0.0,0.0,0.0,0.0,0.0,0.0,0.0,0.0,0.0,0.0,0.0,0.0,0.0,0.0,0.0,0.0,0.0,0.0,0.0,0.0,0.0,0.0,0.0,0.0,0.0,0.0,0.0,0.0,0.0,0.0,0.0,0.0,0.0,0.0,0.0,0.0,0.0,0.0,0.0,0.0,0.0,0.0,0.0,0.0,0.0,0.0,0.0,0.0,0.0,0.0,0.0,0.0,0.0,0.0,0.0,0.0,0.0,0.0,0.0,0.0,0.0,0.0,0.0,0.0,0.0,0.0,0.0,0.0,0.0,0.0,0.0,0.0,0.0,0.0,0.0,0.0,0.0,0.0,0.0,0.0,0.0,0.0,0.0,0.0,0.0,0.0,0.0,0.0,0.0,0.0,0.0,0.0,0.0,0.0,0.0,0.0,0.0,0.0,0.0,0.0,0.0,0.0,0.0,0.0,0.0,0.0,0.0,0.0,0.0,0.0,0.0,0.0,0.0,0.0,0.0,0.0,0.0,0.0,0.0,0.0,0.0,0.0,0.0,0.0,0.0,0.0,0.0,0.0,0.0,0.0,0.0,0.0,0.0,0.0,0.0,0.0,0.0,0.0,0.0,0.0,0.0,0.0,0.0,0.0,0.0,0.0,0.0] [1311.2619900786005,1321.8202200865917,1332.463464547639,1343.19240799478,1354.0077404728797,1364.9101575830227,1375.9003605272408,1386.9790561536227,1398.1469570017646,1409.4047813486081,1420.7532532546286,1432.193102610412,1443.7250651835902,1455.3498826661717,1467.068302722235,1478.881079036026,1490.78897136042,1502.7927455657994,1514.8931736892998,1527.0910339844697,1539.3871109713293,1551.7821954868166,1564.2770847356642,1576.872582341659,1589.569498399342,1602.368649526097,1615.270858914685,1628.2769563861766,1641.3877784433362,1654.6041683244075,1667.9269760573632,1681.3570585145608,1694.895279467867,1708.5425096441993,1722.2996267815402,1736.1675156853773,1750.1470682856248,1764.2391836939755,1778.4447682617345,1792.7647356381167,1807.2000068289992,1821.7515102561672,1836.4201818170154,1851.2069649447558,1866.112810669078,1881.1386776773347,1896.285532376183,1911.5543489537563,1926.9461094423048,1942.4618037813711,1958.1024298814455,1973.8689936881608,1989.7625092469793,2005.7839987684179,2021.9344926937952,2038.215029761504,2054.626657073813,2071.1704301642176,2087.8474130653335,2104.6586783773164,2121.605307336866,2138.6883898867477,2155.9090247459117,2173.268319480143,2190.767390573309,2208.407363499154,2226.1893727937027,2244.1145621282076,2262.184084382728,2280.399101720259,2298.7607856614945,2317.2703171601615,2335.9288866789793,2354.7376942662327,2373.6979496329395,2392.810872230673,2412.077691329971,2431.4996460994216,2451.0779856853383,2470.813969292122,2490.7088662632277,2510.763956162824,2530.9805288580706,2551.359884602096,2571.9033341176064,2592.612198681206,2613.487810208354,2634.5315113390543,2655.7446555241822,2677.1286071125573,2698.6847414386757,2720.4144449111714,2742.319115101994,2764.4001608362782,2786.6590022829737,2809.097071046162,2831.715810257159,2854.5166746673017,2877.5011307415425,2900.67065675274,2924.0267428767575,2947.570891288285,2971.304616257478,2995.22944424732,3019.346914011829,3043.658576695001,3068.1659959305807,3092.870747942638,3117.7744216469364,3142.87861875312,3168.1849538677375,3193.695054598094,3219.410561656912,3245.333128967883,3271.4644237720117,3297.806126734876,3324.3599320546946,3351.1275475713155,3378.1106948760344,3405.3111094223436,3432.7305406375262,3460.3707520352004,3488.23352132871,3516.320640545493,3544.6339161423107,3573.1751691214417,3601.9462351478164,3630.9489646670518,3660.1852230244945,3689.6568905851636,3719.3658628547196,3749.3140506013438,3779.5033799786634,3809.935792649603,3840.6132459112973,3871.5377128209448,3902.7111823227383,3934.135659375755,3965.8131650829396,3997.7457368210635,4029.9354283717907,4062.3843100537392,4095.0944688556665,4128.068008570669,4161.3070499315045,4194.813730746993,4228.590206039511,4262.638648183577,4296.961247045588,4331.560210124669,4366.437762694626,4401.596147947099,4437.037627135803,4472.764479721992,4508.779003521039,4545.083514850253,4581.680348677821,4618.571858773019,4655.7604178575675,4693.248417758249,4731.038269560753,4769.132403764733,4807.533270440121,4846.243339384716,4885.265100283049,4924.601062866471,4964.253757074609,5004.22573321805,5044.519562142395,5085.137835393579,5126.08316538458,5167.3581855634,5208.965550582488,5250.907936469426,5293.188040799074,5335.808582867062,5378.772303864684,5422.081967055189,5465.740357951513,5509.7502844954415,5554.1145772382,5598.836089522486,5643.917697666003,5689.362301146471,5735.17282278806,5781.352208949439,5827.903429713208,5874.829479076986,5922.133375145914,5969.818160326825,6017.886901523867,6066.342690335802,6115.188643254807,6164.427901866934,6214.06363305417,6264.099029198114,6314.537308385285,6365.381714614103,6416.635518003553,6468.302015003491,6520.384528606639,6572.88640856233,6625.811031591967,6679.16180160615,6732.942149923667,6787.155535492116,6841.805445110439,6896.895393653112,6952.428924296275,7008.409608745552,7064.841047465831,7121.726869912778,7179.070734766296,7236.876330165845,7295.147373947643,7353.887613883764,7413.100827923194,7472.790824434837,7532.961442452409,7593.616551921397,7654.7600539479145,7716.395881049652,7778.527997408752,7841.160399126823,7904.2971144818985,7967.94220418758,8032.099761654146,8096.773913251861,8161.968818576374,8227.688670716232,8293.937696522553,8360.720156880894,8428.04034698531,8495.90259661459,8564.311270410717,8633.270768159597,8702.785525074065,8772.860012079082,8843.498736099358,8914.706240349144,8986.487104624512,9058.845945597834,9131.787417114787,9205.31621049359,9279.437054826807,9354.154717285446,9429.47400342559,9505.399757497484,9581.936862757088,9659.090241780126,9736.864856778713,9815.265709920519,9894.297843650465,9973.966341015032,10054.276325989182,10135.232963805956,10216.841461288606,10299.107067185563,10382.035072507933,10465.630810869876,10549.89965883156,10634.84703624505,10720.478406602804,10806.799277389146,10893.815200434417,10981.531772272076,11069.954634498676,11159.08947413668,11248.94202400021,11339.518063063782,11430.823416834026,11522.863957724268,11615.64560543233,11709.174327321158,11803.456138802712,11898.49710372478,11994.303334761045,12090.880993804161,12188.23629236214,12286.375491957784,12385.304904531427,12485.030892846919,12585.55987090084,12686.898304334996,12789.052710852275,12892.029660635888,12995.8357767719,13100.477735675182,13205.962267518828,13312.296156667053,13419.486242111492,13527.539417911097,13636.462633635434,13746.262894811807,13856.947263375758,13968.522858125163,14080.996855178266,14194.376488435144,14308.66905004285,14423.881890864615] 0.31126199007860056 [Infinity,Infinity,Infinity,Infinity,Infinity,Infinity,Infinity,Infinity,Infinity,Infinity,Infinity,Infinity,Infinity,Infinity,Infinity,Infinity,Infinity,Infinity,Infinity,Infinity,Infinity,Infinity,Infinity,Infinity,Infinity,Infinity,Infinity,Infinity,Infinity,Infinity,Infinity,Infinity,Infinity,Infinity,Infinity,Infinity,Infinity,Infinity,Infinity,Infinity,Infinity,Infinity,Infinity,Infinity,Infinity,Infinity,Infinity,Infinity,Infinity,Infinity,Infinity,Infinity,Infinity,Infinity,Infinity,Infinity,Infinity,Infinity,Infinity,Infinity,Infinity,Infinity,Infinity,Infinity,Infinity,Infinity,Infinity,Infinity,Infinity,Infinity,Infinity,Infinity,Infinity,Infinity,Infinity,Infinity,Infinity,Infinity,Infinity,Infinity,Infinity,Infinity,Infinity,Infinity,Infinity,Infinity,Infinity,Infinity,Infinity,Infinity,Infinity,Infinity,Infinity,Infinity,Infinity,Infinity,Infinity,Infinity,Infinity,Infinity,Infinity,Infinity,Infinity,Infinity,Infinity,Infinity,Infinity,Infinity,Infinity,Infinity,Infinity,Infinity,Infinity,Infinity,Infinity,Infinity,Infinity,Infinity,Infinity,Infinity,Infinity,Infinity,Infinity,Infinity,Infinity,Infinity,Infinity,Infinity,Infinity,Infinity,Infinity,Infinity,Infinity,Infinity,Infinity,Infinity,Infinity,Infinity,Infinity,Infinity,Infinity,Infinity,Infinity,Infinity,Infinity,Infinity,Infinity,Infinity,Infinity,Infinity,Infinity,Infinity,Infinity,Infinity,Infinity,Infinity,Infinity,Infinity,Infinity,Infinity,Infinity,Infinity,Infinity,Infinity,Infinity,Infinity,Infinity,Infinity,Infinity,Infinity,Infinity,Infinity,Infinity,Infinity,Infinity,Infinity,Infinity,Infinity,Infinity,Infinity,Infinity,Infinity,Infinity,Infinity,Infinity,Infinity,Infinity,Infinity,Infinity,Infinity,Infinity,Infinity,Infinity,Infinity,Infinity,Infinity,Infinity,Infinity,Infinity,Infinity,Infinity,Infinity,Infinity,Infinity,Infinity,Infinity,Infinity,Infinity,Infinity,Infinity,Infinity,Infinity,Infinity,Infinity,Infinity,Infinity,Infinity,Infinity,Infinity,Infinity,Infinity,Infinity,Infinity,Infinity,Infinity,Infinity,Infinity,Infinity,Infinity,Infinity,Infinity,Infinity,Infinity,Infinity,Infinity,Infinity,Infinity,Infinity,Infinity,Infinity,Infinity,Infinity,Infinity,Infinity,Infinity,Infinity,Infinity,Infinity,Infinity,Infinity,Infinity,Infinity,Infinity,Infinity,Infinity,Infinity,Infinity,Infinity,Infinity,Infinity,Infinity,Infinity,Infinity,Infinity,Infinity,Infinity,Infinity,Infinity,Infinity,Infinity,Infinity,Infinity,Infinity,Infinity,Infinity,Infinity,Infinity,Infinity,Infinity,Infinity,Infinity,Infinity,Infinity,Infinity,Infinity,Infinity,Infinity,Infinity,Infinity,Infinity,Infinity,Infinity,Infinity,Infinity,Infinity,Infinity,Infinity,Infinity,Infinity,Infinity] [0.0,0.0,0.0,0.0,0.0,0.0,0.0,0.0,0.0,0.0,0.0,0.0,0.0,0.0,0.0,0.0,0.0,0.0,0.0,0.0,0.0,0.0,0.0,0.0,0.0,0.0,0.0,0.0,0.0,0.0,0.0,0.0,0.0,0.0,0.0,0.0,0.0,0.0,0.0,0.0,0.0,0.0,0.0,0.0,0.0,0.0,0.0,0.0,0.0,0.0,0.0,0.0,0.0,0.0,0.0,0.0,0.0,0.0,0.0,0.0,0.0,0.0,0.0,0.0,0.0,0.0,0.0,0.0,0.0,0.0,0.0,0.0,0.0,0.0,0.0,0.0,0.0,0.0,0.0,0.0,0.0,0.0,0.0,0.0,0.0,0.0,0.0,0.0,0.0,0.0,0.0,0.0,0.0,0.0,0.0,0.0,0.0,0.0,0.0,0.0,0.0,0.0,0.0,0.0,0.0,0.0,0.0,0.0,0.0,0.0,0.0,0.0,0.0,0.0,0.0,0.0,0.0,0.0,0.0,0.0,0.0,0.0,0.0,0.0,0.0,0.0,0.0,0.0,0.0,0.0,0.0,0.0,0.0,0.0,0.0,0.0,0.0,0.0,0.0,0.0,0.0,0.0,0.0,0.0,0.0,0.0,0.0,0.0,0.0,0.0,0.0,0.0,0.0,0.0,0.0,0.0,0.0,0.0,0.0,0.0,0.0,0.0,0.0,0.0,0.0,0.0,0.0,0.0,0.0,0.0,0.0,0.0,0.0,0.0,0.0,0.0,0.0,0.0,0.0,0.0,0.0,0.0,0.0,0.0,0.0,0.0,0.0,0.0,0.0,0.0,0.0,0.0,0.0,0.0,0.0,0.0,0.0,0.0,0.0,0.0,0.0,0.0,0.0,0.0,0.0,0.0,0.0,0.0,0.0,0.0,0.0,0.0,0.0,0.0,0.0,0.0,0.0,0.0,0.0,0.0,0.0,0.0,0.0,0.0,0.0,0.0,0.0,0.0,0.0,0.0,0.0,0.0,0.0,0.0,0.0,0.0,0.0,0.0,0.0,0.0,0.0,0.0,0.0,0.0,0.0,0.0,0.0,0.0,0.0,0.0,0.0,0.0,0.0,0.0,0.0,0.0,0.0,0.0,0.0,0.0,0.0,0.0,0.0,0.0,0.0,0.0,0.0,0.0,0.0,0.0,0.0,0.0,0.0,0.0,0.0,0.0,0.0,0.0,0.0,0.0,0.0,0.0,0.0,0.0,0.0,0.0,0.0,0.0,0.0,0.0,0.0,0.0,0.0,0.0,0.0,0.0,0.0,0.0,0.0,0.0]
56255.01179177219 [0.0,0.0,0.0,0.0,0.0,0.0,0.0,0.0,0.0,0.0,0.0,0.0,0.0,0.0,0.0,0.0,0.0,0.0,0.0,0.0,0.0,0.0,0.0,0.0,0.0,0.0,0.0,0.0,0.0,0.0,0.0,0.0,0.0,0.0,0.0,0.0,0.0,0.0,0.0,0.0,0.0,0.0,0.0,0.0,0.0,0.0,0.0,0.0,0.0,0.0,0.0,0.0,0.0,0.0,0.0,0.0,0.0,0.0,0.0,0.0,0.0,0.0,0.0,0.0,0.0,0.0,0.0,0.0,0.0,0.0,0.0,0.0,0.0,0.0,0.0,0.0,0.0,0.0,0.0,0.0,0.0,0.0,0.0,0.0,0.0,0.0,0.0,0.0,0.0,0.0,0.0,0.0,0.0,0.0,0.0,0.0,0.0,0.0,0.0,0.0,0.0,0.0,0.0,0.0,0.0,0.0,0.0,0.0,0.0,0.0,0.0,0.0,0.0,0.0,0.0,0.0,0.0,0.0,0.0,0.0,0.0,0.0,0.0,0.0,0.0,0.0,0.0,0.0,0.0,0.0,0.0,0.0,0.0,0.0,0.0,0.0,0.0,0.0,0.0,0.0,87.23495404326101,31.246936108205222,0.36589730848640983,7.820199604564604,39.59213368687128,87.16778198003605,117.90128982565098,182.64629473154125,204.56586800161554,204.7585661053044,200.8044387297311,163.3284891685423,127.12991399338499,123.39280475460049,159.63977373686575,197.8104852456166,288.69511433572353,346.639200579482,357.47477720817784,389.1938625752895,404.42727009546104,465.2806477628558,438.7897182995247,407.12392798113467,312.26614320287564,204.45431670960534,183.9760008694066,247.65728868707708,416.34717277593074,629.7082909934959,753.1112335461228,668.220735910692,602.1834743983309,519.2559052288036,514.4949417645843,527.7864388286429,576.1909598460229,538.8505652617075,548.4902114009986,591.7388108443171,514.8894813553502,490.2540869279364,410.57228765682,357.444360375164,312.5470548224645,332.66211507703156,451.4415228211072,540.1728469267624,655.3137481006889,727.347296510505,720.6266729296368,631.8598780246515,539.9084593772053,398.42570295482636,338.83108879257577,350.396688406892,326.41350898279387,349.81516258411847,372.1035306029938,373.8232939343955,284.60699347175904,291.98180480861384,311.21633416615083,377.04161945758057,466.645502955637,551.1092863975291,540.5573985505955,527.2469693624465,463.9426050171821,410.48480391333743,401.94208351125263,405.9058408761007,366.4042194865029,360.27543774897345,387.6879792013408,343.5198779275287,311.30389278704047,300.77036084098984,309.6427547073101,339.9010858588959,400.2727412949833,399.3987767070996,380.7209892680272,324.90742072761753,312.9431714699844,192.00082028582534,135.47355745489762,183.6846043373914,239.55383483207478,275.40735938992884,264.1732702627849,273.87855205127175,255.48881286078392,249.18820665921933,246.41579232348366,212.508985462218,187.41047417596658,175.84839951821172,156.4551150749991,141.30184177913983,134.09928762530507,125.12663331705679,132.28709992970514,119.57494359168726,113.03031770186917,102.44278439971939,97.85271328557845,116.90655420514327,112.8088628573967,90.4972894156227,79.70288958039644,77.44514020276195,74.15528500612207,69.36431486448278,63.457307987807766,57.52351724708085,76.27969397378222,78.55680981431352,74.01682642947128,73.95143855235135,61.536138798365116,45.53990739132875,30.540192875623294,42.15839203288417,48.213941970547886,67.7659366282373,85.12605266970901,108.48112641665634,118.74686849525014,108.56576881042307,113.32086218706262,108.913371280305,85.573551092126,76.74007433054472,60.34871404325038,59.50243679473771,44.87422479644491,53.258371426396415,40.082473217505694,39.868359591935295,32.62632030067366,33.800733916964674,31.603479513256953,32.01248623908467,26.42663485585739,26.646955388648013,22.285889365476482,28.478650346282173,26.619667112330035,23.41989231543532,21.765852754181594,18.817622429547608,18.361823125335818,18.62885371162616,15.122855887639629,16.067672069755012,14.987072254366664,13.997662168275268,11.90868612117549,11.582730412225924] [1311.2619900786005,1321.8202200865917,1332.463464547639,1343.19240799478,1354.0077404728797,1364.9101575830227,1375.9003605272408,1386.9790561536227,1398.1469570017646,1409.4047813486081,1420.7532532546286,1432.193102610412,1443.7250651835902,1455.3498826661717,1467.068302722235,1478.881079036026,1490.78897136042,1502.7927455657994,1514.8931736892998,1527.0910339844697,1539.3871109713293,1551.7821954868166,1564.2770847356642,1576.872582341659,1589.569498399342,1602.368649526097,1615.270858914685,1628.2769563861766,1641.3877784433362,1654.6041683244075,1667.9269760573632,1681.3570585145608,1694.895279467867,1708.5425096441993,1722.2996267815402,1736.1675156853773,1750.1470682856248,1764.2391836939755,1778.4447682617345,1792.7647356381167,1807.2000068289992,1821.7515102561672,1836.4201818170154,1851.2069649447558,1866.112810669078,1881.1386776773347,1896.285532376183,1911.5543489537563,1926.9461094423048,1942.4618037813711,1958.1024298814455,1973.8689936881608,1989.7625092469793,2005.7839987684179,2021.9344926937952,2038.215029761504,2054.626657073813,2071.1704301642176,2087.8474130653335,2104.6586783773164,2121.605307336866,2138.6883898867477,2155.9090247459117,2173.268319480143,2190.767390573309,2208.407363499154,2226.1893727937027,2244.1145621282076,2262.184084382728,2280.399101720259,2298.7607856614945,2317.2703171601615,2335.9288866789793,2354.7376942662327,2373.6979496329395,2392.810872230673,2412.077691329971,2431.4996460994216,2451.0779856853383,2470.813969292122,2490.7088662632277,2510.763956162824,2530.9805288580706,2551.359884602096,2571.9033341176064,2592.612198681206,2613.487810208354,2634.5315113390543,2655.7446555241822,2677.1286071125573,2698.6847414386757,2720.4144449111714,2742.319115101994,2764.4001608362782,2786.6590022829737,2809.097071046162,2831.715810257159,2854.5166746673017,2877.5011307415425,2900.67065675274,2924.0267428767575,2947.570891288285,2971.304616257478,2995.22944424732,3019.346914011829,3043.658576695001,3068.1659959305807,3092.870747942638,3117.7744216469364,3142.87861875312,3168.1849538677375,3193.695054598094,3219.410561656912,3245.333128967883,3271.4644237720117,3297.806126734876,3324.3599320546946,3351.1275475713155,3378.1106948760344,3405.3111094223436,3432.7305406375262,3460.3707520352004,3488.23352132871,3516.320640545493,3544.6339161423107,3573.1751691214417,3601.9462351478164,3630.9489646670518,3660.1852230244945,3689.6568905851636,3719.3658628547196,3749.3140506013438,3779.5033799786634,3809.935792649603,3840.6132459112973,3871.5377128209448,3902.7111823227383,3934.135659375755,3965.8131650829396,3997.7457368210635,4029.9354283717907,4062.3843100537392,4095.0944688556665,4128.068008570669,4161.3070499315045,4194.813730746993,4228.590206039511,4262.638648183577,4296.961247045588,4331.560210124669,4366.437762694626,4401.596147947099,4437.037627135803,4472.764479721992,4508.779003521039,4545.083514850253,4581.680348677821,4618.571858773019,4655.7604178575675,4693.248417758249,4731.038269560753,4769.132403764733,4807.533270440121,4846.243339384716,4885.265100283049,4924.601062866471,4964.253757074609,5004.22573321805,5044.519562142395,5085.137835393579,5126.08316538458,5167.3581855634,5208.965550582488,5250.907936469426,5293.188040799074,5335.808582867062,5378.772303864684,5422.081967055189,5465.740357951513,5509.7502844954415,5554.1145772382,5598.836089522486,5643.917697666003,5689.362301146471,5735.17282278806,5781.352208949439,5827.903429713208,5874.829479076986,5922.133375145914,5969.818160326825,6017.886901523867,6066.342690335802,6115.188643254807,6164.427901866934,6214.06363305417,6264.099029198114,6314.537308385285,6365.381714614103,6416.635518003553,6468.302015003491,6520.384528606639,6572.88640856233,6625.811031591967,6679.16180160615,6732.942149923667,6787.155535492116,6841.805445110439,6896.895393653112,6952.428924296275,7008.409608745552,7064.841047465831,7121.726869912778,7179.070734766296,7236.876330165845,7295.147373947643,7353.887613883764,7413.100827923194,7472.790824434837,7532.961442452409,7593.616551921397,7654.7600539479145,7716.395881049652,7778.527997408752,7841.160399126823,7904.2971144818985,7967.94220418758,8032.099761654146,8096.773913251861,8161.968818576374,8227.688670716232,8293.937696522553,8360.720156880894,8428.04034698531,8495.90259661459,8564.311270410717,8633.270768159597,8702.785525074065,8772.860012079082,8843.498736099358,8914.706240349144,8986.487104624512,9058.845945597834,9131.787417114787,9205.31621049359,9279.437054826807,9354.154717285446,9429.47400342559,9505.399757497484,9581.936862757088,9659.090241780126,9736.864856778713,9815.265709920519,9894.297843650465,9973.966341015032,10054.276325989182,10135.232963805956,10216.841461288606,10299.107067185563,10382.035072507933,10465.630810869876,10549.89965883156,10634.84703624505,10720.478406602804,10806.799277389146,10893.815200434417,10981.531772272076,11069.954634498676,11159.08947413668,11248.94202400021,11339.518063063782,11430.823416834026,11522.863957724268,11615.64560543233,11709.174327321158,11803.456138802712,11898.49710372478,11994.303334761045,12090.880993804161,12188.23629236214,12286.375491957784,12385.304904531427,12485.030892846919,12585.55987090084,12686.898304334996,12789.052710852275,12892.029660635888,12995.8357767719,13100.477735675182,13205.962267518828,13312.296156667053,13419.486242111492,13527.539417911097,13636.462633635434,13746.262894811807,13856.947263375758,13968.522858125163,14080.996855178266,14194.376488435144,14308.66905004285,14423.881890864615] 0.31126199007860056 [Infinity,Infinity,Infinity,Infinity,Infinity,Infinity,Infinity,Infinity,Infinity,Infinity,Infinity,Infinity,Infinity,Infinity,Infinity,Infinity,Infinity,Infinity,Infinity,Infinity,Infinity,Infinity,Infinity,Infinity,Infinity,Infinity,Infinity,Infinity,Infinity,Infinity,Infinity,Infinity,Infinity,Infinity,Infinity,Infinity,Infinity,Infinity,Infinity,Infinity,Infinity,Infinity,Infinity,Infinity,Infinity,Infinity,Infinity,Infinity,Infinity,Infinity,Infinity,Infinity,Infinity,Infinity,Infinity,Infinity,Infinity,Infinity,Infinity,Infinity,Infinity,Infinity,Infinity,Infinity,Infinity,Infinity,Infinity,Infinity,Infinity,Infinity,Infinity,Infinity,Infinity,Infinity,Infinity,Infinity,Infinity,Infinity,Infinity,Infinity,Infinity,Infinity,Infinity,Infinity,Infinity,Infinity,Infinity,Infinity,Infinity,Infinity,Infinity,Infinity,Infinity,Infinity,Infinity,Infinity,Infinity,Infinity,Infinity,Infinity,Infinity,Infinity,Infinity,Infinity,Infinity,Infinity,Infinity,Infinity,Infinity,Infinity,Infinity,Infinity,Infinity,Infinity,Infinity,Infinity,Infinity,Infinity,Infinity,Infinity,Infinity,Infinity,Infinity,Infinity,Infinity,Infinity,Infinity,Infinity,Infinity,Infinity,Infinity,Infinity,Infinity,Infinity,Infinity,Infinity,Infinity,Infinity,Infinity,Infinity,4.617035009089223,1.7125821171053075,0.017804825789943635,0.3533746969406407,2.0202887786849493,4.217229400687442,6.459020167755121,8.470005934933248,9.944238689080372,10.497248359959412,9.72108106284863,7.8636650741910445,6.2182505867853255,6.090638658584306,7.661680938071065,10.506421656956025,13.976969067035075,17.00227282092128,18.590835427115557,19.34666127027614,20.750049833001682,22.86926370122516,23.396722434641873,20.39807754586136,15.25798517582562,10.497553821795917,8.72350036046087,12.60958496506051,21.952402375942704,31.426719982605114,36.22928613558893,35.90398105076716,31.374261575333424,26.148045402333253,24.590061303523967,26.334202212001532,27.78630131603827,27.85738186588535,28.04291450206539,28.567287266770894,27.843745396979028,25.117935113061968,21.193016519333476,17.393786072172333,15.683955060777318,17.198941321095113,21.470169757751094,27.18766570958534,31.979925593885252,34.47254867191405,34.80068299802086,32.674269133024836,27.407788623736472,20.99276929752076,17.175755896485118,16.016215327474676,15.897678292666498,16.913733341554813,18.709563711877387,18.148951109399473,15.102519823090205,14.54937092273257,16.820954593648544,18.89894637224821,22.015833129512927,26.721625498803213,28.03651854551315,25.294955086604183,22.743254975573542,21.39502481016465,20.635745480684367,19.500051406838892,18.44512293789736,18.552164678487493,18.565941616415607,17.6149448137137,16.16364207637034,15.15925964135474,15.458575313160202,17.319194399185943,19.551177393484018,20.22075375865797,17.96834265644981,16.29693836836899,15.234902188622206,9.7483279720748,6.70664220339618,8.941513516110039,11.97018100255385,13.238417703785549,13.148836724406456,12.915569087020183,12.58095127918256,12.245398190683575,11.61166594434987,10.505863252220333,9.481697176274436,8.371540075923328,7.568010235790121,7.215539144188936,6.639337667658817,6.528849373138148,6.22636470341911,5.844558087438088,5.882460481567687,5.454726982600147,5.284915074919319,5.494076546064094,5.370372529524027,4.671663046295864,3.9968037587125806,3.6677019721984174,3.5743681263794107,3.389852926004674,3.0339586137077745,3.22996919269269,3.804181451314961,3.886017654852587,3.801231774187501,3.706148884701681,3.00041462771231,2.2682552232537097,1.5357308589977259,2.0117217077044396,2.593908450812158,3.3737589255869294,4.363568924762488,5.264581897031148,5.618946281069525,6.007665322838794,5.961005272201474,5.52872751347494,4.490822398154039,3.6840432609952303,3.106431804967833,2.9621636202823063,2.314572960378668,2.591020293272433,1.9266080393186829,1.9484813501679832,1.7835096389080256,1.7726431269257525,1.6464829617901409,1.5660771836540524,1.3323305691800578,1.2722687328241562,1.1555894043395303,1.3312847772787846,1.2616549126765897,1.2174139601398537,1.093746097942144,0.9181864388154988,0.931450382967182,0.9802624718237546,0.8268705807387189,0.7877724037481801,0.7177161595786197,0.6649358947234488,0.6355443122466761,0.6082282246636039] [0.0,0.0,0.0,0.0,0.0,0.0,0.0,0.0,0.0,0.0,0.0,0.0,0.0,0.0,0.0,0.0,0.0,0.0,0.0,0.0,0.0,0.0,0.0,0.0,0.0,0.0,0.0,0.0,0.0,0.0,0.0,0.0,0.0,0.0,0.0,0.0,0.0,0.0,0.0,0.0,0.0,0.0,0.0,0.0,0.0,0.0,0.0,0.0,0.0,0.0,0.0,0.0,0.0,0.0,0.0,0.0,0.0,0.0,0.0,0.0,0.0,0.0,0.0,0.0,0.0,0.0,0.0,0.0,0.0,0.0,0.0,0.0,0.0,0.0,0.0,0.0,0.0,0.0,0.0,0.0,0.0,0.0,0.0,0.0,0.0,0.0,0.0,0.0,0.0,0.0,0.0,0.0,0.0,0.0,0.0,0.0,0.0,0.0,0.0,0.0,0.0,0.0,0.0,0.0,0.0,0.0,0.0,0.0,0.0,0.0,0.0,0.0,0.0,0.0,0.0,0.0,0.0,0.0,0.0,0.0,0.0,0.0,0.0,0.0,0.0,0.0,0.0,0.0,0.0,0.0,0.0,0.0,0.0,0.0,0.0,0.0,0.0,0.0,0.0,0.0,-5.105746138523465,-3.0047062339009294,0.009800792687537134,0.7527056657517897,-0.8136418868277095,2.8231939662872185,-11.279113529451442,13.246176032876281,5.6810942200081085,-5.186401093883847,6.382817472758522,6.055187684721395,2.76490225767847,1.5800315829143599,6.406154975444449,-12.317947893503911,9.155732995022067,6.593744161056423,-14.341931334133282,2.2606371697666727,-10.573726564572617,7.895373738352529,-29.144730393312795,-0.8376229360924712,7.1064396863632435,-5.496759726313001,9.50599366018921,-4.534410614133125,-22.70087474292329,1.1738913413936019,28.52551083434429,-49.858885104651094,-25.301757108337593,-3.7050028178614816,22.693715694104945,1.102394588612204,20.464933525257447,-18.297072055999507,-12.368078640309125,20.39306550889924,-41.98542658423041,-12.10461533330301,-13.288042729849524,9.568638931717395,-1.1320463930819005,-11.31671134487073,22.03812766608532,-3.580467264944348,15.715236222983929,37.89632307222403,24.6130129692195,-21.625504635845182,-8.247313097524216,-21.429682995588834,-4.684029137126584,30.072381857398526,8.459943129463934,11.54049575302217,-2.087743634553894,10.84427174640606,-17.44340299004504,0.9943863539624308,-25.202757706820048,-0.9373079873836272,26.32884036537849,16.676776421464922,-20.172972359667515,21.34786763036279,9.077505505711214,-17.41569228995552,-10.772826102434708,15.904812739322816,-2.4982392714442963,-10.767855820776361,16.36914687302865,-8.779018346745314,-11.968948740366352,-2.414831986104936,0.47124844410602174,-6.482802124822988,9.249193425302943,-5.016298466059812,21.354136139031052,-1.031346639762313,8.245127697540257,-2.965739155670687,1.340713386974006,4.85433401519062,0.1502147809977736,10.63900531421784,1.1965357746557945,15.567170310868088,3.8697872771326898,4.280242845547821,14.182473436486271,2.391720417811325,-2.2234693495221265,8.417597999745166,5.094910359196677,-3.008941104638896,1.312534272128717,-5.450354145706167,7.759805861322929,2.683781842925495,-4.618891929484569,-6.651755252283543,-7.845588212807931,7.0250232838613895,5.401412266916171,-2.9359715102945687,-0.2331855938551665,4.091100758793603,2.6679224785338533,1.5672563443892897,2.778135713652275,-7.075866606772951,0.19606494748298975,0.8364567172617772,-2.00780905427874,-0.17153914168226791,1.5278462441189182,0.1748029262545472,-0.17442430433122003,1.923957878795385,-3.6642270456952746,0.2907581164987107,-2.1453258255407315,3.1894884760333824,6.3679428738596275,-11.587537646352809,-5.899243256966876,-1.661178989193806,-4.242896870954795,3.0592091106401136,-1.779922056106283,0.2591643890915842,-1.4172344111284447,1.4379655609477573,1.550312431132033,0.8987325885756334,-3.0438724774868513,-1.6521286215503772,-1.3261797225458618,0.6909425660036278,-0.21997652774376394,1.2015807321648895,-0.8258987213141223,1.8529548007064818,1.3865688587982417,-0.9283868873617518,-0.10906920466128898,0.45389365323763153,-0.2671845340078228,-0.9763957248489329,-1.4145557271347484,0.31222399479140983,0.6327490627942719,0.6989442738062902,-0.8022001237580303,-0.5818340810461552]
56155.08342508607 [0.0,0.0,0.0,0.0,0.0,0.0,0.0,0.0,0.0,0.0,0.0,0.0,0.0,0.0,0.0,0.0,0.0,0.0,0.0,0.0,0.0,0.0,0.0,0.0,0.0,0.0,0.0,0.0,0.0,0.0,0.0,0.0,0.0,0.0,0.0,0.0,0.0,0.0,0.0,0.0,0.0,0.0,0.0,0.0,0.0,0.0,0.0,0.0,0.0,0.0,0.0,0.0,0.0,0.0,0.0,0.0,0.0,0.0,0.0,0.0,0.0,0.0,0.0,0.0,0.0,0.0,0.0,0.0,0.0,0.0,0.0,0.0,0.0,0.0,0.0,0.0,0.0,0.0,0.0,0.0,0.0,0.0,0.0,0.0,0.0,0.0,0.0,0.0,0.0,0.0,0.0,0.0,0.0,0.0,0.0,0.0,0.0,0.0,0.0,0.0,0.0,0.0,0.0,0.0,0.0,0.0,0.0,0.0,0.0,0.0,0.0,0.0,0.0,0.0,0.0,0.0,0.0,0.0,0.0,0.0,0.0,0.0,0.0,0.0,0.0,0.0,0.0,0.0,0.0,0.0,0.0,0.0,0.0,0.0,0.0,0.0,0.0,0.0,0.0,0.0,0.0,0.0,0.0,0.0,0.0,0.0,0.0,0.0,0.0,0.0,0.0,0.0,0.0,0.0,0.0,0.0,0.0,0.0,0.0,0.0,0.0,0.0,0.0,0.0,0.0,0.0,0.0,0.0,0.0,0.0,0.0,0.0,0.0,0.0,0.0,0.0,0.0,0.0,0.0,0.0,0.0,0.0,0.0,0.0,0.0,0.0,0.0,0.0,0.0,0.0,0.0,0.0,0.0,0.0,0.0,0.0,0.0,0.0,0.0,0.0,0.0,0.0,0.0,0.0,0.0,0.0,0.0,0.0,0.0,0.0,0.0,0.0,0.0,0.0,0.0,0.0,0.0,0.0,0.0,0.0,0.0,0.0,0.0,0.0,0.0,0.0,0.0,0.0,0.0,0.0,0.0,0.0,0.0,0.0,0.0,0.0,0.0,0.0,0.0,0.0,0.0,0.0,0.0,0.0,0.0,0.0,0.0,0.0,0.0,0.0,0.0,0.0,0.0,0.0,0.0,0.0,0.0,0.0,0.0,0.0,0.0,0.0,0.0,0.0,0.0,0.0,0.0,0.0,0.0,0.0,0.0,0.0,0.0,0.0,0.0,0.0,0.0,0.0,0.0,0.0,0.0,0.0,0.0,0.0,0.0,0.0,0.0,0.0,0.0,0.0,0.0,0.0,0.0,0.0,0.0,0.0,0.0,0.0,0.0,0.0] [1311.2619900786005,1321.8202200865917,1332.463464547639,1343.19240799478,1354.0077404728797,1364.9101575830227,1375.9003605272408,1386.9790561536227,1398.1469570017646,1409.4047813486081,1420.7532532546286,1432.193102610412,1443.7250651835902,1455.3498826661717,1467.068302722235,1478.881079036026,1490.78897136042,1502.7927455657994,1514.8931736892998,1527.0910339844697,1539.3871109713293,1551.7821954868166,1564.2770847356642,1576.872582341659,1589.569498399342,1602.368649526097,1615.270858914685,1628.2769563861766,1641.3877784433362,1654.6041683244075,1667.9269760573632,1681.3570585145608,1694.895279467867,1708.5425096441993,1722.2996267815402,1736.1675156853773,1750.1470682856248,1764.2391836939755,1778.4447682617345,1792.7647356381167,1807.2000068289992,1821.7515102561672,1836.4201818170154,1851.2069649447558,1866.112810669078,1881.1386776773347,1896.285532376183,1911.5543489537563,1926.9461094423048,1942.4618037813711,1958.1024298814455,1973.8689936881608,1989.7625092469793,2005.7839987684179,2021.9344926937952,2038.215029761504,2054.626657073813,2071.1704301642176,2087.8474130653335,2104.6586783773164,2121.605307336866,2138.6883898867477,2155.9090247459117,2173.268319480143,2190.767390573309,2208.407363499154,2226.1893727937027,2244.1145621282076,2262.184084382728,2280.399101720259,2298.7607856614945,2317.2703171601615,2335.9288866789793,2354.7376942662327,2373.6979496329395,2392.810872230673,2412.077691329971,2431.4996460994216,2451.0779856853383,2470.813969292122,2490.7088662632277,2510.763956162824,2530.9805288580706,2551.359884602096,2571.9033341176064,2592.612198681206,2613.487810208354,2634.5315113390543,2655.7446555241822,2677.1286071125573,2698.6847414386757,2720.4144449111714,2742.319115101994,2764.4001608362782,2786.6590022829737,2809.097071046162,2831.715810257159,2854.5166746673017,2877.5011307415425,2900.67065675274,2924.0267428767575,2947.570891288285,2971.304616257478,2995.22944424732,3019.346914011829,3043.658576695001,3068.1659959305807,3092.870747942638,3117.7744216469364,3142.87861875312,3168.1849538677375,3193.695054598094,3219.410561656912,3245.333128967883,3271.4644237720117,3297.806126734876,3324.3599320546946,3351.1275475713155,3378.1106948760344,3405.3111094223436,3432.7305406375262,3460.3707520352004,3488.23352132871,3516.320640545493,3544.6339161423107,3573.1751691214417,3601.9462351478164,3630.9489646670518,3660.1852230244945,3689.6568905851636,3719.3658628547196,3749.3140506013438,3779.5033799786634,3809.935792649603,3840.6132459112973,3871.5377128209448,3902.7111823227383,3934.135659375755,3965.8131650829396,3997.7457368210635,4029.9354283717907,4062.3843100537392,4095.0944688556665,4128.068008570669,4161.3070499315045,4194.813730746993,4228.590206039511,4262.638648183577,4296.961247045588,4331.560210124669,4366.437762694626,4401.596147947099,4437.037627135803,4472.764479721992,4508.779003521039,4545.083514850253,4581.680348677821,4618.571858773019,4655.7604178575675,4693.248417758249,4731.038269560753,4769.132403764733,4807.533270440121,4846.243339384716,4885.265100283049,4924.601062866471,4964.253757074609,5004.22573321805,5044.519562142395,5085.137835393579,5126.08316538458,5167.3581855634,5208.965550582488,5250.907936469426,5293.188040799074,5335.808582867062,5378.772303864684,5422.081967055189,5465.740357951513,5509.7502844954415,5554.1145772382,5598.836089522486,5643.917697666003,5689.362301146471,5735.17282278806,5781.352208949439,5827.903429713208,5874.829479076986,5922.133375145914,5969.818160326825,6017.886901523867,6066.342690335802,6115.188643254807,6164.427901866934,6214.06363305417,6264.099029198114,6314.537308385285,6365.381714614103,6416.635518003553,6468.302015003491,6520.384528606639,6572.88640856233,6625.811031591967,6679.16180160615,6732.942149923667,6787.155535492116,6841.805445110439,6896.895393653112,6952.428924296275,7008.409608745552,7064.841047465831,7121.726869912778,7179.070734766296,7236.876330165845,7295.147373947643,7353.887613883764,7413.100827923194,7472.790824434837,7532.961442452409,7593.616551921397,7654.7600539479145,7716.395881049652,7778.527997408752,7841.160399126823,7904.2971144818985,7967.94220418758,8032.099761654146,8096.773913251861,8161.968818576374,8227.688670716232,8293.937696522553,8360.720156880894,8428.04034698531,8495.90259661459,8564.311270410717,8633.270768159597,8702.785525074065,8772.860012079082,8843.498736099358,8914.706240349144,8986.487104624512,9058.845945597834,9131.787417114787,9205.31621049359,9279.437054826807,9354.154717285446,9429.47400342559,9505.399757497484,9581.936862757088,9659.090241780126,9736.864856778713,9815.265709920519,9894.297843650465,9973.966341015032,10054.276325989182,10135.232963805956,10216.841461288606,10299.107067185563,10382.035072507933,10465.630810869876,10549.89965883156,10634.84703624505,10720.478406602804,10806.799277389146,10893.815200434417,10981.531772272076,11069.954634498676,11159.08947413668,11248.94202400021,11339.518063063782,11430.823416834026,11522.863957724268,11615.64560543233,11709.174327321158,11803.456138802712,11898.49710372478,11994.303334761045,12090.880993804161,12188.23629236214,12286.375491957784,12385.304904531427,12485.030892846919,12585.55987090084,12686.898304334996,12789.052710852275,12892.029660635888,12995.8357767719,13100.477735675182,13205.962267518828,13312.296156667053,13419.486242111492,13527.539417911097,13636.462633635434,13746.262894811807,13856.947263375758,13968.522858125163,14080.996855178266,14194.376488435144,14308.66905004285,14423.881890864615] 0.31126199007860056 [Infinity,Infinity,Infinity,Infinity,Infinity,Infinity,Infinity,Infinity,Infinity,Infinity,Infinity,Infinity,Infinity,Infinity,Infinity,Infinity,Infinity,Infinity,Infinity,Infinity,Infinity,Infinity,Infinity,Infinity,Infinity,Infinity,Infinity,Infinity,Infinity,Infinity,Infinity,Infinity,Infinity,Infinity,Infinity,Infinity,Infinity,Infinity,Infinity,Infinity,Infinity,Infinity,Infinity,Infinity,Infinity,Infinity,Infinity,Infinity,Infinity,Infinity,Infinity,Infinity,Infinity,Infinity,Infinity,Infinity,Infinity,Infinity,Infinity,Infinity,Infinity,Infinity,Infinity,Infinity,Infinity,Infinity,Infinity,Infinity,Infinity,Infinity,Infinity,Infinity,Infinity,Infinity,Infinity,Infinity,Infinity,Infinity,Infinity,Infinity,Infinity,Infinity,Infinity,Infinity,Infinity,Infinity,Infinity,Infinity,Infinity,Infinity,Infinity,Infinity,Infinity,Infinity,Infinity,Infinity,Infinity,Infinity,Infinity,Infinity,Infinity,Infinity,Infinity,Infinity,Infinity,Infinity,Infinity,Infinity,Infinity,Infinity,Infinity,Infinity,Infinity,Infinity,Infinity,Infinity,Infinity,Infinity,Infinity,Infinity,Infinity,Infinity,Infinity,Infinity,Infinity,Infinity,Infinity,Infinity,Infinity,Infinity,Infinity,Infinity,Infinity,Infinity,Infinity,Infinity,Infinity,Infinity,Infinity,Infinity,Infinity,Infinity,Infinity,Infinity,Infinity,Infinity,Infinity,Infinity,Infinity,Infinity,Infinity,Infinity,Infinity,Infinity,Infinity,Infinity,Infinity,Infinity,Infinity,Infinity,Infinity,Infinity,Infinity,Infinity,Infinity,Infinity,Infinity,Infinity,Infinity,Infinity,Infinity,Infinity,Infinity,Infinity,Infinity,Infinity,Infinity,Infinity,Infinity,Infinity,Infinity,Infinity,Infinity,Infinity,Infinity,Infinity,Infinity,Infinity,Infinity,Infinity,Infinity,Infinity,Infinity,Infinity,Infinity,Infinity,Infinity,Infinity,Infinity,Infinity,Infinity,Infinity,Infinity,Infinity,Infinity,Infinity,Infinity,Infinity,Infinity,Infinity,Infinity,Infinity,Infinity,Infinity,Infinity,Infinity,Infinity,Infinity,Infinity,Infinity,Infinity,Infinity,Infinity,Infinity,Infinity,Infinity,Infinity,Infinity,Infinity,Infinity,Infinity,Infinity,Infinity,Infinity,Infinity,Infinity,Infinity,Infinity,Infinity,Infinity,Infinity,Infinity,Infinity,Infinity,Infinity,Infinity,Infinity,Infinity,Infinity,Infinity,Infinity,Infinity,Infinity,Infinity,Infinity,Infinity,Infinity,Infinity,Infinity,Infinity,Infinity,Infinity,Infinity,Infinity,Infinity,Infinity,Infinity,Infinity,Infinity,Infinity,Infinity,Infinity,Infinity,Infinity,Infinity,Infinity,Infinity,Infinity,Infinity,Infinity,Infinity,Infinity,Infinity,Infinity,Infinity,Infinity,Infinity,Infinity,Infinity,Infinity,Infinity,Infinity,Infinity,Infinity,Infinity,Infinity,Infinity,Infinity,Infinity,Infinity] [0.0,0.0,0.0,0.0,0.0,0.0,0.0,0.0,0.0,0.0,0.0,0.0,0.0,0.0,0.0,0.0,0.0,0.0,0.0,0.0,0.0,0.0,0.0,0.0,0.0,0.0,0.0,0.0,0.0,0.0,0.0,0.0,0.0,0.0,0.0,0.0,0.0,0.0,0.0,0.0,0.0,0.0,0.0,0.0,0.0,0.0,0.0,0.0,0.0,0.0,0.0,0.0,0.0,0.0,0.0,0.0,0.0,0.0,0.0,0.0,0.0,0.0,0.0,0.0,0.0,0.0,0.0,0.0,0.0,0.0,0.0,0.0,0.0,0.0,0.0,0.0,0.0,0.0,0.0,0.0,0.0,0.0,0.0,0.0,0.0,0.0,0.0,0.0,0.0,0.0,0.0,0.0,0.0,0.0,0.0,0.0,0.0,0.0,0.0,0.0,0.0,0.0,0.0,0.0,0.0,0.0,0.0,0.0,0.0,0.0,0.0,0.0,0.0,0.0,0.0,0.0,0.0,0.0,0.0,0.0,0.0,0.0,0.0,0.0,0.0,0.0,0.0,0.0,0.0,0.0,0.0,0.0,0.0,0.0,0.0,0.0,0.0,0.0,0.0,0.0,0.0,0.0,0.0,0.0,0.0,0.0,0.0,0.0,0.0,0.0,0.0,0.0,0.0,0.0,0.0,0.0,0.0,0.0,0.0,0.0,0.0,0.0,0.0,0.0,0.0,0.0,0.0,0.0,0.0,0.0,0.0,0.0,0.0,0.0,0.0,0.0,0.0,0.0,0.0,0.0,0.0,0.0,0.0,0.0,0.0,0.0,0.0,0.0,0.0,0.0,0.0,0.0,0.0,0.0,0.0,0.0,0.0,0.0,0.0,0.0,0.0,0.0,0.0,0.0,0.0,0.0,0.0,0.0,0.0,0.0,0.0,0.0,0.0,0.0,0.0,0.0,0.0,0.0,0.0,0.0,0.0,0.0,0.0,0.0,0.0,0.0,0.0,0.0,0.0,0.0,0.0,0.0,0.0,0.0,0.0,0.0,0.0,0.0,0.0,0.0,0.0,0.0,0.0,0.0,0.0,0.0,0.0,0.0,0.0,0.0,0.0,0.0,0.0,0.0,0.0,0.0,0.0,0.0,0.0,0.0,0.0,0.0,0.0,0.0,0.0,0.0,0.0,0.0,0.0,0.0,0.0,0.0,0.0,0.0,0.0,0.0,0.0,0.0,0.0,0.0,0.0,0.0,0.0,0.0,0.0,0.0,0.0,0.0,0.0,0.0,0.0,0.0,0.0,0.0,0.0,0.0,0.0,0.0,0.0,0.0]
56320.44381312307 [0.0,0.0,0.0,0.0,0.0,0.0,0.0,0.0,0.0,0.0,0.0,0.0,0.0,0.0,0.0,0.0,0.0,0.0,0.0,0.0,0.0,0.0,0.0,0.0,0.0,0.0,0.0,0.0,0.0,0.0,0.0,0.0,0.0,0.0,0.0,0.0,0.0,0.0,0.0,0.0,0.0,0.0,0.0,0.0,0.0,0.0,0.0,0.0,0.0,0.0,0.0,0.0,0.0,0.0,0.0,0.0,0.0,0.0,0.0,0.0,0.0,0.0,0.0,0.0,0.0,0.0,0.0,0.0,0.0,0.0,0.0,0.0,0.0,0.0,0.0,0.0,0.0,0.0,0.0,0.0,0.0,0.0,0.0,0.0,0.0,0.0,0.0,0.0,0.0,0.0,0.0,0.0,0.0,0.0,0.0,0.0,0.0,0.0,0.0,0.0,0.0,0.0,0.0,0.0,0.0,0.0,0.0,0.0,0.0,0.0,0.0,0.0,0.0,0.0,0.0,0.0,0.0,0.0,0.0,0.0,0.0,0.0,0.0,0.0,0.0,0.0,0.0,0.0,0.0,0.0,0.0,0.0,0.0,0.0,0.0,0.0,0.0,0.0,0.0,0.0,0.0,0.0,0.0,0.0,0.0,0.0,0.0,0.0,0.0,0.0,0.0,0.0,0.0,0.0,0.0,0.0,0.0,0.0,0.0,0.0,0.0,0.0,0.0,0.0,0.0,0.0,0.0,0.0,0.0,0.0,0.0,0.0,0.0,0.0,0.0,0.0,0.0,0.0,0.0,0.0,0.0,0.0,0.0,0.0,0.0,0.0,0.0,0.0,0.0,0.0,0.0,0.0,0.0,0.0,0.0,0.0,0.0,0.0,0.0,0.0,0.0,0.0,0.0,0.0,0.0,0.0,0.0,0.0,0.0,0.0,0.0,0.0,0.0,0.0,0.0,0.0,0.0,0.0,0.0,0.0,0.0,0.0,0.0,0.0,0.0,0.0,0.0,0.0,0.0,0.0,0.0,0.0,0.0,0.0,0.0,0.0,0.0,0.0,0.0,0.0,0.0,0.0,0.0,0.0,0.0,0.0,0.0,0.0,0.0,0.0,0.0,0.0,0.0,0.0,0.0,0.0,0.0,0.0,0.0,0.0,0.0,0.0,0.0,0.0,0.0,0.0,0.0,0.0,0.0,0.0,0.0,0.0,0.0,0.0,0.0,0.0,0.0,0.0,0.0,0.0,0.0,0.0,0.0,0.0,0.0,0.0,0.0,0.0,0.0,0.0,0.0,0.0,0.0,0.0,0.0,0.0,0.0,0.0,0.0,0.0] [1311.2619900786005,1321.8202200865917,1332.463464547639,1343.19240799478,1354.0077404728797,1364.9101575830227,1375.9003605272408,1386.9790561536227,1398.1469570017646,1409.4047813486081,1420.7532532546286,1432.193102610412,1443.7250651835902,1455.3498826661717,1467.068302722235,1478.881079036026,1490.78897136042,1502.7927455657994,1514.8931736892998,1527.0910339844697,1539.3871109713293,1551.7821954868166,1564.2770847356642,1576.872582341659,1589.569498399342,1602.368649526097,1615.270858914685,1628.2769563861766,1641.3877784433362,1654.6041683244075,1667.9269760573632,1681.3570585145608,1694.895279467867,1708.5425096441993,1722.2996267815402,1736.1675156853773,1750.1470682856248,1764.2391836939755,1778.4447682617345,1792.7647356381167,1807.2000068289992,1821.7515102561672,1836.4201818170154,1851.2069649447558,1866.112810669078,1881.1386776773347,1896.285532376183,1911.5543489537563,1926.9461094423048,1942.4618037813711,1958.1024298814455,1973.8689936881608,1989.7625092469793,2005.7839987684179,2021.9344926937952,2038.215029761504,2054.626657073813,2071.1704301642176,2087.8474130653335,2104.6586783773164,2121.605307336866,2138.6883898867477,2155.9090247459117,2173.268319480143,2190.767390573309,2208.407363499154,2226.1893727937027,2244.1145621282076,2262.184084382728,2280.399101720259,2298.7607856614945,2317.2703171601615,2335.9288866789793,2354.7376942662327,2373.6979496329395,2392.810872230673,2412.077691329971,2431.4996460994216,2451.0779856853383,2470.813969292122,2490.7088662632277,2510.763956162824,2530.9805288580706,2551.359884602096,2571.9033341176064,2592.612198681206,2613.487810208354,2634.5315113390543,2655.7446555241822,2677.1286071125573,2698.6847414386757,2720.4144449111714,2742.319115101994,2764.4001608362782,2786.6590022829737,2809.097071046162,2831.715810257159,2854.5166746673017,2877.5011307415425,2900.67065675274,2924.0267428767575,2947.570891288285,2971.304616257478,2995.22944424732,3019.346914011829,3043.658576695001,3068.1659959305807,3092.870747942638,3117.7744216469364,3142.87861875312,3168.1849538677375,3193.695054598094,3219.410561656912,3245.333128967883,3271.4644237720117,3297.806126734876,3324.3599320546946,3351.1275475713155,3378.1106948760344,3405.3111094223436,3432.7305406375262,3460.3707520352004,3488.23352132871,3516.320640545493,3544.6339161423107,3573.1751691214417,3601.9462351478164,3630.9489646670518,3660.1852230244945,3689.6568905851636,3719.3658628547196,3749.3140506013438,3779.5033799786634,3809.935792649603,3840.6132459112973,3871.5377128209448,3902.7111823227383,3934.135659375755,3965.8131650829396,3997.7457368210635,4029.9354283717907,4062.3843100537392,4095.0944688556665,4128.068008570669,4161.3070499315045,4194.813730746993,4228.590206039511,4262.638648183577,4296.961247045588,4331.560210124669,4366.437762694626,4401.596147947099,4437.037627135803,4472.764479721992,4508.779003521039,4545.083514850253,4581.680348677821,4618.571858773019,4655.7604178575675,4693.248417758249,4731.038269560753,4769.132403764733,4807.533270440121,4846.243339384716,4885.265100283049,4924.601062866471,4964.253757074609,5004.22573321805,5044.519562142395,5085.137835393579,5126.08316538458,5167.3581855634,5208.965550582488,5250.907936469426,5293.188040799074,5335.808582867062,5378.772303864684,5422.081967055189,5465.740357951513,5509.7502844954415,5554.1145772382,5598.836089522486,5643.917697666003,5689.362301146471,5735.17282278806,5781.352208949439,5827.903429713208,5874.829479076986,5922.133375145914,5969.818160326825,6017.886901523867,6066.342690335802,6115.188643254807,6164.427901866934,6214.06363305417,6264.099029198114,6314.537308385285,6365.381714614103,6416.635518003553,6468.302015003491,6520.384528606639,6572.88640856233,6625.811031591967,6679.16180160615,6732.942149923667,6787.155535492116,6841.805445110439,6896.895393653112,6952.428924296275,7008.409608745552,7064.841047465831,7121.726869912778,7179.070734766296,7236.876330165845,7295.147373947643,7353.887613883764,7413.100827923194,7472.790824434837,7532.961442452409,7593.616551921397,7654.7600539479145,7716.395881049652,7778.527997408752,7841.160399126823,7904.2971144818985,7967.94220418758,8032.099761654146,8096.773913251861,8161.968818576374,8227.688670716232,8293.937696522553,8360.720156880894,8428.04034698531,8495.90259661459,8564.311270410717,8633.270768159597,8702.785525074065,8772.860012079082,8843.498736099358,8914.706240349144,8986.487104624512,9058.845945597834,9131.787417114787,9205.31621049359,9279.437054826807,9354.154717285446,9429.47400342559,9505.399757497484,9581.936862757088,9659.090241780126,9736.864856778713,9815.265709920519,9894.297843650465,9973.966341015032,10054.276325989182,10135.232963805956,10216.841461288606,10299.107067185563,10382.035072507933,10465.630810869876,10549.89965883156,10634.84703624505,10720.478406602804,10806.799277389146,10893.815200434417,10981.531772272076,11069.954634498676,11159.08947413668,11248.94202400021,11339.518063063782,11430.823416834026,11522.863957724268,11615.64560543233,11709.174327321158,11803.456138802712,11898.49710372478,11994.303334761045,12090.880993804161,12188.23629236214,12286.375491957784,12385.304904531427,12485.030892846919,12585.55987090084,12686.898304334996,12789.052710852275,12892.029660635888,12995.8357767719,13100.477735675182,13205.962267518828,13312.296156667053,13419.486242111492,13527.539417911097,13636.462633635434,13746.262894811807,13856.947263375758,13968.522858125163,14080.996855178266,14194.376488435144,14308.66905004285,14423.881890864615] 0.31126199007860056 [Infinity,Infinity,Infinity,Infinity,Infinity,Infinity,Infinity,Infinity,Infinity,Infinity,Infinity,Infinity,Infinity,Infinity,Infinity,Infinity,Infinity,Infinity,Infinity,Infinity,Infinity,Infinity,Infinity,Infinity,Infinity,Infinity,Infinity,Infinity,Infinity,Infinity,Infinity,Infinity,Infinity,Infinity,Infinity,Infinity,Infinity,Infinity,Infinity,Infinity,Infinity,Infinity,Infinity,Infinity,Infinity,Infinity,Infinity,Infinity,Infinity,Infinity,Infinity,Infinity,Infinity,Infinity,Infinity,Infinity,Infinity,Infinity,Infinity,Infinity,Infinity,Infinity,Infinity,Infinity,Infinity,Infinity,Infinity,Infinity,Infinity,Infinity,Infinity,Infinity,Infinity,Infinity,Infinity,Infinity,Infinity,Infinity,Infinity,Infinity,Infinity,Infinity,Infinity,Infinity,Infinity,Infinity,Infinity,Infinity,Infinity,Infinity,Infinity,Infinity,Infinity,Infinity,Infinity,Infinity,Infinity,Infinity,Infinity,Infinity,Infinity,Infinity,Infinity,Infinity,Infinity,Infinity,Infinity,Infinity,Infinity,Infinity,Infinity,Infinity,Infinity,Infinity,Infinity,Infinity,Infinity,Infinity,Infinity,Infinity,Infinity,Infinity,Infinity,Infinity,Infinity,Infinity,Infinity,Infinity,Infinity,Infinity,Infinity,Infinity,Infinity,Infinity,Infinity,Infinity,Infinity,Infinity,Infinity,Infinity,Infinity,Infinity,Infinity,Infinity,Infinity,Infinity,Infinity,Infinity,Infinity,Infinity,Infinity,Infinity,Infinity,Infinity,Infinity,Infinity,Infinity,Infinity,Infinity,Infinity,Infinity,Infinity,Infinity,Infinity,Infinity,Infinity,Infinity,Infinity,Infinity,Infinity,Infinity,Infinity,Infinity,Infinity,Infinity,Infinity,Infinity,Infinity,Infinity,Infinity,Infinity,Infinity,Infinity,Infinity,Infinity,Infinity,Infinity,Infinity,Infinity,Infinity,Infinity,Infinity,Infinity,Infinity,Infinity,Infinity,Infinity,Infinity,Infinity,Infinity,Infinity,Infinity,Infinity,Infinity,Infinity,Infinity,Infinity,Infinity,Infinity,Infinity,Infinity,Infinity,Infinity,Infinity,Infinity,Infinity,Infinity,Infinity,Infinity,Infinity,Infinity,Infinity,Infinity,Infinity,Infinity,Infinity,Infinity,Infinity,Infinity,Infinity,Infinity,Infinity,Infinity,Infinity,Infinity,Infinity,Infinity,Infinity,Infinity,Infinity,Infinity,Infinity,Infinity,Infinity,Infinity,Infinity,Infinity,Infinity,Infinity,Infinity,Infinity,Infinity,Infinity,Infinity,Infinity,Infinity,Infinity,Infinity,Infinity,Infinity,Infinity,Infinity,Infinity,Infinity,Infinity,Infinity,Infinity,Infinity,Infinity,Infinity,Infinity,Infinity,Infinity,Infinity,Infinity,Infinity,Infinity,Infinity,Infinity,Infinity,Infinity,Infinity,Infinity,Infinity,Infinity,Infinity,Infinity,Infinity,Infinity,Infinity,Infinity,Infinity,Infinity,Infinity,Infinity,Infinity,Infinity,Infinity,Infinity,Infinity] [0.0,0.0,0.0,0.0,0.0,0.0,0.0,0.0,0.0,0.0,0.0,0.0,0.0,0.0,0.0,0.0,0.0,0.0,0.0,0.0,0.0,0.0,0.0,0.0,0.0,0.0,0.0,0.0,0.0,0.0,0.0,0.0,0.0,0.0,0.0,0.0,0.0,0.0,0.0,0.0,0.0,0.0,0.0,0.0,0.0,0.0,0.0,0.0,0.0,0.0,0.0,0.0,0.0,0.0,0.0,0.0,0.0,0.0,0.0,0.0,0.0,0.0,0.0,0.0,0.0,0.0,0.0,0.0,0.0,0.0,0.0,0.0,0.0,0.0,0.0,0.0,0.0,0.0,0.0,0.0,0.0,0.0,0.0,0.0,0.0,0.0,0.0,0.0,0.0,0.0,0.0,0.0,0.0,0.0,0.0,0.0,0.0,0.0,0.0,0.0,0.0,0.0,0.0,0.0,0.0,0.0,0.0,0.0,0.0,0.0,0.0,0.0,0.0,0.0,0.0,0.0,0.0,0.0,0.0,0.0,0.0,0.0,0.0,0.0,0.0,0.0,0.0,0.0,0.0,0.0,0.0,0.0,0.0,0.0,0.0,0.0,0.0,0.0,0.0,0.0,0.0,0.0,0.0,0.0,0.0,0.0,0.0,0.0,0.0,0.0,0.0,0.0,0.0,0.0,0.0,0.0,0.0,0.0,0.0,0.0,0.0,0.0,0.0,0.0,0.0,0.0,0.0,0.0,0.0,0.0,0.0,0.0,0.0,0.0,0.0,0.0,0.0,0.0,0.0,0.0,0.0,0.0,0.0,0.0,0.0,0.0,0.0,0.0,0.0,0.0,0.0,0.0,0.0,0.0,0.0,0.0,0.0,0.0,0.0,0.0,0.0,0.0,0.0,0.0,0.0,0.0,0.0,0.0,0.0,0.0,0.0,0.0,0.0,0.0,0.0,0.0,0.0,0.0,0.0,0.0,0.0,0.0,0.0,0.0,0.0,0.0,0.0,0.0,0.0,0.0,0.0,0.0,0.0,0.0,0.0,0.0,0.0,0.0,0.0,0.0,0.0,0.0,0.0,0.0,0.0,0.0,0.0,0.0,0.0,0.0,0.0,0.0,0.0,0.0,0.0,0.0,0.0,0.0,0.0,0.0,0.0,0.0,0.0,0.0,0.0,0.0,0.0,0.0,0.0,0.0,0.0,0.0,0.0,0.0,0.0,0.0,0.0,0.0,0.0,0.0,0.0,0.0,0.0,0.0,0.0,0.0,0.0,0.0,0.0,0.0,0.0,0.0,0.0,0.0,0.0,0.0,0.0,0.0,0.0,0.0]
56394.73538294296 [0.0,0.0,0.0,0.0,0.0,0.0,0.0,0.0,0.0,0.0,0.0,0.0,0.0,0.0,0.0,0.0,0.0,0.0,0.0,0.0,0.0,0.0,0.0,0.0,0.0,0.0,0.0,0.0,0.0,0.0,0.0,0.0,0.0,0.0,0.0,0.0,0.0,0.0,0.0,0.0,0.0,0.0,0.0,0.0,0.0,0.0,0.0,0.0,0.0,0.0,0.0,0.0,0.0,0.0,0.0,0.0,0.0,0.0,0.0,0.0,0.0,0.0,0.0,0.0,0.0,0.0,0.0,0.0,0.0,0.0,0.0,0.0,0.0,0.0,0.0,0.0,0.0,0.0,0.0,0.0,0.0,0.0,0.0,0.0,0.0,0.0,0.0,0.0,0.0,0.0,0.0,0.0,0.0,0.0,0.0,0.0,0.0,0.0,0.0,0.0,0.0,0.0,0.0,0.0,0.0,0.0,0.0,0.0,0.0,0.0,0.0,0.0,0.0,0.0,0.0,0.0,0.0,0.0,0.0,0.0,0.0,0.0,0.0,0.0,0.0,0.0,0.0,0.0,0.0,0.0,0.0,0.0,0.0,0.0,0.0,0.0,0.0,0.0,0.0,0.0,0.0,0.0,0.0,0.0,0.0,0.0,0.0,0.0,0.0,0.0,0.0,0.0,0.0,0.0,0.0,0.0,0.0,0.0,0.0,0.0,0.0,0.0,0.0,0.0,0.0,0.0,0.0,0.0,0.0,0.0,0.0,0.0,0.0,0.0,0.0,0.0,0.0,0.0,0.0,0.0,0.0,0.0,0.0,0.0,0.0,0.0,0.0,0.0,0.0,0.0,0.0,0.0,0.0,0.0,0.0,0.0,0.0,0.0,0.0,0.0,0.0,0.0,0.0,0.0,0.0,0.0,0.0,0.0,0.0,0.0,0.0,0.0,0.0,0.0,0.0,0.0,0.0,0.0,0.0,0.0,0.0,0.0,0.0,0.0,0.0,0.0,0.0,0.0,0.0,0.0,0.0,0.0,0.0,0.0,0.0,0.0,0.0,0.0,0.0,0.0,0.0,0.0,0.0,0.0,0.0,0.0,0.0,0.0,0.0,0.0,0.0,0.0,0.0,0.0,0.0,0.0,0.0,0.0,0.0,0.0,0.0,0.0,0.0,0.0,0.0,0.0,0.0,0.0,0.0,0.0,0.0,0.0,0.0,0.0,0.0,0.0,0.0,0.0,0.0,0.0,0.0,0.0,0.0,0.0,0.0,0.0,0.0,0.0,0.0,0.0,0.0,0.0,0.0,0.0,0.0,0.0,0.0,0.0,0.0,0.0] [1311.2619900786005,1321.8202200865917,1332.463464547639,1343.19240799478,1354.0077404728797,1364.9101575830227,1375.9003605272408,1386.9790561536227,1398.1469570017646,1409.4047813486081,1420.7532532546286,1432.193102610412,1443.7250651835902,1455.3498826661717,1467.068302722235,1478.881079036026,1490.78897136042,1502.7927455657994,1514.8931736892998,1527.0910339844697,1539.3871109713293,1551.7821954868166,1564.2770847356642,1576.872582341659,1589.569498399342,1602.368649526097,1615.270858914685,1628.2769563861766,1641.3877784433362,1654.6041683244075,1667.9269760573632,1681.3570585145608,1694.895279467867,1708.5425096441993,1722.2996267815402,1736.1675156853773,1750.1470682856248,1764.2391836939755,1778.4447682617345,1792.7647356381167,1807.2000068289992,1821.7515102561672,1836.4201818170154,1851.2069649447558,1866.112810669078,1881.1386776773347,1896.285532376183,1911.5543489537563,1926.9461094423048,1942.4618037813711,1958.1024298814455,1973.8689936881608,1989.7625092469793,2005.7839987684179,2021.9344926937952,2038.215029761504,2054.626657073813,2071.1704301642176,2087.8474130653335,2104.6586783773164,2121.605307336866,2138.6883898867477,2155.9090247459117,2173.268319480143,2190.767390573309,2208.407363499154,2226.1893727937027,2244.1145621282076,2262.184084382728,2280.399101720259,2298.7607856614945,2317.2703171601615,2335.9288866789793,2354.7376942662327,2373.6979496329395,2392.810872230673,2412.077691329971,2431.4996460994216,2451.0779856853383,2470.813969292122,2490.7088662632277,2510.763956162824,2530.9805288580706,2551.359884602096,2571.9033341176064,2592.612198681206,2613.487810208354,2634.5315113390543,2655.7446555241822,2677.1286071125573,2698.6847414386757,2720.4144449111714,2742.319115101994,2764.4001608362782,2786.6590022829737,2809.097071046162,2831.715810257159,2854.5166746673017,2877.5011307415425,2900.67065675274,2924.0267428767575,2947.570891288285,2971.304616257478,2995.22944424732,3019.346914011829,3043.658576695001,3068.1659959305807,3092.870747942638,3117.7744216469364,3142.87861875312,3168.1849538677375,3193.695054598094,3219.410561656912,3245.333128967883,3271.4644237720117,3297.806126734876,3324.3599320546946,3351.1275475713155,3378.1106948760344,3405.3111094223436,3432.7305406375262,3460.3707520352004,3488.23352132871,3516.320640545493,3544.6339161423107,3573.1751691214417,3601.9462351478164,3630.9489646670518,3660.1852230244945,3689.6568905851636,3719.3658628547196,3749.3140506013438,3779.5033799786634,3809.935792649603,3840.6132459112973,3871.5377128209448,3902.7111823227383,3934.135659375755,3965.8131650829396,3997.7457368210635,4029.9354283717907,4062.3843100537392,4095.0944688556665,4128.068008570669,4161.3070499315045,4194.813730746993,4228.590206039511,4262.638648183577,4296.961247045588,4331.560210124669,4366.437762694626,4401.596147947099,4437.037627135803,4472.764479721992,4508.779003521039,4545.083514850253,4581.680348677821,4618.571858773019,4655.7604178575675,4693.248417758249,4731.038269560753,4769.132403764733,4807.533270440121,4846.243339384716,4885.265100283049,4924.601062866471,4964.253757074609,5004.22573321805,5044.519562142395,5085.137835393579,5126.08316538458,5167.3581855634,5208.965550582488,5250.907936469426,5293.188040799074,5335.808582867062,5378.772303864684,5422.081967055189,5465.740357951513,5509.7502844954415,5554.1145772382,5598.836089522486,5643.917697666003,5689.362301146471,5735.17282278806,5781.352208949439,5827.903429713208,5874.829479076986,5922.133375145914,5969.818160326825,6017.886901523867,6066.342690335802,6115.188643254807,6164.427901866934,6214.06363305417,6264.099029198114,6314.537308385285,6365.381714614103,6416.635518003553,6468.302015003491,6520.384528606639,6572.88640856233,6625.811031591967,6679.16180160615,6732.942149923667,6787.155535492116,6841.805445110439,6896.895393653112,6952.428924296275,7008.409608745552,7064.841047465831,7121.726869912778,7179.070734766296,7236.876330165845,7295.147373947643,7353.887613883764,7413.100827923194,7472.790824434837,7532.961442452409,7593.616551921397,7654.7600539479145,7716.395881049652,7778.527997408752,7841.160399126823,7904.2971144818985,7967.94220418758,8032.099761654146,8096.773913251861,8161.968818576374,8227.688670716232,8293.937696522553,8360.720156880894,8428.04034698531,8495.90259661459,8564.311270410717,8633.270768159597,8702.785525074065,8772.860012079082,8843.498736099358,8914.706240349144,8986.487104624512,9058.845945597834,9131.787417114787,9205.31621049359,9279.437054826807,9354.154717285446,9429.47400342559,9505.399757497484,9581.936862757088,9659.090241780126,9736.864856778713,9815.265709920519,9894.297843650465,9973.966341015032,10054.276325989182,10135.232963805956,10216.841461288606,10299.107067185563,10382.035072507933,10465.630810869876,10549.89965883156,10634.84703624505,10720.478406602804,10806.799277389146,10893.815200434417,10981.531772272076,11069.954634498676,11159.08947413668,11248.94202400021,11339.518063063782,11430.823416834026,11522.863957724268,11615.64560543233,11709.174327321158,11803.456138802712,11898.49710372478,11994.303334761045,12090.880993804161,12188.23629236214,12286.375491957784,12385.304904531427,12485.030892846919,12585.55987090084,12686.898304334996,12789.052710852275,12892.029660635888,12995.8357767719,13100.477735675182,13205.962267518828,13312.296156667053,13419.486242111492,13527.539417911097,13636.462633635434,13746.262894811807,13856.947263375758,13968.522858125163,14080.996855178266,14194.376488435144,14308.66905004285,14423.881890864615] 0.31126199007860056 [Infinity,Infinity,Infinity,Infinity,Infinity,Infinity,Infinity,Infinity,Infinity,Infinity,Infinity,Infinity,Infinity,Infinity,Infinity,Infinity,Infinity,Infinity,Infinity,Infinity,Infinity,Infinity,Infinity,Infinity,Infinity,Infinity,Infinity,Infinity,Infinity,Infinity,Infinity,Infinity,Infinity,Infinity,Infinity,Infinity,Infinity,Infinity,Infinity,Infinity,Infinity,Infinity,Infinity,Infinity,Infinity,Infinity,Infinity,Infinity,Infinity,Infinity,Infinity,Infinity,Infinity,Infinity,Infinity,Infinity,Infinity,Infinity,Infinity,Infinity,Infinity,Infinity,Infinity,Infinity,Infinity,Infinity,Infinity,Infinity,Infinity,Infinity,Infinity,Infinity,Infinity,Infinity,Infinity,Infinity,Infinity,Infinity,Infinity,Infinity,Infinity,Infinity,Infinity,Infinity,Infinity,Infinity,Infinity,Infinity,Infinity,Infinity,Infinity,Infinity,Infinity,Infinity,Infinity,Infinity,Infinity,Infinity,Infinity,Infinity,Infinity,Infinity,Infinity,Infinity,Infinity,Infinity,Infinity,Infinity,Infinity,Infinity,Infinity,Infinity,Infinity,Infinity,Infinity,Infinity,Infinity,Infinity,Infinity,Infinity,Infinity,Infinity,Infinity,Infinity,Infinity,Infinity,Infinity,Infinity,Infinity,Infinity,Infinity,Infinity,Infinity,Infinity,Infinity,Infinity,Infinity,Infinity,Infinity,Infinity,Infinity,Infinity,Infinity,Infinity,Infinity,Infinity,Infinity,Infinity,Infinity,Infinity,Infinity,Infinity,Infinity,Infinity,Infinity,Infinity,Infinity,Infinity,Infinity,Infinity,Infinity,Infinity,Infinity,Infinity,Infinity,Infinity,Infinity,Infinity,Infinity,Infinity,Infinity,Infinity,Infinity,Infinity,Infinity,Infinity,Infinity,Infinity,Infinity,Infinity,Infinity,Infinity,Infinity,Infinity,Infinity,Infinity,Infinity,Infinity,Infinity,Infinity,Infinity,Infinity,Infinity,Infinity,Infinity,Infinity,Infinity,Infinity,Infinity,Infinity,Infinity,Infinity,Infinity,Infinity,Infinity,Infinity,Infinity,Infinity,Infinity,Infinity,Infinity,Infinity,Infinity,Infinity,Infinity,Infinity,Infinity,Infinity,Infinity,Infinity,Infinity,Infinity,Infinity,Infinity,Infinity,Infinity,Infinity,Infinity,Infinity,Infinity,Infinity,Infinity,Infinity,Infinity,Infinity,Infinity,Infinity,Infinity,Infinity,Infinity,Infinity,Infinity,Infinity,Infinity,Infinity,Infinity,Infinity,Infinity,Infinity,Infinity,Infinity,Infinity,Infinity,Infinity,Infinity,Infinity,Infinity,Infinity,Infinity,Infinity,Infinity,Infinity,Infinity,Infinity,Infinity,Infinity,Infinity,Infinity,Infinity,Infinity,Infinity,Infinity,Infinity,Infinity,Infinity,Infinity,Infinity,Infinity,Infinity,Infinity,Infinity,Infinity,Infinity,Infinity,Infinity,Infinity,Infinity,Infinity,Infinity,Infinity,Infinity,Infinity,Infinity,Infinity,Infinity,Infinity,Infinity,Infinity,Infinity,Infinity] [0.0,0.0,0.0,0.0,0.0,0.0,0.0,0.0,0.0,0.0,0.0,0.0,0.0,0.0,0.0,0.0,0.0,0.0,0.0,0.0,0.0,0.0,0.0,0.0,0.0,0.0,0.0,0.0,0.0,0.0,0.0,0.0,0.0,0.0,0.0,0.0,0.0,0.0,0.0,0.0,0.0,0.0,0.0,0.0,0.0,0.0,0.0,0.0,0.0,0.0,0.0,0.0,0.0,0.0,0.0,0.0,0.0,0.0,0.0,0.0,0.0,0.0,0.0,0.0,0.0,0.0,0.0,0.0,0.0,0.0,0.0,0.0,0.0,0.0,0.0,0.0,0.0,0.0,0.0,0.0,0.0,0.0,0.0,0.0,0.0,0.0,0.0,0.0,0.0,0.0,0.0,0.0,0.0,0.0,0.0,0.0,0.0,0.0,0.0,0.0,0.0,0.0,0.0,0.0,0.0,0.0,0.0,0.0,0.0,0.0,0.0,0.0,0.0,0.0,0.0,0.0,0.0,0.0,0.0,0.0,0.0,0.0,0.0,0.0,0.0,0.0,0.0,0.0,0.0,0.0,0.0,0.0,0.0,0.0,0.0,0.0,0.0,0.0,0.0,0.0,0.0,0.0,0.0,0.0,0.0,0.0,0.0,0.0,0.0,0.0,0.0,0.0,0.0,0.0,0.0,0.0,0.0,0.0,0.0,0.0,0.0,0.0,0.0,0.0,0.0,0.0,0.0,0.0,0.0,0.0,0.0,0.0,0.0,0.0,0.0,0.0,0.0,0.0,0.0,0.0,0.0,0.0,0.0,0.0,0.0,0.0,0.0,0.0,0.0,0.0,0.0,0.0,0.0,0.0,0.0,0.0,0.0,0.0,0.0,0.0,0.0,0.0,0.0,0.0,0.0,0.0,0.0,0.0,0.0,0.0,0.0,0.0,0.0,0.0,0.0,0.0,0.0,0.0,0.0,0.0,0.0,0.0,0.0,0.0,0.0,0.0,0.0,0.0,0.0,0.0,0.0,0.0,0.0,0.0,0.0,0.0,0.0,0.0,0.0,0.0,0.0,0.0,0.0,0.0,0.0,0.0,0.0,0.0,0.0,0.0,0.0,0.0,0.0,0.0,0.0,0.0,0.0,0.0,0.0,0.0,0.0,0.0,0.0,0.0,0.0,0.0,0.0,0.0,0.0,0.0,0.0,0.0,0.0,0.0,0.0,0.0,0.0,0.0,0.0,0.0,0.0,0.0,0.0,0.0,0.0,0.0,0.0,0.0,0.0,0.0,0.0,0.0,0.0,0.0,0.0,0.0,0.0,0.0,0.0,0.0]
56102.6490253567 [0.0,0.0,0.0,0.0,0.0,0.0,0.0,0.0,0.0,0.0,0.0,0.0,0.0,0.0,0.0,0.0,0.0,0.0,0.0,0.0,0.0,0.0,0.0,0.0,0.0,0.0,0.0,0.0,0.0,0.0,0.0,0.0,0.0,0.0,0.0,0.0,0.0,0.0,0.0,0.0,0.0,0.0,0.0,0.0,0.0,0.0,0.0,0.0,0.0,0.0,0.0,0.0,0.0,0.0,0.0,0.0,0.0,0.0,0.0,0.0,0.0,0.0,0.0,0.0,0.0,0.0,0.0,0.0,0.0,0.0,0.0,0.0,0.0,0.0,0.0,0.0,0.0,0.0,0.0,0.0,0.0,0.0,0.0,0.0,0.0,0.0,0.0,0.0,0.0,0.0,0.0,0.0,0.0,0.0,0.0,0.0,0.0,0.0,0.0,0.0,0.0,0.0,0.0,0.0,0.0,0.0,0.0,0.0,0.0,0.0,0.0,0.0,0.0,0.0,0.0,0.0,0.0,0.0,0.0,0.0,0.0,0.0,0.0,0.0,0.0,0.0,0.0,0.0,0.0,0.0,0.0,0.0,0.0,0.0,0.0,0.0,0.0,0.0,0.0,0.0,0.0,0.0,0.0,0.0,0.0,0.0,0.0,0.0,0.0,0.0,0.0,0.0,0.0,0.0,0.0,0.0,0.0,0.0,0.0,0.0,0.0,0.0,0.0,0.0,0.0,0.0,0.0,0.0,0.0,0.0,0.0,0.0,0.0,0.0,0.0,0.0,0.0,0.0,0.0,0.0,0.0,0.0,0.0,0.0,0.0,0.0,0.0,0.0,0.0,0.0,0.0,0.0,0.0,0.0,0.0,0.0,0.0,0.0,0.0,0.0,0.0,0.0,0.0,0.0,0.0,0.0,0.0,0.0,0.0,0.0,0.0,0.0,0.0,0.0,0.0,0.0,0.0,0.0,0.0,0.0,0.0,0.0,0.0,0.0,0.0,0.0,0.0,0.0,0.0,0.0,0.0,0.0,0.0,0.0,0.0,0.0,0.0,0.0,0.0,0.0,0.0,0.0,0.0,0.0,0.0,0.0,0.0,0.0,0.0,0.0,0.0,0.0,0.0,0.0,0.0,0.0,0.0,0.0,0.0,0.0,0.0,0.0,0.0,0.0,0.0,0.0,0.0,0.0,0.0,0.0,0.0,0.0,0.0,0.0,0.0,0.0,0.0,0.0,0.0,0.0,0.0,0.0,0.0,0.0,0.0,0.0,0.0,0.0,0.0,0.0,0.0,0.0,0.0,0.0,0.0,0.0,0.0,0.0,0.0,0.0] [1311.2619900786005,1321.8202200865917,1332.463464547639,1343.19240799478,1354.0077404728797,1364.9101575830227,1375.9003605272408,1386.9790561536227,1398.1469570017646,1409.4047813486081,1420.7532532546286,1432.193102610412,1443.7250651835902,1455.3498826661717,1467.068302722235,1478.881079036026,1490.78897136042,1502.7927455657994,1514.8931736892998,1527.0910339844697,1539.3871109713293,1551.7821954868166,1564.2770847356642,1576.872582341659,1589.569498399342,1602.368649526097,1615.270858914685,1628.2769563861766,1641.3877784433362,1654.6041683244075,1667.9269760573632,1681.3570585145608,1694.895279467867,1708.5425096441993,1722.2996267815402,1736.1675156853773,1750.1470682856248,1764.2391836939755,1778.4447682617345,1792.7647356381167,1807.2000068289992,1821.7515102561672,1836.4201818170154,1851.2069649447558,1866.112810669078,1881.1386776773347,1896.285532376183,1911.5543489537563,1926.9461094423048,1942.4618037813711,1958.1024298814455,1973.8689936881608,1989.7625092469793,2005.7839987684179,2021.9344926937952,2038.215029761504,2054.626657073813,2071.1704301642176,2087.8474130653335,2104.6586783773164,2121.605307336866,2138.6883898867477,2155.9090247459117,2173.268319480143,2190.767390573309,2208.407363499154,2226.1893727937027,2244.1145621282076,2262.184084382728,2280.399101720259,2298.7607856614945,2317.2703171601615,2335.9288866789793,2354.7376942662327,2373.6979496329395,2392.810872230673,2412.077691329971,2431.4996460994216,2451.0779856853383,2470.813969292122,2490.7088662632277,2510.763956162824,2530.9805288580706,2551.359884602096,2571.9033341176064,2592.612198681206,2613.487810208354,2634.5315113390543,2655.7446555241822,2677.1286071125573,2698.6847414386757,2720.4144449111714,2742.319115101994,2764.4001608362782,2786.6590022829737,2809.097071046162,2831.715810257159,2854.5166746673017,2877.5011307415425,2900.67065675274,2924.0267428767575,2947.570891288285,2971.304616257478,2995.22944424732,3019.346914011829,3043.658576695001,3068.1659959305807,3092.870747942638,3117.7744216469364,3142.87861875312,3168.1849538677375,3193.695054598094,3219.410561656912,3245.333128967883,3271.4644237720117,3297.806126734876,3324.3599320546946,3351.1275475713155,3378.1106948760344,3405.3111094223436,3432.7305406375262,3460.3707520352004,3488.23352132871,3516.320640545493,3544.6339161423107,3573.1751691214417,3601.9462351478164,3630.9489646670518,3660.1852230244945,3689.6568905851636,3719.3658628547196,3749.3140506013438,3779.5033799786634,3809.935792649603,3840.6132459112973,3871.5377128209448,3902.7111823227383,3934.135659375755,3965.8131650829396,3997.7457368210635,4029.9354283717907,4062.3843100537392,4095.0944688556665,4128.068008570669,4161.3070499315045,4194.813730746993,4228.590206039511,4262.638648183577,4296.961247045588,4331.560210124669,4366.437762694626,4401.596147947099,4437.037627135803,4472.764479721992,4508.779003521039,4545.083514850253,4581.680348677821,4618.571858773019,4655.7604178575675,4693.248417758249,4731.038269560753,4769.132403764733,4807.533270440121,4846.243339384716,4885.265100283049,4924.601062866471,4964.253757074609,5004.22573321805,5044.519562142395,5085.137835393579,5126.08316538458,5167.3581855634,5208.965550582488,5250.907936469426,5293.188040799074,5335.808582867062,5378.772303864684,5422.081967055189,5465.740357951513,5509.7502844954415,5554.1145772382,5598.836089522486,5643.917697666003,5689.362301146471,5735.17282278806,5781.352208949439,5827.903429713208,5874.829479076986,5922.133375145914,5969.818160326825,6017.886901523867,6066.342690335802,6115.188643254807,6164.427901866934,6214.06363305417,6264.099029198114,6314.537308385285,6365.381714614103,6416.635518003553,6468.302015003491,6520.384528606639,6572.88640856233,6625.811031591967,6679.16180160615,6732.942149923667,6787.155535492116,6841.805445110439,6896.895393653112,6952.428924296275,7008.409608745552,7064.841047465831,7121.726869912778,7179.070734766296,7236.876330165845,7295.147373947643,7353.887613883764,7413.100827923194,7472.790824434837,7532.961442452409,7593.616551921397,7654.7600539479145,7716.395881049652,7778.527997408752,7841.160399126823,7904.2971144818985,7967.94220418758,8032.099761654146,8096.773913251861,8161.968818576374,8227.688670716232,8293.937696522553,8360.720156880894,8428.04034698531,8495.90259661459,8564.311270410717,8633.270768159597,8702.785525074065,8772.860012079082,8843.498736099358,8914.706240349144,8986.487104624512,9058.845945597834,9131.787417114787,9205.31621049359,9279.437054826807,9354.154717285446,9429.47400342559,9505.399757497484,9581.936862757088,9659.090241780126,9736.864856778713,9815.265709920519,9894.297843650465,9973.966341015032,10054.276325989182,10135.232963805956,10216.841461288606,10299.107067185563,10382.035072507933,10465.630810869876,10549.89965883156,10634.84703624505,10720.478406602804,10806.799277389146,10893.815200434417,10981.531772272076,11069.954634498676,11159.08947413668,11248.94202400021,11339.518063063782,11430.823416834026,11522.863957724268,11615.64560543233,11709.174327321158,11803.456138802712,11898.49710372478,11994.303334761045,12090.880993804161,12188.23629236214,12286.375491957784,12385.304904531427,12485.030892846919,12585.55987090084,12686.898304334996,12789.052710852275,12892.029660635888,12995.8357767719,13100.477735675182,13205.962267518828,13312.296156667053,13419.486242111492,13527.539417911097,13636.462633635434,13746.262894811807,13856.947263375758,13968.522858125163,14080.996855178266,14194.376488435144,14308.66905004285,14423.881890864615] 0.31126199007860056 [Infinity,Infinity,Infinity,Infinity,Infinity,Infinity,Infinity,Infinity,Infinity,Infinity,Infinity,Infinity,Infinity,Infinity,Infinity,Infinity,Infinity,Infinity,Infinity,Infinity,Infinity,Infinity,Infinity,Infinity,Infinity,Infinity,Infinity,Infinity,Infinity,Infinity,Infinity,Infinity,Infinity,Infinity,Infinity,Infinity,Infinity,Infinity,Infinity,Infinity,Infinity,Infinity,Infinity,Infinity,Infinity,Infinity,Infinity,Infinity,Infinity,Infinity,Infinity,Infinity,Infinity,Infinity,Infinity,Infinity,Infinity,Infinity,Infinity,Infinity,Infinity,Infinity,Infinity,Infinity,Infinity,Infinity,Infinity,Infinity,Infinity,Infinity,Infinity,Infinity,Infinity,Infinity,Infinity,Infinity,Infinity,Infinity,Infinity,Infinity,Infinity,Infinity,Infinity,Infinity,Infinity,Infinity,Infinity,Infinity,Infinity,Infinity,Infinity,Infinity,Infinity,Infinity,Infinity,Infinity,Infinity,Infinity,Infinity,Infinity,Infinity,Infinity,Infinity,Infinity,Infinity,Infinity,Infinity,Infinity,Infinity,Infinity,Infinity,Infinity,Infinity,Infinity,Infinity,Infinity,Infinity,Infinity,Infinity,Infinity,Infinity,Infinity,Infinity,Infinity,Infinity,Infinity,Infinity,Infinity,Infinity,Infinity,Infinity,Infinity,Infinity,Infinity,Infinity,Infinity,Infinity,Infinity,Infinity,Infinity,Infinity,Infinity,Infinity,Infinity,Infinity,Infinity,Infinity,Infinity,Infinity,Infinity,Infinity,Infinity,Infinity,Infinity,Infinity,Infinity,Infinity,Infinity,Infinity,Infinity,Infinity,Infinity,Infinity,Infinity,Infinity,Infinity,Infinity,Infinity,Infinity,Infinity,Infinity,Infinity,Infinity,Infinity,Infinity,Infinity,Infinity,Infinity,Infinity,Infinity,Infinity,Infinity,Infinity,Infinity,Infinity,Infinity,Infinity,Infinity,Infinity,Infinity,Infinity,Infinity,Infinity,Infinity,Infinity,Infinity,Infinity,Infinity,Infinity,Infinity,Infinity,Infinity,Infinity,Infinity,Infinity,Infinity,Infinity,Infinity,Infinity,Infinity,Infinity,Infinity,Infinity,Infinity,Infinity,Infinity,Infinity,Infinity,Infinity,Infinity,Infinity,Infinity,Infinity,Infinity,Infinity,Infinity,Infinity,Infinity,Infinity,Infinity,Infinity,Infinity,Infinity,Infinity,Infinity,Infinity,Infinity,Infinity,Infinity,Infinity,Infinity,Infinity,Infinity,Infinity,Infinity,Infinity,Infinity,Infinity,Infinity,Infinity,Infinity,Infinity,Infinity,Infinity,Infinity,Infinity,Infinity,Infinity,Infinity,Infinity,Infinity,Infinity,Infinity,Infinity,Infinity,Infinity,Infinity,Infinity,Infinity,Infinity,Infinity,Infinity,Infinity,Infinity,Infinity,Infinity,Infinity,Infinity,Infinity,Infinity,Infinity,Infinity,Infinity,Infinity,Infinity,Infinity,Infinity,Infinity,Infinity,Infinity,Infinity,Infinity,Infinity,Infinity,Infinity,Infinity,Infinity,Infinity,Infinity,Infinity] [0.0,0.0,0.0,0.0,0.0,0.0,0.0,0.0,0.0,0.0,0.0,0.0,0.0,0.0,0.0,0.0,0.0,0.0,0.0,0.0,0.0,0.0,0.0,0.0,0.0,0.0,0.0,0.0,0.0,0.0,0.0,0.0,0.0,0.0,0.0,0.0,0.0,0.0,0.0,0.0,0.0,0.0,0.0,0.0,0.0,0.0,0.0,0.0,0.0,0.0,0.0,0.0,0.0,0.0,0.0,0.0,0.0,0.0,0.0,0.0,0.0,0.0,0.0,0.0,0.0,0.0,0.0,0.0,0.0,0.0,0.0,0.0,0.0,0.0,0.0,0.0,0.0,0.0,0.0,0.0,0.0,0.0,0.0,0.0,0.0,0.0,0.0,0.0,0.0,0.0,0.0,0.0,0.0,0.0,0.0,0.0,0.0,0.0,0.0,0.0,0.0,0.0,0.0,0.0,0.0,0.0,0.0,0.0,0.0,0.0,0.0,0.0,0.0,0.0,0.0,0.0,0.0,0.0,0.0,0.0,0.0,0.0,0.0,0.0,0.0,0.0,0.0,0.0,0.0,0.0,0.0,0.0,0.0,0.0,0.0,0.0,0.0,0.0,0.0,0.0,0.0,0.0,0.0,0.0,0.0,0.0,0.0,0.0,0.0,0.0,0.0,0.0,0.0,0.0,0.0,0.0,0.0,0.0,0.0,0.0,0.0,0.0,0.0,0.0,0.0,0.0,0.0,0.0,0.0,0.0,0.0,0.0,0.0,0.0,0.0,0.0,0.0,0.0,0.0,0.0,0.0,0.0,0.0,0.0,0.0,0.0,0.0,0.0,0.0,0.0,0.0,0.0,0.0,0.0,0.0,0.0,0.0,0.0,0.0,0.0,0.0,0.0,0.0,0.0,0.0,0.0,0.0,0.0,0.0,0.0,0.0,0.0,0.0,0.0,0.0,0.0,0.0,0.0,0.0,0.0,0.0,0.0,0.0,0.0,0.0,0.0,0.0,0.0,0.0,0.0,0.0,0.0,0.0,0.0,0.0,0.0,0.0,0.0,0.0,0.0,0.0,0.0,0.0,0.0,0.0,0.0,0.0,0.0,0.0,0.0,0.0,0.0,0.0,0.0,0.0,0.0,0.0,0.0,0.0,0.0,0.0,0.0,0.0,0.0,0.0,0.0,0.0,0.0,0.0,0.0,0.0,0.0,0.0,0.0,0.0,0.0,0.0,0.0,0.0,0.0,0.0,0.0,0.0,0.0,0.0,0.0,0.0,0.0,0.0,0.0,0.0,0.0,0.0,0.0,0.0,0.0,0.0,0.0,0.0,0.0]
56183.40502630706 [0.0,0.0,0.0,0.0,0.0,0.0,0.0,0.0,0.0,0.0,0.0,0.0,0.0,0.0,0.0,0.0,0.0,0.0,0.0,0.0,0.0,0.0,0.0,0.0,0.0,0.0,0.0,0.0,0.0,0.0,0.0,0.0,0.0,0.0,0.0,0.0,0.0,0.0,0.0,0.0,0.0,0.0,0.0,0.0,0.0,0.0,0.0,0.0,0.0,0.0,0.0,0.0,0.0,0.0,0.0,0.0,0.0,0.0,0.0,0.0,0.0,0.0,0.0,0.0,0.0,0.0,0.0,0.0,0.0,0.0,0.0,0.0,0.0,0.0,0.0,0.0,0.0,0.0,0.0,0.0,0.0,0.0,0.0,0.0,0.0,0.0,0.0,0.0,0.0,0.0,0.0,0.0,0.0,0.0,0.0,0.0,0.0,0.0,0.0,0.0,0.0,0.0,0.0,0.0,0.0,0.0,0.0,0.0,0.0,0.0,0.0,0.0,0.0,0.0,0.0,0.0,0.0,0.0,0.0,0.0,0.0,0.0,0.0,0.0,0.0,0.0,0.0,0.0,0.0,0.0,0.0,0.0,0.0,0.0,0.0,0.0,0.0,0.0,0.0,0.0,0.0,0.0,0.0,0.0,0.0,0.0,0.0,0.0,0.0,0.0,0.0,0.0,0.0,0.0,0.0,0.0,0.0,0.0,0.0,0.0,0.0,0.0,0.0,0.0,0.0,0.0,0.0,0.0,0.0,0.0,0.0,0.0,0.0,0.0,0.0,0.0,0.0,0.0,0.0,0.0,0.0,0.0,0.0,0.0,0.0,0.0,0.0,0.0,0.0,0.0,0.0,0.0,0.0,0.0,0.0,0.0,0.0,0.0,0.0,0.0,0.0,0.0,0.0,0.0,0.0,0.0,0.0,0.0,0.0,0.0,0.0,0.0,0.0,0.0,0.0,0.0,0.0,0.0,0.0,0.0,0.0,0.0,0.0,0.0,0.0,0.0,0.0,0.0,0.0,0.0,0.0,0.0,0.0,0.0,0.0,0.0,0.0,0.0,0.0,0.0,0.0,0.0,0.0,0.0,0.0,0.0,0.0,0.0,0.0,0.0,0.0,0.0,0.0,0.0,0.0,0.0,0.0,0.0,0.0,0.0,0.0,0.0,0.0,0.0,0.0,0.0,0.0,0.0,0.0,0.0,0.0,0.0,0.0,0.0,0.0,0.0,0.0,0.0,0.0,0.0,0.0,0.0,0.0,0.0,0.0,0.0,0.0,0.0,0.0,0.0,0.0,0.0,0.0,0.0,0.0,0.0,0.0,0.0,0.0,0.0] [1311.2619900786005,1321.8202200865917,1332.463464547639,1343.19240799478,1354.0077404728797,1364.9101575830227,1375.9003605272408,1386.9790561536227,1398.1469570017646,1409.4047813486081,1420.7532532546286,1432.193102610412,1443.7250651835902,1455.3498826661717,1467.068302722235,1478.881079036026,1490.78897136042,1502.7927455657994,1514.8931736892998,1527.0910339844697,1539.3871109713293,1551.7821954868166,1564.2770847356642,1576.872582341659,1589.569498399342,1602.368649526097,1615.270858914685,1628.2769563861766,1641.3877784433362,1654.6041683244075,1667.9269760573632,1681.3570585145608,1694.895279467867,1708.5425096441993,1722.2996267815402,1736.1675156853773,1750.1470682856248,1764.2391836939755,1778.4447682617345,1792.7647356381167,1807.2000068289992,1821.7515102561672,1836.4201818170154,1851.2069649447558,1866.112810669078,1881.1386776773347,1896.285532376183,1911.5543489537563,1926.9461094423048,1942.4618037813711,1958.1024298814455,1973.8689936881608,1989.7625092469793,2005.7839987684179,2021.9344926937952,2038.215029761504,2054.626657073813,2071.1704301642176,2087.8474130653335,2104.6586783773164,2121.605307336866,2138.6883898867477,2155.9090247459117,2173.268319480143,2190.767390573309,2208.407363499154,2226.1893727937027,2244.1145621282076,2262.184084382728,2280.399101720259,2298.7607856614945,2317.2703171601615,2335.9288866789793,2354.7376942662327,2373.6979496329395,2392.810872230673,2412.077691329971,2431.4996460994216,2451.0779856853383,2470.813969292122,2490.7088662632277,2510.763956162824,2530.9805288580706,2551.359884602096,2571.9033341176064,2592.612198681206,2613.487810208354,2634.5315113390543,2655.7446555241822,2677.1286071125573,2698.6847414386757,2720.4144449111714,2742.319115101994,2764.4001608362782,2786.6590022829737,2809.097071046162,2831.715810257159,2854.5166746673017,2877.5011307415425,2900.67065675274,2924.0267428767575,2947.570891288285,2971.304616257478,2995.22944424732,3019.346914011829,3043.658576695001,3068.1659959305807,3092.870747942638,3117.7744216469364,3142.87861875312,3168.1849538677375,3193.695054598094,3219.410561656912,3245.333128967883,3271.4644237720117,3297.806126734876,3324.3599320546946,3351.1275475713155,3378.1106948760344,3405.3111094223436,3432.7305406375262,3460.3707520352004,3488.23352132871,3516.320640545493,3544.6339161423107,3573.1751691214417,3601.9462351478164,3630.9489646670518,3660.1852230244945,3689.6568905851636,3719.3658628547196,3749.3140506013438,3779.5033799786634,3809.935792649603,3840.6132459112973,3871.5377128209448,3902.7111823227383,3934.135659375755,3965.8131650829396,3997.7457368210635,4029.9354283717907,4062.3843100537392,4095.0944688556665,4128.068008570669,4161.3070499315045,4194.813730746993,4228.590206039511,4262.638648183577,4296.961247045588,4331.560210124669,4366.437762694626,4401.596147947099,4437.037627135803,4472.764479721992,4508.779003521039,4545.083514850253,4581.680348677821,4618.571858773019,4655.7604178575675,4693.248417758249,4731.038269560753,4769.132403764733,4807.533270440121,4846.243339384716,4885.265100283049,4924.601062866471,4964.253757074609,5004.22573321805,5044.519562142395,5085.137835393579,5126.08316538458,5167.3581855634,5208.965550582488,5250.907936469426,5293.188040799074,5335.808582867062,5378.772303864684,5422.081967055189,5465.740357951513,5509.7502844954415,5554.1145772382,5598.836089522486,5643.917697666003,5689.362301146471,5735.17282278806,5781.352208949439,5827.903429713208,5874.829479076986,5922.133375145914,5969.818160326825,6017.886901523867,6066.342690335802,6115.188643254807,6164.427901866934,6214.06363305417,6264.099029198114,6314.537308385285,6365.381714614103,6416.635518003553,6468.302015003491,6520.384528606639,6572.88640856233,6625.811031591967,6679.16180160615,6732.942149923667,6787.155535492116,6841.805445110439,6896.895393653112,6952.428924296275,7008.409608745552,7064.841047465831,7121.726869912778,7179.070734766296,7236.876330165845,7295.147373947643,7353.887613883764,7413.100827923194,7472.790824434837,7532.961442452409,7593.616551921397,7654.7600539479145,7716.395881049652,7778.527997408752,7841.160399126823,7904.2971144818985,7967.94220418758,8032.099761654146,8096.773913251861,8161.968818576374,8227.688670716232,8293.937696522553,8360.720156880894,8428.04034698531,8495.90259661459,8564.311270410717,8633.270768159597,8702.785525074065,8772.860012079082,8843.498736099358,8914.706240349144,8986.487104624512,9058.845945597834,9131.787417114787,9205.31621049359,9279.437054826807,9354.154717285446,9429.47400342559,9505.399757497484,9581.936862757088,9659.090241780126,9736.864856778713,9815.265709920519,9894.297843650465,9973.966341015032,10054.276325989182,10135.232963805956,10216.841461288606,10299.107067185563,10382.035072507933,10465.630810869876,10549.89965883156,10634.84703624505,10720.478406602804,10806.799277389146,10893.815200434417,10981.531772272076,11069.954634498676,11159.08947413668,11248.94202400021,11339.518063063782,11430.823416834026,11522.863957724268,11615.64560543233,11709.174327321158,11803.456138802712,11898.49710372478,11994.303334761045,12090.880993804161,12188.23629236214,12286.375491957784,12385.304904531427,12485.030892846919,12585.55987090084,12686.898304334996,12789.052710852275,12892.029660635888,12995.8357767719,13100.477735675182,13205.962267518828,13312.296156667053,13419.486242111492,13527.539417911097,13636.462633635434,13746.262894811807,13856.947263375758,13968.522858125163,14080.996855178266,14194.376488435144,14308.66905004285,14423.881890864615] 0.31126199007860056 [Infinity,Infinity,Infinity,Infinity,Infinity,Infinity,Infinity,Infinity,Infinity,Infinity,Infinity,Infinity,Infinity,Infinity,Infinity,Infinity,Infinity,Infinity,Infinity,Infinity,Infinity,Infinity,Infinity,Infinity,Infinity,Infinity,Infinity,Infinity,Infinity,Infinity,Infinity,Infinity,Infinity,Infinity,Infinity,Infinity,Infinity,Infinity,Infinity,Infinity,Infinity,Infinity,Infinity,Infinity,Infinity,Infinity,Infinity,Infinity,Infinity,Infinity,Infinity,Infinity,Infinity,Infinity,Infinity,Infinity,Infinity,Infinity,Infinity,Infinity,Infinity,Infinity,Infinity,Infinity,Infinity,Infinity,Infinity,Infinity,Infinity,Infinity,Infinity,Infinity,Infinity,Infinity,Infinity,Infinity,Infinity,Infinity,Infinity,Infinity,Infinity,Infinity,Infinity,Infinity,Infinity,Infinity,Infinity,Infinity,Infinity,Infinity,Infinity,Infinity,Infinity,Infinity,Infinity,Infinity,Infinity,Infinity,Infinity,Infinity,Infinity,Infinity,Infinity,Infinity,Infinity,Infinity,Infinity,Infinity,Infinity,Infinity,Infinity,Infinity,Infinity,Infinity,Infinity,Infinity,Infinity,Infinity,Infinity,Infinity,Infinity,Infinity,Infinity,Infinity,Infinity,Infinity,Infinity,Infinity,Infinity,Infinity,Infinity,Infinity,Infinity,Infinity,Infinity,Infinity,Infinity,Infinity,Infinity,Infinity,Infinity,Infinity,Infinity,Infinity,Infinity,Infinity,Infinity,Infinity,Infinity,Infinity,Infinity,Infinity,Infinity,Infinity,Infinity,Infinity,Infinity,Infinity,Infinity,Infinity,Infinity,Infinity,Infinity,Infinity,Infinity,Infinity,Infinity,Infinity,Infinity,Infinity,Infinity,Infinity,Infinity,Infinity,Infinity,Infinity,Infinity,Infinity,Infinity,Infinity,Infinity,Infinity,Infinity,Infinity,Infinity,Infinity,Infinity,Infinity,Infinity,Infinity,Infinity,Infinity,Infinity,Infinity,Infinity,Infinity,Infinity,Infinity,Infinity,Infinity,Infinity,Infinity,Infinity,Infinity,Infinity,Infinity,Infinity,Infinity,Infinity,Infinity,Infinity,Infinity,Infinity,Infinity,Infinity,Infinity,Infinity,Infinity,Infinity,Infinity,Infinity,Infinity,Infinity,Infinity,Infinity,Infinity,Infinity,Infinity,Infinity,Infinity,Infinity,Infinity,Infinity,Infinity,Infinity,Infinity,Infinity,Infinity,Infinity,Infinity,Infinity,Infinity,Infinity,Infinity,Infinity,Infinity,Infinity,Infinity,Infinity,Infinity,Infinity,Infinity,Infinity,Infinity,Infinity,Infinity,Infinity,Infinity,Infinity,Infinity,Infinity,Infinity,Infinity,Infinity,Infinity,Infinity,Infinity,Infinity,Infinity,Infinity,Infinity,Infinity,Infinity,Infinity,Infinity,Infinity,Infinity,Infinity,Infinity,Infinity,Infinity,Infinity,Infinity,Infinity,Infinity,Infinity,Infinity,Infinity,Infinity,Infinity,Infinity,Infinity,Infinity,Infinity,Infinity,Infinity,Infinity,Infinity,Infinity,Infinity] [0.0,0.0,0.0,0.0,0.0,0.0,0.0,0.0,0.0,0.0,0.0,0.0,0.0,0.0,0.0,0.0,0.0,0.0,0.0,0.0,0.0,0.0,0.0,0.0,0.0,0.0,0.0,0.0,0.0,0.0,0.0,0.0,0.0,0.0,0.0,0.0,0.0,0.0,0.0,0.0,0.0,0.0,0.0,0.0,0.0,0.0,0.0,0.0,0.0,0.0,0.0,0.0,0.0,0.0,0.0,0.0,0.0,0.0,0.0,0.0,0.0,0.0,0.0,0.0,0.0,0.0,0.0,0.0,0.0,0.0,0.0,0.0,0.0,0.0,0.0,0.0,0.0,0.0,0.0,0.0,0.0,0.0,0.0,0.0,0.0,0.0,0.0,0.0,0.0,0.0,0.0,0.0,0.0,0.0,0.0,0.0,0.0,0.0,0.0,0.0,0.0,0.0,0.0,0.0,0.0,0.0,0.0,0.0,0.0,0.0,0.0,0.0,0.0,0.0,0.0,0.0,0.0,0.0,0.0,0.0,0.0,0.0,0.0,0.0,0.0,0.0,0.0,0.0,0.0,0.0,0.0,0.0,0.0,0.0,0.0,0.0,0.0,0.0,0.0,0.0,0.0,0.0,0.0,0.0,0.0,0.0,0.0,0.0,0.0,0.0,0.0,0.0,0.0,0.0,0.0,0.0,0.0,0.0,0.0,0.0,0.0,0.0,0.0,0.0,0.0,0.0,0.0,0.0,0.0,0.0,0.0,0.0,0.0,0.0,0.0,0.0,0.0,0.0,0.0,0.0,0.0,0.0,0.0,0.0,0.0,0.0,0.0,0.0,0.0,0.0,0.0,0.0,0.0,0.0,0.0,0.0,0.0,0.0,0.0,0.0,0.0,0.0,0.0,0.0,0.0,0.0,0.0,0.0,0.0,0.0,0.0,0.0,0.0,0.0,0.0,0.0,0.0,0.0,0.0,0.0,0.0,0.0,0.0,0.0,0.0,0.0,0.0,0.0,0.0,0.0,0.0,0.0,0.0,0.0,0.0,0.0,0.0,0.0,0.0,0.0,0.0,0.0,0.0,0.0,0.0,0.0,0.0,0.0,0.0,0.0,0.0,0.0,0.0,0.0,0.0,0.0,0.0,0.0,0.0,0.0,0.0,0.0,0.0,0.0,0.0,0.0,0.0,0.0,0.0,0.0,0.0,0.0,0.0,0.0,0.0,0.0,0.0,0.0,0.0,0.0,0.0,0.0,0.0,0.0,0.0,0.0,0.0,0.0,0.0,0.0,0.0,0.0,0.0,0.0,0.0,0.0,0.0,0.0,0.0,0.0]
56301.444317678084 [0.0,0.0,0.0,0.0,0.0,0.0,0.0,0.0,0.0,0.0,0.0,0.0,0.0,0.0,0.0,0.0,0.0,0.0,0.0,0.0,0.0,0.0,0.0,0.0,0.0,0.0,0.0,0.0,0.0,0.0,0.0,0.0,0.0,0.0,0.0,0.0,0.0,0.0,0.0,0.0,0.0,0.0,0.0,0.0,0.0,0.0,0.0,0.0,0.0,0.0,0.0,0.0,0.0,0.0,0.0,0.0,0.0,0.0,0.0,0.0,0.0,0.0,0.0,0.0,0.0,0.0,0.0,0.0,0.0,0.0,0.0,0.0,0.0,0.0,0.0,0.0,0.0,0.0,0.0,0.0,0.0,0.0,0.0,0.0,0.0,0.0,0.0,0.0,0.0,0.0,0.0,0.0,0.0,0.0,0.0,0.0,0.0,0.0,0.0,0.0,0.0,0.0,0.0,0.0,0.0,0.0,0.0,0.0,0.0,0.0,0.0,0.0,0.0,0.0,0.0,0.0,0.0,0.0,0.0,0.0,0.0,0.0,0.0,0.0,0.0,0.0,0.0,0.0,0.0,0.0,0.0,0.0,0.0,0.0,0.0,0.0,0.0,0.0,0.0,0.0,1.0312293234828092,0.5358395648734178,0.747648237544742,1.7627930908662797,3.009133843217718,4.906244239184716,5.003879569574719,4.386249750202109,2.6681227271565024,1.111155794127817,1.3360105054265465,4.306889551652156,7.583432050915865,10.466947215665275,12.08303614057706,15.365192081639858,17.329680485669698,20.814286747134087,24.463999320893777,22.544322565308146,25.190336632778184,32.46060941064166,38.02173727949902,41.0658307407415,47.43645461043297,35.43450221765782,24.967761046924807,19.650190767928027,26.69846064608048,42.3151108100132,57.11504079143305,64.44108897992818,59.70719637136725,51.06413156659892,37.25405906047666,36.34981322488,37.160766598253396,36.08167520094039,39.30250410637568,41.268700402092406,40.137974097866184,39.707088413095576,42.09512776442514,41.02526289179788,42.120239173890994,32.569007067986846,30.843592797188947,37.725546517990075,49.069994961100036,62.92404554365927,71.0600210077563,81.6921670680589,79.20636577206845,54.22779366119067,44.47228004642793,44.33004663340244,45.828343001787076,39.70886320652247,46.62576072828725,55.36276096503761,70.08903292046084,57.56189077722679,42.45840856483185,39.645941371979305,40.55093851108453,43.71560304053396,55.32349757894662,63.170130368750655,84.23585077773272,79.95327253882657,82.82773681948734,90.15474148508301,108.15197425935278,108.09365726607652,87.0284951446308,92.17198253427293,72.37953899956081,59.77943172467251,69.35006016447802,86.01926977254814,102.98907699740921,96.47489520795384,80.19886602819385,64.41364456393984,51.63728807286069,52.437346641627016,56.05578242708167,60.15956613000792,58.47520556376831,53.832050855474954,51.60287326105963,69.03866621813931,70.0292149570238,80.0729529596753,93.74096780292504,72.21711219729616,54.20340453755755,39.171769324792855,34.05847668825088,32.72171261285766,33.547704325999966,32.54958326413729,34.309645848527,33.37472519062329,31.09714554966493,37.152525076686096,46.91205571057062,50.357531823098235,45.87496945599927,48.71254247652482,55.44697468345605,52.642046147311106,38.25067464250995,51.35930827681168,53.59848648732456,63.53338780528901,49.21677380528616,37.18309157079329,32.90964147440309,30.348197410682538,27.306223743555417,23.6012824382251,10.47924408520183,5.381649126449895,9.942297079241055,14.018701982496259,28.483509725946455,43.11500156708101,42.58951519838864,44.46050430259093,50.225493324886685,48.203123823399075,39.23298206156558,40.61105739169711,30.101440327847587,30.12270815222103,31.57959742743269,38.07967642345144,33.79123501578128,35.79333625223243,34.14461748695445,36.93689860717662,24.14213738173122,22.40884926816224,25.281128509836794,36.989008681486936,43.78783437221613,41.479622078340185,35.83087035114805,30.961218679738394,24.965953974410738,25.101463609315694,27.05248403484093,28.690803559788968,25.420783941473715,25.038068786784127,27.30482108472855,31.164157568319325,26.697905579449134,25.47258613070622] [1311.2619900786005,1321.8202200865917,1332.463464547639,1343.19240799478,1354.0077404728797,1364.9101575830227,1375.9003605272408,1386.9790561536227,1398.1469570017646,1409.4047813486081,1420.7532532546286,1432.193102610412,1443.7250651835902,1455.3498826661717,1467.068302722235,1478.881079036026,1490.78897136042,1502.7927455657994,1514.8931736892998,1527.0910339844697,1539.3871109713293,1551.7821954868166,1564.2770847356642,1576.872582341659,1589.569498399342,1602.368649526097,1615.270858914685,1628.2769563861766,1641.3877784433362,1654.6041683244075,1667.9269760573632,1681.3570585145608,1694.895279467867,1708.5425096441993,1722.2996267815402,1736.1675156853773,1750.1470682856248,1764.2391836939755,1778.4447682617345,1792.7647356381167,1807.2000068289992,1821.7515102561672,1836.4201818170154,1851.2069649447558,1866.112810669078,1881.1386776773347,1896.285532376183,1911.5543489537563,1926.9461094423048,1942.4618037813711,1958.1024298814455,1973.8689936881608,1989.7625092469793,2005.7839987684179,2021.9344926937952,2038.215029761504,2054.626657073813,2071.1704301642176,2087.8474130653335,2104.6586783773164,2121.605307336866,2138.6883898867477,2155.9090247459117,2173.268319480143,2190.767390573309,2208.407363499154,2226.1893727937027,2244.1145621282076,2262.184084382728,2280.399101720259,2298.7607856614945,2317.2703171601615,2335.9288866789793,2354.7376942662327,2373.6979496329395,2392.810872230673,2412.077691329971,2431.4996460994216,2451.0779856853383,2470.813969292122,2490.7088662632277,2510.763956162824,2530.9805288580706,2551.359884602096,2571.9033341176064,2592.612198681206,2613.487810208354,2634.5315113390543,2655.7446555241822,2677.1286071125573,2698.6847414386757,2720.4144449111714,2742.319115101994,2764.4001608362782,2786.6590022829737,2809.097071046162,2831.715810257159,2854.5166746673017,2877.5011307415425,2900.67065675274,2924.0267428767575,2947.570891288285,2971.304616257478,2995.22944424732,3019.346914011829,3043.658576695001,3068.1659959305807,3092.870747942638,3117.7744216469364,3142.87861875312,3168.1849538677375,3193.695054598094,3219.410561656912,3245.333128967883,3271.4644237720117,3297.806126734876,3324.3599320546946,3351.1275475713155,3378.1106948760344,3405.3111094223436,3432.7305406375262,3460.3707520352004,3488.23352132871,3516.320640545493,3544.6339161423107,3573.1751691214417,3601.9462351478164,3630.9489646670518,3660.1852230244945,3689.6568905851636,3719.3658628547196,3749.3140506013438,3779.5033799786634,3809.935792649603,3840.6132459112973,3871.5377128209448,3902.7111823227383,3934.135659375755,3965.8131650829396,3997.7457368210635,4029.9354283717907,4062.3843100537392,4095.0944688556665,4128.068008570669,4161.3070499315045,4194.813730746993,4228.590206039511,4262.638648183577,4296.961247045588,4331.560210124669,4366.437762694626,4401.596147947099,4437.037627135803,4472.764479721992,4508.779003521039,4545.083514850253,4581.680348677821,4618.571858773019,4655.7604178575675,4693.248417758249,4731.038269560753,4769.132403764733,4807.533270440121,4846.243339384716,4885.265100283049,4924.601062866471,4964.253757074609,5004.22573321805,5044.519562142395,5085.137835393579,5126.08316538458,5167.3581855634,5208.965550582488,5250.907936469426,5293.188040799074,5335.808582867062,5378.772303864684,5422.081967055189,5465.740357951513,5509.7502844954415,5554.1145772382,5598.836089522486,5643.917697666003,5689.362301146471,5735.17282278806,5781.352208949439,5827.903429713208,5874.829479076986,5922.133375145914,5969.818160326825,6017.886901523867,6066.342690335802,6115.188643254807,6164.427901866934,6214.06363305417,6264.099029198114,6314.537308385285,6365.381714614103,6416.635518003553,6468.302015003491,6520.384528606639,6572.88640856233,6625.811031591967,6679.16180160615,6732.942149923667,6787.155535492116,6841.805445110439,6896.895393653112,6952.428924296275,7008.409608745552,7064.841047465831,7121.726869912778,7179.070734766296,7236.876330165845,7295.147373947643,7353.887613883764,7413.100827923194,7472.790824434837,7532.961442452409,7593.616551921397,7654.7600539479145,7716.395881049652,7778.527997408752,7841.160399126823,7904.2971144818985,7967.94220418758,8032.099761654146,8096.773913251861,8161.968818576374,8227.688670716232,8293.937696522553,8360.720156880894,8428.04034698531,8495.90259661459,8564.311270410717,8633.270768159597,8702.785525074065,8772.860012079082,8843.498736099358,8914.706240349144,8986.487104624512,9058.845945597834,9131.787417114787,9205.31621049359,9279.437054826807,9354.154717285446,9429.47400342559,9505.399757497484,9581.936862757088,9659.090241780126,9736.864856778713,9815.265709920519,9894.297843650465,9973.966341015032,10054.276325989182,10135.232963805956,10216.841461288606,10299.107067185563,10382.035072507933,10465.630810869876,10549.89965883156,10634.84703624505,10720.478406602804,10806.799277389146,10893.815200434417,10981.531772272076,11069.954634498676,11159.08947413668,11248.94202400021,11339.518063063782,11430.823416834026,11522.863957724268,11615.64560543233,11709.174327321158,11803.456138802712,11898.49710372478,11994.303334761045,12090.880993804161,12188.23629236214,12286.375491957784,12385.304904531427,12485.030892846919,12585.55987090084,12686.898304334996,12789.052710852275,12892.029660635888,12995.8357767719,13100.477735675182,13205.962267518828,13312.296156667053,13419.486242111492,13527.539417911097,13636.462633635434,13746.262894811807,13856.947263375758,13968.522858125163,14080.996855178266,14194.376488435144,14308.66905004285,14423.881890864615] 0.31126199007860056 [Infinity,Infinity,Infinity,Infinity,Infinity,Infinity,Infinity,Infinity,Infinity,Infinity,Infinity,Infinity,Infinity,Infinity,Infinity,Infinity,Infinity,Infinity,Infinity,Infinity,Infinity,Infinity,Infinity,Infinity,Infinity,Infinity,Infinity,Infinity,Infinity,Infinity,Infinity,Infinity,Infinity,Infinity,Infinity,Infinity,Infinity,Infinity,Infinity,Infinity,Infinity,Infinity,Infinity,Infinity,Infinity,Infinity,Infinity,Infinity,Infinity,Infinity,Infinity,Infinity,Infinity,Infinity,Infinity,Infinity,Infinity,Infinity,Infinity,Infinity,Infinity,Infinity,Infinity,Infinity,Infinity,Infinity,Infinity,Infinity,Infinity,Infinity,Infinity,Infinity,Infinity,Infinity,Infinity,Infinity,Infinity,Infinity,Infinity,Infinity,Infinity,Infinity,Infinity,Infinity,Infinity,Infinity,Infinity,Infinity,Infinity,Infinity,Infinity,Infinity,Infinity,Infinity,Infinity,Infinity,Infinity,Infinity,Infinity,Infinity,Infinity,Infinity,Infinity,Infinity,Infinity,Infinity,Infinity,Infinity,Infinity,Infinity,Infinity,Infinity,Infinity,Infinity,Infinity,Infinity,Infinity,Infinity,Infinity,Infinity,Infinity,Infinity,Infinity,Infinity,Infinity,Infinity,Infinity,Infinity,Infinity,Infinity,Infinity,Infinity,Infinity,Infinity,Infinity,Infinity,Infinity,Infinity,Infinity,Infinity,0.052317018210452336,0.029267175329786167,0.038865421896171155,0.0861757093284402,0.15268992725369304,0.2170771789372028,0.2532633579201579,0.2317288947637257,0.14099308522632953,0.05363616829931751,0.06716973837720633,0.20781128347082864,0.38546312128981963,0.5092327486821877,0.5969390382343963,0.7256541824834785,0.9179734249198779,1.0797999172673602,1.117232534387986,1.1075244409331542,1.2228882101350862,1.5293932291930887,1.912407581384819,2.224090475470899,2.2659241383265853,1.844231419174103,1.2004417516451262,0.9319184323964034,1.3209610084763965,2.059901440804886,2.7817072234549958,3.1638188376012764,2.9576079860287523,2.419397977495213,2.007866868716426,1.8447947818789623,1.8177049761800077,1.8573283575634,1.9421504283331354,2.037420008402589,2.0898495382921376,2.0967256163682277,2.136927371671791,2.1798274695540805,1.9947009840238057,1.601100784879082,1.4876125992746805,1.8647254899313843,2.419917619380332,3.001517136942055,3.725957367075371,4.23880303506803,3.7336946518495537,2.6093129927009886,2.1055141517532907,2.202559258655157,2.297954359912298,2.341374147475802,2.479644441324426,2.897344878328284,3.3372960448460085,2.935442311497778,2.0772632773264244,1.9392257395781254,2.190046132693788,2.3025103969923904,2.6784807434315807,3.383831778672584,3.9920490131026902,4.12119380108699,3.906241515705139,4.490693628935028,5.472036366128951,5.507384832857555,5.027602593660878,4.425672760460186,3.5941100792646594,3.227297313072323,3.778428898873667,4.748805123852501,5.128836542394362,4.543165293392704,3.8441977954377284,3.2063231029749857,2.701015288574224,2.6143089095012777,2.797955924254426,3.0777764077113234,3.237265360607992,2.732311820165073,2.4529299485606715,3.0695820977919626,3.6423667838917337,4.273030381036247,4.510430437648272,3.808549379311441,2.801031927366183,2.1515042209809296,1.7993685695574235,1.5714224258669627,1.6763595423503255,1.6673240316118942,1.5974634189913801,1.5834115595756155,1.6090319953866985,1.8172073172128633,2.2102116611051192,2.3482567487676302,2.2274584937323536,2.3454820007746537,2.6632866661692396,2.391425896764202,2.052358348806874,2.3509429201476983,2.77165178885136,2.9243259196671625,2.5689331599237115,1.9603534409265861,1.730671791160987,1.4007467801918247,1.3994760810914293,1.1276669258113718,0.5533226443595562,0.27516728886504416,0.49916004479966497,0.7084760574178319,1.4015201269329403,2.2209739318176505,2.1526091206386546,2.213691679898624,2.5724505671940787,2.4763449255218455,2.175401673395549,1.9739683634594776,1.6649521728737011,1.6230621253378335,1.5287183219931277,1.7807332686587913,1.715857856804984,1.679343716717146,1.7508303646785013,1.7702950217880673,1.3610314595536785,1.1259495648889177,1.2854226637635364,1.791197540919952,2.129564631395021,2.157347424655769,1.739672825403818,1.5518211548394805,1.2996610181393033,1.1992738017863187,1.4581081708965533,1.4587366963988089,1.2661750594749457,1.212115600627592,1.3067727313819515,1.5159975445461327,1.3628400249475243,1.2236627884089009] [0.0,0.0,0.0,0.0,0.0,0.0,0.0,0.0,0.0,0.0,0.0,0.0,0.0,0.0,0.0,0.0,0.0,0.0,0.0,0.0,0.0,0.0,0.0,0.0,0.0,0.0,0.0,0.0,0.0,0.0,0.0,0.0,0.0,0.0,0.0,0.0,0.0,0.0,0.0,0.0,0.0,0.0,0.0,0.0,0.0,0.0,0.0,0.0,0.0,0.0,0.0,0.0,0.0,0.0,0.0,0.0,0.0,0.0,0.0,0.0,0.0,0.0,0.0,0.0,0.0,0.0,0.0,0.0,0.0,0.0,0.0,0.0,0.0,0.0,0.0,0.0,0.0,0.0,0.0,0.0,0.0,0.0,0.0,0.0,0.0,0.0,0.0,0.0,0.0,0.0,0.0,0.0,0.0,0.0,0.0,0.0,0.0,0.0,0.0,0.0,0.0,0.0,0.0,0.0,0.0,0.0,0.0,0.0,0.0,0.0,0.0,0.0,0.0,0.0,0.0,0.0,0.0,0.0,0.0,0.0,0.0,0.0,0.0,0.0,0.0,0.0,0.0,0.0,0.0,0.0,0.0,0.0,0.0,0.0,0.0,0.0,0.0,0.0,0.0,0.0,-0.015111040726237679,-0.04950394172230559,-0.02966020037868116,0.03927890429747572,-0.04466470185614262,0.5647006604406598,-0.0613875888284389,-0.24832814507240514,-0.15173897737008854,0.038432428141466655,-0.007384262117580102,0.1506638822355827,-0.12583037488052803,0.28229224202152114,0.14425537588913326,0.8521084319702875,-1.0297880127278611,-0.7817115982131191,2.119348633134054,0.3938337466450631,0.73257243007646,1.8727448267798874,-0.22641434819736259,-3.4159787686764824,2.1179718439012576,-1.4501261658242337,0.9589260140222814,1.0118221199999593,0.2792404765525504,1.1170819939154863,1.4808963223331346,1.1647122279026505,0.555036650792208,2.6761720166946557,-2.9032783138518523,-0.5460824126992447,0.8066670746532444,-1.0648919503276122,0.45949553971296614,0.5203002340406231,-1.6590166679765666,-2.2274239142689756,-0.643419669010684,-2.5712864992837265,2.2262194934148827,0.5469913704052091,1.0913408116953354,0.43103671936238896,0.6716425734934021,2.8937028048181688,-3.459126333751121,-3.0838936333017166,4.532472735077376,2.041533807170896,2.3619970113621203,0.2788614602993057,-0.13074419645888477,-7.118619742993566,-2.967128098201271,-2.5841366015280642,3.3431120235406753,-1.14695545272876,0.9131430183033556,0.8614265804167952,-3.249984142791237,-2.3346048993138475,1.7538827103150108,-4.5065052047010195,4.394870515678914,-2.4706034829132295,4.7029065053845605,0.3408689063824484,-1.288753063226239,-2.0540393910745878,-13.523556728586748,3.658527325069207,0.4973374142676175,-4.766514536773944,-6.218517812995316,-8.956832704501885,0.4123461495219844,5.611589340099754,3.3149101194392783,0.28718250444012705,-2.3830176986237914,0.15116845160146136,0.09666394199314911,-1.3959620242185555,-6.2701016483915275,-0.8141855478265061,2.5442742898461974,7.647024262300071,-2.8181207208108816,-5.387654661049636,3.532359049959614,-3.9538753889326523,-1.8172340097661035,-3.8583150948257394,-1.9288947028975945,1.2932640955184027,0.02051347899345437,-0.7968973681005942,2.3603774686993937,1.7064939991109749,-1.0834943580690393,0.8083787324288301,2.707822488468231,3.3923968477456325,1.3257995813521968,1.8029024610317392,2.1812413600712564,4.8135282120270695,-2.796492333627527,4.340449873857717,-1.834549289702646,5.046869411945757,-2.161889393188071,-2.0239772477384332,-1.703794348816649,2.3332618068460436,-0.6832978782731687,1.0479439219976612,-0.5872088019892954,-0.12169665085098706,-0.04090381675224539,-0.15081916586037925,0.4531071872876484,-1.3044770692720025,-0.46266721438445196,0.18667070461844928,-1.223518018994885,-1.323774687037836,-4.2750514063454,1.1316901225075564,-3.197603129626433,-2.338534354535641,1.0052309875701364,2.465011050275616,-0.5259221203183982,2.2064619178895053,-0.8719898066155723,1.5309981714152763,-3.0784918093423483,-0.1101420296161185,-0.42732476543393294,1.1650578630878972,1.1965417443157196,-1.6673264147751976,1.0374138430716893,-0.07520441705121568,-1.0272663883753321,1.1159875735893174,-2.1096793830901337,-0.4839303681872092,0.09728275197480052,0.7957567742322879,1.169366457089521,0.8442066773966731,-0.5588949195013523,0.9993303625282002]
56239.72035815929 [0.0,0.0,0.0,0.0,0.0,0.0,0.0,0.0,0.0,0.0,0.0,0.0,0.0,0.0,0.0,0.0,0.0,0.0,0.0,0.0,0.0,0.0,0.0,0.0,0.0,0.0,0.0,0.0,0.0,0.0,0.0,0.0,0.0,0.0,0.0,0.0,0.0,0.0,0.0,0.0,0.0,0.0,0.0,0.0,0.0,0.0,0.0,0.0,0.0,0.0,0.0,0.0,0.0,0.0,0.0,0.0,0.0,0.0,0.0,0.0,0.0,0.0,0.0,0.0,0.0,0.0,0.0,0.0,0.0,0.0,0.0,0.0,0.0,0.0,0.0,0.0,0.0,0.0,0.0,0.0,0.0,0.0,0.0,0.0,0.0,0.0,0.0,0.0,0.0,0.0,0.0,0.0,0.0,0.0,0.0,0.0,0.0,0.0,0.0,0.0,0.0,0.0,0.0,0.0,0.0,0.0,0.0,0.0,0.0,0.0,0.0,0.0,0.0,0.0,0.0,0.0,0.0,0.0,0.0,0.0,0.0,0.0,0.0,0.0,0.0,0.0,0.0,0.0,0.0,0.0,0.0,0.0,0.0,0.0,0.0,0.0,0.0,0.0,0.0,0.0,412.1970976825854,439.92702956195376,499.579126839738,470.30793768632816,403.0424354401972,455.8957637395212,488.6900360696829,504.69142719010244,431.11555268987263,384.4788837760477,436.7234663421769,467.78446745810004,553.4705467245667,656.1732528063599,682.4696842454314,733.2985307139212,765.3071747644229,927.7591085882318,971.490310659763,986.9496069229504,879.6486638165305,889.1569020742509,668.1010945366977,614.0122571229995,553.7014320898994,500.5989091581923,594.0266139143811,643.9400399049603,719.7589474609692,864.2071600261347,1027.2020593022999,956.8376594711586,990.0964370398287,1060.8083693620351,1159.489521511062,1032.613086861575,1099.9679630350631,1039.2351178972021,877.4421672676185,850.8475140580168,772.9559911275767,606.3612523652431,585.2044647525554,625.3586785903657,769.4000198663555,789.1902289722293,789.0781714800947,734.9373842380945,812.2561569121463,878.3120711939902,748.8794529033665,719.0212894152975,692.3584073586935,619.8920926835696,587.999787226893,617.8582728338102,510.5594830171971,463.34266216399124,435.71102638783077,474.21051324725056,459.45396419099757,512.3740781384932,588.0879814178905,636.5429335744434,690.2148329887896,622.5629393353398,572.1357368548231,500.48254097658753,441.8297386595211,471.3825091539638,441.82206575209784,451.58142896458094,420.16382567547623,466.18404489988376,471.59736532500534,506.68660703421494,506.02135529012804,500.0969633139654,459.7746832050213,448.2486975650791,468.80557494847244,484.93995129218825,434.97910958828976,452.14894615761114,398.9697299063721,280.5426581694971,218.63970289347859,267.1347214796006,308.30586999740444,358.95912430303696,366.6447704261829,332.58716287833784,336.0426563360541,297.96821511986184,287.6559001678292,296.1822661110707,239.19586480021366,223.69453859113506,211.83114658402127,213.14743276967553,204.07028181092534,204.59063319416697,167.76937993791788,167.52419741312514,164.53249425428797,171.31174043742175,168.1976374277418,157.85615535748306,146.9418815058152,157.58902228861123,142.20967663980824,101.82364359146943,104.81210826599798,114.89266495279155,130.04201943981624,136.65394554208802,146.8661077182862,145.35118497156145,115.61959523201384,99.42584527837401,102.95003032916672,114.63775240816513,129.8932010408332,114.35696679155474,115.00738553001014,118.23654448492287,140.40275559497474,133.41054935056783,138.3296582799274,113.43633263674357,120.55870949456403,108.93453156004273,88.096042857828,83.89838450001609,76.01392981401979,76.35683171437016,75.42647028897517,78.3599870567003,73.8047191555054,70.9931584483017,63.986754236641595,56.85763277652761,56.48935417887963,56.82904381867195,46.701032122875404,47.219820153071154,42.00975528505304,49.515883641300164,42.65548320416005,41.74528592978332,42.60650513920987,42.94197125213364,41.04189276512381,37.34987982364704,29.987824270045273,31.175658346497297,36.213805207947146,45.94055541647284,42.144620475896446,41.82220526833966] [1311.2619900786005,1321.8202200865917,1332.463464547639,1343.19240799478,1354.0077404728797,1364.9101575830227,1375.9003605272408,1386.9790561536227,1398.1469570017646,1409.4047813486081,1420.7532532546286,1432.193102610412,1443.7250651835902,1455.3498826661717,1467.068302722235,1478.881079036026,1490.78897136042,1502.7927455657994,1514.8931736892998,1527.0910339844697,1539.3871109713293,1551.7821954868166,1564.2770847356642,1576.872582341659,1589.569498399342,1602.368649526097,1615.270858914685,1628.2769563861766,1641.3877784433362,1654.6041683244075,1667.9269760573632,1681.3570585145608,1694.895279467867,1708.5425096441993,1722.2996267815402,1736.1675156853773,1750.1470682856248,1764.2391836939755,1778.4447682617345,1792.7647356381167,1807.2000068289992,1821.7515102561672,1836.4201818170154,1851.2069649447558,1866.112810669078,1881.1386776773347,1896.285532376183,1911.5543489537563,1926.9461094423048,1942.4618037813711,1958.1024298814455,1973.8689936881608,1989.7625092469793,2005.7839987684179,2021.9344926937952,2038.215029761504,2054.626657073813,2071.1704301642176,2087.8474130653335,2104.6586783773164,2121.605307336866,2138.6883898867477,2155.9090247459117,2173.268319480143,2190.767390573309,2208.407363499154,2226.1893727937027,2244.1145621282076,2262.184084382728,2280.399101720259,2298.7607856614945,2317.2703171601615,2335.9288866789793,2354.7376942662327,2373.6979496329395,2392.810872230673,2412.077691329971,2431.4996460994216,2451.0779856853383,2470.813969292122,2490.7088662632277,2510.763956162824,2530.9805288580706,2551.359884602096,2571.9033341176064,2592.612198681206,2613.487810208354,2634.5315113390543,2655.7446555241822,2677.1286071125573,2698.6847414386757,2720.4144449111714,2742.319115101994,2764.4001608362782,2786.6590022829737,2809.097071046162,2831.715810257159,2854.5166746673017,2877.5011307415425,2900.67065675274,2924.0267428767575,2947.570891288285,2971.304616257478,2995.22944424732,3019.346914011829,3043.658576695001,3068.1659959305807,3092.870747942638,3117.7744216469364,3142.87861875312,3168.1849538677375,3193.695054598094,3219.410561656912,3245.333128967883,3271.4644237720117,3297.806126734876,3324.3599320546946,3351.1275475713155,3378.1106948760344,3405.3111094223436,3432.7305406375262,3460.3707520352004,3488.23352132871,3516.320640545493,3544.6339161423107,3573.1751691214417,3601.9462351478164,3630.9489646670518,3660.1852230244945,3689.6568905851636,3719.3658628547196,3749.3140506013438,3779.5033799786634,3809.935792649603,3840.6132459112973,3871.5377128209448,3902.7111823227383,3934.135659375755,3965.8131650829396,3997.7457368210635,4029.9354283717907,4062.3843100537392,4095.0944688556665,4128.068008570669,4161.3070499315045,4194.813730746993,4228.590206039511,4262.638648183577,4296.961247045588,4331.560210124669,4366.437762694626,4401.596147947099,4437.037627135803,4472.764479721992,4508.779003521039,4545.083514850253,4581.680348677821,4618.571858773019,4655.7604178575675,4693.248417758249,4731.038269560753,4769.132403764733,4807.533270440121,4846.243339384716,4885.265100283049,4924.601062866471,4964.253757074609,5004.22573321805,5044.519562142395,5085.137835393579,5126.08316538458,5167.3581855634,5208.965550582488,5250.907936469426,5293.188040799074,5335.808582867062,5378.772303864684,5422.081967055189,5465.740357951513,5509.7502844954415,5554.1145772382,5598.836089522486,5643.917697666003,5689.362301146471,5735.17282278806,5781.352208949439,5827.903429713208,5874.829479076986,5922.133375145914,5969.818160326825,6017.886901523867,6066.342690335802,6115.188643254807,6164.427901866934,6214.06363305417,6264.099029198114,6314.537308385285,6365.381714614103,6416.635518003553,6468.302015003491,6520.384528606639,6572.88640856233,6625.811031591967,6679.16180160615,6732.942149923667,6787.155535492116,6841.805445110439,6896.895393653112,6952.428924296275,7008.409608745552,7064.841047465831,7121.726869912778,7179.070734766296,7236.876330165845,7295.147373947643,7353.887613883764,7413.100827923194,7472.790824434837,7532.961442452409,7593.616551921397,7654.7600539479145,7716.395881049652,7778.527997408752,7841.160399126823,7904.2971144818985,7967.94220418758,8032.099761654146,8096.773913251861,8161.968818576374,8227.688670716232,8293.937696522553,8360.720156880894,8428.04034698531,8495.90259661459,8564.311270410717,8633.270768159597,8702.785525074065,8772.860012079082,8843.498736099358,8914.706240349144,8986.487104624512,9058.845945597834,9131.787417114787,9205.31621049359,9279.437054826807,9354.154717285446,9429.47400342559,9505.399757497484,9581.936862757088,9659.090241780126,9736.864856778713,9815.265709920519,9894.297843650465,9973.966341015032,10054.276325989182,10135.232963805956,10216.841461288606,10299.107067185563,10382.035072507933,10465.630810869876,10549.89965883156,10634.84703624505,10720.478406602804,10806.799277389146,10893.815200434417,10981.531772272076,11069.954634498676,11159.08947413668,11248.94202400021,11339.518063063782,11430.823416834026,11522.863957724268,11615.64560543233,11709.174327321158,11803.456138802712,11898.49710372478,11994.303334761045,12090.880993804161,12188.23629236214,12286.375491957784,12385.304904531427,12485.030892846919,12585.55987090084,12686.898304334996,12789.052710852275,12892.029660635888,12995.8357767719,13100.477735675182,13205.962267518828,13312.296156667053,13419.486242111492,13527.539417911097,13636.462633635434,13746.262894811807,13856.947263375758,13968.522858125163,14080.996855178266,14194.376488435144,14308.66905004285,14423.881890864615] 0.31126199007860056 [Infinity,Infinity,Infinity,Infinity,Infinity,Infinity,Infinity,Infinity,Infinity,Infinity,Infinity,Infinity,Infinity,Infinity,Infinity,Infinity,Infinity,Infinity,Infinity,Infinity,Infinity,Infinity,Infinity,Infinity,Infinity,Infinity,Infinity,Infinity,Infinity,Infinity,Infinity,Infinity,Infinity,Infinity,Infinity,Infinity,Infinity,Infinity,Infinity,Infinity,Infinity,Infinity,Infinity,Infinity,Infinity,Infinity,Infinity,Infinity,Infinity,Infinity,Infinity,Infinity,Infinity,Infinity,Infinity,Infinity,Infinity,Infinity,Infinity,Infinity,Infinity,Infinity,Infinity,Infinity,Infinity,Infinity,Infinity,Infinity,Infinity,Infinity,Infinity,Infinity,Infinity,Infinity,Infinity,Infinity,Infinity,Infinity,Infinity,Infinity,Infinity,Infinity,Infinity,Infinity,Infinity,Infinity,Infinity,Infinity,Infinity,Infinity,Infinity,Infinity,Infinity,Infinity,Infinity,Infinity,Infinity,Infinity,Infinity,Infinity,Infinity,Infinity,Infinity,Infinity,Infinity,Infinity,Infinity,Infinity,Infinity,Infinity,Infinity,Infinity,Infinity,Infinity,Infinity,Infinity,Infinity,Infinity,Infinity,Infinity,Infinity,Infinity,Infinity,Infinity,Infinity,Infinity,Infinity,Infinity,Infinity,Infinity,Infinity,Infinity,Infinity,Infinity,Infinity,Infinity,Infinity,Infinity,Infinity,Infinity,19.20798330220174,23.085046931958125,24.480546365870975,22.932629134779578,20.89657061319354,20.87303948663036,22.551490565221695,23.71263108908233,22.723539584602484,21.08577450734597,21.205088171874753,23.964065419748884,27.745000877931734,30.837593099017237,33.13740878626574,35.40613805401877,38.294477695740355,42.17261677099448,47.10960895107407,50.80932846350173,49.64696244870507,42.90721656473746,34.78089044640616,29.308433831574444,26.70255689379304,26.018766223614772,27.43341732067741,32.023322782125675,39.37467747442252,46.39296946250874,50.4273213620218,51.735823576824615,51.373804140332744,51.14587239581751,52.96659491101373,55.38665767983635,54.72131854310394,50.67208064279477,46.38543637019605,42.689289742267746,37.19628065354515,30.60189756710392,28.79247109277888,33.32794592636335,37.403240578170475,37.6922725136735,38.425720084215705,41.34602544421473,43.00757544393399,41.954890122041135,40.063478929090415,37.78057374300579,33.915958139649504,29.982179195796313,29.138011648697102,29.35719559862481,26.935404790807706,24.08913912253893,23.44688265874937,23.271361060804104,23.083164831842147,25.32113403867405,29.0341426979304,30.957956510001697,31.4225458355277,31.042962425868723,27.883482883825224,23.297671402875242,21.728677091923107,22.580677195225388,23.182536065278654,21.388045303188957,19.925963068910708,23.06131387584413,25.415511487324206,24.693005795805146,24.790078101161967,24.500514670740664,22.874325855780814,22.237233212475793,22.3658016076267,22.394003915337297,22.369569371346508,21.99223210670762,19.82034485130813,14.492016261606054,11.336304792713161,12.800462164808255,16.125892008805227,18.10988982981042,18.266788873681296,17.519469184520382,16.360059272457125,15.334037201558655,14.441823665226417,13.487327710549422,12.702757896084218,12.067922104754146,11.268168158144551,10.474828410148206,10.276411187425534,9.655145238802984,9.354161014278539,9.360502460944002,8.910414043438958,8.621985257350058,8.394335138599315,8.164899069054568,7.58799385663462,7.0842667480091475,6.616884732852149,4.856189891374376,5.302175104709423,5.769170677330446,6.210789181556045,6.924620584040966,7.630239225811695,7.431080078385281,5.8820324321319655,5.437480566918777,5.089738150173305,6.063320626322152,6.452518880303925,5.53701322952522,6.020334771693767,5.931245336177152,6.389202380853061,6.9201754025611395,6.519686341991735,6.184101115149861,5.770823734550907,5.283465669576641,4.599387083948958,4.198838308930029,4.008779234442641,3.7234561700803455,3.553379010427574,3.744830342330007,3.634934768807683,3.4490528759393975,3.205823564209394,2.925101269404306,2.757807572321986,2.6298813753822086,2.5182720372474168,2.375952399235095,2.264344896424151,2.216016976278374,2.151610303603157,2.172739459116552,2.0329625652558647,1.9727703149404043,1.8911973825408945,1.7254745166178644,1.6108119450416971,1.6588716219761892,1.6802126475884456,2.1471854337802747,1.9987540851655765,2.0215765956927867] [0.0,0.0,0.0,0.0,0.0,0.0,0.0,0.0,0.0,0.0,0.0,0.0,0.0,0.0,0.0,0.0,0.0,0.0,0.0,0.0,0.0,0.0,0.0,0.0,0.0,0.0,0.0,0.0,0.0,0.0,0.0,0.0,0.0,0.0,0.0,0.0,0.0,0.0,0.0,0.0,0.0,0.0,0.0,0.0,0.0,0.0,0.0,0.0,0.0,0.0,0.0,0.0,0.0,0.0,0.0,0.0,0.0,0.0,0.0,0.0,0.0,0.0,0.0,0.0,0.0,0.0,0.0,0.0,0.0,0.0,0.0,0.0,0.0,0.0,0.0,0.0,0.0,0.0,0.0,0.0,0.0,0.0,0.0,0.0,0.0,0.0,0.0,0.0,0.0,0.0,0.0,0.0,0.0,0.0,0.0,0.0,0.0,0.0,0.0,0.0,0.0,0.0,0.0,0.0,0.0,0.0,0.0,0.0,0.0,0.0,0.0,0.0,0.0,0.0,0.0,0.0,0.0,0.0,0.0,0.0,0.0,0.0,0.0,0.0,0.0,0.0,0.0,0.0,0.0,0.0,0.0,0.0,0.0,0.0,0.0,0.0,0.0,0.0,0.0,0.0,28.037431638550647,-21.77390907720873,9.968199522318498,11.655354990736612,-14.888976823673563,38.43497400691401,37.66022476524898,30.43880540845584,-23.355239002177058,-37.2366063708717,12.621702904681854,-11.496840936877676,-1.4294708340679836,39.42139082601509,19.721508520116632,25.175769633545812,-0.5823791503841482,84.30677316834229,29.298131638281607,-29.23696234708431,-113.29058515757086,31.01257077950166,-27.516714391425616,27.843580491510618,19.650294214038542,-19.776415314103126,45.35826750083291,3.4735842624466575,-67.73460202748122,-63.652229224040035,18.655632061863862,-77.87881206533359,-37.37964576682617,37.89092144568494,100.15762329078763,-75.12006673515184,5.541592172984317,25.793505041306926,-50.26656013630243,-2.9382807873381696,29.03037805667365,-5.676698976835318,9.355042896977823,-41.20023993690127,21.33520830294589,35.34477869875928,20.56376979578067,-91.98312464620003,-47.895351966533546,39.21426875316736,-52.3901256784418,-36.59018544481833,14.039244565703399,20.248508767643347,5.239554252950942,30.714360861314,-28.148612798957014,-18.440120286787398,-33.22662678715667,8.783292031168536,-2.2093324458453623,5.951397365012223,7.40512745928249,17.383803374409453,61.7639162782356,1.7036908179653305,14.46607917831865,34.529112919082685,7.256196821059029,19.768965249456024,-21.828655553475226,23.820522900801787,21.64456429726208,4.957767383001124,-36.7128644214788,12.82649111811201,10.219793266888693,10.086669899152136,2.2881660894050437,3.504033315563301,21.489542795938398,37.05987298544233,-12.412277838640444,12.304304023458783,2.562832880209569,-9.297667062623972,-8.086392960784627,11.125478183435531,-14.211970178700103,-3.2386722931714496,1.3089929525569965,-17.802220812069827,8.841470886911614,-8.71252891131127,-1.1805731366991419,26.435711900082264,-14.859293121470738,-17.66390350394787,-13.532216578869724,3.6508645667114132,-1.4579419375853657,11.487728418107316,-19.31384034765289,-19.685851805754872,-13.675786614491209,-1.1279647095794156,0.31093465575548057,-5.441826023608319,-4.817995626877208,15.903687328428271,9.871981982765261,4.699845763981923,-1.2313938281904944,-0.49074859381737507,5.826235808695357,-1.8384661387312804,-5.738676797947717,-3.2704165961441833,-2.021053410625476,-9.323766060001518,1.1552673257006258,-6.628660118277927,0.8428234347546703,3.6167022010503445,-5.399309903865199,-0.38836223862017494,12.618707977913509,-4.992958700654944,7.935931440092691,-10.245689666253657,5.142234803545885,3.265218168509919,-3.8916988211511736,-0.07838167858449793,-4.161654874833032,1.8877083127632552,4.3588900804236905,3.463380210100166,1.1060237793517242,2.012100929513745,-0.12971704754628904,-1.6443926115585163,1.3332027324399072,4.231416311027775,-3.6644086220729357,-0.29922783163074373,-3.277142643429977,5.1955441157326865,-0.3767228679030873,-1.7095032525477154,1.9472538340925751,3.4865649533255585,3.2179451143059197,2.8403894912897574,-2.2284146307886714,-2.0017740930264862,2.6095522561782363,2.9968467408673463,2.169538772584917,1.390673354483921]
56336.18968844861 [0.0,0.0,0.0,0.0,0.0,0.0,0.0,0.0,0.0,0.0,0.0,0.0,0.0,0.0,0.0,0.0,0.0,0.0,0.0,0.0,0.0,0.0,0.0,0.0,0.0,0.0,0.0,0.0,0.0,0.0,0.0,0.0,0.0,0.0,0.0,0.0,0.0,0.0,0.0,0.0,0.0,0.0,0.0,0.0,0.0,0.0,0.0,0.0,0.0,0.0,0.0,0.0,0.0,0.0,0.0,0.0,0.0,0.0,0.0,0.0,0.0,0.0,0.0,0.0,0.0,0.0,0.0,0.0,0.0,0.0,0.0,0.0,0.0,0.0,0.0,0.0,0.0,0.0,0.0,0.0,0.0,0.0,0.0,0.0,0.0,0.0,0.0,0.0,0.0,0.0,0.0,0.0,0.0,0.0,0.0,0.0,0.0,0.0,0.0,0.0,0.0,0.0,0.0,0.0,0.0,0.0,0.0,0.0,0.0,0.0,0.0,0.0,0.0,0.0,0.0,0.0,0.0,0.0,0.0,0.0,0.0,0.0,0.0,0.0,0.0,0.0,0.0,0.0,0.0,0.0,0.0,0.0,0.0,0.0,0.0,0.0,0.0,0.0,0.0,0.0,0.0,0.0,0.0,0.0,0.0,0.0,0.0,0.0,0.0,0.0,0.0,0.0,0.0,0.0,0.0,0.0,0.0,0.0,0.0,0.0,0.0,0.0,0.0,0.0,0.0,0.0,0.0,0.0,0.0,0.0,0.0,0.0,0.0,0.0,0.0,0.0,0.0,0.0,0.0,0.0,0.0,0.0,0.0,0.0,0.0,0.0,0.0,0.0,0.0,0.0,0.0,0.0,0.0,0.0,0.0,0.0,0.0,0.0,0.0,0.0,0.0,0.0,0.0,0.0,0.0,0.0,0.0,0.0,0.0,0.0,0.0,0.0,0.0,0.0,0.0,0.0,0.0,0.0,0.0,0.0,0.0,0.0,0.0,0.0,0.0,0.0,0.0,0.0,0.0,0.0,0.0,0.0,0.0,0.0,0.0,0.0,0.0,0.0,0.0,0.0,0.0,0.0,0.0,0.0,0.0,0.0,0.0,0.0,0.0,0.0,0.0,0.0,0.0,0.0,0.0,0.0,0.0,0.0,0.0,0.0,0.0,0.0,0.0,0.0,0.0,0.0,0.0,0.0,0.0,0.0,0.0,0.0,0.0,0.0,0.0,0.0,0.0,0.0,0.0,0.0,0.0,0.0,0.0,0.0,0.0,0.0,0.0,0.0,0.0,0.0,0.0,0.0,0.0,0.0,0.0,0.0,0.0,0.0,0.0,0.0] [1311.2619900786005,1321.8202200865917,1332.463464547639,1343.19240799478,1354.0077404728797,1364.9101575830227,1375.9003605272408,1386.9790561536227,1398.1469570017646,1409.4047813486081,1420.7532532546286,1432.193102610412,1443.7250651835902,1455.3498826661717,1467.068302722235,1478.881079036026,1490.78897136042,1502.7927455657994,1514.8931736892998,1527.0910339844697,1539.3871109713293,1551.7821954868166,1564.2770847356642,1576.872582341659,1589.569498399342,1602.368649526097,1615.270858914685,1628.2769563861766,1641.3877784433362,1654.6041683244075,1667.9269760573632,1681.3570585145608,1694.895279467867,1708.5425096441993,1722.2996267815402,1736.1675156853773,1750.1470682856248,1764.2391836939755,1778.4447682617345,1792.7647356381167,1807.2000068289992,1821.7515102561672,1836.4201818170154,1851.2069649447558,1866.112810669078,1881.1386776773347,1896.285532376183,1911.5543489537563,1926.9461094423048,1942.4618037813711,1958.1024298814455,1973.8689936881608,1989.7625092469793,2005.7839987684179,2021.9344926937952,2038.215029761504,2054.626657073813,2071.1704301642176,2087.8474130653335,2104.6586783773164,2121.605307336866,2138.6883898867477,2155.9090247459117,2173.268319480143,2190.767390573309,2208.407363499154,2226.1893727937027,2244.1145621282076,2262.184084382728,2280.399101720259,2298.7607856614945,2317.2703171601615,2335.9288866789793,2354.7376942662327,2373.6979496329395,2392.810872230673,2412.077691329971,2431.4996460994216,2451.0779856853383,2470.813969292122,2490.7088662632277,2510.763956162824,2530.9805288580706,2551.359884602096,2571.9033341176064,2592.612198681206,2613.487810208354,2634.5315113390543,2655.7446555241822,2677.1286071125573,2698.6847414386757,2720.4144449111714,2742.319115101994,2764.4001608362782,2786.6590022829737,2809.097071046162,2831.715810257159,2854.5166746673017,2877.5011307415425,2900.67065675274,2924.0267428767575,2947.570891288285,2971.304616257478,2995.22944424732,3019.346914011829,3043.658576695001,3068.1659959305807,3092.870747942638,3117.7744216469364,3142.87861875312,3168.1849538677375,3193.695054598094,3219.410561656912,3245.333128967883,3271.4644237720117,3297.806126734876,3324.3599320546946,3351.1275475713155,3378.1106948760344,3405.3111094223436,3432.7305406375262,3460.3707520352004,3488.23352132871,3516.320640545493,3544.6339161423107,3573.1751691214417,3601.9462351478164,3630.9489646670518,3660.1852230244945,3689.6568905851636,3719.3658628547196,3749.3140506013438,3779.5033799786634,3809.935792649603,3840.6132459112973,3871.5377128209448,3902.7111823227383,3934.135659375755,3965.8131650829396,3997.7457368210635,4029.9354283717907,4062.3843100537392,4095.0944688556665,4128.068008570669,4161.3070499315045,4194.813730746993,4228.590206039511,4262.638648183577,4296.961247045588,4331.560210124669,4366.437762694626,4401.596147947099,4437.037627135803,4472.764479721992,4508.779003521039,4545.083514850253,4581.680348677821,4618.571858773019,4655.7604178575675,4693.248417758249,4731.038269560753,4769.132403764733,4807.533270440121,4846.243339384716,4885.265100283049,4924.601062866471,4964.253757074609,5004.22573321805,5044.519562142395,5085.137835393579,5126.08316538458,5167.3581855634,5208.965550582488,5250.907936469426,5293.188040799074,5335.808582867062,5378.772303864684,5422.081967055189,5465.740357951513,5509.7502844954415,5554.1145772382,5598.836089522486,5643.917697666003,5689.362301146471,5735.17282278806,5781.352208949439,5827.903429713208,5874.829479076986,5922.133375145914,5969.818160326825,6017.886901523867,6066.342690335802,6115.188643254807,6164.427901866934,6214.06363305417,6264.099029198114,6314.537308385285,6365.381714614103,6416.635518003553,6468.302015003491,6520.384528606639,6572.88640856233,6625.811031591967,6679.16180160615,6732.942149923667,6787.155535492116,6841.805445110439,6896.895393653112,6952.428924296275,7008.409608745552,7064.841047465831,7121.726869912778,7179.070734766296,7236.876330165845,7295.147373947643,7353.887613883764,7413.100827923194,7472.790824434837,7532.961442452409,7593.616551921397,7654.7600539479145,7716.395881049652,7778.527997408752,7841.160399126823,7904.2971144818985,7967.94220418758,8032.099761654146,8096.773913251861,8161.968818576374,8227.688670716232,8293.937696522553,8360.720156880894,8428.04034698531,8495.90259661459,8564.311270410717,8633.270768159597,8702.785525074065,8772.860012079082,8843.498736099358,8914.706240349144,8986.487104624512,9058.845945597834,9131.787417114787,9205.31621049359,9279.437054826807,9354.154717285446,9429.47400342559,9505.399757497484,9581.936862757088,9659.090241780126,9736.864856778713,9815.265709920519,9894.297843650465,9973.966341015032,10054.276325989182,10135.232963805956,10216.841461288606,10299.107067185563,10382.035072507933,10465.630810869876,10549.89965883156,10634.84703624505,10720.478406602804,10806.799277389146,10893.815200434417,10981.531772272076,11069.954634498676,11159.08947413668,11248.94202400021,11339.518063063782,11430.823416834026,11522.863957724268,11615.64560543233,11709.174327321158,11803.456138802712,11898.49710372478,11994.303334761045,12090.880993804161,12188.23629236214,12286.375491957784,12385.304904531427,12485.030892846919,12585.55987090084,12686.898304334996,12789.052710852275,12892.029660635888,12995.8357767719,13100.477735675182,13205.962267518828,13312.296156667053,13419.486242111492,13527.539417911097,13636.462633635434,13746.262894811807,13856.947263375758,13968.522858125163,14080.996855178266,14194.376488435144,14308.66905004285,14423.881890864615] 0.31126199007860056 [Infinity,Infinity,Infinity,Infinity,Infinity,Infinity,Infinity,Infinity,Infinity,Infinity,Infinity,Infinity,Infinity,Infinity,Infinity,Infinity,Infinity,Infinity,Infinity,Infinity,Infinity,Infinity,Infinity,Infinity,Infinity,Infinity,Infinity,Infinity,Infinity,Infinity,Infinity,Infinity,Infinity,Infinity,Infinity,Infinity,Infinity,Infinity,Infinity,Infinity,Infinity,Infinity,Infinity,Infinity,Infinity,Infinity,Infinity,Infinity,Infinity,Infinity,Infinity,Infinity,Infinity,Infinity,Infinity,Infinity,Infinity,Infinity,Infinity,Infinity,Infinity,Infinity,Infinity,Infinity,Infinity,Infinity,Infinity,Infinity,Infinity,Infinity,Infinity,Infinity,Infinity,Infinity,Infinity,Infinity,Infinity,Infinity,Infinity,Infinity,Infinity,Infinity,Infinity,Infinity,Infinity,Infinity,Infinity,Infinity,Infinity,Infinity,Infinity,Infinity,Infinity,Infinity,Infinity,Infinity,Infinity,Infinity,Infinity,Infinity,Infinity,Infinity,Infinity,Infinity,Infinity,Infinity,Infinity,Infinity,Infinity,Infinity,Infinity,Infinity,Infinity,Infinity,Infinity,Infinity,Infinity,Infinity,Infinity,Infinity,Infinity,Infinity,Infinity,Infinity,Infinity,Infinity,Infinity,Infinity,Infinity,Infinity,Infinity,Infinity,Infinity,Infinity,Infinity,Infinity,Infinity,Infinity,Infinity,Infinity,Infinity,Infinity,Infinity,Infinity,Infinity,Infinity,Infinity,Infinity,Infinity,Infinity,Infinity,Infinity,Infinity,Infinity,Infinity,Infinity,Infinity,Infinity,Infinity,Infinity,Infinity,Infinity,Infinity,Infinity,Infinity,Infinity,Infinity,Infinity,Infinity,Infinity,Infinity,Infinity,Infinity,Infinity,Infinity,Infinity,Infinity,Infinity,Infinity,Infinity,Infinity,Infinity,Infinity,Infinity,Infinity,Infinity,Infinity,Infinity,Infinity,Infinity,Infinity,Infinity,Infinity,Infinity,Infinity,Infinity,Infinity,Infinity,Infinity,Infinity,Infinity,Infinity,Infinity,Infinity,Infinity,Infinity,Infinity,Infinity,Infinity,Infinity,Infinity,Infinity,Infinity,Infinity,Infinity,Infinity,Infinity,Infinity,Infinity,Infinity,Infinity,Infinity,Infinity,Infinity,Infinity,Infinity,Infinity,Infinity,Infinity,Infinity,Infinity,Infinity,Infinity,Infinity,Infinity,Infinity,Infinity,Infinity,Infinity,Infinity,Infinity,Infinity,Infinity,Infinity,Infinity,Infinity,Infinity,Infinity,Infinity,Infinity,Infinity,Infinity,Infinity,Infinity,Infinity,Infinity,Infinity,Infinity,Infinity,Infinity,Infinity,Infinity,Infinity,Infinity,Infinity,Infinity,Infinity,Infinity,Infinity,Infinity,Infinity,Infinity,Infinity,Infinity,Infinity,Infinity,Infinity,Infinity,Infinity,Infinity,Infinity,Infinity,Infinity,Infinity,Infinity,Infinity,Infinity,Infinity,Infinity,Infinity,Infinity,Infinity,Infinity,Infinity,Infinity,Infinity,Infinity,Infinity,Infinity,Infinity] [0.0,0.0,0.0,0.0,0.0,0.0,0.0,0.0,0.0,0.0,0.0,0.0,0.0,0.0,0.0,0.0,0.0,0.0,0.0,0.0,0.0,0.0,0.0,0.0,0.0,0.0,0.0,0.0,0.0,0.0,0.0,0.0,0.0,0.0,0.0,0.0,0.0,0.0,0.0,0.0,0.0,0.0,0.0,0.0,0.0,0.0,0.0,0.0,0.0,0.0,0.0,0.0,0.0,0.0,0.0,0.0,0.0,0.0,0.0,0.0,0.0,0.0,0.0,0.0,0.0,0.0,0.0,0.0,0.0,0.0,0.0,0.0,0.0,0.0,0.0,0.0,0.0,0.0,0.0,0.0,0.0,0.0,0.0,0.0,0.0,0.0,0.0,0.0,0.0,0.0,0.0,0.0,0.0,0.0,0.0,0.0,0.0,0.0,0.0,0.0,0.0,0.0,0.0,0.0,0.0,0.0,0.0,0.0,0.0,0.0,0.0,0.0,0.0,0.0,0.0,0.0,0.0,0.0,0.0,0.0,0.0,0.0,0.0,0.0,0.0,0.0,0.0,0.0,0.0,0.0,0.0,0.0,0.0,0.0,0.0,0.0,0.0,0.0,0.0,0.0,0.0,0.0,0.0,0.0,0.0,0.0,0.0,0.0,0.0,0.0,0.0,0.0,0.0,0.0,0.0,0.0,0.0,0.0,0.0,0.0,0.0,0.0,0.0,0.0,0.0,0.0,0.0,0.0,0.0,0.0,0.0,0.0,0.0,0.0,0.0,0.0,0.0,0.0,0.0,0.0,0.0,0.0,0.0,0.0,0.0,0.0,0.0,0.0,0.0,0.0,0.0,0.0,0.0,0.0,0.0,0.0,0.0,0.0,0.0,0.0,0.0,0.0,0.0,0.0,0.0,0.0,0.0,0.0,0.0,0.0,0.0,0.0,0.0,0.0,0.0,0.0,0.0,0.0,0.0,0.0,0.0,0.0,0.0,0.0,0.0,0.0,0.0,0.0,0.0,0.0,0.0,0.0,0.0,0.0,0.0,0.0,0.0,0.0,0.0,0.0,0.0,0.0,0.0,0.0,0.0,0.0,0.0,0.0,0.0,0.0,0.0,0.0,0.0,0.0,0.0,0.0,0.0,0.0,0.0,0.0,0.0,0.0,0.0,0.0,0.0,0.0,0.0,0.0,0.0,0.0,0.0,0.0,0.0,0.0,0.0,0.0,0.0,0.0,0.0,0.0,0.0,0.0,0.0,0.0,0.0,0.0,0.0,0.0,0.0,0.0,0.0,0.0,0.0,0.0,0.0,0.0,0.0,0.0,0.0,0.0]
56354.33077631214 [0.0,0.0,0.0,0.0,0.0,0.0,0.0,0.0,0.0,0.0,0.0,0.0,0.0,0.0,0.0,0.0,0.0,0.0,0.0,0.0,0.0,0.0,0.0,0.0,0.0,0.0,0.0,0.0,0.0,0.0,0.0,0.0,0.0,0.0,0.0,0.0,0.0,0.0,0.0,0.0,0.0,0.0,0.0,0.0,0.0,0.0,0.0,0.0,0.0,0.0,0.0,0.0,0.0,0.0,0.0,0.0,0.0,0.0,0.0,0.0,0.0,0.0,0.0,0.0,0.0,0.0,0.0,0.0,0.0,0.0,0.0,0.0,0.0,0.0,0.0,0.0,0.0,0.0,0.0,0.0,0.0,0.0,0.0,0.0,0.0,0.0,0.0,0.0,0.0,0.0,0.0,0.0,0.0,0.0,0.0,0.0,0.0,0.0,0.0,0.0,0.0,0.0,0.0,0.0,0.0,0.0,0.0,0.0,0.0,0.0,0.0,0.0,0.0,0.0,0.0,0.0,0.0,0.0,0.0,0.0,0.0,0.0,0.0,0.0,0.0,0.0,0.0,0.0,0.0,0.0,0.0,0.0,0.0,0.0,0.0,0.0,0.0,0.0,0.0,0.0,0.0,0.0,0.0,0.0,0.0,0.0,0.0,0.0,0.0,0.0,0.0,0.0,0.0,0.0,0.0,0.0,0.0,0.0,0.0,0.0,0.0,0.0,0.0,0.0,0.0,0.0,0.0,0.0,0.0,0.0,0.0,0.0,0.0,0.0,0.0,0.0,0.0,0.0,0.0,0.0,0.0,0.0,0.0,0.0,0.0,0.0,0.0,0.0,0.0,0.0,0.0,0.0,0.0,0.0,0.0,0.0,0.0,0.0,0.0,0.0,0.0,0.0,0.0,0.0,0.0,0.0,0.0,0.0,0.0,0.0,0.0,0.0,0.0,0.0,0.0,0.0,0.0,0.0,0.0,0.0,0.0,0.0,0.0,0.0,0.0,0.0,0.0,0.0,0.0,0.0,0.0,0.0,0.0,0.0,0.0,0.0,0.0,0.0,0.0,0.0,0.0,0.0,0.0,0.0,0.0,0.0,0.0,0.0,0.0,0.0,0.0,0.0,0.0,0.0,0.0,0.0,0.0,0.0,0.0,0.0,0.0,0.0,0.0,0.0,0.0,0.0,0.0,0.0,0.0,0.0,0.0,0.0,0.0,0.0,0.0,0.0,0.0,0.0,0.0,0.0,0.0,0.0,0.0,0.0,0.0,0.0,0.0,0.0,0.0,0.0,0.0,0.0,0.0,0.0,0.0,0.0,0.0,0.0,0.0,0.0] [1311.2619900786005,1321.8202200865917,1332.463464547639,1343.19240799478,1354.0077404728797,1364.9101575830227,1375.9003605272408,1386.9790561536227,1398.1469570017646,1409.4047813486081,1420.7532532546286,1432.193102610412,1443.7250651835902,1455.3498826661717,1467.068302722235,1478.881079036026,1490.78897136042,1502.7927455657994,1514.8931736892998,1527.0910339844697,1539.3871109713293,1551.7821954868166,1564.2770847356642,1576.872582341659,1589.569498399342,1602.368649526097,1615.270858914685,1628.2769563861766,1641.3877784433362,1654.6041683244075,1667.9269760573632,1681.3570585145608,1694.895279467867,1708.5425096441993,1722.2996267815402,1736.1675156853773,1750.1470682856248,1764.2391836939755,1778.4447682617345,1792.7647356381167,1807.2000068289992,1821.7515102561672,1836.4201818170154,1851.2069649447558,1866.112810669078,1881.1386776773347,1896.285532376183,1911.5543489537563,1926.9461094423048,1942.4618037813711,1958.1024298814455,1973.8689936881608,1989.7625092469793,2005.7839987684179,2021.9344926937952,2038.215029761504,2054.626657073813,2071.1704301642176,2087.8474130653335,2104.6586783773164,2121.605307336866,2138.6883898867477,2155.9090247459117,2173.268319480143,2190.767390573309,2208.407363499154,2226.1893727937027,2244.1145621282076,2262.184084382728,2280.399101720259,2298.7607856614945,2317.2703171601615,2335.9288866789793,2354.7376942662327,2373.6979496329395,2392.810872230673,2412.077691329971,2431.4996460994216,2451.0779856853383,2470.813969292122,2490.7088662632277,2510.763956162824,2530.9805288580706,2551.359884602096,2571.9033341176064,2592.612198681206,2613.487810208354,2634.5315113390543,2655.7446555241822,2677.1286071125573,2698.6847414386757,2720.4144449111714,2742.319115101994,2764.4001608362782,2786.6590022829737,2809.097071046162,2831.715810257159,2854.5166746673017,2877.5011307415425,2900.67065675274,2924.0267428767575,2947.570891288285,2971.304616257478,2995.22944424732,3019.346914011829,3043.658576695001,3068.1659959305807,3092.870747942638,3117.7744216469364,3142.87861875312,3168.1849538677375,3193.695054598094,3219.410561656912,3245.333128967883,3271.4644237720117,3297.806126734876,3324.3599320546946,3351.1275475713155,3378.1106948760344,3405.3111094223436,3432.7305406375262,3460.3707520352004,3488.23352132871,3516.320640545493,3544.6339161423107,3573.1751691214417,3601.9462351478164,3630.9489646670518,3660.1852230244945,3689.6568905851636,3719.3658628547196,3749.3140506013438,3779.5033799786634,3809.935792649603,3840.6132459112973,3871.5377128209448,3902.7111823227383,3934.135659375755,3965.8131650829396,3997.7457368210635,4029.9354283717907,4062.3843100537392,4095.0944688556665,4128.068008570669,4161.3070499315045,4194.813730746993,4228.590206039511,4262.638648183577,4296.961247045588,4331.560210124669,4366.437762694626,4401.596147947099,4437.037627135803,4472.764479721992,4508.779003521039,4545.083514850253,4581.680348677821,4618.571858773019,4655.7604178575675,4693.248417758249,4731.038269560753,4769.132403764733,4807.533270440121,4846.243339384716,4885.265100283049,4924.601062866471,4964.253757074609,5004.22573321805,5044.519562142395,5085.137835393579,5126.08316538458,5167.3581855634,5208.965550582488,5250.907936469426,5293.188040799074,5335.808582867062,5378.772303864684,5422.081967055189,5465.740357951513,5509.7502844954415,5554.1145772382,5598.836089522486,5643.917697666003,5689.362301146471,5735.17282278806,5781.352208949439,5827.903429713208,5874.829479076986,5922.133375145914,5969.818160326825,6017.886901523867,6066.342690335802,6115.188643254807,6164.427901866934,6214.06363305417,6264.099029198114,6314.537308385285,6365.381714614103,6416.635518003553,6468.302015003491,6520.384528606639,6572.88640856233,6625.811031591967,6679.16180160615,6732.942149923667,6787.155535492116,6841.805445110439,6896.895393653112,6952.428924296275,7008.409608745552,7064.841047465831,7121.726869912778,7179.070734766296,7236.876330165845,7295.147373947643,7353.887613883764,7413.100827923194,7472.790824434837,7532.961442452409,7593.616551921397,7654.7600539479145,7716.395881049652,7778.527997408752,7841.160399126823,7904.2971144818985,7967.94220418758,8032.099761654146,8096.773913251861,8161.968818576374,8227.688670716232,8293.937696522553,8360.720156880894,8428.04034698531,8495.90259661459,8564.311270410717,8633.270768159597,8702.785525074065,8772.860012079082,8843.498736099358,8914.706240349144,8986.487104624512,9058.845945597834,9131.787417114787,9205.31621049359,9279.437054826807,9354.154717285446,9429.47400342559,9505.399757497484,9581.936862757088,9659.090241780126,9736.864856778713,9815.265709920519,9894.297843650465,9973.966341015032,10054.276325989182,10135.232963805956,10216.841461288606,10299.107067185563,10382.035072507933,10465.630810869876,10549.89965883156,10634.84703624505,10720.478406602804,10806.799277389146,10893.815200434417,10981.531772272076,11069.954634498676,11159.08947413668,11248.94202400021,11339.518063063782,11430.823416834026,11522.863957724268,11615.64560543233,11709.174327321158,11803.456138802712,11898.49710372478,11994.303334761045,12090.880993804161,12188.23629236214,12286.375491957784,12385.304904531427,12485.030892846919,12585.55987090084,12686.898304334996,12789.052710852275,12892.029660635888,12995.8357767719,13100.477735675182,13205.962267518828,13312.296156667053,13419.486242111492,13527.539417911097,13636.462633635434,13746.262894811807,13856.947263375758,13968.522858125163,14080.996855178266,14194.376488435144,14308.66905004285,14423.881890864615] 0.31126199007860056 [Infinity,Infinity,Infinity,Infinity,Infinity,Infinity,Infinity,Infinity,Infinity,Infinity,Infinity,Infinity,Infinity,Infinity,Infinity,Infinity,Infinity,Infinity,Infinity,Infinity,Infinity,Infinity,Infinity,Infinity,Infinity,Infinity,Infinity,Infinity,Infinity,Infinity,Infinity,Infinity,Infinity,Infinity,Infinity,Infinity,Infinity,Infinity,Infinity,Infinity,Infinity,Infinity,Infinity,Infinity,Infinity,Infinity,Infinity,Infinity,Infinity,Infinity,Infinity,Infinity,Infinity,Infinity,Infinity,Infinity,Infinity,Infinity,Infinity,Infinity,Infinity,Infinity,Infinity,Infinity,Infinity,Infinity,Infinity,Infinity,Infinity,Infinity,Infinity,Infinity,Infinity,Infinity,Infinity,Infinity,Infinity,Infinity,Infinity,Infinity,Infinity,Infinity,Infinity,Infinity,Infinity,Infinity,Infinity,Infinity,Infinity,Infinity,Infinity,Infinity,Infinity,Infinity,Infinity,Infinity,Infinity,Infinity,Infinity,Infinity,Infinity,Infinity,Infinity,Infinity,Infinity,Infinity,Infinity,Infinity,Infinity,Infinity,Infinity,Infinity,Infinity,Infinity,Infinity,Infinity,Infinity,Infinity,Infinity,Infinity,Infinity,Infinity,Infinity,Infinity,Infinity,Infinity,Infinity,Infinity,Infinity,Infinity,Infinity,Infinity,Infinity,Infinity,Infinity,Infinity,Infinity,Infinity,Infinity,Infinity,Infinity,Infinity,Infinity,Infinity,Infinity,Infinity,Infinity,Infinity,Infinity,Infinity,Infinity,Infinity,Infinity,Infinity,Infinity,Infinity,Infinity,Infinity,Infinity,Infinity,Infinity,Infinity,Infinity,Infinity,Infinity,Infinity,Infinity,Infinity,Infinity,Infinity,Infinity,Infinity,Infinity,Infinity,Infinity,Infinity,Infinity,Infinity,Infinity,Infinity,Infinity,Infinity,Infinity,Infinity,Infinity,Infinity,Infinity,Infinity,Infinity,Infinity,Infinity,Infinity,Infinity,Infinity,Infinity,Infinity,Infinity,Infinity,Infinity,Infinity,Infinity,Infinity,Infinity,Infinity,Infinity,Infinity,Infinity,Infinity,Infinity,Infinity,Infinity,Infinity,Infinity,Infinity,Infinity,Infinity,Infinity,Infinity,Infinity,Infinity,Infinity,Infinity,Infinity,Infinity,Infinity,Infinity,Infinity,Infinity,Infinity,Infinity,Infinity,Infinity,Infinity,Infinity,Infinity,Infinity,Infinity,Infinity,Infinity,Infinity,Infinity,Infinity,Infinity,Infinity,Infinity,Infinity,Infinity,Infinity,Infinity,Infinity,Infinity,Infinity,Infinity,Infinity,Infinity,Infinity,Infinity,Infinity,Infinity,Infinity,Infinity,Infinity,Infinity,Infinity,Infinity,Infinity,Infinity,Infinity,Infinity,Infinity,Infinity,Infinity,Infinity,Infinity,Infinity,Infinity,Infinity,Infinity,Infinity,Infinity,Infinity,Infinity,Infinity,Infinity,Infinity,Infinity,Infinity,Infinity,Infinity,Infinity,Infinity,Infinity,Infinity,Infinity,Infinity,Infinity,Infinity,Infinity,Infinity,Infinity] [0.0,0.0,0.0,0.0,0.0,0.0,0.0,0.0,0.0,0.0,0.0,0.0,0.0,0.0,0.0,0.0,0.0,0.0,0.0,0.0,0.0,0.0,0.0,0.0,0.0,0.0,0.0,0.0,0.0,0.0,0.0,0.0,0.0,0.0,0.0,0.0,0.0,0.0,0.0,0.0,0.0,0.0,0.0,0.0,0.0,0.0,0.0,0.0,0.0,0.0,0.0,0.0,0.0,0.0,0.0,0.0,0.0,0.0,0.0,0.0,0.0,0.0,0.0,0.0,0.0,0.0,0.0,0.0,0.0,0.0,0.0,0.0,0.0,0.0,0.0,0.0,0.0,0.0,0.0,0.0,0.0,0.0,0.0,0.0,0.0,0.0,0.0,0.0,0.0,0.0,0.0,0.0,0.0,0.0,0.0,0.0,0.0,0.0,0.0,0.0,0.0,0.0,0.0,0.0,0.0,0.0,0.0,0.0,0.0,0.0,0.0,0.0,0.0,0.0,0.0,0.0,0.0,0.0,0.0,0.0,0.0,0.0,0.0,0.0,0.0,0.0,0.0,0.0,0.0,0.0,0.0,0.0,0.0,0.0,0.0,0.0,0.0,0.0,0.0,0.0,0.0,0.0,0.0,0.0,0.0,0.0,0.0,0.0,0.0,0.0,0.0,0.0,0.0,0.0,0.0,0.0,0.0,0.0,0.0,0.0,0.0,0.0,0.0,0.0,0.0,0.0,0.0,0.0,0.0,0.0,0.0,0.0,0.0,0.0,0.0,0.0,0.0,0.0,0.0,0.0,0.0,0.0,0.0,0.0,0.0,0.0,0.0,0.0,0.0,0.0,0.0,0.0,0.0,0.0,0.0,0.0,0.0,0.0,0.0,0.0,0.0,0.0,0.0,0.0,0.0,0.0,0.0,0.0,0.0,0.0,0.0,0.0,0.0,0.0,0.0,0.0,0.0,0.0,0.0,0.0,0.0,0.0,0.0,0.0,0.0,0.0,0.0,0.0,0.0,0.0,0.0,0.0,0.0,0.0,0.0,0.0,0.0,0.0,0.0,0.0,0.0,0.0,0.0,0.0,0.0,0.0,0.0,0.0,0.0,0.0,0.0,0.0,0.0,0.0,0.0,0.0,0.0,0.0,0.0,0.0,0.0,0.0,0.0,0.0,0.0,0.0,0.0,0.0,0.0,0.0,0.0,0.0,0.0,0.0,0.0,0.0,0.0,0.0,0.0,0.0,0.0,0.0,0.0,0.0,0.0,0.0,0.0,0.0,0.0,0.0,0.0,0.0,0.0,0.0,0.0,0.0,0.0,0.0,0.0,0.0]
56230.077478504434 [0.0,0.0,0.0,0.0,0.0,0.0,0.0,0.0,0.0,0.0,0.0,0.0,0.0,0.0,0.0,0.0,0.0,0.0,0.0,0.0,0.0,0.0,0.0,0.0,0.0,0.0,0.0,0.0,0.0,0.0,0.0,0.0,0.0,0.0,0.0,0.0,0.0,0.0,0.0,0.0,0.0,0.0,0.0,0.0,0.0,0.0,0.0,0.0,0.0,0.0,0.0,0.0,0.0,0.0,0.0,0.0,0.0,0.0,0.0,0.0,0.0,0.0,0.0,0.0,0.0,0.0,0.0,0.0,0.0,0.0,0.0,0.0,0.0,0.0,0.0,0.0,0.0,0.0,0.0,0.0,0.0,0.0,0.0,0.0,0.0,0.0,0.0,0.0,0.0,0.0,0.0,0.0,0.0,0.0,0.0,0.0,0.0,0.0,0.0,0.0,0.0,0.0,0.0,0.0,0.0,0.0,0.0,0.0,0.0,0.0,0.0,0.0,0.0,0.0,0.0,0.0,0.0,0.0,0.0,0.0,0.0,0.0,0.0,0.0,0.0,0.0,0.0,0.0,0.0,0.0,0.0,0.0,0.0,0.0,0.0,0.0,0.0,0.0,0.0,0.0,354.0042679483045,316.6019285029295,255.5741904112283,219.83419697130742,183.0304110007212,170.11744951540288,205.5994818116221,236.03885940485947,250.20713763746514,266.61883594009413,281.8456491328626,346.774714865924,374.76954113880845,400.85884093794573,504.7147196456697,533.3595499428641,554.4449844003218,527.7002129478808,508.0399348869382,470.4573976053537,492.5026180419339,392.78442285543935,318.93121217806595,346.87651890033175,421.3852414369708,445.6589257893285,446.3990382584554,487.8867899187904,573.3834013188157,562.1408213856835,636.297238999542,670.8752574977524,635.6383734377099,641.8918842635057,629.7226265394689,627.6794278898091,593.234452663864,534.5102314240933,478.15365583610225,417.30344398472994,400.1237655635534,385.7705276424199,346.17520080623933,416.44435258016716,463.33660583568326,449.0991512616317,444.7052159194944,459.680324631104,481.55505059820337,509.78172752875207,460.83524702942304,453.38002606649366,388.7286867071197,364.1811729278886,382.5076741863916,362.33127898547184,329.1455393876252,294.9136100830895,257.1058996270127,268.3187862181594,289.9259569210662,290.8235981190682,325.0161015569239,374.2076568218542,357.73627665817634,347.3571930717987,326.6719285571806,278.65623765608825,294.93381761146264,294.5441212681528,250.13198253221935,245.62348101729935,269.59174652163404,260.05205350523244,267.98977893049613,258.94110649708347,268.68542295849096,276.93817036970444,245.68818543966267,241.46869114076924,238.9389009844109,252.221323563975,240.9449708003328,217.84869780899803,208.606079036717,162.72124463497912,176.7021455114137,184.23751808843656,207.6889033006283,192.34601746510987,210.21259355264772,193.23217413255148,191.79742608444602,187.669695592348,174.3622793539633,176.49682716810963,169.3813840815977,166.2738790073126,144.84552921346742,156.1641688181888,155.9796199957833,145.5187639039286,147.950924930052,148.29563855554292,146.84420476629091,137.50481446521079,122.44922046799847,114.28893388854006,131.6195790846208,122.85511944451275,109.4044619582679,106.53252844399844,99.1531636902006,108.06620504885021,103.16895653130965,95.81305453281927,88.95146342488535,91.57991769720216,80.26144873409677,74.01876585345279,77.26965363576129,75.28042631587186,79.07134097206928,68.93491990397102,77.38656707970571,84.13502109024346,79.20244860733185,73.07791651874437,76.42801797166187,82.93059409530775,74.36967980056718,70.59293892775756,66.05746644003986,62.16794793882795,64.07263666509779,56.71803426152651,61.240142274715474,61.47287696671697,58.273650675837615,57.96914280505167,57.682734984017415,54.10464742121541,61.33456440235187,59.57363844685881,59.78626467799195,50.51287030678102,55.77021143762632,44.51992385807816,41.143383294200845,37.35107644903333,30.96876543768947,24.937433029177313,25.89344467989364,25.0124344811284,27.78792114882295,27.201623905079956,24.259763514660808,24.178522884827874,21.553799302160243,21.736927495057323] [1311.2619900786005,1321.8202200865917,1332.463464547639,1343.19240799478,1354.0077404728797,1364.9101575830227,1375.9003605272408,1386.9790561536227,1398.1469570017646,1409.4047813486081,1420.7532532546286,1432.193102610412,1443.7250651835902,1455.3498826661717,1467.068302722235,1478.881079036026,1490.78897136042,1502.7927455657994,1514.8931736892998,1527.0910339844697,1539.3871109713293,1551.7821954868166,1564.2770847356642,1576.872582341659,1589.569498399342,1602.368649526097,1615.270858914685,1628.2769563861766,1641.3877784433362,1654.6041683244075,1667.9269760573632,1681.3570585145608,1694.895279467867,1708.5425096441993,1722.2996267815402,1736.1675156853773,1750.1470682856248,1764.2391836939755,1778.4447682617345,1792.7647356381167,1807.2000068289992,1821.7515102561672,1836.4201818170154,1851.2069649447558,1866.112810669078,1881.1386776773347,1896.285532376183,1911.5543489537563,1926.9461094423048,1942.4618037813711,1958.1024298814455,1973.8689936881608,1989.7625092469793,2005.7839987684179,2021.9344926937952,2038.215029761504,2054.626657073813,2071.1704301642176,2087.8474130653335,2104.6586783773164,2121.605307336866,2138.6883898867477,2155.9090247459117,2173.268319480143,2190.767390573309,2208.407363499154,2226.1893727937027,2244.1145621282076,2262.184084382728,2280.399101720259,2298.7607856614945,2317.2703171601615,2335.9288866789793,2354.7376942662327,2373.6979496329395,2392.810872230673,2412.077691329971,2431.4996460994216,2451.0779856853383,2470.813969292122,2490.7088662632277,2510.763956162824,2530.9805288580706,2551.359884602096,2571.9033341176064,2592.612198681206,2613.487810208354,2634.5315113390543,2655.7446555241822,2677.1286071125573,2698.6847414386757,2720.4144449111714,2742.319115101994,2764.4001608362782,2786.6590022829737,2809.097071046162,2831.715810257159,2854.5166746673017,2877.5011307415425,2900.67065675274,2924.0267428767575,2947.570891288285,2971.304616257478,2995.22944424732,3019.346914011829,3043.658576695001,3068.1659959305807,3092.870747942638,3117.7744216469364,3142.87861875312,3168.1849538677375,3193.695054598094,3219.410561656912,3245.333128967883,3271.4644237720117,3297.806126734876,3324.3599320546946,3351.1275475713155,3378.1106948760344,3405.3111094223436,3432.7305406375262,3460.3707520352004,3488.23352132871,3516.320640545493,3544.6339161423107,3573.1751691214417,3601.9462351478164,3630.9489646670518,3660.1852230244945,3689.6568905851636,3719.3658628547196,3749.3140506013438,3779.5033799786634,3809.935792649603,3840.6132459112973,3871.5377128209448,3902.7111823227383,3934.135659375755,3965.8131650829396,3997.7457368210635,4029.9354283717907,4062.3843100537392,4095.0944688556665,4128.068008570669,4161.3070499315045,4194.813730746993,4228.590206039511,4262.638648183577,4296.961247045588,4331.560210124669,4366.437762694626,4401.596147947099,4437.037627135803,4472.764479721992,4508.779003521039,4545.083514850253,4581.680348677821,4618.571858773019,4655.7604178575675,4693.248417758249,4731.038269560753,4769.132403764733,4807.533270440121,4846.243339384716,4885.265100283049,4924.601062866471,4964.253757074609,5004.22573321805,5044.519562142395,5085.137835393579,5126.08316538458,5167.3581855634,5208.965550582488,5250.907936469426,5293.188040799074,5335.808582867062,5378.772303864684,5422.081967055189,5465.740357951513,5509.7502844954415,5554.1145772382,5598.836089522486,5643.917697666003,5689.362301146471,5735.17282278806,5781.352208949439,5827.903429713208,5874.829479076986,5922.133375145914,5969.818160326825,6017.886901523867,6066.342690335802,6115.188643254807,6164.427901866934,6214.06363305417,6264.099029198114,6314.537308385285,6365.381714614103,6416.635518003553,6468.302015003491,6520.384528606639,6572.88640856233,6625.811031591967,6679.16180160615,6732.942149923667,6787.155535492116,6841.805445110439,6896.895393653112,6952.428924296275,7008.409608745552,7064.841047465831,7121.726869912778,7179.070734766296,7236.876330165845,7295.147373947643,7353.887613883764,7413.100827923194,7472.790824434837,7532.961442452409,7593.616551921397,7654.7600539479145,7716.395881049652,7778.527997408752,7841.160399126823,7904.2971144818985,7967.94220418758,8032.099761654146,8096.773913251861,8161.968818576374,8227.688670716232,8293.937696522553,8360.720156880894,8428.04034698531,8495.90259661459,8564.311270410717,8633.270768159597,8702.785525074065,8772.860012079082,8843.498736099358,8914.706240349144,8986.487104624512,9058.845945597834,9131.787417114787,9205.31621049359,9279.437054826807,9354.154717285446,9429.47400342559,9505.399757497484,9581.936862757088,9659.090241780126,9736.864856778713,9815.265709920519,9894.297843650465,9973.966341015032,10054.276325989182,10135.232963805956,10216.841461288606,10299.107067185563,10382.035072507933,10465.630810869876,10549.89965883156,10634.84703624505,10720.478406602804,10806.799277389146,10893.815200434417,10981.531772272076,11069.954634498676,11159.08947413668,11248.94202400021,11339.518063063782,11430.823416834026,11522.863957724268,11615.64560543233,11709.174327321158,11803.456138802712,11898.49710372478,11994.303334761045,12090.880993804161,12188.23629236214,12286.375491957784,12385.304904531427,12485.030892846919,12585.55987090084,12686.898304334996,12789.052710852275,12892.029660635888,12995.8357767719,13100.477735675182,13205.962267518828,13312.296156667053,13419.486242111492,13527.539417911097,13636.462633635434,13746.262894811807,13856.947263375758,13968.522858125163,14080.996855178266,14194.376488435144,14308.66905004285,14423.881890864615] 0.31126199007860056 [Infinity,Infinity,Infinity,Infinity,Infinity,Infinity,Infinity,Infinity,Infinity,Infinity,Infinity,Infinity,Infinity,Infinity,Infinity,Infinity,Infinity,Infinity,Infinity,Infinity,Infinity,Infinity,Infinity,Infinity,Infinity,Infinity,Infinity,Infinity,Infinity,Infinity,Infinity,Infinity,Infinity,Infinity,Infinity,Infinity,Infinity,Infinity,Infinity,Infinity,Infinity,Infinity,Infinity,Infinity,Infinity,Infinity,Infinity,Infinity,Infinity,Infinity,Infinity,Infinity,Infinity,Infinity,Infinity,Infinity,Infinity,Infinity,Infinity,Infinity,Infinity,Infinity,Infinity,Infinity,Infinity,Infinity,Infinity,Infinity,Infinity,Infinity,Infinity,Infinity,Infinity,Infinity,Infinity,Infinity,Infinity,Infinity,Infinity,Infinity,Infinity,Infinity,Infinity,Infinity,Infinity,Infinity,Infinity,Infinity,Infinity,Infinity,Infinity,Infinity,Infinity,Infinity,Infinity,Infinity,Infinity,Infinity,Infinity,Infinity,Infinity,Infinity,Infinity,Infinity,Infinity,Infinity,Infinity,Infinity,Infinity,Infinity,Infinity,Infinity,Infinity,Infinity,Infinity,Infinity,Infinity,Infinity,Infinity,Infinity,Infinity,Infinity,Infinity,Infinity,Infinity,Infinity,Infinity,Infinity,Infinity,Infinity,Infinity,Infinity,Infinity,Infinity,Infinity,Infinity,Infinity,Infinity,Infinity,Infinity,16.73142582997388,15.487092474656839,13.269616493329792,10.759716380963658,8.920364694699703,8.672087949943307,9.784050733644197,11.24242843939535,12.23410480045064,13.089624680150669,14.463833083543582,16.622634859774184,19.192074631568463,21.732624394483523,23.866540452005715,25.238094700054916,25.772369629198458,25.989744243254812,26.369671883552265,26.15865520094253,23.92603083090271,19.871344847074724,16.92263597455254,17.54262620790671,20.14374188595965,21.93392489348761,22.690246258770628,24.27726894585863,27.325261906071443,30.13894318272271,31.305783439739304,31.448564764552874,31.566637249217145,31.865383281801883,32.17783872188848,31.969265821934687,30.473387734912354,27.66896107073992,24.304686800773318,21.23475587316235,19.38525865028737,19.142412881776284,20.001812907964336,21.239791273925167,21.909808870714063,21.818164090770928,22.124519752397482,23.178771731439376,23.816386768857562,23.416142781543172,22.300371838125216,20.85352164181432,19.46069368265609,18.60237557429955,18.67330678345636,18.607423222979875,17.030184283891778,15.060963053546065,14.10550476071534,14.028129923421474,14.588072248159218,15.77094967620422,17.054549186339777,17.643336241264027,17.639572625018012,17.180444207591197,15.7046232525087,13.97501213544893,13.794810179172895,13.945783693109197,13.178633022896737,12.985769378300095,13.345041021626292,13.14130232897961,13.063829253444714,13.331751994388066,13.141317753033302,12.697124661024962,12.406535720398482,12.330986479005134,12.331642224418655,12.167438989449778,11.614016046967832,10.824881248269651,9.905375115171307,8.871775904572766,8.632540008119005,9.335254874119496,10.157592549593412,10.549652053151512,10.535781533125771,10.281702677329672,9.769718217497168,9.400314640436244,9.193914445565895,8.930141193959836,8.668284093296347,8.370551127443216,8.049590941324826,7.73451003249704,7.435236403055494,7.301738598199816,7.136977857201447,6.9626834364136885,6.881674979479834,6.60927426898795,6.290186713342819,6.1114846052092755,5.981043198478723,5.769853085799702,5.536747585849346,5.327019372392195,5.118519163737001,5.06158795362461,5.067952795524331,4.977298172880319,4.667001382721428,4.220264136158992,3.8915660897059845,3.7445351451807793,3.8633201331410256,3.858414914741185,3.8337986146998846,3.7608549997868956,3.784845695630094,3.9659636194388037,4.059577718614956,4.02123594895391,3.94878358791921,3.832942624342907,3.710456713756012,3.5712324371703907,3.35455883702109,3.2504985883946964,3.085433620378424,3.1324072698159666,3.1761581694317806,3.001267872915821,2.7309851739219075,2.8015138104940625,2.6712413255682965,2.8746301102165144,2.9962320456489224,2.9776453462249344,2.8820280710217387,2.8172764319862607,2.6471237366551366,2.293106405737285,2.0119775397340627,1.7825281711860144,1.5724627441732317,1.3243156540894394,1.2997434582096727,1.2873153322696214,1.2405422864473084,1.267121593326884,1.2553512567620033,1.2201998758824593,1.1275824530224754,1.1389269963791486] [0.0,0.0,0.0,0.0,0.0,0.0,0.0,0.0,0.0,0.0,0.0,0.0,0.0,0.0,0.0,0.0,0.0,0.0,0.0,0.0,0.0,0.0,0.0,0.0,0.0,0.0,0.0,0.0,0.0,0.0,0.0,0.0,0.0,0.0,0.0,0.0,0.0,0.0,0.0,0.0,0.0,0.0,0.0,0.0,0.0,0.0,0.0,0.0,0.0,0.0,0.0,0.0,0.0,0.0,0.0,0.0,0.0,0.0,0.0,0.0,0.0,0.0,0.0,0.0,0.0,0.0,0.0,0.0,0.0,0.0,0.0,0.0,0.0,0.0,0.0,0.0,0.0,0.0,0.0,0.0,0.0,0.0,0.0,0.0,0.0,0.0,0.0,0.0,0.0,0.0,0.0,0.0,0.0,0.0,0.0,0.0,0.0,0.0,0.0,0.0,0.0,0.0,0.0,0.0,0.0,0.0,0.0,0.0,0.0,0.0,0.0,0.0,0.0,0.0,0.0,0.0,0.0,0.0,0.0,0.0,0.0,0.0,0.0,0.0,0.0,0.0,0.0,0.0,0.0,0.0,0.0,0.0,0.0,0.0,0.0,0.0,0.0,0.0,0.0,0.0,19.3757513488269,6.860079009792721,-9.818139455367552,4.639869352034265,4.623117106727132,-3.324309483463281,9.918467138738151,11.190290616952481,5.525041628452352,4.826342337080764,-7.43101253800906,14.32201767044033,-9.07195149256081,-33.79364695172472,27.38391060555536,28.597655941765744,38.99759181635257,7.90532808278458,-19.35350278410703,-52.715706413496875,13.98200142387961,-4.642474086055119,-19.521507312984856,-3.9760052578024454,18.510403717777837,6.98042791957631,-7.405886916957168,2.3414110016178347,26.878163197386865,-40.638042268770754,10.181570204755854,41.90396220669497,4.3056284533670865,4.584218627468095,-13.834147898300621,-11.705888548884632,-16.233302034383108,-18.86898999070512,-7.9400801793640845,-7.391673478517055,12.418592557806003,2.922270006894228,-53.861057353047364,-8.351472898336194,25.14042842140205,12.735869446213135,2.2148208715446898,-3.895109997683569,5.227315221052102,41.45887189788862,14.827810266918714,36.3095932302072,-0.48518694600207246,-7.866338558102395,9.041538517264357,-9.817185474125663,-11.458146290210381,-6.305650987831757,-25.004195587294088,-12.243812250270103,-1.8354880421182047,-24.595395405016173,-16.074882169871678,21.340931996573644,4.944824157816073,3.7483089199747543,12.579463507006606,-0.8440050528903599,19.037614028004725,15.628447405968863,-13.440677925715367,-14.091906548702525,2.6909260891081974,-2.773993074359755,6.713193861601843,-7.693933390677855,5.859067897824883,22.99567714920518,-2.4425289683069606,-5.1510384393334245,-7.693943503962188,8.872543774979444,8.664649860976178,1.351072843605,10.498576733290882,-14.714273456476217,4.051345349033626,-2.467579393953379,4.537052308760074,-18.647023597920374,-0.5030371098677108,-12.401879414041954,-3.5969382654973248,-0.33659721637687107,-9.516009557354597,-2.105996711087065,-3.984297784329256,-1.1371435415517144,-16.146289613029104,1.4739681682480141,7.274891934673435,-0.516008060067711,5.2113677860230645,9.041969827269149,9.210705176694246,5.3193290854517725,-3.3545137988579072,-7.9407582156454595,11.998715115046323,7.458057728518712,-1.3304897587190179,-0.00785900384547205,-3.2172195845394147,6.83444597635801,1.8099006208230262,-3.732908924787109,-4.3885642295432,7.174634974022325,2.4301269399770926,-0.8719370501628028,0.0032509729407743325,-1.8878719789518346,2.3953686780715864,-6.282180091766896,1.6896531671038222,4.815748701467386,-1.9891057649672748,-7.346802460333825,-2.547653786722316,6.271741608449616,0.16054552544695486,-0.8317098156502519,-1.0337103003819417,-2.842023829065982,2.363964257529305,-5.9301111347928215,-2.2830211139201433,1.4475195084005479,3.6539471973994666,1.9388665951704145,4.257908472651486,-3.3879547831148797,1.4099234893734263,0.020731522360123933,2.14570325755718,-5.832658332944192,2.8277367045235895,-1.3422042566675463,0.903832499519589,1.7005130253130407,-0.48048944577516783,-1.5488800526114772,-0.10142448429981488,-0.7338721642640266,2.977075419876783,1.8591920385422755,-0.8472616205792569,-0.2254746328213118,-0.9978497582892629,-1.0416124325256508]
56356.36329362887 [0.0,0.0,0.0,0.0,0.0,0.0,0.0,0.0,0.0,0.0,0.0,0.0,0.0,0.0,0.0,0.0,0.0,0.0,0.0,0.0,0.0,0.0,0.0,0.0,0.0,0.0,0.0,0.0,0.0,0.0,0.0,0.0,0.0,0.0,0.0,0.0,0.0,0.0,0.0,0.0,0.0,0.0,0.0,0.0,0.0,0.0,0.0,0.0,0.0,0.0,0.0,0.0,0.0,0.0,0.0,0.0,0.0,0.0,0.0,0.0,0.0,0.0,0.0,0.0,0.0,0.0,0.0,0.0,0.0,0.0,0.0,0.0,0.0,0.0,0.0,0.0,0.0,0.0,0.0,0.0,0.0,0.0,0.0,0.0,0.0,0.0,0.0,0.0,0.0,0.0,0.0,0.0,0.0,0.0,0.0,0.0,0.0,0.0,0.0,0.0,0.0,0.0,0.0,0.0,0.0,0.0,0.0,0.0,0.0,0.0,0.0,0.0,0.0,0.0,0.0,0.0,0.0,0.0,0.0,0.0,0.0,0.0,0.0,0.0,0.0,0.0,0.0,0.0,0.0,0.0,0.0,0.0,0.0,0.0,0.0,0.0,0.0,0.0,0.0,0.0,0.0,0.0,0.0,0.0,0.0,0.0,0.0,0.0,0.0,0.0,0.0,0.0,0.0,0.0,0.0,0.0,0.0,0.0,0.0,0.0,0.0,0.0,0.0,0.0,0.0,0.0,0.0,0.0,0.0,0.0,0.0,0.0,0.0,0.0,0.0,0.0,0.0,0.0,0.0,0.0,0.0,0.0,0.0,0.0,0.0,0.0,0.0,0.0,0.0,0.0,0.0,0.0,0.0,0.0,0.0,0.0,0.0,0.0,0.0,0.0,0.0,0.0,0.0,0.0,0.0,0.0,0.0,0.0,0.0,0.0,0.0,0.0,0.0,0.0,0.0,0.0,0.0,0.0,0.0,0.0,0.0,0.0,0.0,0.0,0.0,0.0,0.0,0.0,0.0,0.0,0.0,0.0,0.0,0.0,0.0,0.0,0.0,0.0,0.0,0.0,0.0,0.0,0.0,0.0,0.0,0.0,0.0,0.0,0.0,0.0,0.0,0.0,0.0,0.0,0.0,0.0,0.0,0.0,0.0,0.0,0.0,0.0,0.0,0.0,0.0,0.0,0.0,0.0,0.0,0.0,0.0,0.0,0.0,0.0,0.0,0.0,0.0,0.0,0.0,0.0,0.0,0.0,0.0,0.0,0.0,0.0,0.0,0.0,0.0,0.0,0.0,0.0,0.0,0.0,0.0,0.0,0.0,0.0,0.0,0.0] [1311.2619900786005,1321.8202200865917,1332.463464547639,1343.19240799478,1354.0077404728797,1364.9101575830227,1375.9003605272408,1386.9790561536227,1398.1469570017646,1409.4047813486081,1420.7532532546286,1432.193102610412,1443.7250651835902,1455.3498826661717,1467.068302722235,1478.881079036026,1490.78897136042,1502.7927455657994,1514.8931736892998,1527.0910339844697,1539.3871109713293,1551.7821954868166,1564.2770847356642,1576.872582341659,1589.569498399342,1602.368649526097,1615.270858914685,1628.2769563861766,1641.3877784433362,1654.6041683244075,1667.9269760573632,1681.3570585145608,1694.895279467867,1708.5425096441993,1722.2996267815402,1736.1675156853773,1750.1470682856248,1764.2391836939755,1778.4447682617345,1792.7647356381167,1807.2000068289992,1821.7515102561672,1836.4201818170154,1851.2069649447558,1866.112810669078,1881.1386776773347,1896.285532376183,1911.5543489537563,1926.9461094423048,1942.4618037813711,1958.1024298814455,1973.8689936881608,1989.7625092469793,2005.7839987684179,2021.9344926937952,2038.215029761504,2054.626657073813,2071.1704301642176,2087.8474130653335,2104.6586783773164,2121.605307336866,2138.6883898867477,2155.9090247459117,2173.268319480143,2190.767390573309,2208.407363499154,2226.1893727937027,2244.1145621282076,2262.184084382728,2280.399101720259,2298.7607856614945,2317.2703171601615,2335.9288866789793,2354.7376942662327,2373.6979496329395,2392.810872230673,2412.077691329971,2431.4996460994216,2451.0779856853383,2470.813969292122,2490.7088662632277,2510.763956162824,2530.9805288580706,2551.359884602096,2571.9033341176064,2592.612198681206,2613.487810208354,2634.5315113390543,2655.7446555241822,2677.1286071125573,2698.6847414386757,2720.4144449111714,2742.319115101994,2764.4001608362782,2786.6590022829737,2809.097071046162,2831.715810257159,2854.5166746673017,2877.5011307415425,2900.67065675274,2924.0267428767575,2947.570891288285,2971.304616257478,2995.22944424732,3019.346914011829,3043.658576695001,3068.1659959305807,3092.870747942638,3117.7744216469364,3142.87861875312,3168.1849538677375,3193.695054598094,3219.410561656912,3245.333128967883,3271.4644237720117,3297.806126734876,3324.3599320546946,3351.1275475713155,3378.1106948760344,3405.3111094223436,3432.7305406375262,3460.3707520352004,3488.23352132871,3516.320640545493,3544.6339161423107,3573.1751691214417,3601.9462351478164,3630.9489646670518,3660.1852230244945,3689.6568905851636,3719.3658628547196,3749.3140506013438,3779.5033799786634,3809.935792649603,3840.6132459112973,3871.5377128209448,3902.7111823227383,3934.135659375755,3965.8131650829396,3997.7457368210635,4029.9354283717907,4062.3843100537392,4095.0944688556665,4128.068008570669,4161.3070499315045,4194.813730746993,4228.590206039511,4262.638648183577,4296.961247045588,4331.560210124669,4366.437762694626,4401.596147947099,4437.037627135803,4472.764479721992,4508.779003521039,4545.083514850253,4581.680348677821,4618.571858773019,4655.7604178575675,4693.248417758249,4731.038269560753,4769.132403764733,4807.533270440121,4846.243339384716,4885.265100283049,4924.601062866471,4964.253757074609,5004.22573321805,5044.519562142395,5085.137835393579,5126.08316538458,5167.3581855634,5208.965550582488,5250.907936469426,5293.188040799074,5335.808582867062,5378.772303864684,5422.081967055189,5465.740357951513,5509.7502844954415,5554.1145772382,5598.836089522486,5643.917697666003,5689.362301146471,5735.17282278806,5781.352208949439,5827.903429713208,5874.829479076986,5922.133375145914,5969.818160326825,6017.886901523867,6066.342690335802,6115.188643254807,6164.427901866934,6214.06363305417,6264.099029198114,6314.537308385285,6365.381714614103,6416.635518003553,6468.302015003491,6520.384528606639,6572.88640856233,6625.811031591967,6679.16180160615,6732.942149923667,6787.155535492116,6841.805445110439,6896.895393653112,6952.428924296275,7008.409608745552,7064.841047465831,7121.726869912778,7179.070734766296,7236.876330165845,7295.147373947643,7353.887613883764,7413.100827923194,7472.790824434837,7532.961442452409,7593.616551921397,7654.7600539479145,7716.395881049652,7778.527997408752,7841.160399126823,7904.2971144818985,7967.94220418758,8032.099761654146,8096.773913251861,8161.968818576374,8227.688670716232,8293.937696522553,8360.720156880894,8428.04034698531,8495.90259661459,8564.311270410717,8633.270768159597,8702.785525074065,8772.860012079082,8843.498736099358,8914.706240349144,8986.487104624512,9058.845945597834,9131.787417114787,9205.31621049359,9279.437054826807,9354.154717285446,9429.47400342559,9505.399757497484,9581.936862757088,9659.090241780126,9736.864856778713,9815.265709920519,9894.297843650465,9973.966341015032,10054.276325989182,10135.232963805956,10216.841461288606,10299.107067185563,10382.035072507933,10465.630810869876,10549.89965883156,10634.84703624505,10720.478406602804,10806.799277389146,10893.815200434417,10981.531772272076,11069.954634498676,11159.08947413668,11248.94202400021,11339.518063063782,11430.823416834026,11522.863957724268,11615.64560543233,11709.174327321158,11803.456138802712,11898.49710372478,11994.303334761045,12090.880993804161,12188.23629236214,12286.375491957784,12385.304904531427,12485.030892846919,12585.55987090084,12686.898304334996,12789.052710852275,12892.029660635888,12995.8357767719,13100.477735675182,13205.962267518828,13312.296156667053,13419.486242111492,13527.539417911097,13636.462633635434,13746.262894811807,13856.947263375758,13968.522858125163,14080.996855178266,14194.376488435144,14308.66905004285,14423.881890864615] 0.31126199007860056 [Infinity,Infinity,Infinity,Infinity,Infinity,Infinity,Infinity,Infinity,Infinity,Infinity,Infinity,Infinity,Infinity,Infinity,Infinity,Infinity,Infinity,Infinity,Infinity,Infinity,Infinity,Infinity,Infinity,Infinity,Infinity,Infinity,Infinity,Infinity,Infinity,Infinity,Infinity,Infinity,Infinity,Infinity,Infinity,Infinity,Infinity,Infinity,Infinity,Infinity,Infinity,Infinity,Infinity,Infinity,Infinity,Infinity,Infinity,Infinity,Infinity,Infinity,Infinity,Infinity,Infinity,Infinity,Infinity,Infinity,Infinity,Infinity,Infinity,Infinity,Infinity,Infinity,Infinity,Infinity,Infinity,Infinity,Infinity,Infinity,Infinity,Infinity,Infinity,Infinity,Infinity,Infinity,Infinity,Infinity,Infinity,Infinity,Infinity,Infinity,Infinity,Infinity,Infinity,Infinity,Infinity,Infinity,Infinity,Infinity,Infinity,Infinity,Infinity,Infinity,Infinity,Infinity,Infinity,Infinity,Infinity,Infinity,Infinity,Infinity,Infinity,Infinity,Infinity,Infinity,Infinity,Infinity,Infinity,Infinity,Infinity,Infinity,Infinity,Infinity,Infinity,Infinity,Infinity,Infinity,Infinity,Infinity,Infinity,Infinity,Infinity,Infinity,Infinity,Infinity,Infinity,Infinity,Infinity,Infinity,Infinity,Infinity,Infinity,Infinity,Infinity,Infinity,Infinity,Infinity,Infinity,Infinity,Infinity,Infinity,Infinity,Infinity,Infinity,Infinity,Infinity,Infinity,Infinity,Infinity,Infinity,Infinity,Infinity,Infinity,Infinity,Infinity,Infinity,Infinity,Infinity,Infinity,Infinity,Infinity,Infinity,Infinity,Infinity,Infinity,Infinity,Infinity,Infinity,Infinity,Infinity,Infinity,Infinity,Infinity,Infinity,Infinity,Infinity,Infinity,Infinity,Infinity,Infinity,Infinity,Infinity,Infinity,Infinity,Infinity,Infinity,Infinity,Infinity,Infinity,Infinity,Infinity,Infinity,Infinity,Infinity,Infinity,Infinity,Infinity,Infinity,Infinity,Infinity,Infinity,Infinity,Infinity,Infinity,Infinity,Infinity,Infinity,Infinity,Infinity,Infinity,Infinity,Infinity,Infinity,Infinity,Infinity,Infinity,Infinity,Infinity,Infinity,Infinity,Infinity,Infinity,Infinity,Infinity,Infinity,Infinity,Infinity,Infinity,Infinity,Infinity,Infinity,Infinity,Infinity,Infinity,Infinity,Infinity,Infinity,Infinity,Infinity,Infinity,Infinity,Infinity,Infinity,Infinity,Infinity,Infinity,Infinity,Infinity,Infinity,Infinity,Infinity,Infinity,Infinity,Infinity,Infinity,Infinity,Infinity,Infinity,Infinity,Infinity,Infinity,Infinity,Infinity,Infinity,Infinity,Infinity,Infinity,Infinity,Infinity,Infinity,Infinity,Infinity,Infinity,Infinity,Infinity,Infinity,Infinity,Infinity,Infinity,Infinity,Infinity,Infinity,Infinity,Infinity,Infinity,Infinity,Infinity,Infinity,Infinity,Infinity,Infinity,Infinity,Infinity,Infinity,Infinity,Infinity,Infinity,Infinity,Infinity,Infinity,Infinity] [0.0,0.0,0.0,0.0,0.0,0.0,0.0,0.0,0.0,0.0,0.0,0.0,0.0,0.0,0.0,0.0,0.0,0.0,0.0,0.0,0.0,0.0,0.0,0.0,0.0,0.0,0.0,0.0,0.0,0.0,0.0,0.0,0.0,0.0,0.0,0.0,0.0,0.0,0.0,0.0,0.0,0.0,0.0,0.0,0.0,0.0,0.0,0.0,0.0,0.0,0.0,0.0,0.0,0.0,0.0,0.0,0.0,0.0,0.0,0.0,0.0,0.0,0.0,0.0,0.0,0.0,0.0,0.0,0.0,0.0,0.0,0.0,0.0,0.0,0.0,0.0,0.0,0.0,0.0,0.0,0.0,0.0,0.0,0.0,0.0,0.0,0.0,0.0,0.0,0.0,0.0,0.0,0.0,0.0,0.0,0.0,0.0,0.0,0.0,0.0,0.0,0.0,0.0,0.0,0.0,0.0,0.0,0.0,0.0,0.0,0.0,0.0,0.0,0.0,0.0,0.0,0.0,0.0,0.0,0.0,0.0,0.0,0.0,0.0,0.0,0.0,0.0,0.0,0.0,0.0,0.0,0.0,0.0,0.0,0.0,0.0,0.0,0.0,0.0,0.0,0.0,0.0,0.0,0.0,0.0,0.0,0.0,0.0,0.0,0.0,0.0,0.0,0.0,0.0,0.0,0.0,0.0,0.0,0.0,0.0,0.0,0.0,0.0,0.0,0.0,0.0,0.0,0.0,0.0,0.0,0.0,0.0,0.0,0.0,0.0,0.0,0.0,0.0,0.0,0.0,0.0,0.0,0.0,0.0,0.0,0.0,0.0,0.0,0.0,0.0,0.0,0.0,0.0,0.0,0.0,0.0,0.0,0.0,0.0,0.0,0.0,0.0,0.0,0.0,0.0,0.0,0.0,0.0,0.0,0.0,0.0,0.0,0.0,0.0,0.0,0.0,0.0,0.0,0.0,0.0,0.0,0.0,0.0,0.0,0.0,0.0,0.0,0.0,0.0,0.0,0.0,0.0,0.0,0.0,0.0,0.0,0.0,0.0,0.0,0.0,0.0,0.0,0.0,0.0,0.0,0.0,0.0,0.0,0.0,0.0,0.0,0.0,0.0,0.0,0.0,0.0,0.0,0.0,0.0,0.0,0.0,0.0,0.0,0.0,0.0,0.0,0.0,0.0,0.0,0.0,0.0,0.0,0.0,0.0,0.0,0.0,0.0,0.0,0.0,0.0,0.0,0.0,0.0,0.0,0.0,0.0,0.0,0.0,0.0,0.0,0.0,0.0,0.0,0.0,0.0,0.0,0.0,0.0,0.0,0.0]
56213.64368619878 [0.0,0.0,0.0,0.0,0.0,0.0,0.0,0.0,0.0,0.0,0.0,0.0,0.0,0.0,0.0,0.0,0.0,0.0,0.0,0.0,0.0,0.0,0.0,0.0,0.0,0.0,0.0,0.0,0.0,0.0,0.0,0.0,0.0,0.0,0.0,0.0,0.0,0.0,0.0,0.0,0.0,0.0,0.0,0.0,0.0,0.0,0.0,0.0,0.0,0.0,0.0,0.0,0.0,0.0,0.0,0.0,0.0,0.0,0.0,0.0,0.0,0.0,0.0,0.0,0.0,0.0,0.0,0.0,0.0,0.0,0.0,0.0,0.0,0.0,0.0,0.0,0.0,0.0,0.0,0.0,0.0,0.0,0.0,0.0,0.0,0.0,0.0,0.0,0.0,0.0,0.0,0.0,0.0,0.0,0.0,0.0,0.0,0.0,0.0,0.0,0.0,0.0,0.0,0.0,0.0,0.0,0.0,0.0,0.0,0.0,0.0,0.0,0.0,0.0,0.0,0.0,0.0,0.0,0.0,0.0,0.0,0.0,0.0,0.0,0.0,0.0,0.0,0.0,0.0,0.0,0.0,0.0,0.0,0.0,0.0,0.0,0.0,0.0,0.0,0.0,0.0,0.0,0.0,0.0,0.0,0.0,0.0,0.0,0.0,0.0,0.0,0.0,0.0,0.0,0.0,0.0,0.0,0.0,0.0,0.0,0.0,0.0,0.0,0.0,0.0,0.0,0.0,0.0,0.0,0.0,0.0,0.0,0.0,0.0,0.0,0.0,0.0,0.0,0.0,0.0,0.0,0.0,0.0,0.0,0.0,0.0,0.0,0.0,0.0,0.0,0.0,0.0,0.0,0.0,0.0,0.0,0.0,0.0,0.0,0.0,0.0,0.0,0.0,0.0,0.0,0.0,0.0,0.0,0.0,0.0,0.0,0.0,0.0,0.0,0.0,0.0,0.0,0.0,0.0,0.0,0.0,0.0,0.0,0.0,0.0,0.0,0.0,0.0,0.0,0.0,0.0,0.0,0.0,0.0,0.0,0.0,0.0,0.0,0.0,0.0,0.0,0.0,0.0,0.0,0.0,0.0,0.0,0.0,0.0,0.0,0.0,0.0,0.0,0.0,0.0,0.0,0.0,0.0,0.0,0.0,0.0,0.0,0.0,0.0,0.0,0.0,0.0,0.0,0.0,0.0,0.0,0.0,0.0,0.0,0.0,0.0,0.0,0.0,0.0,0.0,0.0,0.0,0.0,0.0,0.0,0.0,0.0,0.0,0.0,0.0,0.0,0.0,0.0,0.0,0.0,0.0,0.0,0.0,0.0,0.0] [1311.2619900786005,1321.8202200865917,1332.463464547639,1343.19240799478,1354.0077404728797,1364.9101575830227,1375.9003605272408,1386.9790561536227,1398.1469570017646,1409.4047813486081,1420.7532532546286,1432.193102610412,1443.7250651835902,1455.3498826661717,1467.068302722235,1478.881079036026,1490.78897136042,1502.7927455657994,1514.8931736892998,1527.0910339844697,1539.3871109713293,1551.7821954868166,1564.2770847356642,1576.872582341659,1589.569498399342,1602.368649526097,1615.270858914685,1628.2769563861766,1641.3877784433362,1654.6041683244075,1667.9269760573632,1681.3570585145608,1694.895279467867,1708.5425096441993,1722.2996267815402,1736.1675156853773,1750.1470682856248,1764.2391836939755,1778.4447682617345,1792.7647356381167,1807.2000068289992,1821.7515102561672,1836.4201818170154,1851.2069649447558,1866.112810669078,1881.1386776773347,1896.285532376183,1911.5543489537563,1926.9461094423048,1942.4618037813711,1958.1024298814455,1973.8689936881608,1989.7625092469793,2005.7839987684179,2021.9344926937952,2038.215029761504,2054.626657073813,2071.1704301642176,2087.8474130653335,2104.6586783773164,2121.605307336866,2138.6883898867477,2155.9090247459117,2173.268319480143,2190.767390573309,2208.407363499154,2226.1893727937027,2244.1145621282076,2262.184084382728,2280.399101720259,2298.7607856614945,2317.2703171601615,2335.9288866789793,2354.7376942662327,2373.6979496329395,2392.810872230673,2412.077691329971,2431.4996460994216,2451.0779856853383,2470.813969292122,2490.7088662632277,2510.763956162824,2530.9805288580706,2551.359884602096,2571.9033341176064,2592.612198681206,2613.487810208354,2634.5315113390543,2655.7446555241822,2677.1286071125573,2698.6847414386757,2720.4144449111714,2742.319115101994,2764.4001608362782,2786.6590022829737,2809.097071046162,2831.715810257159,2854.5166746673017,2877.5011307415425,2900.67065675274,2924.0267428767575,2947.570891288285,2971.304616257478,2995.22944424732,3019.346914011829,3043.658576695001,3068.1659959305807,3092.870747942638,3117.7744216469364,3142.87861875312,3168.1849538677375,3193.695054598094,3219.410561656912,3245.333128967883,3271.4644237720117,3297.806126734876,3324.3599320546946,3351.1275475713155,3378.1106948760344,3405.3111094223436,3432.7305406375262,3460.3707520352004,3488.23352132871,3516.320640545493,3544.6339161423107,3573.1751691214417,3601.9462351478164,3630.9489646670518,3660.1852230244945,3689.6568905851636,3719.3658628547196,3749.3140506013438,3779.5033799786634,3809.935792649603,3840.6132459112973,3871.5377128209448,3902.7111823227383,3934.135659375755,3965.8131650829396,3997.7457368210635,4029.9354283717907,4062.3843100537392,4095.0944688556665,4128.068008570669,4161.3070499315045,4194.813730746993,4228.590206039511,4262.638648183577,4296.961247045588,4331.560210124669,4366.437762694626,4401.596147947099,4437.037627135803,4472.764479721992,4508.779003521039,4545.083514850253,4581.680348677821,4618.571858773019,4655.7604178575675,4693.248417758249,4731.038269560753,4769.132403764733,4807.533270440121,4846.243339384716,4885.265100283049,4924.601062866471,4964.253757074609,5004.22573321805,5044.519562142395,5085.137835393579,5126.08316538458,5167.3581855634,5208.965550582488,5250.907936469426,5293.188040799074,5335.808582867062,5378.772303864684,5422.081967055189,5465.740357951513,5509.7502844954415,5554.1145772382,5598.836089522486,5643.917697666003,5689.362301146471,5735.17282278806,5781.352208949439,5827.903429713208,5874.829479076986,5922.133375145914,5969.818160326825,6017.886901523867,6066.342690335802,6115.188643254807,6164.427901866934,6214.06363305417,6264.099029198114,6314.537308385285,6365.381714614103,6416.635518003553,6468.302015003491,6520.384528606639,6572.88640856233,6625.811031591967,6679.16180160615,6732.942149923667,6787.155535492116,6841.805445110439,6896.895393653112,6952.428924296275,7008.409608745552,7064.841047465831,7121.726869912778,7179.070734766296,7236.876330165845,7295.147373947643,7353.887613883764,7413.100827923194,7472.790824434837,7532.961442452409,7593.616551921397,7654.7600539479145,7716.395881049652,7778.527997408752,7841.160399126823,7904.2971144818985,7967.94220418758,8032.099761654146,8096.773913251861,8161.968818576374,8227.688670716232,8293.937696522553,8360.720156880894,8428.04034698531,8495.90259661459,8564.311270410717,8633.270768159597,8702.785525074065,8772.860012079082,8843.498736099358,8914.706240349144,8986.487104624512,9058.845945597834,9131.787417114787,9205.31621049359,9279.437054826807,9354.154717285446,9429.47400342559,9505.399757497484,9581.936862757088,9659.090241780126,9736.864856778713,9815.265709920519,9894.297843650465,9973.966341015032,10054.276325989182,10135.232963805956,10216.841461288606,10299.107067185563,10382.035072507933,10465.630810869876,10549.89965883156,10634.84703624505,10720.478406602804,10806.799277389146,10893.815200434417,10981.531772272076,11069.954634498676,11159.08947413668,11248.94202400021,11339.518063063782,11430.823416834026,11522.863957724268,11615.64560543233,11709.174327321158,11803.456138802712,11898.49710372478,11994.303334761045,12090.880993804161,12188.23629236214,12286.375491957784,12385.304904531427,12485.030892846919,12585.55987090084,12686.898304334996,12789.052710852275,12892.029660635888,12995.8357767719,13100.477735675182,13205.962267518828,13312.296156667053,13419.486242111492,13527.539417911097,13636.462633635434,13746.262894811807,13856.947263375758,13968.522858125163,14080.996855178266,14194.376488435144,14308.66905004285,14423.881890864615] 0.31126199007860056 [Infinity,Infinity,Infinity,Infinity,Infinity,Infinity,Infinity,Infinity,Infinity,Infinity,Infinity,Infinity,Infinity,Infinity,Infinity,Infinity,Infinity,Infinity,Infinity,Infinity,Infinity,Infinity,Infinity,Infinity,Infinity,Infinity,Infinity,Infinity,Infinity,Infinity,Infinity,Infinity,Infinity,Infinity,Infinity,Infinity,Infinity,Infinity,Infinity,Infinity,Infinity,Infinity,Infinity,Infinity,Infinity,Infinity,Infinity,Infinity,Infinity,Infinity,Infinity,Infinity,Infinity,Infinity,Infinity,Infinity,Infinity,Infinity,Infinity,Infinity,Infinity,Infinity,Infinity,Infinity,Infinity,Infinity,Infinity,Infinity,Infinity,Infinity,Infinity,Infinity,Infinity,Infinity,Infinity,Infinity,Infinity,Infinity,Infinity,Infinity,Infinity,Infinity,Infinity,Infinity,Infinity,Infinity,Infinity,Infinity,Infinity,Infinity,Infinity,Infinity,Infinity,Infinity,Infinity,Infinity,Infinity,Infinity,Infinity,Infinity,Infinity,Infinity,Infinity,Infinity,Infinity,Infinity,Infinity,Infinity,Infinity,Infinity,Infinity,Infinity,Infinity,Infinity,Infinity,Infinity,Infinity,Infinity,Infinity,Infinity,Infinity,Infinity,Infinity,Infinity,Infinity,Infinity,Infinity,Infinity,Infinity,Infinity,Infinity,Infinity,Infinity,Infinity,Infinity,Infinity,Infinity,Infinity,Infinity,Infinity,Infinity,Infinity,Infinity,Infinity,Infinity,Infinity,Infinity,Infinity,Infinity,Infinity,Infinity,Infinity,Infinity,Infinity,Infinity,Infinity,Infinity,Infinity,Infinity,Infinity,Infinity,Infinity,Infinity,Infinity,Infinity,Infinity,Infinity,Infinity,Infinity,Infinity,Infinity,Infinity,Infinity,Infinity,Infinity,Infinity,Infinity,Infinity,Infinity,Infinity,Infinity,Infinity,Infinity,Infinity,Infinity,Infinity,Infinity,Infinity,Infinity,Infinity,Infinity,Infinity,Infinity,Infinity,Infinity,Infinity,Infinity,Infinity,Infinity,Infinity,Infinity,Infinity,Infinity,Infinity,Infinity,Infinity,Infinity,Infinity,Infinity,Infinity,Infinity,Infinity,Infinity,Infinity,Infinity,Infinity,Infinity,Infinity,Infinity,Infinity,Infinity,Infinity,Infinity,Infinity,Infinity,Infinity,Infinity,Infinity,Infinity,Infinity,Infinity,Infinity,Infinity,Infinity,Infinity,Infinity,Infinity,Infinity,Infinity,Infinity,Infinity,Infinity,Infinity,Infinity,Infinity,Infinity,Infinity,Infinity,Infinity,Infinity,Infinity,Infinity,Infinity,Infinity,Infinity,Infinity,Infinity,Infinity,Infinity,Infinity,Infinity,Infinity,Infinity,Infinity,Infinity,Infinity,Infinity,Infinity,Infinity,Infinity,Infinity,Infinity,Infinity,Infinity,Infinity,Infinity,Infinity,Infinity,Infinity,Infinity,Infinity,Infinity,Infinity,Infinity,Infinity,Infinity,Infinity,Infinity,Infinity,Infinity,Infinity,Infinity,Infinity,Infinity,Infinity,Infinity,Infinity,Infinity,Infinity,Infinity] [0.0,0.0,0.0,0.0,0.0,0.0,0.0,0.0,0.0,0.0,0.0,0.0,0.0,0.0,0.0,0.0,0.0,0.0,0.0,0.0,0.0,0.0,0.0,0.0,0.0,0.0,0.0,0.0,0.0,0.0,0.0,0.0,0.0,0.0,0.0,0.0,0.0,0.0,0.0,0.0,0.0,0.0,0.0,0.0,0.0,0.0,0.0,0.0,0.0,0.0,0.0,0.0,0.0,0.0,0.0,0.0,0.0,0.0,0.0,0.0,0.0,0.0,0.0,0.0,0.0,0.0,0.0,0.0,0.0,0.0,0.0,0.0,0.0,0.0,0.0,0.0,0.0,0.0,0.0,0.0,0.0,0.0,0.0,0.0,0.0,0.0,0.0,0.0,0.0,0.0,0.0,0.0,0.0,0.0,0.0,0.0,0.0,0.0,0.0,0.0,0.0,0.0,0.0,0.0,0.0,0.0,0.0,0.0,0.0,0.0,0.0,0.0,0.0,0.0,0.0,0.0,0.0,0.0,0.0,0.0,0.0,0.0,0.0,0.0,0.0,0.0,0.0,0.0,0.0,0.0,0.0,0.0,0.0,0.0,0.0,0.0,0.0,0.0,0.0,0.0,0.0,0.0,0.0,0.0,0.0,0.0,0.0,0.0,0.0,0.0,0.0,0.0,0.0,0.0,0.0,0.0,0.0,0.0,0.0,0.0,0.0,0.0,0.0,0.0,0.0,0.0,0.0,0.0,0.0,0.0,0.0,0.0,0.0,0.0,0.0,0.0,0.0,0.0,0.0,0.0,0.0,0.0,0.0,0.0,0.0,0.0,0.0,0.0,0.0,0.0,0.0,0.0,0.0,0.0,0.0,0.0,0.0,0.0,0.0,0.0,0.0,0.0,0.0,0.0,0.0,0.0,0.0,0.0,0.0,0.0,0.0,0.0,0.0,0.0,0.0,0.0,0.0,0.0,0.0,0.0,0.0,0.0,0.0,0.0,0.0,0.0,0.0,0.0,0.0,0.0,0.0,0.0,0.0,0.0,0.0,0.0,0.0,0.0,0.0,0.0,0.0,0.0,0.0,0.0,0.0,0.0,0.0,0.0,0.0,0.0,0.0,0.0,0.0,0.0,0.0,0.0,0.0,0.0,0.0,0.0,0.0,0.0,0.0,0.0,0.0,0.0,0.0,0.0,0.0,0.0,0.0,0.0,0.0,0.0,0.0,0.0,0.0,0.0,0.0,0.0,0.0,0.0,0.0,0.0,0.0,0.0,0.0,0.0,0.0,0.0,0.0,0.0,0.0,0.0,0.0,0.0,0.0,0.0,0.0,0.0]
56313.55793669918 [0.0,0.0,0.0,0.0,0.0,0.0,0.0,0.0,0.0,0.0,0.0,0.0,0.0,0.0,0.0,0.0,0.0,0.0,0.0,0.0,0.0,0.0,0.0,0.0,0.0,0.0,0.0,0.0,0.0,0.0,0.0,0.0,0.0,0.0,0.0,0.0,0.0,0.0,0.0,0.0,0.0,0.0,0.0,0.0,0.0,0.0,0.0,0.0,0.0,0.0,0.0,0.0,0.0,0.0,0.0,0.0,0.0,0.0,0.0,0.0,0.0,0.0,0.0,0.0,0.0,0.0,0.0,0.0,0.0,0.0,0.0,0.0,0.0,0.0,0.0,0.0,0.0,0.0,0.0,0.0,0.0,0.0,0.0,0.0,0.0,0.0,0.0,0.0,0.0,0.0,0.0,0.0,0.0,0.0,0.0,0.0,0.0,0.0,0.0,0.0,0.0,0.0,0.0,0.0,0.0,0.0,0.0,0.0,0.0,0.0,0.0,0.0,0.0,0.0,0.0,0.0,0.0,0.0,0.0,0.0,0.0,0.0,0.0,0.0,0.0,0.0,0.0,0.0,0.0,0.0,0.0,0.0,0.0,0.0,0.0,0.0,0.0,0.0,0.0,0.0,0.0,0.0,0.0,0.0,0.0,0.0,0.0,0.0,0.0,0.0,0.0,0.0,0.0,0.0,0.0,0.0,0.0,0.0,0.0,0.0,0.0,0.0,0.0,0.0,0.0,0.0,0.0,0.0,0.0,0.0,0.0,0.0,0.0,0.0,0.0,0.0,0.0,0.0,0.0,0.0,0.0,0.0,0.0,0.0,0.0,0.0,0.0,0.0,0.0,0.0,0.0,0.0,0.0,0.0,0.0,0.0,0.0,0.0,0.0,0.0,0.0,0.0,0.0,0.0,0.0,0.0,0.0,0.0,0.0,0.0,0.0,0.0,0.0,0.0,0.0,0.0,0.0,0.0,0.0,0.0,0.0,0.0,0.0,0.0,0.0,0.0,0.0,0.0,0.0,0.0,0.0,0.0,0.0,0.0,0.0,0.0,0.0,0.0,0.0,0.0,0.0,0.0,0.0,0.0,0.0,0.0,0.0,0.0,0.0,0.0,0.0,0.0,0.0,0.0,0.0,0.0,0.0,0.0,0.0,0.0,0.0,0.0,0.0,0.0,0.0,0.0,0.0,0.0,0.0,0.0,0.0,0.0,0.0,0.0,0.0,0.0,0.0,0.0,0.0,0.0,0.0,0.0,0.0,0.0,0.0,0.0,0.0,0.0,0.0,0.0,0.0,0.0,0.0,0.0,0.0,0.0,0.0,0.0,0.0,0.0] [1311.2619900786005,1321.8202200865917,1332.463464547639,1343.19240799478,1354.0077404728797,1364.9101575830227,1375.9003605272408,1386.9790561536227,1398.1469570017646,1409.4047813486081,1420.7532532546286,1432.193102610412,1443.7250651835902,1455.3498826661717,1467.068302722235,1478.881079036026,1490.78897136042,1502.7927455657994,1514.8931736892998,1527.0910339844697,1539.3871109713293,1551.7821954868166,1564.2770847356642,1576.872582341659,1589.569498399342,1602.368649526097,1615.270858914685,1628.2769563861766,1641.3877784433362,1654.6041683244075,1667.9269760573632,1681.3570585145608,1694.895279467867,1708.5425096441993,1722.2996267815402,1736.1675156853773,1750.1470682856248,1764.2391836939755,1778.4447682617345,1792.7647356381167,1807.2000068289992,1821.7515102561672,1836.4201818170154,1851.2069649447558,1866.112810669078,1881.1386776773347,1896.285532376183,1911.5543489537563,1926.9461094423048,1942.4618037813711,1958.1024298814455,1973.8689936881608,1989.7625092469793,2005.7839987684179,2021.9344926937952,2038.215029761504,2054.626657073813,2071.1704301642176,2087.8474130653335,2104.6586783773164,2121.605307336866,2138.6883898867477,2155.9090247459117,2173.268319480143,2190.767390573309,2208.407363499154,2226.1893727937027,2244.1145621282076,2262.184084382728,2280.399101720259,2298.7607856614945,2317.2703171601615,2335.9288866789793,2354.7376942662327,2373.6979496329395,2392.810872230673,2412.077691329971,2431.4996460994216,2451.0779856853383,2470.813969292122,2490.7088662632277,2510.763956162824,2530.9805288580706,2551.359884602096,2571.9033341176064,2592.612198681206,2613.487810208354,2634.5315113390543,2655.7446555241822,2677.1286071125573,2698.6847414386757,2720.4144449111714,2742.319115101994,2764.4001608362782,2786.6590022829737,2809.097071046162,2831.715810257159,2854.5166746673017,2877.5011307415425,2900.67065675274,2924.0267428767575,2947.570891288285,2971.304616257478,2995.22944424732,3019.346914011829,3043.658576695001,3068.1659959305807,3092.870747942638,3117.7744216469364,3142.87861875312,3168.1849538677375,3193.695054598094,3219.410561656912,3245.333128967883,3271.4644237720117,3297.806126734876,3324.3599320546946,3351.1275475713155,3378.1106948760344,3405.3111094223436,3432.7305406375262,3460.3707520352004,3488.23352132871,3516.320640545493,3544.6339161423107,3573.1751691214417,3601.9462351478164,3630.9489646670518,3660.1852230244945,3689.6568905851636,3719.3658628547196,3749.3140506013438,3779.5033799786634,3809.935792649603,3840.6132459112973,3871.5377128209448,3902.7111823227383,3934.135659375755,3965.8131650829396,3997.7457368210635,4029.9354283717907,4062.3843100537392,4095.0944688556665,4128.068008570669,4161.3070499315045,4194.813730746993,4228.590206039511,4262.638648183577,4296.961247045588,4331.560210124669,4366.437762694626,4401.596147947099,4437.037627135803,4472.764479721992,4508.779003521039,4545.083514850253,4581.680348677821,4618.571858773019,4655.7604178575675,4693.248417758249,4731.038269560753,4769.132403764733,4807.533270440121,4846.243339384716,4885.265100283049,4924.601062866471,4964.253757074609,5004.22573321805,5044.519562142395,5085.137835393579,5126.08316538458,5167.3581855634,5208.965550582488,5250.907936469426,5293.188040799074,5335.808582867062,5378.772303864684,5422.081967055189,5465.740357951513,5509.7502844954415,5554.1145772382,5598.836089522486,5643.917697666003,5689.362301146471,5735.17282278806,5781.352208949439,5827.903429713208,5874.829479076986,5922.133375145914,5969.818160326825,6017.886901523867,6066.342690335802,6115.188643254807,6164.427901866934,6214.06363305417,6264.099029198114,6314.537308385285,6365.381714614103,6416.635518003553,6468.302015003491,6520.384528606639,6572.88640856233,6625.811031591967,6679.16180160615,6732.942149923667,6787.155535492116,6841.805445110439,6896.895393653112,6952.428924296275,7008.409608745552,7064.841047465831,7121.726869912778,7179.070734766296,7236.876330165845,7295.147373947643,7353.887613883764,7413.100827923194,7472.790824434837,7532.961442452409,7593.616551921397,7654.7600539479145,7716.395881049652,7778.527997408752,7841.160399126823,7904.2971144818985,7967.94220418758,8032.099761654146,8096.773913251861,8161.968818576374,8227.688670716232,8293.937696522553,8360.720156880894,8428.04034698531,8495.90259661459,8564.311270410717,8633.270768159597,8702.785525074065,8772.860012079082,8843.498736099358,8914.706240349144,8986.487104624512,9058.845945597834,9131.787417114787,9205.31621049359,9279.437054826807,9354.154717285446,9429.47400342559,9505.399757497484,9581.936862757088,9659.090241780126,9736.864856778713,9815.265709920519,9894.297843650465,9973.966341015032,10054.276325989182,10135.232963805956,10216.841461288606,10299.107067185563,10382.035072507933,10465.630810869876,10549.89965883156,10634.84703624505,10720.478406602804,10806.799277389146,10893.815200434417,10981.531772272076,11069.954634498676,11159.08947413668,11248.94202400021,11339.518063063782,11430.823416834026,11522.863957724268,11615.64560543233,11709.174327321158,11803.456138802712,11898.49710372478,11994.303334761045,12090.880993804161,12188.23629236214,12286.375491957784,12385.304904531427,12485.030892846919,12585.55987090084,12686.898304334996,12789.052710852275,12892.029660635888,12995.8357767719,13100.477735675182,13205.962267518828,13312.296156667053,13419.486242111492,13527.539417911097,13636.462633635434,13746.262894811807,13856.947263375758,13968.522858125163,14080.996855178266,14194.376488435144,14308.66905004285,14423.881890864615] 0.31126199007860056 [Infinity,Infinity,Infinity,Infinity,Infinity,Infinity,Infinity,Infinity,Infinity,Infinity,Infinity,Infinity,Infinity,Infinity,Infinity,Infinity,Infinity,Infinity,Infinity,Infinity,Infinity,Infinity,Infinity,Infinity,Infinity,Infinity,Infinity,Infinity,Infinity,Infinity,Infinity,Infinity,Infinity,Infinity,Infinity,Infinity,Infinity,Infinity,Infinity,Infinity,Infinity,Infinity,Infinity,Infinity,Infinity,Infinity,Infinity,Infinity,Infinity,Infinity,Infinity,Infinity,Infinity,Infinity,Infinity,Infinity,Infinity,Infinity,Infinity,Infinity,Infinity,Infinity,Infinity,Infinity,Infinity,Infinity,Infinity,Infinity,Infinity,Infinity,Infinity,Infinity,Infinity,Infinity,Infinity,Infinity,Infinity,Infinity,Infinity,Infinity,Infinity,Infinity,Infinity,Infinity,Infinity,Infinity,Infinity,Infinity,Infinity,Infinity,Infinity,Infinity,Infinity,Infinity,Infinity,Infinity,Infinity,Infinity,Infinity,Infinity,Infinity,Infinity,Infinity,Infinity,Infinity,Infinity,Infinity,Infinity,Infinity,Infinity,Infinity,Infinity,Infinity,Infinity,Infinity,Infinity,Infinity,Infinity,Infinity,Infinity,Infinity,Infinity,Infinity,Infinity,Infinity,Infinity,Infinity,Infinity,Infinity,Infinity,Infinity,Infinity,Infinity,Infinity,Infinity,Infinity,Infinity,Infinity,Infinity,Infinity,Infinity,Infinity,Infinity,Infinity,Infinity,Infinity,Infinity,Infinity,Infinity,Infinity,Infinity,Infinity,Infinity,Infinity,Infinity,Infinity,Infinity,Infinity,Infinity,Infinity,Infinity,Infinity,Infinity,Infinity,Infinity,Infinity,Infinity,Infinity,Infinity,Infinity,Infinity,Infinity,Infinity,Infinity,Infinity,Infinity,Infinity,Infinity,Infinity,Infinity,Infinity,Infinity,Infinity,Infinity,Infinity,Infinity,Infinity,Infinity,Infinity,Infinity,Infinity,Infinity,Infinity,Infinity,Infinity,Infinity,Infinity,Infinity,Infinity,Infinity,Infinity,Infinity,Infinity,Infinity,Infinity,Infinity,Infinity,Infinity,Infinity,Infinity,Infinity,Infinity,Infinity,Infinity,Infinity,Infinity,Infinity,Infinity,Infinity,Infinity,Infinity,Infinity,Infinity,Infinity,Infinity,Infinity,Infinity,Infinity,Infinity,Infinity,Infinity,Infinity,Infinity,Infinity,Infinity,Infinity,Infinity,Infinity,Infinity,Infinity,Infinity,Infinity,Infinity,Infinity,Infinity,Infinity,Infinity,Infinity,Infinity,Infinity,Infinity,Infinity,Infinity,Infinity,Infinity,Infinity,Infinity,Infinity,Infinity,Infinity,Infinity,Infinity,Infinity,Infinity,Infinity,Infinity,Infinity,Infinity,Infinity,Infinity,Infinity,Infinity,Infinity,Infinity,Infinity,Infinity,Infinity,Infinity,Infinity,Infinity,Infinity,Infinity,Infinity,Infinity,Infinity,Infinity,Infinity,Infinity,Infinity,Infinity,Infinity,Infinity,Infinity,Infinity,Infinity,Infinity,Infinity,Infinity,Infinity,Infinity] [0.0,0.0,0.0,0.0,0.0,0.0,0.0,0.0,0.0,0.0,0.0,0.0,0.0,0.0,0.0,0.0,0.0,0.0,0.0,0.0,0.0,0.0,0.0,0.0,0.0,0.0,0.0,0.0,0.0,0.0,0.0,0.0,0.0,0.0,0.0,0.0,0.0,0.0,0.0,0.0,0.0,0.0,0.0,0.0,0.0,0.0,0.0,0.0,0.0,0.0,0.0,0.0,0.0,0.0,0.0,0.0,0.0,0.0,0.0,0.0,0.0,0.0,0.0,0.0,0.0,0.0,0.0,0.0,0.0,0.0,0.0,0.0,0.0,0.0,0.0,0.0,0.0,0.0,0.0,0.0,0.0,0.0,0.0,0.0,0.0,0.0,0.0,0.0,0.0,0.0,0.0,0.0,0.0,0.0,0.0,0.0,0.0,0.0,0.0,0.0,0.0,0.0,0.0,0.0,0.0,0.0,0.0,0.0,0.0,0.0,0.0,0.0,0.0,0.0,0.0,0.0,0.0,0.0,0.0,0.0,0.0,0.0,0.0,0.0,0.0,0.0,0.0,0.0,0.0,0.0,0.0,0.0,0.0,0.0,0.0,0.0,0.0,0.0,0.0,0.0,0.0,0.0,0.0,0.0,0.0,0.0,0.0,0.0,0.0,0.0,0.0,0.0,0.0,0.0,0.0,0.0,0.0,0.0,0.0,0.0,0.0,0.0,0.0,0.0,0.0,0.0,0.0,0.0,0.0,0.0,0.0,0.0,0.0,0.0,0.0,0.0,0.0,0.0,0.0,0.0,0.0,0.0,0.0,0.0,0.0,0.0,0.0,0.0,0.0,0.0,0.0,0.0,0.0,0.0,0.0,0.0,0.0,0.0,0.0,0.0,0.0,0.0,0.0,0.0,0.0,0.0,0.0,0.0,0.0,0.0,0.0,0.0,0.0,0.0,0.0,0.0,0.0,0.0,0.0,0.0,0.0,0.0,0.0,0.0,0.0,0.0,0.0,0.0,0.0,0.0,0.0,0.0,0.0,0.0,0.0,0.0,0.0,0.0,0.0,0.0,0.0,0.0,0.0,0.0,0.0,0.0,0.0,0.0,0.0,0.0,0.0,0.0,0.0,0.0,0.0,0.0,0.0,0.0,0.0,0.0,0.0,0.0,0.0,0.0,0.0,0.0,0.0,0.0,0.0,0.0,0.0,0.0,0.0,0.0,0.0,0.0,0.0,0.0,0.0,0.0,0.0,0.0,0.0,0.0,0.0,0.0,0.0,0.0,0.0,0.0,0.0,0.0,0.0,0.0,0.0,0.0,0.0,0.0,0.0,0.0]
56302.63073483705 [0.0,0.0,0.0,0.0,0.0,0.0,0.0,0.0,0.0,0.0,0.0,0.0,0.0,0.0,0.0,0.0,0.0,0.0,0.0,0.0,0.0,0.0,0.0,0.0,0.0,0.0,0.0,0.0,0.0,0.0,0.0,0.0,0.0,0.0,0.0,0.0,0.0,0.0,0.0,0.0,0.0,0.0,0.0,0.0,0.0,0.0,0.0,0.0,0.0,0.0,0.0,0.0,0.0,0.0,0.0,0.0,0.0,0.0,0.0,0.0,0.0,0.0,0.0,0.0,0.0,0.0,0.0,0.0,0.0,0.0,0.0,0.0,0.0,0.0,0.0,0.0,0.0,0.0,0.0,0.0,0.0,0.0,0.0,0.0,0.0,0.0,0.0,0.0,0.0,0.0,0.0,0.0,0.0,0.0,0.0,0.0,0.0,0.0,0.0,0.0,0.0,0.0,0.0,0.0,0.0,0.0,0.0,0.0,0.0,0.0,0.0,0.0,0.0,0.0,0.0,0.0,0.0,0.0,0.0,0.0,0.0,0.0,0.0,0.0,0.0,0.0,0.0,0.0,0.0,0.0,0.0,0.0,0.0,0.0,0.0,0.0,0.0,0.0,0.0,0.0,0.9056747771882006,0.49921120941946195,0.6647591642099244,1.7982287843268756,3.2719734366267064,3.9334249125715455,4.99476749514124,4.103202470376205,2.7331006662598543,0.8347017374374748,1.068236809689794,3.570272538985531,6.677650339466764,9.165430681446313,10.838474794411082,14.160725178825732,18.078308198648433,20.34090955532146,20.175946517086786,16.620549281437597,20.76825567541562,26.241199074292634,37.43671237227289,48.0530380335855,53.387044584941954,45.06639569796392,26.99919037403402,18.302543199033682,20.92550209991189,38.32326390093867,58.06965266002859,57.10149869719807,56.282801655620034,41.13921695428112,30.63325295355312,33.65091917214988,32.80645891890083,36.74727134145863,41.60927733064344,41.73672243391159,40.29806537577544,37.37265925920245,42.411345840297344,41.80372011523142,40.6962801932106,31.969977857539597,29.280567401643843,42.23507507978267,46.39503592560672,55.64125049031934,69.63051334107932,82.31559953794344,78.40696356169066,56.61537658051702,44.22946352875982,45.297219964874266,43.732749102713235,44.39892136761231,37.81303753148274,48.64523715663352,65.46710489917406,60.4380654044883,43.90567115998094,37.56100973220422,43.791685348589084,43.07302154136967,56.47442605705916,63.5957252017069,89.710103530452,82.90245118501102,72.68081528643336,94.07342918413819,125.44772419527624,105.47509940913955,79.53216188024294,71.49539324855469,68.16934171882721,63.19546295544262,87.91105609920382,95.01245971206427,106.45210778565989,87.83094308607492,85.44846465250703,65.02095558864379,52.06543432116655,48.276380329209985,53.93616163787898,58.098624385211714,66.82988501266024,58.311273237378785,47.26434484193449,58.953041589350256,66.06323590766297,84.13038894500596,87.5320372080411,71.66356295812986,56.02987661655138,42.93863807811624,37.870418521981286,28.310912876482377,33.7923981733995,32.13647164184728,29.857821778757298,30.443383132579395,31.734981722062717,36.84255451880652,47.88978495699591,43.987190886012485,44.11601001247628,46.11291750361084,50.89514313124828,50.282160405491275,40.22762858796791,45.27739009669584,50.233249340744464,54.85977865838687,47.17345559021754,33.85805848831316,34.64724889507206,27.113717613702974,28.51509983020827,22.804082922015276,11.167310136892517,5.5411076073305,9.41523211031469,14.097727960093843,27.580888458838047,41.24664763781248,37.69944234542822,45.18803382084528,47.9554311836583,48.427491329737265,35.096527833351686,33.70299234503125,28.82200769216031,31.829694286494195,25.704991304310447,37.238769303253676,35.13142497495757,35.027328055332646,37.29557606381441,34.49376664673877,24.774853500334657,20.39796677701187,26.47906089713365,38.90362117739968,37.52721588707391,37.69822038079624,29.541983887618294,28.769448936378474,23.773917464219682,25.005270434170296,26.56243755882179,29.741558608394406,26.74533221849397,25.39520355086722,26.794023233904486,30.247678313455314,26.357518611857117,24.797259081186823] [1311.2619900786005,1321.8202200865917,1332.463464547639,1343.19240799478,1354.0077404728797,1364.9101575830227,1375.9003605272408,1386.9790561536227,1398.1469570017646,1409.4047813486081,1420.7532532546286,1432.193102610412,1443.7250651835902,1455.3498826661717,1467.068302722235,1478.881079036026,1490.78897136042,1502.7927455657994,1514.8931736892998,1527.0910339844697,1539.3871109713293,1551.7821954868166,1564.2770847356642,1576.872582341659,1589.569498399342,1602.368649526097,1615.270858914685,1628.2769563861766,1641.3877784433362,1654.6041683244075,1667.9269760573632,1681.3570585145608,1694.895279467867,1708.5425096441993,1722.2996267815402,1736.1675156853773,1750.1470682856248,1764.2391836939755,1778.4447682617345,1792.7647356381167,1807.2000068289992,1821.7515102561672,1836.4201818170154,1851.2069649447558,1866.112810669078,1881.1386776773347,1896.285532376183,1911.5543489537563,1926.9461094423048,1942.4618037813711,1958.1024298814455,1973.8689936881608,1989.7625092469793,2005.7839987684179,2021.9344926937952,2038.215029761504,2054.626657073813,2071.1704301642176,2087.8474130653335,2104.6586783773164,2121.605307336866,2138.6883898867477,2155.9090247459117,2173.268319480143,2190.767390573309,2208.407363499154,2226.1893727937027,2244.1145621282076,2262.184084382728,2280.399101720259,2298.7607856614945,2317.2703171601615,2335.9288866789793,2354.7376942662327,2373.6979496329395,2392.810872230673,2412.077691329971,2431.4996460994216,2451.0779856853383,2470.813969292122,2490.7088662632277,2510.763956162824,2530.9805288580706,2551.359884602096,2571.9033341176064,2592.612198681206,2613.487810208354,2634.5315113390543,2655.7446555241822,2677.1286071125573,2698.6847414386757,2720.4144449111714,2742.319115101994,2764.4001608362782,2786.6590022829737,2809.097071046162,2831.715810257159,2854.5166746673017,2877.5011307415425,2900.67065675274,2924.0267428767575,2947.570891288285,2971.304616257478,2995.22944424732,3019.346914011829,3043.658576695001,3068.1659959305807,3092.870747942638,3117.7744216469364,3142.87861875312,3168.1849538677375,3193.695054598094,3219.410561656912,3245.333128967883,3271.4644237720117,3297.806126734876,3324.3599320546946,3351.1275475713155,3378.1106948760344,3405.3111094223436,3432.7305406375262,3460.3707520352004,3488.23352132871,3516.320640545493,3544.6339161423107,3573.1751691214417,3601.9462351478164,3630.9489646670518,3660.1852230244945,3689.6568905851636,3719.3658628547196,3749.3140506013438,3779.5033799786634,3809.935792649603,3840.6132459112973,3871.5377128209448,3902.7111823227383,3934.135659375755,3965.8131650829396,3997.7457368210635,4029.9354283717907,4062.3843100537392,4095.0944688556665,4128.068008570669,4161.3070499315045,4194.813730746993,4228.590206039511,4262.638648183577,4296.961247045588,4331.560210124669,4366.437762694626,4401.596147947099,4437.037627135803,4472.764479721992,4508.779003521039,4545.083514850253,4581.680348677821,4618.571858773019,4655.7604178575675,4693.248417758249,4731.038269560753,4769.132403764733,4807.533270440121,4846.243339384716,4885.265100283049,4924.601062866471,4964.253757074609,5004.22573321805,5044.519562142395,5085.137835393579,5126.08316538458,5167.3581855634,5208.965550582488,5250.907936469426,5293.188040799074,5335.808582867062,5378.772303864684,5422.081967055189,5465.740357951513,5509.7502844954415,5554.1145772382,5598.836089522486,5643.917697666003,5689.362301146471,5735.17282278806,5781.352208949439,5827.903429713208,5874.829479076986,5922.133375145914,5969.818160326825,6017.886901523867,6066.342690335802,6115.188643254807,6164.427901866934,6214.06363305417,6264.099029198114,6314.537308385285,6365.381714614103,6416.635518003553,6468.302015003491,6520.384528606639,6572.88640856233,6625.811031591967,6679.16180160615,6732.942149923667,6787.155535492116,6841.805445110439,6896.895393653112,6952.428924296275,7008.409608745552,7064.841047465831,7121.726869912778,7179.070734766296,7236.876330165845,7295.147373947643,7353.887613883764,7413.100827923194,7472.790824434837,7532.961442452409,7593.616551921397,7654.7600539479145,7716.395881049652,7778.527997408752,7841.160399126823,7904.2971144818985,7967.94220418758,8032.099761654146,8096.773913251861,8161.968818576374,8227.688670716232,8293.937696522553,8360.720156880894,8428.04034698531,8495.90259661459,8564.311270410717,8633.270768159597,8702.785525074065,8772.860012079082,8843.498736099358,8914.706240349144,8986.487104624512,9058.845945597834,9131.787417114787,9205.31621049359,9279.437054826807,9354.154717285446,9429.47400342559,9505.399757497484,9581.936862757088,9659.090241780126,9736.864856778713,9815.265709920519,9894.297843650465,9973.966341015032,10054.276325989182,10135.232963805956,10216.841461288606,10299.107067185563,10382.035072507933,10465.630810869876,10549.89965883156,10634.84703624505,10720.478406602804,10806.799277389146,10893.815200434417,10981.531772272076,11069.954634498676,11159.08947413668,11248.94202400021,11339.518063063782,11430.823416834026,11522.863957724268,11615.64560543233,11709.174327321158,11803.456138802712,11898.49710372478,11994.303334761045,12090.880993804161,12188.23629236214,12286.375491957784,12385.304904531427,12485.030892846919,12585.55987090084,12686.898304334996,12789.052710852275,12892.029660635888,12995.8357767719,13100.477735675182,13205.962267518828,13312.296156667053,13419.486242111492,13527.539417911097,13636.462633635434,13746.262894811807,13856.947263375758,13968.522858125163,14080.996855178266,14194.376488435144,14308.66905004285,14423.881890864615] 0.31126199007860056 [Infinity,Infinity,Infinity,Infinity,Infinity,Infinity,Infinity,Infinity,Infinity,Infinity,Infinity,Infinity,Infinity,Infinity,Infinity,Infinity,Infinity,Infinity,Infinity,Infinity,Infinity,Infinity,Infinity,Infinity,Infinity,Infinity,Infinity,Infinity,Infinity,Infinity,Infinity,Infinity,Infinity,Infinity,Infinity,Infinity,Infinity,Infinity,Infinity,Infinity,Infinity,Infinity,Infinity,Infinity,Infinity,Infinity,Infinity,Infinity,Infinity,Infinity,Infinity,Infinity,Infinity,Infinity,Infinity,Infinity,Infinity,Infinity,Infinity,Infinity,Infinity,Infinity,Infinity,Infinity,Infinity,Infinity,Infinity,Infinity,Infinity,Infinity,Infinity,Infinity,Infinity,Infinity,Infinity,Infinity,Infinity,Infinity,Infinity,Infinity,Infinity,Infinity,Infinity,Infinity,Infinity,Infinity,Infinity,Infinity,Infinity,Infinity,Infinity,Infinity,Infinity,Infinity,Infinity,Infinity,Infinity,Infinity,Infinity,Infinity,Infinity,Infinity,Infinity,Infinity,Infinity,Infinity,Infinity,Infinity,Infinity,Infinity,Infinity,Infinity,Infinity,Infinity,Infinity,Infinity,Infinity,Infinity,Infinity,Infinity,Infinity,Infinity,Infinity,Infinity,Infinity,Infinity,Infinity,Infinity,Infinity,Infinity,Infinity,Infinity,Infinity,Infinity,Infinity,Infinity,Infinity,Infinity,Infinity,Infinity,0.04891259304162653,0.025839495579601895,0.03625341763360682,0.08474871921304503,0.15110510650084785,0.21239668987345098,0.24397346614545784,0.21979976511022273,0.13054737161426308,0.044324190204371755,0.05224795959106263,0.17941899512657034,0.3431901745669763,0.4602830298865408,0.5486587110981458,0.6814685185190681,0.8746414144640038,1.0220705000284114,1.0192859015962734,0.9559952836497793,1.0300367470177219,1.3419626855611548,1.8252273221984154,2.350743367818439,2.5841710375836584,2.1537751516751373,1.321068965475584,0.8655056639863374,1.1929599228764756,2.0023322595739605,2.880406360313475,3.315562820148871,2.884782218660333,2.0363276656314047,1.5597313194795388,1.5658973041944704,1.6973529879748992,1.7978526663860752,1.9228881938632334,2.0534087709764837,2.0629662831864315,1.9576428829516446,1.9640843635958238,2.105034530923738,2.0161311207861834,1.64882963584177,1.5707606685365536,2.0095032965960824,2.5482138957003295,3.0163930381455697,3.642357573290203,4.136563963617922,3.6917391243200015,2.648814498365275,2.1599597295522,2.237756539876322,2.3305207490745645,2.200709116629729,1.9576605240090252,2.386553440241333,3.330743035281034,3.1257850161063354,2.095683787694729,1.9172383833783075,2.2202225338856807,2.315769585382598,2.6574093947371202,3.3800196898385857,4.075262449430062,4.146897639044637,3.717869958842781,4.5284218822552535,5.733351477039748,5.1158316207454435,4.192648400538358,3.9110155010699756,3.476033812623938,3.3349161172777473,3.9236437312982595,4.796529840042542,5.077294487245586,4.4712545830967985,3.777140171064133,3.1420734525539173,2.620247955149199,2.4848162656334334,2.634408005224422,2.9575297960872704,3.22845920889545,2.7130811991197925,2.3815462092889614,2.9832916073035856,3.438539143298293,4.080343248881958,4.3915219180373395,3.6367482670610505,2.6349936175858764,2.1724806085998596,1.8227241515936619,1.393501739693463,1.6891025167801939,1.5701929571470994,1.4037800669161546,1.4973645262524067,1.5401336235937844,1.7576359504969041,2.1963381388916585,2.3230842443019117,2.1790674515646598,2.30581433796687,2.604984344848477,2.3393924495702545,2.0281939746401014,2.260570283314286,2.6611118060034675,2.84425876288249,2.41991400005024,1.790541851024431,1.682139330754173,1.342425692928726,1.470129033260289,1.0804280401124309,0.5319360642785396,0.27206573234863035,0.4822941624842856,0.7049050968620233,1.2928759392683848,2.128449844175325,2.024586559226663,2.09476973730798,2.5280477827541725,2.3196317153351504,2.019464052878149,1.8472059082328538,1.5298752502811728,1.6461741994910795,1.4089474318707838,1.795595215438593,1.7282923822123144,1.6940962079772095,1.7241993297300695,1.7427065787798217,1.2729980218082582,1.0021915048456214,1.1996016085017778,1.7287014245600276,1.99304421520191,1.9938415106805631,1.592443203517948,1.4757695181154635,1.2592899137748095,1.1795488116938673,1.4482482481294363,1.4306368765328086,1.2391778470436945,1.2118846837330604,1.3069834408392529,1.5177350515632206,1.35644455109342,1.218517206086273] [0.0,0.0,0.0,0.0,0.0,0.0,0.0,0.0,0.0,0.0,0.0,0.0,0.0,0.0,0.0,0.0,0.0,0.0,0.0,0.0,0.0,0.0,0.0,0.0,0.0,0.0,0.0,0.0,0.0,0.0,0.0,0.0,0.0,0.0,0.0,0.0,0.0,0.0,0.0,0.0,0.0,0.0,0.0,0.0,0.0,0.0,0.0,0.0,0.0,0.0,0.0,0.0,0.0,0.0,0.0,0.0,0.0,0.0,0.0,0.0,0.0,0.0,0.0,0.0,0.0,0.0,0.0,0.0,0.0,0.0,0.0,0.0,0.0,0.0,0.0,0.0,0.0,0.0,0.0,0.0,0.0,0.0,0.0,0.0,0.0,0.0,0.0,0.0,0.0,0.0,0.0,0.0,0.0,0.0,0.0,0.0,0.0,0.0,0.0,0.0,0.0,0.0,0.0,0.0,0.0,0.0,0.0,0.0,0.0,0.0,0.0,0.0,0.0,0.0,0.0,0.0,0.0,0.0,0.0,0.0,0.0,0.0,0.0,0.0,0.0,0.0,0.0,0.0,0.0,0.0,0.0,0.0,0.0,0.0,0.0,0.0,0.0,0.0,0.0,0.0,-0.07257708364433009,-0.017578702172575962,-0.06030918846221202,0.1032544000659749,0.24987130660974932,-0.3145088848974741,0.11529817223208344,-0.2927928318282489,0.12215323397459261,-0.051782066649960344,0.023277617868541465,-0.018107363545875874,-0.18615315187276277,-0.04022991628450308,-0.13469942755183356,0.5313548084443707,0.5854799093683546,-0.10050044524677051,-0.20977151483868064,-2.499356391557988,0.16752073506118645,-0.5980546369304639,0.9321659283045828,1.0381706772167276,1.7036238332687876,1.990892664461169,0.5778110645223349,0.9924299193069314,-2.9336963576176234,-1.723381290540542,0.4615254537590906,-9.209757705779351,-1.412842717586631,0.4126636416530237,-0.561373436037657,2.3329730882604673,-1.1406008405971548,0.7902180137371222,3.151513453378765,0.6685470143819149,-0.9612602879531958,-1.7801983998304365,3.129658568380871,-0.29697050324334345,0.3736577774869311,-1.006614859295802,-2.1346459690872277,2.0450091478610184,-4.569241988399864,-4.686610272592054,-3.216638124724739,-0.4156797344150038,4.572181075290624,3.6390866132115285,1.030268937715821,0.5420891673478268,-2.877665878778055,0.3847390350177355,-1.340172948697763,0.9141683518068633,-1.1477558064466293,-2.0776349176384166,1.9919954060863567,-0.7837579353619307,-0.6127653291245259,-3.242370166282284,3.326238162316757,-4.004668595064812,8.204854541850748,-0.03550159588172775,-1.6765838904222592,3.504991539033108,10.78069465448128,3.1584669942306838,-4.320806130524234,-6.724916772844819,-1.3513345336515543,-3.5028593901123166,9.438181473238624,-0.9181370887865646,4.906218040748178,-1.5941485758610343,9.905661231224377,2.1794865375654355,-0.3395247818174284,-1.4199449834586857,1.2480015333905403,-1.0519715365336897,2.260700834751253,4.049649254982928,-0.36657934384474367,-0.7127905567214498,-2.7075469583028813,2.5235239673668115,-0.2984011527056867,-1.071402383091151,3.3300042648338564,-0.5109740938809526,1.415935490108045,0.4408780826131185,0.010347837795624192,0.7326124989052877,1.7822204404342061,0.4960926075312614,0.932309250187028,1.6898355088684447,3.963022179162745,-2.474494000025747,0.5346609811830889,-0.0033692557265622438,-1.2045437657212539,3.494311414086187,-0.3362509048341204,0.06598443041011329,-2.988986779324892,-2.025396599262924,-1.2248244107872601,-1.9527785321754574,1.004462279988602,0.2652037551284528,-0.8874808349975064,1.1955221197666575,0.5285888513217272,0.09979296035789247,-0.23065113937102197,-0.000373977146623434,1.723369673470351,-1.3223492456940218,-2.7922888391050407,3.2926390746856806,-2.6055244714251504,2.0348570230342595,-5.292753224211297,-3.241125819625827,-1.775497313463144,-1.0937897033273951,-2.47395733310523,1.3268649944818198,0.5655773307112804,1.1454038957884585,2.8115894692130166,-0.36036492885766236,-0.6851069358305052,0.3541366800994449,2.4870287270980973,4.3295926861991285,-2.3336684169642905,-2.178609832815023,-2.3068801827406653,-0.7459414259307957,-1.4118808112765073,1.4142942002929513,-2.402527403766935,1.1288210777382326,1.9617752776200814,1.1575098762060103,0.6543544171194273,-0.1070227178090985,-0.7713724100112821,0.4269149594613632]
56221.85347469558 [0.0,0.0,0.0,0.0,0.0,0.0,0.0,0.0,0.0,0.0,0.0,0.0,0.0,0.0,0.0,0.0,0.0,0.0,0.0,0.0,0.0,0.0,0.0,0.0,0.0,0.0,0.0,0.0,0.0,0.0,0.0,0.0,0.0,0.0,0.0,0.0,0.0,0.0,0.0,0.0,0.0,0.0,0.0,0.0,0.0,0.0,0.0,0.0,0.0,0.0,0.0,0.0,0.0,0.0,0.0,0.0,0.0,0.0,0.0,0.0,0.0,0.0,0.0,0.0,0.0,0.0,0.0,0.0,0.0,0.0,0.0,0.0,0.0,0.0,0.0,0.0,0.0,0.0,0.0,0.0,0.0,0.0,0.0,0.0,0.0,0.0,0.0,0.0,0.0,0.0,0.0,0.0,0.0,0.0,0.0,0.0,0.0,0.0,0.0,0.0,0.0,0.0,0.0,0.0,0.0,0.0,0.0,0.0,0.0,0.0,0.0,0.0,0.0,0.0,0.0,0.0,0.0,0.0,0.0,0.0,0.0,0.0,0.0,0.0,0.0,0.0,0.0,0.0,0.0,0.0,0.0,0.0,0.0,0.0,0.0,0.0,0.0,0.0,0.0,0.0,67.02277764174698,42.48708073205602,17.586725575715704,7.857098139182443,11.140291088615408,23.118953879292093,39.845886896670464,51.49019547802834,40.445865842065245,37.94899620026078,37.64332413837149,48.56723333315642,69.00971911626826,85.02445735052851,72.40934291691751,83.37977041812282,86.00214814171635,86.14054607308901,81.12759552901703,79.51262077252669,80.86745118006469,89.42216456814616,105.84148241132397,105.05343902923337,107.60383854291331,100.05664404835838,95.11421894613491,112.1005070781244,120.00059762428694,124.61181320374442,131.95337009505607,124.32149474406442,128.7789631439494,141.4243419849813,154.70090380448102,137.90095403804816,126.40510671010284,124.56106138101823,101.54764502569391,88.31310897378552,87.90115157157553,90.90609041062078,95.18631957022572,99.01159609072255,103.2392206763155,109.76726292162346,103.7121689121408,105.49015885522418,92.6891350695444,99.55387976403189,89.91694064145472,90.99298722633378,82.43900006658143,81.47685913994437,87.0536980777354,76.64317632344135,74.1692537511589,68.5858590488095,65.54663343395657,67.88038928310776,73.0980028009385,74.63324711684353,82.97559898731089,83.47429051095989,77.20998220869443,83.63077762872929,75.68519116702554,69.41004753513852,61.390447713149975,61.88614656911036,58.61083075953291,61.75607253745234,61.96407225080165,57.62067727309798,57.68507640044923,62.584427848174165,61.52459163844481,55.20438984290559,55.19372499788052,55.97512793096936,57.375631507538415,51.542984203726924,47.794998473813266,43.54224999094829,42.571069528388,47.87829222546885,45.920054442334646,48.901095476032935,48.32405552893259,51.24336772516007,52.38112860489835,49.415975086795314,47.05229676013314,49.105417804409335,43.4095771755464,45.562063896588775,43.796068681508515,43.22218363093647,44.29554052957001,37.899630553057264,37.027890732230695,35.425436128197425,40.811827844626634,34.66770212780282,36.69188482225094,34.617710864606025,31.76332472001032,31.74938325415502,30.01366981625352,30.866545935661023,31.818916443424342,25.876790843371335,24.677503389210504,26.102367983459093,26.275240441266288,25.108957591813915,21.50043630969559,20.63564627488889,17.189661951653793,18.231176911199324,17.54429061568366,16.59362320825862,17.101541223602123,18.009823792940026,18.578956134063752,18.364284505860162,19.49506498179506,19.25949255631002,18.445855301357085,20.167105064115244,18.994331323486065,18.9689525575158,16.630022927823706,17.917455946967863,15.22155968921155,15.681978776327078,16.831210596452177,11.956776906285414,14.059614361503996,13.451112818433298,13.692335204893553,17.900665410834225,18.043920367531353,16.881371827285083,15.385251615992573,16.122339889978413,15.164831398068362,13.714997023069811,12.278519077131653,8.27224322784696,6.868999132429764,4.644934691088979,4.760395669477822,4.761973247552769,5.351985520573969,4.300640916370233,4.432132017166009,3.3004882366688886,3.393765531127417,3.0880525822636296] [1311.2619900786005,1321.8202200865917,1332.463464547639,1343.19240799478,1354.0077404728797,1364.9101575830227,1375.9003605272408,1386.9790561536227,1398.1469570017646,1409.4047813486081,1420.7532532546286,1432.193102610412,1443.7250651835902,1455.3498826661717,1467.068302722235,1478.881079036026,1490.78897136042,1502.7927455657994,1514.8931736892998,1527.0910339844697,1539.3871109713293,1551.7821954868166,1564.2770847356642,1576.872582341659,1589.569498399342,1602.368649526097,1615.270858914685,1628.2769563861766,1641.3877784433362,1654.6041683244075,1667.9269760573632,1681.3570585145608,1694.895279467867,1708.5425096441993,1722.2996267815402,1736.1675156853773,1750.1470682856248,1764.2391836939755,1778.4447682617345,1792.7647356381167,1807.2000068289992,1821.7515102561672,1836.4201818170154,1851.2069649447558,1866.112810669078,1881.1386776773347,1896.285532376183,1911.5543489537563,1926.9461094423048,1942.4618037813711,1958.1024298814455,1973.8689936881608,1989.7625092469793,2005.7839987684179,2021.9344926937952,2038.215029761504,2054.626657073813,2071.1704301642176,2087.8474130653335,2104.6586783773164,2121.605307336866,2138.6883898867477,2155.9090247459117,2173.268319480143,2190.767390573309,2208.407363499154,2226.1893727937027,2244.1145621282076,2262.184084382728,2280.399101720259,2298.7607856614945,2317.2703171601615,2335.9288866789793,2354.7376942662327,2373.6979496329395,2392.810872230673,2412.077691329971,2431.4996460994216,2451.0779856853383,2470.813969292122,2490.7088662632277,2510.763956162824,2530.9805288580706,2551.359884602096,2571.9033341176064,2592.612198681206,2613.487810208354,2634.5315113390543,2655.7446555241822,2677.1286071125573,2698.6847414386757,2720.4144449111714,2742.319115101994,2764.4001608362782,2786.6590022829737,2809.097071046162,2831.715810257159,2854.5166746673017,2877.5011307415425,2900.67065675274,2924.0267428767575,2947.570891288285,2971.304616257478,2995.22944424732,3019.346914011829,3043.658576695001,3068.1659959305807,3092.870747942638,3117.7744216469364,3142.87861875312,3168.1849538677375,3193.695054598094,3219.410561656912,3245.333128967883,3271.4644237720117,3297.806126734876,3324.3599320546946,3351.1275475713155,3378.1106948760344,3405.3111094223436,3432.7305406375262,3460.3707520352004,3488.23352132871,3516.320640545493,3544.6339161423107,3573.1751691214417,3601.9462351478164,3630.9489646670518,3660.1852230244945,3689.6568905851636,3719.3658628547196,3749.3140506013438,3779.5033799786634,3809.935792649603,3840.6132459112973,3871.5377128209448,3902.7111823227383,3934.135659375755,3965.8131650829396,3997.7457368210635,4029.9354283717907,4062.3843100537392,4095.0944688556665,4128.068008570669,4161.3070499315045,4194.813730746993,4228.590206039511,4262.638648183577,4296.961247045588,4331.560210124669,4366.437762694626,4401.596147947099,4437.037627135803,4472.764479721992,4508.779003521039,4545.083514850253,4581.680348677821,4618.571858773019,4655.7604178575675,4693.248417758249,4731.038269560753,4769.132403764733,4807.533270440121,4846.243339384716,4885.265100283049,4924.601062866471,4964.253757074609,5004.22573321805,5044.519562142395,5085.137835393579,5126.08316538458,5167.3581855634,5208.965550582488,5250.907936469426,5293.188040799074,5335.808582867062,5378.772303864684,5422.081967055189,5465.740357951513,5509.7502844954415,5554.1145772382,5598.836089522486,5643.917697666003,5689.362301146471,5735.17282278806,5781.352208949439,5827.903429713208,5874.829479076986,5922.133375145914,5969.818160326825,6017.886901523867,6066.342690335802,6115.188643254807,6164.427901866934,6214.06363305417,6264.099029198114,6314.537308385285,6365.381714614103,6416.635518003553,6468.302015003491,6520.384528606639,6572.88640856233,6625.811031591967,6679.16180160615,6732.942149923667,6787.155535492116,6841.805445110439,6896.895393653112,6952.428924296275,7008.409608745552,7064.841047465831,7121.726869912778,7179.070734766296,7236.876330165845,7295.147373947643,7353.887613883764,7413.100827923194,7472.790824434837,7532.961442452409,7593.616551921397,7654.7600539479145,7716.395881049652,7778.527997408752,7841.160399126823,7904.2971144818985,7967.94220418758,8032.099761654146,8096.773913251861,8161.968818576374,8227.688670716232,8293.937696522553,8360.720156880894,8428.04034698531,8495.90259661459,8564.311270410717,8633.270768159597,8702.785525074065,8772.860012079082,8843.498736099358,8914.706240349144,8986.487104624512,9058.845945597834,9131.787417114787,9205.31621049359,9279.437054826807,9354.154717285446,9429.47400342559,9505.399757497484,9581.936862757088,9659.090241780126,9736.864856778713,9815.265709920519,9894.297843650465,9973.966341015032,10054.276325989182,10135.232963805956,10216.841461288606,10299.107067185563,10382.035072507933,10465.630810869876,10549.89965883156,10634.84703624505,10720.478406602804,10806.799277389146,10893.815200434417,10981.531772272076,11069.954634498676,11159.08947413668,11248.94202400021,11339.518063063782,11430.823416834026,11522.863957724268,11615.64560543233,11709.174327321158,11803.456138802712,11898.49710372478,11994.303334761045,12090.880993804161,12188.23629236214,12286.375491957784,12385.304904531427,12485.030892846919,12585.55987090084,12686.898304334996,12789.052710852275,12892.029660635888,12995.8357767719,13100.477735675182,13205.962267518828,13312.296156667053,13419.486242111492,13527.539417911097,13636.462633635434,13746.262894811807,13856.947263375758,13968.522858125163,14080.996855178266,14194.376488435144,14308.66905004285,14423.881890864615] 0.31126199007860056 [Infinity,Infinity,Infinity,Infinity,Infinity,Infinity,Infinity,Infinity,Infinity,Infinity,Infinity,Infinity,Infinity,Infinity,Infinity,Infinity,Infinity,Infinity,Infinity,Infinity,Infinity,Infinity,Infinity,Infinity,Infinity,Infinity,Infinity,Infinity,Infinity,Infinity,Infinity,Infinity,Infinity,Infinity,Infinity,Infinity,Infinity,Infinity,Infinity,Infinity,Infinity,Infinity,Infinity,Infinity,Infinity,Infinity,Infinity,Infinity,Infinity,Infinity,Infinity,Infinity,Infinity,Infinity,Infinity,Infinity,Infinity,Infinity,Infinity,Infinity,Infinity,Infinity,Infinity,Infinity,Infinity,Infinity,Infinity,Infinity,Infinity,Infinity,Infinity,Infinity,Infinity,Infinity,Infinity,Infinity,Infinity,Infinity,Infinity,Infinity,Infinity,Infinity,Infinity,Infinity,Infinity,Infinity,Infinity,Infinity,Infinity,Infinity,Infinity,Infinity,Infinity,Infinity,Infinity,Infinity,Infinity,Infinity,Infinity,Infinity,Infinity,Infinity,Infinity,Infinity,Infinity,Infinity,Infinity,Infinity,Infinity,Infinity,Infinity,Infinity,Infinity,Infinity,Infinity,Infinity,Infinity,Infinity,Infinity,Infinity,Infinity,Infinity,Infinity,Infinity,Infinity,Infinity,Infinity,Infinity,Infinity,Infinity,Infinity,Infinity,Infinity,Infinity,Infinity,Infinity,Infinity,Infinity,Infinity,Infinity,3.3512774942833716,1.957959301219105,0.8207667086680013,0.3851569719311879,0.5573141253497271,1.1882305099679316,1.95564426394746,2.4167801950703813,2.2704460655696286,1.9308875174209885,2.020163200171239,2.7345977280456704,3.5738828338651607,4.022812947682134,4.1188677631011235,4.199569700698687,4.420095199269777,4.539034584070345,4.308393413741607,3.9669289693700946,4.022964876177868,4.609047624720947,5.221383474802154,5.405271880310077,5.33273282621634,5.368784481095573,5.626455466608075,6.013243089102587,6.397789151959998,6.594398489927805,6.514128132491189,6.448765878642286,6.706324294331415,7.040552809252155,6.994152964962792,6.599081780756019,6.2178489455364945,5.884004381181693,5.299022360420034,4.561207987071778,4.301286234786149,4.665587514599223,4.968128718104322,4.888042855422344,4.874090005256157,5.105746069443855,5.160657952468823,4.915049061939964,4.81562428553349,4.953083678299792,4.873571309108365,4.513125648396951,4.257630024665688,4.206400034034417,4.213320424044301,4.128063214988893,3.8443456350017384,3.483238621642053,3.232641106256749,3.2508023612805586,3.5357403439974022,3.8515219126953317,4.056862413118233,4.1108516738759615,4.0287387745682635,3.8550195797523634,3.654186568907064,3.45900175639959,3.2693570109779477,3.1094362088698633,3.018823324329508,3.03793276328634,3.0670803939437166,2.97208837618535,2.9403835811902974,3.0012343967128765,2.931730482281356,2.820919541972868,2.784351543974086,2.7831520274121093,2.766241793263675,2.6668724623492635,2.42595964039337,2.195083406208266,2.1060552151706133,2.141379269167248,2.272392055376904,2.409306267149275,2.4536082783264357,2.4607216325521932,2.4585558657749234,2.434355742020119,2.3756755698328007,2.3133120024346523,2.268460071318913,2.2242775179415437,2.153954417636011,2.1441204283281956,2.045767810459575,1.8608717314813958,1.906166511283462,1.829845728628343,1.7542367829597496,1.777060867200014,1.748860174896631,1.662891476100293,1.6169159714713834,1.5763647067724371,1.5528966136290154,1.5349619847952238,1.4499761708796517,1.344600517307262,1.2714322489586798,1.3013204347509677,1.3463861983398755,1.2368249377536065,1.08125158822688,0.989261370798455,0.8859140015912657,0.9102404641032731,0.8818903289531839,0.8863606959937759,0.8747483686842855,0.8893580213531894,0.8853124763865623,0.9570396618847576,1.000859768017419,0.9738629427938431,0.9644467897252739,0.983919934588833,0.9458263617133771,0.9222676602143245,0.888226104065893,0.8667360946536224,0.7901510114794629,0.7836511933941734,0.812498817434357,0.6468215722890363,0.6739213107177401,0.7148698790377509,0.7131389584337063,0.8345690829790419,0.9064124629782675,0.8732725499767593,0.8031805487667082,0.799372186784242,0.7537134919242258,0.6829698657002897,0.5765447879305023,0.45437540358579875,0.35177772696151177,0.21862751324658009,0.2432011480119975,0.2346420037006774,0.2735877854316492,0.22495528853757168,0.23022065797800054,0.1631979758970423,0.1622833828704473,0.1432171287673585] [0.0,0.0,0.0,0.0,0.0,0.0,0.0,0.0,0.0,0.0,0.0,0.0,0.0,0.0,0.0,0.0,0.0,0.0,0.0,0.0,0.0,0.0,0.0,0.0,0.0,0.0,0.0,0.0,0.0,0.0,0.0,0.0,0.0,0.0,0.0,0.0,0.0,0.0,0.0,0.0,0.0,0.0,0.0,0.0,0.0,0.0,0.0,0.0,0.0,0.0,0.0,0.0,0.0,0.0,0.0,0.0,0.0,0.0,0.0,0.0,0.0,0.0,0.0,0.0,0.0,0.0,0.0,0.0,0.0,0.0,0.0,0.0,0.0,0.0,0.0,0.0,0.0,0.0,0.0,0.0,0.0,0.0,0.0,0.0,0.0,0.0,0.0,0.0,0.0,0.0,0.0,0.0,0.0,0.0,0.0,0.0,0.0,0.0,0.0,0.0,0.0,0.0,0.0,0.0,0.0,0.0,0.0,0.0,0.0,0.0,0.0,0.0,0.0,0.0,0.0,0.0,0.0,0.0,0.0,0.0,0.0,0.0,0.0,0.0,0.0,0.0,0.0,0.0,0.0,0.0,0.0,0.0,0.0,0.0,0.0,0.0,0.0,0.0,0.0,0.0,-0.0027722439204503095,3.327894707673917,1.1713914023556762,0.15395870055868535,-0.005991418379136408,-0.64565632006654,0.7330016177212622,3.1545915766207124,-4.96305546932732,-0.6687541481589868,-2.759939865053293,-6.124721227756988,-2.467937561034955,4.568198396885833,-9.968012345104949,-0.6116235958509121,-2.3997558436791873,-4.640145608317885,-5.040272745815119,0.17404138512480144,0.4081536565073295,-2.7587879262727815,1.4138129152808714,-3.0519985769681695,0.9491820185865146,-7.319045573553082,-17.414890386026578,-8.16435470392734,-7.9551854149130214,-7.276156594811682,1.6708074452322914,-4.653822828781291,-5.3475227426788905,0.6132857999382028,14.817844505225162,5.919318422927781,2.0481277993729545,6.880973757384369,-4.43280218270677,-2.9110507676500412,1.8754268758525463,-2.4056598813636905,-4.17625479186072,1.2507389822756612,5.757420571192351,7.652341532746343,0.4990098627643179,7.189177616424896,-3.6233506411253793,0.4922061980360608,-7.55448554071257,0.7304742583947598,-2.713600426732328,-2.6511415407439847,2.7872895968493734,-5.918087976336527,-2.717658948875867,-1.0789133840315666,0.8938113088216026,2.864342057496585,2.3831959209904663,-2.3971911370631043,1.8383507249462365,1.257257033440673,-3.364793282670849,6.530386033682024,2.6014597888842603,0.23001240714672191,-3.996692506408985,-0.3025776082869039,-1.7656357270572485,0.9974172717255402,0.6224643719273204,-1.821090250609008,-1.1225952233567087,2.5597399139166392,2.889981992817688,-1.2140009965517693,-0.4933058816011933,0.3120873827271689,2.0507956422649194,-1.7944650432583433,-0.7241943340541314,-0.35941813321702376,0.44996522497573344,5.050706842123882,0.4722133347965735,0.7149701330474324,-0.7481100375961297,2.028935074116202,3.210011289399884,0.7288602463929343,-0.4612146365228754,2.839177755716287,-1.959624250831859,1.0765135377578956,0.7169803287883061,0.33977506437256355,3.380184320378512,0.6821959234293492,-1.0954394934385505,-1.171478444369435,5.727092185431647,-0.873515216197462,1.7146813243183234,1.3598813426001632,-0.5749947094173484,0.22208911870627865,-1.0442624563267926,0.16730623975654402,2.8193930258313116,-1.015219502773901,-0.7511415899630913,0.07595928843974167,-0.6524835255312245,0.37245883674178526,-0.12459545484201377,0.8504188589197925,-0.5286180801715176,0.02636762913386133,-0.093515963380018,-1.133590711616896,-0.3934261500835867,0.2226633658762371,0.8727066063325076,-0.776508731834991,-0.522130378553319,-0.21776629956684412,-0.8430804931483926,0.48870637233858333,0.07780408921852562,0.5235993532293084,-1.1344991534941533,0.5827340538954139,-0.5814605403777096,0.008954908443609895,0.5812342477650371,-0.9796545394953099,0.5811881471491949,-0.8462847623217189,-0.5704439637805747,1.2092837512533887,-0.08432889203399814,-0.5840791722501041,-0.6783593593415917,0.13489615429357288,0.09056155958384664,0.055599709064017296,0.7476233185216062,-0.8152648438690144,-0.16655540680047212,0.27238442615737757,-0.10362729076212876,0.06913317353922117,-0.11977018805901471,-0.19846485438120115,-0.17228114239400164,0.036528718728042475,0.14809787371847086,0.22371000691645937]
56371.63836541611 [0.0,0.0,0.0,0.0,0.0,0.0,0.0,0.0,0.0,0.0,0.0,0.0,0.0,0.0,0.0,0.0,0.0,0.0,0.0,0.0,0.0,0.0,0.0,0.0,0.0,0.0,0.0,0.0,0.0,0.0,0.0,0.0,0.0,0.0,0.0,0.0,0.0,0.0,0.0,0.0,0.0,0.0,0.0,0.0,0.0,0.0,0.0,0.0,0.0,0.0,0.0,0.0,0.0,0.0,0.0,0.0,0.0,0.0,0.0,0.0,0.0,0.0,0.0,0.0,0.0,0.0,0.0,0.0,0.0,0.0,0.0,0.0,0.0,0.0,0.0,0.0,0.0,0.0,0.0,0.0,0.0,0.0,0.0,0.0,0.0,0.0,0.0,0.0,0.0,0.0,0.0,0.0,0.0,0.0,0.0,0.0,0.0,0.0,0.0,0.0,0.0,0.0,0.0,0.0,0.0,0.0,0.0,0.0,0.0,0.0,0.0,0.0,0.0,0.0,0.0,0.0,0.0,0.0,0.0,0.0,0.0,0.0,0.0,0.0,0.0,0.0,0.0,0.0,0.0,0.0,0.0,0.0,0.0,0.0,0.0,0.0,0.0,0.0,0.0,0.0,0.0,0.0,0.0,0.0,0.0,0.0,0.0,0.0,0.0,0.0,0.0,0.0,0.0,0.0,0.0,0.0,0.0,0.0,0.0,0.0,0.0,0.0,0.0,0.0,0.0,0.0,0.0,0.0,0.0,0.0,0.0,0.0,0.0,0.0,0.0,0.0,0.0,0.0,0.0,0.0,0.0,0.0,0.0,0.0,0.0,0.0,0.0,0.0,0.0,0.0,0.0,0.0,0.0,0.0,0.0,0.0,0.0,0.0,0.0,0.0,0.0,0.0,0.0,0.0,0.0,0.0,0.0,0.0,0.0,0.0,0.0,0.0,0.0,0.0,0.0,0.0,0.0,0.0,0.0,0.0,0.0,0.0,0.0,0.0,0.0,0.0,0.0,0.0,0.0,0.0,0.0,0.0,0.0,0.0,0.0,0.0,0.0,0.0,0.0,0.0,0.0,0.0,0.0,0.0,0.0,0.0,0.0,0.0,0.0,0.0,0.0,0.0,0.0,0.0,0.0,0.0,0.0,0.0,0.0,0.0,0.0,0.0,0.0,0.0,0.0,0.0,0.0,0.0,0.0,0.0,0.0,0.0,0.0,0.0,0.0,0.0,0.0,0.0,0.0,0.0,0.0,0.0,0.0,0.0,0.0,0.0,0.0,0.0,0.0,0.0,0.0,0.0,0.0,0.0,0.0,0.0,0.0,0.0,0.0,0.0] [1311.2619900786005,1321.8202200865917,1332.463464547639,1343.19240799478,1354.0077404728797,1364.9101575830227,1375.9003605272408,1386.9790561536227,1398.1469570017646,1409.4047813486081,1420.7532532546286,1432.193102610412,1443.7250651835902,1455.3498826661717,1467.068302722235,1478.881079036026,1490.78897136042,1502.7927455657994,1514.8931736892998,1527.0910339844697,1539.3871109713293,1551.7821954868166,1564.2770847356642,1576.872582341659,1589.569498399342,1602.368649526097,1615.270858914685,1628.2769563861766,1641.3877784433362,1654.6041683244075,1667.9269760573632,1681.3570585145608,1694.895279467867,1708.5425096441993,1722.2996267815402,1736.1675156853773,1750.1470682856248,1764.2391836939755,1778.4447682617345,1792.7647356381167,1807.2000068289992,1821.7515102561672,1836.4201818170154,1851.2069649447558,1866.112810669078,1881.1386776773347,1896.285532376183,1911.5543489537563,1926.9461094423048,1942.4618037813711,1958.1024298814455,1973.8689936881608,1989.7625092469793,2005.7839987684179,2021.9344926937952,2038.215029761504,2054.626657073813,2071.1704301642176,2087.8474130653335,2104.6586783773164,2121.605307336866,2138.6883898867477,2155.9090247459117,2173.268319480143,2190.767390573309,2208.407363499154,2226.1893727937027,2244.1145621282076,2262.184084382728,2280.399101720259,2298.7607856614945,2317.2703171601615,2335.9288866789793,2354.7376942662327,2373.6979496329395,2392.810872230673,2412.077691329971,2431.4996460994216,2451.0779856853383,2470.813969292122,2490.7088662632277,2510.763956162824,2530.9805288580706,2551.359884602096,2571.9033341176064,2592.612198681206,2613.487810208354,2634.5315113390543,2655.7446555241822,2677.1286071125573,2698.6847414386757,2720.4144449111714,2742.319115101994,2764.4001608362782,2786.6590022829737,2809.097071046162,2831.715810257159,2854.5166746673017,2877.5011307415425,2900.67065675274,2924.0267428767575,2947.570891288285,2971.304616257478,2995.22944424732,3019.346914011829,3043.658576695001,3068.1659959305807,3092.870747942638,3117.7744216469364,3142.87861875312,3168.1849538677375,3193.695054598094,3219.410561656912,3245.333128967883,3271.4644237720117,3297.806126734876,3324.3599320546946,3351.1275475713155,3378.1106948760344,3405.3111094223436,3432.7305406375262,3460.3707520352004,3488.23352132871,3516.320640545493,3544.6339161423107,3573.1751691214417,3601.9462351478164,3630.9489646670518,3660.1852230244945,3689.6568905851636,3719.3658628547196,3749.3140506013438,3779.5033799786634,3809.935792649603,3840.6132459112973,3871.5377128209448,3902.7111823227383,3934.135659375755,3965.8131650829396,3997.7457368210635,4029.9354283717907,4062.3843100537392,4095.0944688556665,4128.068008570669,4161.3070499315045,4194.813730746993,4228.590206039511,4262.638648183577,4296.961247045588,4331.560210124669,4366.437762694626,4401.596147947099,4437.037627135803,4472.764479721992,4508.779003521039,4545.083514850253,4581.680348677821,4618.571858773019,4655.7604178575675,4693.248417758249,4731.038269560753,4769.132403764733,4807.533270440121,4846.243339384716,4885.265100283049,4924.601062866471,4964.253757074609,5004.22573321805,5044.519562142395,5085.137835393579,5126.08316538458,5167.3581855634,5208.965550582488,5250.907936469426,5293.188040799074,5335.808582867062,5378.772303864684,5422.081967055189,5465.740357951513,5509.7502844954415,5554.1145772382,5598.836089522486,5643.917697666003,5689.362301146471,5735.17282278806,5781.352208949439,5827.903429713208,5874.829479076986,5922.133375145914,5969.818160326825,6017.886901523867,6066.342690335802,6115.188643254807,6164.427901866934,6214.06363305417,6264.099029198114,6314.537308385285,6365.381714614103,6416.635518003553,6468.302015003491,6520.384528606639,6572.88640856233,6625.811031591967,6679.16180160615,6732.942149923667,6787.155535492116,6841.805445110439,6896.895393653112,6952.428924296275,7008.409608745552,7064.841047465831,7121.726869912778,7179.070734766296,7236.876330165845,7295.147373947643,7353.887613883764,7413.100827923194,7472.790824434837,7532.961442452409,7593.616551921397,7654.7600539479145,7716.395881049652,7778.527997408752,7841.160399126823,7904.2971144818985,7967.94220418758,8032.099761654146,8096.773913251861,8161.968818576374,8227.688670716232,8293.937696522553,8360.720156880894,8428.04034698531,8495.90259661459,8564.311270410717,8633.270768159597,8702.785525074065,8772.860012079082,8843.498736099358,8914.706240349144,8986.487104624512,9058.845945597834,9131.787417114787,9205.31621049359,9279.437054826807,9354.154717285446,9429.47400342559,9505.399757497484,9581.936862757088,9659.090241780126,9736.864856778713,9815.265709920519,9894.297843650465,9973.966341015032,10054.276325989182,10135.232963805956,10216.841461288606,10299.107067185563,10382.035072507933,10465.630810869876,10549.89965883156,10634.84703624505,10720.478406602804,10806.799277389146,10893.815200434417,10981.531772272076,11069.954634498676,11159.08947413668,11248.94202400021,11339.518063063782,11430.823416834026,11522.863957724268,11615.64560543233,11709.174327321158,11803.456138802712,11898.49710372478,11994.303334761045,12090.880993804161,12188.23629236214,12286.375491957784,12385.304904531427,12485.030892846919,12585.55987090084,12686.898304334996,12789.052710852275,12892.029660635888,12995.8357767719,13100.477735675182,13205.962267518828,13312.296156667053,13419.486242111492,13527.539417911097,13636.462633635434,13746.262894811807,13856.947263375758,13968.522858125163,14080.996855178266,14194.376488435144,14308.66905004285,14423.881890864615] 0.31126199007860056 [Infinity,Infinity,Infinity,Infinity,Infinity,Infinity,Infinity,Infinity,Infinity,Infinity,Infinity,Infinity,Infinity,Infinity,Infinity,Infinity,Infinity,Infinity,Infinity,Infinity,Infinity,Infinity,Infinity,Infinity,Infinity,Infinity,Infinity,Infinity,Infinity,Infinity,Infinity,Infinity,Infinity,Infinity,Infinity,Infinity,Infinity,Infinity,Infinity,Infinity,Infinity,Infinity,Infinity,Infinity,Infinity,Infinity,Infinity,Infinity,Infinity,Infinity,Infinity,Infinity,Infinity,Infinity,Infinity,Infinity,Infinity,Infinity,Infinity,Infinity,Infinity,Infinity,Infinity,Infinity,Infinity,Infinity,Infinity,Infinity,Infinity,Infinity,Infinity,Infinity,Infinity,Infinity,Infinity,Infinity,Infinity,Infinity,Infinity,Infinity,Infinity,Infinity,Infinity,Infinity,Infinity,Infinity,Infinity,Infinity,Infinity,Infinity,Infinity,Infinity,Infinity,Infinity,Infinity,Infinity,Infinity,Infinity,Infinity,Infinity,Infinity,Infinity,Infinity,Infinity,Infinity,Infinity,Infinity,Infinity,Infinity,Infinity,Infinity,Infinity,Infinity,Infinity,Infinity,Infinity,Infinity,Infinity,Infinity,Infinity,Infinity,Infinity,Infinity,Infinity,Infinity,Infinity,Infinity,Infinity,Infinity,Infinity,Infinity,Infinity,Infinity,Infinity,Infinity,Infinity,Infinity,Infinity,Infinity,Infinity,Infinity,Infinity,Infinity,Infinity,Infinity,Infinity,Infinity,Infinity,Infinity,Infinity,Infinity,Infinity,Infinity,Infinity,Infinity,Infinity,Infinity,Infinity,Infinity,Infinity,Infinity,Infinity,Infinity,Infinity,Infinity,Infinity,Infinity,Infinity,Infinity,Infinity,Infinity,Infinity,Infinity,Infinity,Infinity,Infinity,Infinity,Infinity,Infinity,Infinity,Infinity,Infinity,Infinity,Infinity,Infinity,Infinity,Infinity,Infinity,Infinity,Infinity,Infinity,Infinity,Infinity,Infinity,Infinity,Infinity,Infinity,Infinity,Infinity,Infinity,Infinity,Infinity,Infinity,Infinity,Infinity,Infinity,Infinity,Infinity,Infinity,Infinity,Infinity,Infinity,Infinity,Infinity,Infinity,Infinity,Infinity,Infinity,Infinity,Infinity,Infinity,Infinity,Infinity,Infinity,Infinity,Infinity,Infinity,Infinity,Infinity,Infinity,Infinity,Infinity,Infinity,Infinity,Infinity,Infinity,Infinity,Infinity,Infinity,Infinity,Infinity,Infinity,Infinity,Infinity,Infinity,Infinity,Infinity,Infinity,Infinity,Infinity,Infinity,Infinity,Infinity,Infinity,Infinity,Infinity,Infinity,Infinity,Infinity,Infinity,Infinity,Infinity,Infinity,Infinity,Infinity,Infinity,Infinity,Infinity,Infinity,Infinity,Infinity,Infinity,Infinity,Infinity,Infinity,Infinity,Infinity,Infinity,Infinity,Infinity,Infinity,Infinity,Infinity,Infinity,Infinity,Infinity,Infinity,Infinity,Infinity,Infinity,Infinity,Infinity,Infinity,Infinity,Infinity,Infinity,Infinity,Infinity,Infinity,Infinity] [0.0,0.0,0.0,0.0,0.0,0.0,0.0,0.0,0.0,0.0,0.0,0.0,0.0,0.0,0.0,0.0,0.0,0.0,0.0,0.0,0.0,0.0,0.0,0.0,0.0,0.0,0.0,0.0,0.0,0.0,0.0,0.0,0.0,0.0,0.0,0.0,0.0,0.0,0.0,0.0,0.0,0.0,0.0,0.0,0.0,0.0,0.0,0.0,0.0,0.0,0.0,0.0,0.0,0.0,0.0,0.0,0.0,0.0,0.0,0.0,0.0,0.0,0.0,0.0,0.0,0.0,0.0,0.0,0.0,0.0,0.0,0.0,0.0,0.0,0.0,0.0,0.0,0.0,0.0,0.0,0.0,0.0,0.0,0.0,0.0,0.0,0.0,0.0,0.0,0.0,0.0,0.0,0.0,0.0,0.0,0.0,0.0,0.0,0.0,0.0,0.0,0.0,0.0,0.0,0.0,0.0,0.0,0.0,0.0,0.0,0.0,0.0,0.0,0.0,0.0,0.0,0.0,0.0,0.0,0.0,0.0,0.0,0.0,0.0,0.0,0.0,0.0,0.0,0.0,0.0,0.0,0.0,0.0,0.0,0.0,0.0,0.0,0.0,0.0,0.0,0.0,0.0,0.0,0.0,0.0,0.0,0.0,0.0,0.0,0.0,0.0,0.0,0.0,0.0,0.0,0.0,0.0,0.0,0.0,0.0,0.0,0.0,0.0,0.0,0.0,0.0,0.0,0.0,0.0,0.0,0.0,0.0,0.0,0.0,0.0,0.0,0.0,0.0,0.0,0.0,0.0,0.0,0.0,0.0,0.0,0.0,0.0,0.0,0.0,0.0,0.0,0.0,0.0,0.0,0.0,0.0,0.0,0.0,0.0,0.0,0.0,0.0,0.0,0.0,0.0,0.0,0.0,0.0,0.0,0.0,0.0,0.0,0.0,0.0,0.0,0.0,0.0,0.0,0.0,0.0,0.0,0.0,0.0,0.0,0.0,0.0,0.0,0.0,0.0,0.0,0.0,0.0,0.0,0.0,0.0,0.0,0.0,0.0,0.0,0.0,0.0,0.0,0.0,0.0,0.0,0.0,0.0,0.0,0.0,0.0,0.0,0.0,0.0,0.0,0.0,0.0,0.0,0.0,0.0,0.0,0.0,0.0,0.0,0.0,0.0,0.0,0.0,0.0,0.0,0.0,0.0,0.0,0.0,0.0,0.0,0.0,0.0,0.0,0.0,0.0,0.0,0.0,0.0,0.0,0.0,0.0,0.0,0.0,0.0,0.0,0.0,0.0,0.0,0.0,0.0,0.0,0.0,0.0,0.0,0.0]
56250.56011840165 [0.0,0.0,0.0,0.0,0.0,0.0,0.0,0.0,0.0,0.0,0.0,0.0,0.0,0.0,0.0,0.0,0.0,0.0,0.0,0.0,0.0,0.0,0.0,0.0,0.0,0.0,0.0,0.0,0.0,0.0,0.0,0.0,0.0,0.0,0.0,0.0,0.0,0.0,0.0,0.0,0.0,0.0,0.0,0.0,0.0,0.0,0.0,0.0,0.0,0.0,0.0,0.0,0.0,0.0,0.0,0.0,0.0,0.0,0.0,0.0,0.0,0.0,0.0,0.0,0.0,0.0,0.0,0.0,0.0,0.0,0.0,0.0,0.0,0.0,0.0,0.0,0.0,0.0,0.0,0.0,0.0,0.0,0.0,0.0,0.0,0.0,0.0,0.0,0.0,0.0,0.0,0.0,0.0,0.0,0.0,0.0,0.0,0.0,0.0,0.0,0.0,0.0,0.0,0.0,0.0,0.0,0.0,0.0,0.0,0.0,0.0,0.0,0.0,0.0,0.0,0.0,0.0,0.0,0.0,0.0,0.0,0.0,0.0,0.0,0.0,0.0,0.0,0.0,0.0,0.0,0.0,0.0,0.0,0.0,0.0,0.0,0.0,0.0,0.0,0.0,166.8593471158131,166.9776782811659,152.0380390165009,126.40604358945669,108.77318880500222,168.40430270132512,215.88140387168576,273.54913685791126,257.1210801126489,226.15926982187634,214.8919292098176,200.1374564103755,240.03497955606034,214.95054388396787,259.58540102616666,301.84254191451004,359.31271177301977,418.391152035052,485.3939383550117,589.5525198097852,622.9112129579963,555.8958403408647,651.1711849420385,533.4802311666393,381.5862399384955,337.98667890939896,293.1722629903695,418.2729601148284,589.8393590809065,798.2124535357659,850.0195075205912,902.9135703951509,667.9376583807385,651.9078186670406,686.5443395784764,773.3512850497239,757.142449163688,694.5012388444763,706.7030884333468,697.7248298241775,621.5329061821493,540.2443165968367,524.3210039315796,417.5168768992075,433.91031900024655,502.7066725565503,572.7448365502378,728.914170255147,753.7819306830081,767.0117782051589,768.4893751708637,655.8360682784755,670.3283359114464,494.8752402001637,468.16535633675414,434.9169688648723,425.12012813938975,406.4956592165446,454.95844086079273,416.89929435062146,395.32897631782134,358.8582506850978,481.60844645765695,516.9322565947858,546.9128913906181,622.222071706109,621.8778507027856,485.086026462534,421.5480337009052,417.5185552845712,436.4131458831539,420.0489033543902,376.734256528392,431.40690416288055,478.9446916315741,475.8090703181699,406.36178756731005,443.6778704310452,402.8253351515336,439.3963285777808,459.9778606452278,479.6922659287201,413.5913306364897,376.44291352425023,391.23971778870794,234.09346746013716,155.0628080251189,195.30651571796298,291.34008346640906,325.6286767251376,340.617602039583,317.6086869030424,326.7416572122435,274.90983027114777,276.33121250586856,247.1429822496932,217.5263695556164,222.17818520281463,197.650570006485,192.9843358819544,186.73805915442543,174.59391896513497,165.7619019570145,158.3208384828872,136.53529619619397,145.69236667391678,142.09821120560989,140.19512138055595,132.2506143454209,109.27999727660931,86.63158587996539,78.38611202068833,89.49753040775035,88.18627007386894,84.53886491712676,99.41301115130673,97.78427789908258,106.2687821740758,113.06504554463665,100.10908731639844,87.09721286050413,75.3571781042825,63.35711750945351,56.19009408906446,63.55044444518419,78.02983812645732,107.79488682229753,120.60802820423888,117.33709985813903,113.75856416044466,111.06624311558377,107.57672439988275,86.00458004579873,76.64836470521891,69.5025332238483,64.81048143505546,51.417393724698435,48.05809315449104,49.66372267324009,41.21194693069396,37.091690712434605,37.622958070049684,33.00076358171691,34.632372933031775,31.64631281569572,28.17053685830958,26.77008025383122,26.92204364378909,25.585739034426176,21.883789720399545,22.304515097494377,18.845044171853328,20.08813595895459,18.960388031088065,18.72591338435034,22.656730484844637,18.95228251040241,18.59632097760317,20.992876597074673,20.827899627946216] [1311.2619900786005,1321.8202200865917,1332.463464547639,1343.19240799478,1354.0077404728797,1364.9101575830227,1375.9003605272408,1386.9790561536227,1398.1469570017646,1409.4047813486081,1420.7532532546286,1432.193102610412,1443.7250651835902,1455.3498826661717,1467.068302722235,1478.881079036026,1490.78897136042,1502.7927455657994,1514.8931736892998,1527.0910339844697,1539.3871109713293,1551.7821954868166,1564.2770847356642,1576.872582341659,1589.569498399342,1602.368649526097,1615.270858914685,1628.2769563861766,1641.3877784433362,1654.6041683244075,1667.9269760573632,1681.3570585145608,1694.895279467867,1708.5425096441993,1722.2996267815402,1736.1675156853773,1750.1470682856248,1764.2391836939755,1778.4447682617345,1792.7647356381167,1807.2000068289992,1821.7515102561672,1836.4201818170154,1851.2069649447558,1866.112810669078,1881.1386776773347,1896.285532376183,1911.5543489537563,1926.9461094423048,1942.4618037813711,1958.1024298814455,1973.8689936881608,1989.7625092469793,2005.7839987684179,2021.9344926937952,2038.215029761504,2054.626657073813,2071.1704301642176,2087.8474130653335,2104.6586783773164,2121.605307336866,2138.6883898867477,2155.9090247459117,2173.268319480143,2190.767390573309,2208.407363499154,2226.1893727937027,2244.1145621282076,2262.184084382728,2280.399101720259,2298.7607856614945,2317.2703171601615,2335.9288866789793,2354.7376942662327,2373.6979496329395,2392.810872230673,2412.077691329971,2431.4996460994216,2451.0779856853383,2470.813969292122,2490.7088662632277,2510.763956162824,2530.9805288580706,2551.359884602096,2571.9033341176064,2592.612198681206,2613.487810208354,2634.5315113390543,2655.7446555241822,2677.1286071125573,2698.6847414386757,2720.4144449111714,2742.319115101994,2764.4001608362782,2786.6590022829737,2809.097071046162,2831.715810257159,2854.5166746673017,2877.5011307415425,2900.67065675274,2924.0267428767575,2947.570891288285,2971.304616257478,2995.22944424732,3019.346914011829,3043.658576695001,3068.1659959305807,3092.870747942638,3117.7744216469364,3142.87861875312,3168.1849538677375,3193.695054598094,3219.410561656912,3245.333128967883,3271.4644237720117,3297.806126734876,3324.3599320546946,3351.1275475713155,3378.1106948760344,3405.3111094223436,3432.7305406375262,3460.3707520352004,3488.23352132871,3516.320640545493,3544.6339161423107,3573.1751691214417,3601.9462351478164,3630.9489646670518,3660.1852230244945,3689.6568905851636,3719.3658628547196,3749.3140506013438,3779.5033799786634,3809.935792649603,3840.6132459112973,3871.5377128209448,3902.7111823227383,3934.135659375755,3965.8131650829396,3997.7457368210635,4029.9354283717907,4062.3843100537392,4095.0944688556665,4128.068008570669,4161.3070499315045,4194.813730746993,4228.590206039511,4262.638648183577,4296.961247045588,4331.560210124669,4366.437762694626,4401.596147947099,4437.037627135803,4472.764479721992,4508.779003521039,4545.083514850253,4581.680348677821,4618.571858773019,4655.7604178575675,4693.248417758249,4731.038269560753,4769.132403764733,4807.533270440121,4846.243339384716,4885.265100283049,4924.601062866471,4964.253757074609,5004.22573321805,5044.519562142395,5085.137835393579,5126.08316538458,5167.3581855634,5208.965550582488,5250.907936469426,5293.188040799074,5335.808582867062,5378.772303864684,5422.081967055189,5465.740357951513,5509.7502844954415,5554.1145772382,5598.836089522486,5643.917697666003,5689.362301146471,5735.17282278806,5781.352208949439,5827.903429713208,5874.829479076986,5922.133375145914,5969.818160326825,6017.886901523867,6066.342690335802,6115.188643254807,6164.427901866934,6214.06363305417,6264.099029198114,6314.537308385285,6365.381714614103,6416.635518003553,6468.302015003491,6520.384528606639,6572.88640856233,6625.811031591967,6679.16180160615,6732.942149923667,6787.155535492116,6841.805445110439,6896.895393653112,6952.428924296275,7008.409608745552,7064.841047465831,7121.726869912778,7179.070734766296,7236.876330165845,7295.147373947643,7353.887613883764,7413.100827923194,7472.790824434837,7532.961442452409,7593.616551921397,7654.7600539479145,7716.395881049652,7778.527997408752,7841.160399126823,7904.2971144818985,7967.94220418758,8032.099761654146,8096.773913251861,8161.968818576374,8227.688670716232,8293.937696522553,8360.720156880894,8428.04034698531,8495.90259661459,8564.311270410717,8633.270768159597,8702.785525074065,8772.860012079082,8843.498736099358,8914.706240349144,8986.487104624512,9058.845945597834,9131.787417114787,9205.31621049359,9279.437054826807,9354.154717285446,9429.47400342559,9505.399757497484,9581.936862757088,9659.090241780126,9736.864856778713,9815.265709920519,9894.297843650465,9973.966341015032,10054.276325989182,10135.232963805956,10216.841461288606,10299.107067185563,10382.035072507933,10465.630810869876,10549.89965883156,10634.84703624505,10720.478406602804,10806.799277389146,10893.815200434417,10981.531772272076,11069.954634498676,11159.08947413668,11248.94202400021,11339.518063063782,11430.823416834026,11522.863957724268,11615.64560543233,11709.174327321158,11803.456138802712,11898.49710372478,11994.303334761045,12090.880993804161,12188.23629236214,12286.375491957784,12385.304904531427,12485.030892846919,12585.55987090084,12686.898304334996,12789.052710852275,12892.029660635888,12995.8357767719,13100.477735675182,13205.962267518828,13312.296156667053,13419.486242111492,13527.539417911097,13636.462633635434,13746.262894811807,13856.947263375758,13968.522858125163,14080.996855178266,14194.376488435144,14308.66905004285,14423.881890864615] 0.31126199007860056 [Infinity,Infinity,Infinity,Infinity,Infinity,Infinity,Infinity,Infinity,Infinity,Infinity,Infinity,Infinity,Infinity,Infinity,Infinity,Infinity,Infinity,Infinity,Infinity,Infinity,Infinity,Infinity,Infinity,Infinity,Infinity,Infinity,Infinity,Infinity,Infinity,Infinity,Infinity,Infinity,Infinity,Infinity,Infinity,Infinity,Infinity,Infinity,Infinity,Infinity,Infinity,Infinity,Infinity,Infinity,Infinity,Infinity,Infinity,Infinity,Infinity,Infinity,Infinity,Infinity,Infinity,Infinity,Infinity,Infinity,Infinity,Infinity,Infinity,Infinity,Infinity,Infinity,Infinity,Infinity,Infinity,Infinity,Infinity,Infinity,Infinity,Infinity,Infinity,Infinity,Infinity,Infinity,Infinity,Infinity,Infinity,Infinity,Infinity,Infinity,Infinity,Infinity,Infinity,Infinity,Infinity,Infinity,Infinity,Infinity,Infinity,Infinity,Infinity,Infinity,Infinity,Infinity,Infinity,Infinity,Infinity,Infinity,Infinity,Infinity,Infinity,Infinity,Infinity,Infinity,Infinity,Infinity,Infinity,Infinity,Infinity,Infinity,Infinity,Infinity,Infinity,Infinity,Infinity,Infinity,Infinity,Infinity,Infinity,Infinity,Infinity,Infinity,Infinity,Infinity,Infinity,Infinity,Infinity,Infinity,Infinity,Infinity,Infinity,Infinity,Infinity,Infinity,Infinity,Infinity,Infinity,Infinity,Infinity,Infinity,7.82447569096724,8.275008478581734,7.683797523112847,6.43652883682505,5.939822047761802,7.545483472019224,10.57514615518856,12.967521347744803,13.112131002033209,11.8850736792132,10.876815440948814,10.916561832982875,11.564107241102276,12.326899028036944,13.329962786261428,15.035769071511396,17.70007136670206,21.125783203053324,25.005513933314695,28.702873568247952,31.3814197965838,32.228093816448066,30.497815246422437,25.877493225844027,20.210095090912162,16.080978904236325,15.626047517532498,20.606951768376582,30.234240012408158,39.222827859123505,43.033234964322034,42.022715309634535,37.931207725099604,34.05038770997904,34.06303068363299,36.860180112734525,38.09575218634488,36.85980069426481,35.7575828860014,35.23231780524594,32.70590161680424,27.73456987649457,23.608784529639927,22.338934671826046,23.08358780253237,25.35036555964568,29.72317627789774,35.20054371762418,38.133894926462936,37.59049502387984,36.59998082943474,35.40491988711544,31.178160319938094,25.33964335295775,22.27896889415884,21.51457806579634,20.553005562563882,20.26466584821811,21.368171544724454,21.06489288542243,18.960002907521208,19.11295427584725,22.06793196026065,25.4933861032192,28.492385777909135,30.217169490124764,28.696774143827177,24.829776838331306,22.26891244133638,21.7862362485696,22.124831871573512,20.569325414664096,19.05455497737885,21.437546269926997,23.33491618743513,22.45377381842997,21.426244574798197,20.37990656757325,19.609442512610293,20.848432038871582,22.570483528662844,22.735163202523438,21.259703357456765,20.423906440732388,18.937609062864343,12.045906569584215,7.993058854149763,10.566051693578062,14.954622580597974,16.79178550524133,16.514246691652563,16.112251902538752,15.518484163389687,14.817559629311509,13.959436698848895,12.891695036453706,11.883814590900727,11.076665301282151,10.368598421782085,9.714335364646045,9.206051741885917,8.495420217378314,7.9754276858472295,7.673618794640123,7.295816401083519,7.12841867209644,7.0514570761268445,6.872004633263518,6.411416564347798,5.668210925556901,4.84067486340632,4.237109992361514,4.308499990924265,4.334645451960894,4.414401035832663,4.7540909577264205,5.160994472322246,5.314267152591788,5.160268767614788,4.977910046148319,4.363867241849581,3.953818418116762,3.077099413997817,2.745185055890212,3.3098339440555065,4.010261631908223,5.224768438881257,5.844917915788381,5.923279482302987,5.790638077480127,5.441176637900493,5.063320978297648,4.399850000003779,3.7943186636157753,3.412821332280342,3.0552683328536183,2.7456290696538344,2.6071985658595827,2.398138978449577,2.2522236534033304,2.0904587458269033,1.872658522416558,1.7020508027408543,1.5553656857026688,1.5144796056847243,1.400002835108738,1.3309567411837349,1.2960510162182222,1.2390582468685967,1.127158435973875,1.0729567145326144,0.9829038385666381,0.9721304470946919,0.9830787115398761,0.9543286982603287,1.0066658413784224,1.0265175258796342,1.0095075158728704,1.012633894013661,1.0036186708635346] [0.0,0.0,0.0,0.0,0.0,0.0,0.0,0.0,0.0,0.0,0.0,0.0,0.0,0.0,0.0,0.0,0.0,0.0,0.0,0.0,0.0,0.0,0.0,0.0,0.0,0.0,0.0,0.0,0.0,0.0,0.0,0.0,0.0,0.0,0.0,0.0,0.0,0.0,0.0,0.0,0.0,0.0,0.0,0.0,0.0,0.0,0.0,0.0,0.0,0.0,0.0,0.0,0.0,0.0,0.0,0.0,0.0,0.0,0.0,0.0,0.0,0.0,0.0,0.0,0.0,0.0,0.0,0.0,0.0,0.0,0.0,0.0,0.0,0.0,0.0,0.0,0.0,0.0,0.0,0.0,0.0,0.0,0.0,0.0,0.0,0.0,0.0,0.0,0.0,0.0,0.0,0.0,0.0,0.0,0.0,0.0,0.0,0.0,0.0,0.0,0.0,0.0,0.0,0.0,0.0,0.0,0.0,0.0,0.0,0.0,0.0,0.0,0.0,0.0,0.0,0.0,0.0,0.0,0.0,0.0,0.0,0.0,0.0,0.0,0.0,0.0,0.0,0.0,0.0,0.0,0.0,0.0,0.0,0.0,0.0,0.0,0.0,0.0,0.0,0.0,10.369833296468293,1.4775087095312236,-1.6379114457560267,-2.324533147044322,-10.023252150233816,17.49463326094064,4.378480767914548,14.198709903015198,-5.121539928015273,-11.542203762387658,-2.644379609158716,-18.19378024928199,8.752834734014806,-31.587436676771002,-7.013854699061884,1.1271604842820873,5.311284438978601,-4.124512026014428,-14.716340311282218,15.495048444826105,-4.717182973679691,-88.66603598809675,41.21488001358978,15.930366649758769,-22.61566187974776,16.3671008246725,-19.34868736028046,6.133924747296721,-14.845441167256554,13.75589635329589,-10.645191765849372,62.45926420246026,-90.6864961212535,-29.099935532540208,5.283725905816656,36.14768279503335,-4.7725945632097595,-42.694775040819906,-8.44856928668131,-6.921526280741286,-32.58512615393558,-14.447080933054766,52.14531333878104,-29.26181653731343,-27.761437050400914,-4.300638636363326,-21.718689007716993,24.903295902663398,-8.89596784625063,15.201877727562032,36.48975858216884,-52.26232946383332,46.76512951268452,-11.917626858991278,22.585978453577347,4.625407548945489,14.060016888112076,1.2023422521823373,27.59500996630362,-4.398563357827108,16.128918167397217,-23.400834831847206,40.24980725244392,7.064534530401822,-22.934824167564546,17.878681903613675,47.94236782624206,-11.509510304092082,-23.8302151258224,-18.20616968682075,-6.083491548316393,8.662395061108299,-4.356843019184976,2.6559787643405763,12.246367882871466,26.73359394957052,-22.16310392865387,36.079739079580186,10.636484899327753,22.427687800349176,8.568190071970918,24.989001878251333,-11.6027365126456,-32.03521529039753,12.487536531421059,-6.824663931547126,-4.798369057876343,-16.014518153598264,-7.7523681455504,-10.207033379688962,10.332668206531752,-4.6363511477326504,16.37197394444981,-21.44136231508243,-2.857521471109332,-10.690918479380926,-20.14992226239813,0.6448791771716051,-9.721398429156705,-1.3023714109665243,2.617024316707109,4.685514617568723,6.25334824006989,4.848462590084753,-9.381031825476407,3.123993231987973,1.0690696830730042,2.7550287152855857,4.022283058464938,-4.08422123452871,-10.181911388161016,-6.356087826541956,3.327530589265052,1.493361034651058,-3.749155799526506,4.3311919967783155,-5.435611547362327,-0.016560877759970515,9.85967019234089,0.5508863934320843,-0.18013197648748663,-3.7191902580527456,1.815129229497174,1.286392971260221,-2.6462344359259435,-2.17539451170716,3.299518044672403,3.709669888471262,-1.1284897879207088,-2.0541973891578653,2.242710357573907,6.3103048339297825,-1.9924199542768557,0.7619914329033988,1.2461065782414618,3.7051147779830993,-3.4951876683782483,-4.085878162700614,1.700943104248551,-3.8325261373726462,-4.717484204103466,0.1697876217185276,-1.040252473100175,3.525059218978396,1.3567207020012324,0.17048015613482304,0.15094543015652245,1.0010233194246476,0.8045740970542409,-0.6593789990779594,0.8453808068420873,-0.8130325994794332,0.6455270170607549,-0.7011861997094567,-0.3606605808562379,2.523413657276185,-1.578068007190274,-1.5938293398542367,0.7401987168014537,0.7555262106755215]
56384.17369773775 [0.0,0.0,0.0,0.0,0.0,0.0,0.0,0.0,0.0,0.0,0.0,0.0,0.0,0.0,0.0,0.0,0.0,0.0,0.0,0.0,0.0,0.0,0.0,0.0,0.0,0.0,0.0,0.0,0.0,0.0,0.0,0.0,0.0,0.0,0.0,0.0,0.0,0.0,0.0,0.0,0.0,0.0,0.0,0.0,0.0,0.0,0.0,0.0,0.0,0.0,0.0,0.0,0.0,0.0,0.0,0.0,0.0,0.0,0.0,0.0,0.0,0.0,0.0,0.0,0.0,0.0,0.0,0.0,0.0,0.0,0.0,0.0,0.0,0.0,0.0,0.0,0.0,0.0,0.0,0.0,0.0,0.0,0.0,0.0,0.0,0.0,0.0,0.0,0.0,0.0,0.0,0.0,0.0,0.0,0.0,0.0,0.0,0.0,0.0,0.0,0.0,0.0,0.0,0.0,0.0,0.0,0.0,0.0,0.0,0.0,0.0,0.0,0.0,0.0,0.0,0.0,0.0,0.0,0.0,0.0,0.0,0.0,0.0,0.0,0.0,0.0,0.0,0.0,0.0,0.0,0.0,0.0,0.0,0.0,0.0,0.0,0.0,0.0,0.0,0.0,0.0,0.0,0.0,0.0,0.0,0.0,0.0,0.0,0.0,0.0,0.0,0.0,0.0,0.0,0.0,0.0,0.0,0.0,0.0,0.0,0.0,0.0,0.0,0.0,0.0,0.0,0.0,0.0,0.0,0.0,0.0,0.0,0.0,0.0,0.0,0.0,0.0,0.0,0.0,0.0,0.0,0.0,0.0,0.0,0.0,0.0,0.0,0.0,0.0,0.0,0.0,0.0,0.0,0.0,0.0,0.0,0.0,0.0,0.0,0.0,0.0,0.0,0.0,0.0,0.0,0.0,0.0,0.0,0.0,0.0,0.0,0.0,0.0,0.0,0.0,0.0,0.0,0.0,0.0,0.0,0.0,0.0,0.0,0.0,0.0,0.0,0.0,0.0,0.0,0.0,0.0,0.0,0.0,0.0,0.0,0.0,0.0,0.0,0.0,0.0,0.0,0.0,0.0,0.0,0.0,0.0,0.0,0.0,0.0,0.0,0.0,0.0,0.0,0.0,0.0,0.0,0.0,0.0,0.0,0.0,0.0,0.0,0.0,0.0,0.0,0.0,0.0,0.0,0.0,0.0,0.0,0.0,0.0,0.0,0.0,0.0,0.0,0.0,0.0,0.0,0.0,0.0,0.0,0.0,0.0,0.0,0.0,0.0,0.0,0.0,0.0,0.0,0.0,0.0,0.0,0.0,0.0,0.0,0.0,0.0] [1311.2619900786005,1321.8202200865917,1332.463464547639,1343.19240799478,1354.0077404728797,1364.9101575830227,1375.9003605272408,1386.9790561536227,1398.1469570017646,1409.4047813486081,1420.7532532546286,1432.193102610412,1443.7250651835902,1455.3498826661717,1467.068302722235,1478.881079036026,1490.78897136042,1502.7927455657994,1514.8931736892998,1527.0910339844697,1539.3871109713293,1551.7821954868166,1564.2770847356642,1576.872582341659,1589.569498399342,1602.368649526097,1615.270858914685,1628.2769563861766,1641.3877784433362,1654.6041683244075,1667.9269760573632,1681.3570585145608,1694.895279467867,1708.5425096441993,1722.2996267815402,1736.1675156853773,1750.1470682856248,1764.2391836939755,1778.4447682617345,1792.7647356381167,1807.2000068289992,1821.7515102561672,1836.4201818170154,1851.2069649447558,1866.112810669078,1881.1386776773347,1896.285532376183,1911.5543489537563,1926.9461094423048,1942.4618037813711,1958.1024298814455,1973.8689936881608,1989.7625092469793,2005.7839987684179,2021.9344926937952,2038.215029761504,2054.626657073813,2071.1704301642176,2087.8474130653335,2104.6586783773164,2121.605307336866,2138.6883898867477,2155.9090247459117,2173.268319480143,2190.767390573309,2208.407363499154,2226.1893727937027,2244.1145621282076,2262.184084382728,2280.399101720259,2298.7607856614945,2317.2703171601615,2335.9288866789793,2354.7376942662327,2373.6979496329395,2392.810872230673,2412.077691329971,2431.4996460994216,2451.0779856853383,2470.813969292122,2490.7088662632277,2510.763956162824,2530.9805288580706,2551.359884602096,2571.9033341176064,2592.612198681206,2613.487810208354,2634.5315113390543,2655.7446555241822,2677.1286071125573,2698.6847414386757,2720.4144449111714,2742.319115101994,2764.4001608362782,2786.6590022829737,2809.097071046162,2831.715810257159,2854.5166746673017,2877.5011307415425,2900.67065675274,2924.0267428767575,2947.570891288285,2971.304616257478,2995.22944424732,3019.346914011829,3043.658576695001,3068.1659959305807,3092.870747942638,3117.7744216469364,3142.87861875312,3168.1849538677375,3193.695054598094,3219.410561656912,3245.333128967883,3271.4644237720117,3297.806126734876,3324.3599320546946,3351.1275475713155,3378.1106948760344,3405.3111094223436,3432.7305406375262,3460.3707520352004,3488.23352132871,3516.320640545493,3544.6339161423107,3573.1751691214417,3601.9462351478164,3630.9489646670518,3660.1852230244945,3689.6568905851636,3719.3658628547196,3749.3140506013438,3779.5033799786634,3809.935792649603,3840.6132459112973,3871.5377128209448,3902.7111823227383,3934.135659375755,3965.8131650829396,3997.7457368210635,4029.9354283717907,4062.3843100537392,4095.0944688556665,4128.068008570669,4161.3070499315045,4194.813730746993,4228.590206039511,4262.638648183577,4296.961247045588,4331.560210124669,4366.437762694626,4401.596147947099,4437.037627135803,4472.764479721992,4508.779003521039,4545.083514850253,4581.680348677821,4618.571858773019,4655.7604178575675,4693.248417758249,4731.038269560753,4769.132403764733,4807.533270440121,4846.243339384716,4885.265100283049,4924.601062866471,4964.253757074609,5004.22573321805,5044.519562142395,5085.137835393579,5126.08316538458,5167.3581855634,5208.965550582488,5250.907936469426,5293.188040799074,5335.808582867062,5378.772303864684,5422.081967055189,5465.740357951513,5509.7502844954415,5554.1145772382,5598.836089522486,5643.917697666003,5689.362301146471,5735.17282278806,5781.352208949439,5827.903429713208,5874.829479076986,5922.133375145914,5969.818160326825,6017.886901523867,6066.342690335802,6115.188643254807,6164.427901866934,6214.06363305417,6264.099029198114,6314.537308385285,6365.381714614103,6416.635518003553,6468.302015003491,6520.384528606639,6572.88640856233,6625.811031591967,6679.16180160615,6732.942149923667,6787.155535492116,6841.805445110439,6896.895393653112,6952.428924296275,7008.409608745552,7064.841047465831,7121.726869912778,7179.070734766296,7236.876330165845,7295.147373947643,7353.887613883764,7413.100827923194,7472.790824434837,7532.961442452409,7593.616551921397,7654.7600539479145,7716.395881049652,7778.527997408752,7841.160399126823,7904.2971144818985,7967.94220418758,8032.099761654146,8096.773913251861,8161.968818576374,8227.688670716232,8293.937696522553,8360.720156880894,8428.04034698531,8495.90259661459,8564.311270410717,8633.270768159597,8702.785525074065,8772.860012079082,8843.498736099358,8914.706240349144,8986.487104624512,9058.845945597834,9131.787417114787,9205.31621049359,9279.437054826807,9354.154717285446,9429.47400342559,9505.399757497484,9581.936862757088,9659.090241780126,9736.864856778713,9815.265709920519,9894.297843650465,9973.966341015032,10054.276325989182,10135.232963805956,10216.841461288606,10299.107067185563,10382.035072507933,10465.630810869876,10549.89965883156,10634.84703624505,10720.478406602804,10806.799277389146,10893.815200434417,10981.531772272076,11069.954634498676,11159.08947413668,11248.94202400021,11339.518063063782,11430.823416834026,11522.863957724268,11615.64560543233,11709.174327321158,11803.456138802712,11898.49710372478,11994.303334761045,12090.880993804161,12188.23629236214,12286.375491957784,12385.304904531427,12485.030892846919,12585.55987090084,12686.898304334996,12789.052710852275,12892.029660635888,12995.8357767719,13100.477735675182,13205.962267518828,13312.296156667053,13419.486242111492,13527.539417911097,13636.462633635434,13746.262894811807,13856.947263375758,13968.522858125163,14080.996855178266,14194.376488435144,14308.66905004285,14423.881890864615] 0.31126199007860056 [Infinity,Infinity,Infinity,Infinity,Infinity,Infinity,Infinity,Infinity,Infinity,Infinity,Infinity,Infinity,Infinity,Infinity,Infinity,Infinity,Infinity,Infinity,Infinity,Infinity,Infinity,Infinity,Infinity,Infinity,Infinity,Infinity,Infinity,Infinity,Infinity,Infinity,Infinity,Infinity,Infinity,Infinity,Infinity,Infinity,Infinity,Infinity,Infinity,Infinity,Infinity,Infinity,Infinity,Infinity,Infinity,Infinity,Infinity,Infinity,Infinity,Infinity,Infinity,Infinity,Infinity,Infinity,Infinity,Infinity,Infinity,Infinity,Infinity,Infinity,Infinity,Infinity,Infinity,Infinity,Infinity,Infinity,Infinity,Infinity,Infinity,Infinity,Infinity,Infinity,Infinity,Infinity,Infinity,Infinity,Infinity,Infinity,Infinity,Infinity,Infinity,Infinity,Infinity,Infinity,Infinity,Infinity,Infinity,Infinity,Infinity,Infinity,Infinity,Infinity,Infinity,Infinity,Infinity,Infinity,Infinity,Infinity,Infinity,Infinity,Infinity,Infinity,Infinity,Infinity,Infinity,Infinity,Infinity,Infinity,Infinity,Infinity,Infinity,Infinity,Infinity,Infinity,Infinity,Infinity,Infinity,Infinity,Infinity,Infinity,Infinity,Infinity,Infinity,Infinity,Infinity,Infinity,Infinity,Infinity,Infinity,Infinity,Infinity,Infinity,Infinity,Infinity,Infinity,Infinity,Infinity,Infinity,Infinity,Infinity,Infinity,Infinity,Infinity,Infinity,Infinity,Infinity,Infinity,Infinity,Infinity,Infinity,Infinity,Infinity,Infinity,Infinity,Infinity,Infinity,Infinity,Infinity,Infinity,Infinity,Infinity,Infinity,Infinity,Infinity,Infinity,Infinity,Infinity,Infinity,Infinity,Infinity,Infinity,Infinity,Infinity,Infinity,Infinity,Infinity,Infinity,Infinity,Infinity,Infinity,Infinity,Infinity,Infinity,Infinity,Infinity,Infinity,Infinity,Infinity,Infinity,Infinity,Infinity,Infinity,Infinity,Infinity,Infinity,Infinity,Infinity,Infinity,Infinity,Infinity,Infinity,Infinity,Infinity,Infinity,Infinity,Infinity,Infinity,Infinity,Infinity,Infinity,Infinity,Infinity,Infinity,Infinity,Infinity,Infinity,Infinity,Infinity,Infinity,Infinity,Infinity,Infinity,Infinity,Infinity,Infinity,Infinity,Infinity,Infinity,Infinity,Infinity,Infinity,Infinity,Infinity,Infinity,Infinity,Infinity,Infinity,Infinity,Infinity,Infinity,Infinity,Infinity,Infinity,Infinity,Infinity,Infinity,Infinity,Infinity,Infinity,Infinity,Infinity,Infinity,Infinity,Infinity,Infinity,Infinity,Infinity,Infinity,Infinity,Infinity,Infinity,Infinity,Infinity,Infinity,Infinity,Infinity,Infinity,Infinity,Infinity,Infinity,Infinity,Infinity,Infinity,Infinity,Infinity,Infinity,Infinity,Infinity,Infinity,Infinity,Infinity,Infinity,Infinity,Infinity,Infinity,Infinity,Infinity,Infinity,Infinity,Infinity,Infinity,Infinity,Infinity,Infinity,Infinity,Infinity,Infinity,Infinity,Infinity,Infinity] [0.0,0.0,0.0,0.0,0.0,0.0,0.0,0.0,0.0,0.0,0.0,0.0,0.0,0.0,0.0,0.0,0.0,0.0,0.0,0.0,0.0,0.0,0.0,0.0,0.0,0.0,0.0,0.0,0.0,0.0,0.0,0.0,0.0,0.0,0.0,0.0,0.0,0.0,0.0,0.0,0.0,0.0,0.0,0.0,0.0,0.0,0.0,0.0,0.0,0.0,0.0,0.0,0.0,0.0,0.0,0.0,0.0,0.0,0.0,0.0,0.0,0.0,0.0,0.0,0.0,0.0,0.0,0.0,0.0,0.0,0.0,0.0,0.0,0.0,0.0,0.0,0.0,0.0,0.0,0.0,0.0,0.0,0.0,0.0,0.0,0.0,0.0,0.0,0.0,0.0,0.0,0.0,0.0,0.0,0.0,0.0,0.0,0.0,0.0,0.0,0.0,0.0,0.0,0.0,0.0,0.0,0.0,0.0,0.0,0.0,0.0,0.0,0.0,0.0,0.0,0.0,0.0,0.0,0.0,0.0,0.0,0.0,0.0,0.0,0.0,0.0,0.0,0.0,0.0,0.0,0.0,0.0,0.0,0.0,0.0,0.0,0.0,0.0,0.0,0.0,0.0,0.0,0.0,0.0,0.0,0.0,0.0,0.0,0.0,0.0,0.0,0.0,0.0,0.0,0.0,0.0,0.0,0.0,0.0,0.0,0.0,0.0,0.0,0.0,0.0,0.0,0.0,0.0,0.0,0.0,0.0,0.0,0.0,0.0,0.0,0.0,0.0,0.0,0.0,0.0,0.0,0.0,0.0,0.0,0.0,0.0,0.0,0.0,0.0,0.0,0.0,0.0,0.0,0.0,0.0,0.0,0.0,0.0,0.0,0.0,0.0,0.0,0.0,0.0,0.0,0.0,0.0,0.0,0.0,0.0,0.0,0.0,0.0,0.0,0.0,0.0,0.0,0.0,0.0,0.0,0.0,0.0,0.0,0.0,0.0,0.0,0.0,0.0,0.0,0.0,0.0,0.0,0.0,0.0,0.0,0.0,0.0,0.0,0.0,0.0,0.0,0.0,0.0,0.0,0.0,0.0,0.0,0.0,0.0,0.0,0.0,0.0,0.0,0.0,0.0,0.0,0.0,0.0,0.0,0.0,0.0,0.0,0.0,0.0,0.0,0.0,0.0,0.0,0.0,0.0,0.0,0.0,0.0,0.0,0.0,0.0,0.0,0.0,0.0,0.0,0.0,0.0,0.0,0.0,0.0,0.0,0.0,0.0,0.0,0.0,0.0,0.0,0.0,0.0,0.0,0.0,0.0,0.0,0.0,0.0]
56140.11192312041 [0.0,0.0,0.0,0.0,0.0,0.0,0.0,0.0,0.0,0.0,0.0,0.0,0.0,0.0,0.0,0.0,0.0,0.0,0.0,0.0,0.0,0.0,0.0,0.0,0.0,0.0,0.0,0.0,0.0,0.0,0.0,0.0,0.0,0.0,0.0,0.0,0.0,0.0,0.0,0.0,0.0,0.0,0.0,0.0,0.0,0.0,0.0,0.0,0.0,0.0,0.0,0.0,0.0,0.0,0.0,0.0,0.0,0.0,0.0,0.0,0.0,0.0,0.0,0.0,0.0,0.0,0.0,0.0,0.0,0.0,0.0,0.0,0.0,0.0,0.0,0.0,0.0,0.0,0.0,0.0,0.0,0.0,0.0,0.0,0.0,0.0,0.0,0.0,0.0,0.0,0.0,0.0,0.0,0.0,0.0,0.0,0.0,0.0,0.0,0.0,0.0,0.0,0.0,0.0,0.0,0.0,0.0,0.0,0.0,0.0,0.0,0.0,0.0,0.0,0.0,0.0,0.0,0.0,0.0,0.0,0.0,0.0,0.0,0.0,0.0,0.0,0.0,0.0,0.0,0.0,0.0,0.0,0.0,0.0,0.0,0.0,0.0,0.0,0.0,0.0,0.0,0.0,0.0,0.0,0.0,0.0,0.0,0.0,0.0,0.0,0.0,0.0,0.0,0.0,0.0,0.0,0.0,0.0,0.0,0.0,0.0,0.0,0.0,0.0,0.0,0.0,0.0,0.0,0.0,0.0,0.0,0.0,0.0,0.0,0.0,0.0,0.0,0.0,0.0,0.0,0.0,0.0,0.0,0.0,0.0,0.0,0.0,0.0,0.0,0.0,0.0,0.0,0.0,0.0,0.0,0.0,0.0,0.0,0.0,0.0,0.0,0.0,0.0,0.0,0.0,0.0,0.0,0.0,0.0,0.0,0.0,0.0,0.0,0.0,0.0,0.0,0.0,0.0,0.0,0.0,0.0,0.0,0.0,0.0,0.0,0.0,0.0,0.0,0.0,0.0,0.0,0.0,0.0,0.0,0.0,0.0,0.0,0.0,0.0,0.0,0.0,0.0,0.0,0.0,0.0,0.0,0.0,0.0,0.0,0.0,0.0,0.0,0.0,0.0,0.0,0.0,0.0,0.0,0.0,0.0,0.0,0.0,0.0,0.0,0.0,0.0,0.0,0.0,0.0,0.0,0.0,0.0,0.0,0.0,0.0,0.0,0.0,0.0,0.0,0.0,0.0,0.0,0.0,0.0,0.0,0.0,0.0,0.0,0.0,0.0,0.0,0.0,0.0,0.0,0.0,0.0,0.0,0.0,0.0,0.0] [1311.2619900786005,1321.8202200865917,1332.463464547639,1343.19240799478,1354.0077404728797,1364.9101575830227,1375.9003605272408,1386.9790561536227,1398.1469570017646,1409.4047813486081,1420.7532532546286,1432.193102610412,1443.7250651835902,1455.3498826661717,1467.068302722235,1478.881079036026,1490.78897136042,1502.7927455657994,1514.8931736892998,1527.0910339844697,1539.3871109713293,1551.7821954868166,1564.2770847356642,1576.872582341659,1589.569498399342,1602.368649526097,1615.270858914685,1628.2769563861766,1641.3877784433362,1654.6041683244075,1667.9269760573632,1681.3570585145608,1694.895279467867,1708.5425096441993,1722.2996267815402,1736.1675156853773,1750.1470682856248,1764.2391836939755,1778.4447682617345,1792.7647356381167,1807.2000068289992,1821.7515102561672,1836.4201818170154,1851.2069649447558,1866.112810669078,1881.1386776773347,1896.285532376183,1911.5543489537563,1926.9461094423048,1942.4618037813711,1958.1024298814455,1973.8689936881608,1989.7625092469793,2005.7839987684179,2021.9344926937952,2038.215029761504,2054.626657073813,2071.1704301642176,2087.8474130653335,2104.6586783773164,2121.605307336866,2138.6883898867477,2155.9090247459117,2173.268319480143,2190.767390573309,2208.407363499154,2226.1893727937027,2244.1145621282076,2262.184084382728,2280.399101720259,2298.7607856614945,2317.2703171601615,2335.9288866789793,2354.7376942662327,2373.6979496329395,2392.810872230673,2412.077691329971,2431.4996460994216,2451.0779856853383,2470.813969292122,2490.7088662632277,2510.763956162824,2530.9805288580706,2551.359884602096,2571.9033341176064,2592.612198681206,2613.487810208354,2634.5315113390543,2655.7446555241822,2677.1286071125573,2698.6847414386757,2720.4144449111714,2742.319115101994,2764.4001608362782,2786.6590022829737,2809.097071046162,2831.715810257159,2854.5166746673017,2877.5011307415425,2900.67065675274,2924.0267428767575,2947.570891288285,2971.304616257478,2995.22944424732,3019.346914011829,3043.658576695001,3068.1659959305807,3092.870747942638,3117.7744216469364,3142.87861875312,3168.1849538677375,3193.695054598094,3219.410561656912,3245.333128967883,3271.4644237720117,3297.806126734876,3324.3599320546946,3351.1275475713155,3378.1106948760344,3405.3111094223436,3432.7305406375262,3460.3707520352004,3488.23352132871,3516.320640545493,3544.6339161423107,3573.1751691214417,3601.9462351478164,3630.9489646670518,3660.1852230244945,3689.6568905851636,3719.3658628547196,3749.3140506013438,3779.5033799786634,3809.935792649603,3840.6132459112973,3871.5377128209448,3902.7111823227383,3934.135659375755,3965.8131650829396,3997.7457368210635,4029.9354283717907,4062.3843100537392,4095.0944688556665,4128.068008570669,4161.3070499315045,4194.813730746993,4228.590206039511,4262.638648183577,4296.961247045588,4331.560210124669,4366.437762694626,4401.596147947099,4437.037627135803,4472.764479721992,4508.779003521039,4545.083514850253,4581.680348677821,4618.571858773019,4655.7604178575675,4693.248417758249,4731.038269560753,4769.132403764733,4807.533270440121,4846.243339384716,4885.265100283049,4924.601062866471,4964.253757074609,5004.22573321805,5044.519562142395,5085.137835393579,5126.08316538458,5167.3581855634,5208.965550582488,5250.907936469426,5293.188040799074,5335.808582867062,5378.772303864684,5422.081967055189,5465.740357951513,5509.7502844954415,5554.1145772382,5598.836089522486,5643.917697666003,5689.362301146471,5735.17282278806,5781.352208949439,5827.903429713208,5874.829479076986,5922.133375145914,5969.818160326825,6017.886901523867,6066.342690335802,6115.188643254807,6164.427901866934,6214.06363305417,6264.099029198114,6314.537308385285,6365.381714614103,6416.635518003553,6468.302015003491,6520.384528606639,6572.88640856233,6625.811031591967,6679.16180160615,6732.942149923667,6787.155535492116,6841.805445110439,6896.895393653112,6952.428924296275,7008.409608745552,7064.841047465831,7121.726869912778,7179.070734766296,7236.876330165845,7295.147373947643,7353.887613883764,7413.100827923194,7472.790824434837,7532.961442452409,7593.616551921397,7654.7600539479145,7716.395881049652,7778.527997408752,7841.160399126823,7904.2971144818985,7967.94220418758,8032.099761654146,8096.773913251861,8161.968818576374,8227.688670716232,8293.937696522553,8360.720156880894,8428.04034698531,8495.90259661459,8564.311270410717,8633.270768159597,8702.785525074065,8772.860012079082,8843.498736099358,8914.706240349144,8986.487104624512,9058.845945597834,9131.787417114787,9205.31621049359,9279.437054826807,9354.154717285446,9429.47400342559,9505.399757497484,9581.936862757088,9659.090241780126,9736.864856778713,9815.265709920519,9894.297843650465,9973.966341015032,10054.276325989182,10135.232963805956,10216.841461288606,10299.107067185563,10382.035072507933,10465.630810869876,10549.89965883156,10634.84703624505,10720.478406602804,10806.799277389146,10893.815200434417,10981.531772272076,11069.954634498676,11159.08947413668,11248.94202400021,11339.518063063782,11430.823416834026,11522.863957724268,11615.64560543233,11709.174327321158,11803.456138802712,11898.49710372478,11994.303334761045,12090.880993804161,12188.23629236214,12286.375491957784,12385.304904531427,12485.030892846919,12585.55987090084,12686.898304334996,12789.052710852275,12892.029660635888,12995.8357767719,13100.477735675182,13205.962267518828,13312.296156667053,13419.486242111492,13527.539417911097,13636.462633635434,13746.262894811807,13856.947263375758,13968.522858125163,14080.996855178266,14194.376488435144,14308.66905004285,14423.881890864615] 0.31126199007860056 [Infinity,Infinity,Infinity,Infinity,Infinity,Infinity,Infinity,Infinity,Infinity,Infinity,Infinity,Infinity,Infinity,Infinity,Infinity,Infinity,Infinity,Infinity,Infinity,Infinity,Infinity,Infinity,Infinity,Infinity,Infinity,Infinity,Infinity,Infinity,Infinity,Infinity,Infinity,Infinity,Infinity,Infinity,Infinity,Infinity,Infinity,Infinity,Infinity,Infinity,Infinity,Infinity,Infinity,Infinity,Infinity,Infinity,Infinity,Infinity,Infinity,Infinity,Infinity,Infinity,Infinity,Infinity,Infinity,Infinity,Infinity,Infinity,Infinity,Infinity,Infinity,Infinity,Infinity,Infinity,Infinity,Infinity,Infinity,Infinity,Infinity,Infinity,Infinity,Infinity,Infinity,Infinity,Infinity,Infinity,Infinity,Infinity,Infinity,Infinity,Infinity,Infinity,Infinity,Infinity,Infinity,Infinity,Infinity,Infinity,Infinity,Infinity,Infinity,Infinity,Infinity,Infinity,Infinity,Infinity,Infinity,Infinity,Infinity,Infinity,Infinity,Infinity,Infinity,Infinity,Infinity,Infinity,Infinity,Infinity,Infinity,Infinity,Infinity,Infinity,Infinity,Infinity,Infinity,Infinity,Infinity,Infinity,Infinity,Infinity,Infinity,Infinity,Infinity,Infinity,Infinity,Infinity,Infinity,Infinity,Infinity,Infinity,Infinity,Infinity,Infinity,Infinity,Infinity,Infinity,Infinity,Infinity,Infinity,Infinity,Infinity,Infinity,Infinity,Infinity,Infinity,Infinity,Infinity,Infinity,Infinity,Infinity,Infinity,Infinity,Infinity,Infinity,Infinity,Infinity,Infinity,Infinity,Infinity,Infinity,Infinity,Infinity,Infinity,Infinity,Infinity,Infinity,Infinity,Infinity,Infinity,Infinity,Infinity,Infinity,Infinity,Infinity,Infinity,Infinity,Infinity,Infinity,Infinity,Infinity,Infinity,Infinity,Infinity,Infinity,Infinity,Infinity,Infinity,Infinity,Infinity,Infinity,Infinity,Infinity,Infinity,Infinity,Infinity,Infinity,Infinity,Infinity,Infinity,Infinity,Infinity,Infinity,Infinity,Infinity,Infinity,Infinity,Infinity,Infinity,Infinity,Infinity,Infinity,Infinity,Infinity,Infinity,Infinity,Infinity,Infinity,Infinity,Infinity,Infinity,Infinity,Infinity,Infinity,Infinity,Infinity,Infinity,Infinity,Infinity,Infinity,Infinity,Infinity,Infinity,Infinity,Infinity,Infinity,Infinity,Infinity,Infinity,Infinity,Infinity,Infinity,Infinity,Infinity,Infinity,Infinity,Infinity,Infinity,Infinity,Infinity,Infinity,Infinity,Infinity,Infinity,Infinity,Infinity,Infinity,Infinity,Infinity,Infinity,Infinity,Infinity,Infinity,Infinity,Infinity,Infinity,Infinity,Infinity,Infinity,Infinity,Infinity,Infinity,Infinity,Infinity,Infinity,Infinity,Infinity,Infinity,Infinity,Infinity,Infinity,Infinity,Infinity,Infinity,Infinity,Infinity,Infinity,Infinity,Infinity,Infinity,Infinity,Infinity,Infinity,Infinity,Infinity,Infinity,Infinity,Infinity,Infinity,Infinity,Infinity] [0.0,0.0,0.0,0.0,0.0,0.0,0.0,0.0,0.0,0.0,0.0,0.0,0.0,0.0,0.0,0.0,0.0,0.0,0.0,0.0,0.0,0.0,0.0,0.0,0.0,0.0,0.0,0.0,0.0,0.0,0.0,0.0,0.0,0.0,0.0,0.0,0.0,0.0,0.0,0.0,0.0,0.0,0.0,0.0,0.0,0.0,0.0,0.0,0.0,0.0,0.0,0.0,0.0,0.0,0.0,0.0,0.0,0.0,0.0,0.0,0.0,0.0,0.0,0.0,0.0,0.0,0.0,0.0,0.0,0.0,0.0,0.0,0.0,0.0,0.0,0.0,0.0,0.0,0.0,0.0,0.0,0.0,0.0,0.0,0.0,0.0,0.0,0.0,0.0,0.0,0.0,0.0,0.0,0.0,0.0,0.0,0.0,0.0,0.0,0.0,0.0,0.0,0.0,0.0,0.0,0.0,0.0,0.0,0.0,0.0,0.0,0.0,0.0,0.0,0.0,0.0,0.0,0.0,0.0,0.0,0.0,0.0,0.0,0.0,0.0,0.0,0.0,0.0,0.0,0.0,0.0,0.0,0.0,0.0,0.0,0.0,0.0,0.0,0.0,0.0,0.0,0.0,0.0,0.0,0.0,0.0,0.0,0.0,0.0,0.0,0.0,0.0,0.0,0.0,0.0,0.0,0.0,0.0,0.0,0.0,0.0,0.0,0.0,0.0,0.0,0.0,0.0,0.0,0.0,0.0,0.0,0.0,0.0,0.0,0.0,0.0,0.0,0.0,0.0,0.0,0.0,0.0,0.0,0.0,0.0,0.0,0.0,0.0,0.0,0.0,0.0,0.0,0.0,0.0,0.0,0.0,0.0,0.0,0.0,0.0,0.0,0.0,0.0,0.0,0.0,0.0,0.0,0.0,0.0,0.0,0.0,0.0,0.0,0.0,0.0,0.0,0.0,0.0,0.0,0.0,0.0,0.0,0.0,0.0,0.0,0.0,0.0,0.0,0.0,0.0,0.0,0.0,0.0,0.0,0.0,0.0,0.0,0.0,0.0,0.0,0.0,0.0,0.0,0.0,0.0,0.0,0.0,0.0,0.0,0.0,0.0,0.0,0.0,0.0,0.0,0.0,0.0,0.0,0.0,0.0,0.0,0.0,0.0,0.0,0.0,0.0,0.0,0.0,0.0,0.0,0.0,0.0,0.0,0.0,0.0,0.0,0.0,0.0,0.0,0.0,0.0,0.0,0.0,0.0,0.0,0.0,0.0,0.0,0.0,0.0,0.0,0.0,0.0,0.0,0.0,0.0,0.0,0.0,0.0,0.0]
56303.92833971398 [0.0,0.0,0.0,0.0,0.0,0.0,0.0,0.0,0.0,0.0,0.0,0.0,0.0,0.0,0.0,0.0,0.0,0.0,0.0,0.0,0.0,0.0,0.0,0.0,0.0,0.0,0.0,0.0,0.0,0.0,0.0,0.0,0.0,0.0,0.0,0.0,0.0,0.0,0.0,0.0,0.0,0.0,0.0,0.0,0.0,0.0,0.0,0.0,0.0,0.0,0.0,0.0,0.0,0.0,0.0,0.0,0.0,0.0,0.0,0.0,0.0,0.0,0.0,0.0,0.0,0.0,0.0,0.0,0.0,0.0,0.0,0.0,0.0,0.0,0.0,0.0,0.0,0.0,0.0,0.0,0.0,0.0,0.0,0.0,0.0,0.0,0.0,0.0,0.0,0.0,0.0,0.0,0.0,0.0,0.0,0.0,0.0,0.0,0.0,0.0,0.0,0.0,0.0,0.0,0.0,0.0,0.0,0.0,0.0,0.0,0.0,0.0,0.0,0.0,0.0,0.0,0.0,0.0,0.0,0.0,0.0,0.0,0.0,0.0,0.0,0.0,0.0,0.0,0.0,0.0,0.0,0.0,0.0,0.0,0.0,0.0,0.0,0.0,0.0,0.0,0.9201022983809707,0.468132134067422,0.6836828610275995,1.5926491478807676,2.9603947160583184,3.867268967070805,4.465136399742476,4.510358140152075,2.3534300925091833,0.7538409425541126,0.7738682871557652,3.0720002392573025,5.750122885345568,8.097842346905106,9.253461836293761,14.07457278571894,16.308338233972712,20.406645177798147,17.515420611636017,14.759650318102933,15.059745496157262,19.833821908221296,35.75938197317915,49.305898431070965,62.34344792375617,54.44263297095056,26.506304199335737,14.305900757523307,19.999089621160557,39.11336289562209,59.80220472077788,69.87023103227318,53.220575447348935,27.743789469085286,18.746759023264055,22.26897961355377,32.198605233200055,33.39317181738918,37.97142160669771,38.978151089949186,39.50379374989529,34.97896054008793,36.17152095227449,40.32848264220553,42.45730941683104,34.060113554586806,36.12107423151076,42.81575017500321,54.46959807865286,59.08402848201413,71.36763609627819,79.67846604246805,71.17679894527014,53.418256901498125,43.05217339611385,48.39854187574076,46.77477491377208,40.937130978066826,24.72871545293727,38.42577656698911,66.2345088916164,65.89756513405256,43.24053775273247,33.44722403505355,46.94077168833149,47.99642671363315,54.963615292713484,61.38978439172726,86.93038128072806,83.30239293690312,66.62592835505657,92.30806524633655,120.99566218496498,95.17359521742348,56.02286100867296,62.909621116098805,63.55413335695475,68.84861948665338,93.2262111737358,95.63135482567836,100.93293721285224,89.12240213129222,81.41984217802893,63.065439099727755,49.784858995211636,50.66752426408531,45.103475938414284,59.47596845803459,65.03356451869824,52.31069382513671,44.364930177816056,59.76694302367639,63.50885296803955,75.64986522111434,87.36659104692652,69.25466525994598,50.928128016376206,40.842223987574165,40.141846050485114,23.045895984369505,36.207218392282165,29.8557271683913,21.253917010549575,27.960916399432776,28.948118374734,33.41575367135946,42.045061448146974,46.03214262932065,43.606190985910025,44.35490027243436,51.72088679350492,41.907597854818114,42.202003895111176,44.42428426627317,50.22266362502799,53.058705720921935,49.71935653682129,33.263024456942226,34.11361660419402,24.515437145999023,33.06844191370939,20.729913244038144,10.096576856327193,5.71086886477015,9.826701159310458,14.249753614564892,22.912335181507867,44.51902510902809,37.37664544109198,40.22893428583594,50.31601745114447,44.92725828423658,39.586587377893196,32.879064764597665,24.87381174009659,32.98190343093431,23.942963037035238,37.96942860975172,37.34672407410108,37.50413667060207,31.440715362825493,32.528610749920816,24.351918802016083,18.47003732039184,19.305178622446203,34.411033413258984,34.399507156510644,35.77835771339611,27.809415193655777,28.16155759566941,25.498798172662568,23.461154928641132,27.506864571949887,26.175501194378686,24.08082306011173,24.581021767274088,25.88038319688989,31.00043841861778,26.686396429350847,26.419587016493075] [1311.2619900786005,1321.8202200865917,1332.463464547639,1343.19240799478,1354.0077404728797,1364.9101575830227,1375.9003605272408,1386.9790561536227,1398.1469570017646,1409.4047813486081,1420.7532532546286,1432.193102610412,1443.7250651835902,1455.3498826661717,1467.068302722235,1478.881079036026,1490.78897136042,1502.7927455657994,1514.8931736892998,1527.0910339844697,1539.3871109713293,1551.7821954868166,1564.2770847356642,1576.872582341659,1589.569498399342,1602.368649526097,1615.270858914685,1628.2769563861766,1641.3877784433362,1654.6041683244075,1667.9269760573632,1681.3570585145608,1694.895279467867,1708.5425096441993,1722.2996267815402,1736.1675156853773,1750.1470682856248,1764.2391836939755,1778.4447682617345,1792.7647356381167,1807.2000068289992,1821.7515102561672,1836.4201818170154,1851.2069649447558,1866.112810669078,1881.1386776773347,1896.285532376183,1911.5543489537563,1926.9461094423048,1942.4618037813711,1958.1024298814455,1973.8689936881608,1989.7625092469793,2005.7839987684179,2021.9344926937952,2038.215029761504,2054.626657073813,2071.1704301642176,2087.8474130653335,2104.6586783773164,2121.605307336866,2138.6883898867477,2155.9090247459117,2173.268319480143,2190.767390573309,2208.407363499154,2226.1893727937027,2244.1145621282076,2262.184084382728,2280.399101720259,2298.7607856614945,2317.2703171601615,2335.9288866789793,2354.7376942662327,2373.6979496329395,2392.810872230673,2412.077691329971,2431.4996460994216,2451.0779856853383,2470.813969292122,2490.7088662632277,2510.763956162824,2530.9805288580706,2551.359884602096,2571.9033341176064,2592.612198681206,2613.487810208354,2634.5315113390543,2655.7446555241822,2677.1286071125573,2698.6847414386757,2720.4144449111714,2742.319115101994,2764.4001608362782,2786.6590022829737,2809.097071046162,2831.715810257159,2854.5166746673017,2877.5011307415425,2900.67065675274,2924.0267428767575,2947.570891288285,2971.304616257478,2995.22944424732,3019.346914011829,3043.658576695001,3068.1659959305807,3092.870747942638,3117.7744216469364,3142.87861875312,3168.1849538677375,3193.695054598094,3219.410561656912,3245.333128967883,3271.4644237720117,3297.806126734876,3324.3599320546946,3351.1275475713155,3378.1106948760344,3405.3111094223436,3432.7305406375262,3460.3707520352004,3488.23352132871,3516.320640545493,3544.6339161423107,3573.1751691214417,3601.9462351478164,3630.9489646670518,3660.1852230244945,3689.6568905851636,3719.3658628547196,3749.3140506013438,3779.5033799786634,3809.935792649603,3840.6132459112973,3871.5377128209448,3902.7111823227383,3934.135659375755,3965.8131650829396,3997.7457368210635,4029.9354283717907,4062.3843100537392,4095.0944688556665,4128.068008570669,4161.3070499315045,4194.813730746993,4228.590206039511,4262.638648183577,4296.961247045588,4331.560210124669,4366.437762694626,4401.596147947099,4437.037627135803,4472.764479721992,4508.779003521039,4545.083514850253,4581.680348677821,4618.571858773019,4655.7604178575675,4693.248417758249,4731.038269560753,4769.132403764733,4807.533270440121,4846.243339384716,4885.265100283049,4924.601062866471,4964.253757074609,5004.22573321805,5044.519562142395,5085.137835393579,5126.08316538458,5167.3581855634,5208.965550582488,5250.907936469426,5293.188040799074,5335.808582867062,5378.772303864684,5422.081967055189,5465.740357951513,5509.7502844954415,5554.1145772382,5598.836089522486,5643.917697666003,5689.362301146471,5735.17282278806,5781.352208949439,5827.903429713208,5874.829479076986,5922.133375145914,5969.818160326825,6017.886901523867,6066.342690335802,6115.188643254807,6164.427901866934,6214.06363305417,6264.099029198114,6314.537308385285,6365.381714614103,6416.635518003553,6468.302015003491,6520.384528606639,6572.88640856233,6625.811031591967,6679.16180160615,6732.942149923667,6787.155535492116,6841.805445110439,6896.895393653112,6952.428924296275,7008.409608745552,7064.841047465831,7121.726869912778,7179.070734766296,7236.876330165845,7295.147373947643,7353.887613883764,7413.100827923194,7472.790824434837,7532.961442452409,7593.616551921397,7654.7600539479145,7716.395881049652,7778.527997408752,7841.160399126823,7904.2971144818985,7967.94220418758,8032.099761654146,8096.773913251861,8161.968818576374,8227.688670716232,8293.937696522553,8360.720156880894,8428.04034698531,8495.90259661459,8564.311270410717,8633.270768159597,8702.785525074065,8772.860012079082,8843.498736099358,8914.706240349144,8986.487104624512,9058.845945597834,9131.787417114787,9205.31621049359,9279.437054826807,9354.154717285446,9429.47400342559,9505.399757497484,9581.936862757088,9659.090241780126,9736.864856778713,9815.265709920519,9894.297843650465,9973.966341015032,10054.276325989182,10135.232963805956,10216.841461288606,10299.107067185563,10382.035072507933,10465.630810869876,10549.89965883156,10634.84703624505,10720.478406602804,10806.799277389146,10893.815200434417,10981.531772272076,11069.954634498676,11159.08947413668,11248.94202400021,11339.518063063782,11430.823416834026,11522.863957724268,11615.64560543233,11709.174327321158,11803.456138802712,11898.49710372478,11994.303334761045,12090.880993804161,12188.23629236214,12286.375491957784,12385.304904531427,12485.030892846919,12585.55987090084,12686.898304334996,12789.052710852275,12892.029660635888,12995.8357767719,13100.477735675182,13205.962267518828,13312.296156667053,13419.486242111492,13527.539417911097,13636.462633635434,13746.262894811807,13856.947263375758,13968.522858125163,14080.996855178266,14194.376488435144,14308.66905004285,14423.881890864615] 0.31126199007860056 [Infinity,Infinity,Infinity,Infinity,Infinity,Infinity,Infinity,Infinity,Infinity,Infinity,Infinity,Infinity,Infinity,Infinity,Infinity,Infinity,Infinity,Infinity,Infinity,Infinity,Infinity,Infinity,Infinity,Infinity,Infinity,Infinity,Infinity,Infinity,Infinity,Infinity,Infinity,Infinity,Infinity,Infinity,Infinity,Infinity,Infinity,Infinity,Infinity,Infinity,Infinity,Infinity,Infinity,Infinity,Infinity,Infinity,Infinity,Infinity,Infinity,Infinity,Infinity,Infinity,Infinity,Infinity,Infinity,Infinity,Infinity,Infinity,Infinity,Infinity,Infinity,Infinity,Infinity,Infinity,Infinity,Infinity,Infinity,Infinity,Infinity,Infinity,Infinity,Infinity,Infinity,Infinity,Infinity,Infinity,Infinity,Infinity,Infinity,Infinity,Infinity,Infinity,Infinity,Infinity,Infinity,Infinity,Infinity,Infinity,Infinity,Infinity,Infinity,Infinity,Infinity,Infinity,Infinity,Infinity,Infinity,Infinity,Infinity,Infinity,Infinity,Infinity,Infinity,Infinity,Infinity,Infinity,Infinity,Infinity,Infinity,Infinity,Infinity,Infinity,Infinity,Infinity,Infinity,Infinity,Infinity,Infinity,Infinity,Infinity,Infinity,Infinity,Infinity,Infinity,Infinity,Infinity,Infinity,Infinity,Infinity,Infinity,Infinity,Infinity,Infinity,Infinity,Infinity,Infinity,Infinity,Infinity,Infinity,Infinity,0.04642900147384553,0.02333376436463431,0.03469679743366475,0.08464491858771303,0.15111433441408165,0.20945453047019819,0.23648938439555364,0.20983900569051403,0.12246384785359492,0.03793636559696255,0.04085521444475368,0.15487279172515342,0.30414514653467284,0.4125653474718244,0.49989489584446717,0.6381997095388446,0.8360187629458797,0.9670463303538173,0.9077789095829883,0.7613354521069691,0.757541470801796,1.0512156405639792,1.6654655817515718,2.5129351731756104,3.0401355842185684,2.584978250868766,1.4482613855741504,0.7181005521428501,0.9948687092291193,1.9477698051759098,3.061771428516745,3.5560826348236034,2.769294319545166,1.4430655215426744,0.8614154820365526,1.1212375659758118,1.5023342726837636,1.7129880842642116,1.9094647478041167,2.094700681466504,2.0486579879444387,1.7918862464164096,1.7484646882362118,2.0151063916918157,2.056463623283615,1.7348181823045408,1.7143410727919246,2.2429695169418804,2.774158991497461,3.1114877941530534,3.616449801832018,4.077013433791673,3.6856412456835974,2.7230298713839733,2.24903310339048,2.3034932371166734,2.372453694556038,1.9790123250091303,1.2071992638165205,1.6698928392350894,3.335377474243105,3.4105902653023983,2.135328484516646,1.8953668490887274,2.2694270764415565,2.342957100138148,2.6402565427679714,3.3922217506097043,4.215089374071381,4.2009231669900995,3.465542239672854,4.6449227749344795,6.211821707378965,4.614331167058057,3.0068320737191185,3.1868885512024567,3.3450040965162153,3.5467846873556583,4.192010924211043,4.920293090199487,5.055705275979187,4.41692590676989,3.710900019419346,3.0615047500840396,2.5093494347379943,2.2981471490486673,2.3948029225277185,2.7833625296232833,3.2251777123965133,2.698748560888355,2.2941561945213005,2.8919587086906953,3.2205199951311902,3.9194564612741885,4.348497688454289,3.5020675177631353,2.49978553185498,2.28358772880089,1.9002831345111495,1.1646936011511502,1.7531560590837754,1.4594330274001508,1.1308370276000426,1.3780096556893187,1.445350461915494,1.6709672147256716,2.1794774896860702,2.3014485003636276,2.13139924482517,2.273958793081918,2.5534082326826972,2.304107266417366,2.032141951948792,2.130282329344289,2.5045440769406717,2.777143703773598,2.2814848181898806,1.6161571496814258,1.6547370977163751,1.2917594214754269,1.596843977119892,1.0197653892233964,0.5016978837304205,0.2692887469553432,0.46547744927719403,0.7061025132274303,1.157248724641293,2.0250733887866983,1.8986377210675136,1.994964019015396,2.5223652152658262,2.1649796291526515,1.863079785683039,1.6944417843486135,1.3555081762011592,1.7279416952994733,1.2848377814162988,1.8144350646009133,1.7579974247159682,1.70476932473736,1.6934746118534896,1.746419493252113,1.2226032986996604,0.8759713533721584,1.0900924894095534,1.6305322454302087,1.8155082220971512,1.7841648651168214,1.4151636501423919,1.3805357842669734,1.2174190907186664,1.1579441928306538,1.436897678373802,1.4079552447820296,1.2173845387074682,1.211588430663504,1.3072698653357195,1.5189812695559606,1.351616967072035,1.2147548211131165] [0.0,0.0,0.0,0.0,0.0,0.0,0.0,0.0,0.0,0.0,0.0,0.0,0.0,0.0,0.0,0.0,0.0,0.0,0.0,0.0,0.0,0.0,0.0,0.0,0.0,0.0,0.0,0.0,0.0,0.0,0.0,0.0,0.0,0.0,0.0,0.0,0.0,0.0,0.0,0.0,0.0,0.0,0.0,0.0,0.0,0.0,0.0,0.0,0.0,0.0,0.0,0.0,0.0,0.0,0.0,0.0,0.0,0.0,0.0,0.0,0.0,0.0,0.0,0.0,0.0,0.0,0.0,0.0,0.0,0.0,0.0,0.0,0.0,0.0,0.0,0.0,0.0,0.0,0.0,0.0,0.0,0.0,0.0,0.0,0.0,0.0,0.0,0.0,0.0,0.0,0.0,0.0,0.0,0.0,0.0,0.0,0.0,0.0,0.0,0.0,0.0,0.0,0.0,0.0,0.0,0.0,0.0,0.0,0.0,0.0,0.0,0.0,0.0,0.0,0.0,0.0,0.0,0.0,0.0,0.0,0.0,0.0,0.0,0.0,0.0,0.0,0.0,0.0,0.0,0.0,0.0,0.0,0.0,0.0,0.0,0.0,0.0,0.0,0.0,0.0,-0.008477731095939942,0.0014568467747357809,-0.010253087645695498,-0.10024922387349296,-0.06189197222331455,-0.32182164233315896,-0.26465128816859745,0.3135780263417938,-0.09584686456271525,-0.004886369385138364,-0.043236001739308375,-0.02545559524576597,-0.33278004534788885,-0.1534646025313823,-0.7444360805955815,1.310578594942047,-0.41203702494488476,1.065718570721804,-0.6401575800237504,-0.4670587240364483,-0.0910839198786587,-1.1904909030582869,2.4500703381477185,-0.9528050324412423,1.540736239384808,2.7430679535752365,-2.45892351214727,-0.05611028533369529,0.1017154365781697,0.15796679210388936,-1.4332238495570166,-1.2514216641988904,-2.165310943554379,-1.1175209617682031,1.5184493825330037,-0.1557717059624656,2.151919779524782,-0.8665898678950533,-0.21787334938462236,-2.915862539380895,-1.4693660089934824,-0.8587643882402615,1.2022271875502586,0.026354808369211148,1.3280369511587349,-0.6362500915040137,1.8342527756722655,-2.0436401638343957,-1.0135817512963667,-3.145727401046934,-0.9613599403621714,-1.8618026333654198,-2.536025968401822,-1.042340526181338,-1.9284886716957446,2.328677133407293,-0.6742989773486872,1.35688447788422,0.584730176606856,5.027919782287323,-0.4730405932456923,-2.3142401719954058,0.5339680623995607,-4.460112946720996,1.552230159500353,1.1372847108701825,2.1584844373540557,-6.45465062046682,2.6285937993004382,-0.7160704028988655,-2.684916438400501,-0.5903902523530267,-3.2407719626143034,2.886971876262335,-4.113780465709412,-0.8281499079503343,-3.345948573369551,-2.0870742604597856,9.385992689514948,-2.7745069783113836,-0.18116830673149004,0.7838839958944142,7.201841789642005,1.835344098046967,-0.4021296995482529,4.7045812831119616,-2.792582512140085,3.8087178655689318,0.5300102707679801,-1.6642773926303893,-1.5181937126099532,1.9277688498624903,-0.9015469345842612,-2.7392640043694296,0.39663727784073205,-0.7866850953167335,0.9324173792766006,-4.829530588443638,2.1361833602621245,-0.24797603865349752,1.144097210606659,0.6670666203882831,-1.3628235414512768,0.40072328564640475,0.041109136424122276,-0.003590623153966833,-1.544488345574427,0.0031726220481074273,0.9782060894066287,-1.124275589203995,0.652722139850972,-4.1745474735292065,1.5591648561353295,1.8186376793873869,0.13178208621455492,-2.4841683545500257,4.089660173023677,0.9398814633137078,1.0188746498665198,-1.3197512835095133,1.1315623713115561,0.3346054595702167,0.06261918171878428,0.3250939256632859,0.5171521737665771,0.12770335001628527,-0.23263931131799115,4.017557333294127,-0.596108980258296,0.32965390552802126,-0.13128685417205202,1.6276657011835522,2.3249916642324147,-1.0097709223746059,-2.236351783926595,-1.576930475055156,-1.7537925912907368,1.6807273177334565,2.1867755797817168,3.4087501758548724,-2.428776874244298,-2.3997791151214494,-0.10014717197712351,0.9506102529486715,-2.496671165744864,1.8003885046548105,-1.9106572854323771,0.09506041105968466,-0.49385780919206046,0.5508419103299435,1.1504163582892417,0.30227107202805864,-1.2310889955261515,-1.9836037012619065,-0.2668677140376345,0.3492531540040064,-0.2650141098244988,0.6208130274985687,-0.3459429120898534,2.1244905942307466]
56114.80728417911 [0.0,0.0,0.0,0.0,0.0,0.0,0.0,0.0,0.0,0.0,0.0,0.0,0.0,0.0,0.0,0.0,0.0,0.0,0.0,0.0,0.0,0.0,0.0,0.0,0.0,0.0,0.0,0.0,0.0,0.0,0.0,0.0,0.0,0.0,0.0,0.0,0.0,0.0,0.0,0.0,0.0,0.0,0.0,0.0,0.0,0.0,0.0,0.0,0.0,0.0,0.0,0.0,0.0,0.0,0.0,0.0,0.0,0.0,0.0,0.0,0.0,0.0,0.0,0.0,0.0,0.0,0.0,0.0,0.0,0.0,0.0,0.0,0.0,0.0,0.0,0.0,0.0,0.0,0.0,0.0,0.0,0.0,0.0,0.0,0.0,0.0,0.0,0.0,0.0,0.0,0.0,0.0,0.0,0.0,0.0,0.0,0.0,0.0,0.0,0.0,0.0,0.0,0.0,0.0,0.0,0.0,0.0,0.0,0.0,0.0,0.0,0.0,0.0,0.0,0.0,0.0,0.0,0.0,0.0,0.0,0.0,0.0,0.0,0.0,0.0,0.0,0.0,0.0,0.0,0.0,0.0,0.0,0.0,0.0,0.0,0.0,0.0,0.0,0.0,0.0,0.0,0.0,0.0,0.0,0.0,0.0,0.0,0.0,0.0,0.0,0.0,0.0,0.0,0.0,0.0,0.0,0.0,0.0,0.0,0.0,0.0,0.0,0.0,0.0,0.0,0.0,0.0,0.0,0.0,0.0,0.0,0.0,0.0,0.0,0.0,0.0,0.0,0.0,0.0,0.0,0.0,0.0,0.0,0.0,0.0,0.0,0.0,0.0,0.0,0.0,0.0,0.0,0.0,0.0,0.0,0.0,0.0,0.0,0.0,0.0,0.0,0.0,0.0,0.0,0.0,0.0,0.0,0.0,0.0,0.0,0.0,0.0,0.0,0.0,0.0,0.0,0.0,0.0,0.0,0.0,0.0,0.0,0.0,0.0,0.0,0.0,0.0,0.0,0.0,0.0,0.0,0.0,0.0,0.0,0.0,0.0,0.0,0.0,0.0,0.0,0.0,0.0,0.0,0.0,0.0,0.0,0.0,0.0,0.0,0.0,0.0,0.0,0.0,0.0,0.0,0.0,0.0,0.0,0.0,0.0,0.0,0.0,0.0,0.0,0.0,0.0,0.0,0.0,0.0,0.0,0.0,0.0,0.0,0.0,0.0,0.0,0.0,0.0,0.0,0.0,0.0,0.0,0.0,0.0,0.0,0.0,0.0,0.0,0.0,0.0,0.0,0.0,0.0,0.0,0.0,0.0,0.0,0.0,0.0,0.0] [1311.2619900786005,1321.8202200865917,1332.463464547639,1343.19240799478,1354.0077404728797,1364.9101575830227,1375.9003605272408,1386.9790561536227,1398.1469570017646,1409.4047813486081,1420.7532532546286,1432.193102610412,1443.7250651835902,1455.3498826661717,1467.068302722235,1478.881079036026,1490.78897136042,1502.7927455657994,1514.8931736892998,1527.0910339844697,1539.3871109713293,1551.7821954868166,1564.2770847356642,1576.872582341659,1589.569498399342,1602.368649526097,1615.270858914685,1628.2769563861766,1641.3877784433362,1654.6041683244075,1667.9269760573632,1681.3570585145608,1694.895279467867,1708.5425096441993,1722.2996267815402,1736.1675156853773,1750.1470682856248,1764.2391836939755,1778.4447682617345,1792.7647356381167,1807.2000068289992,1821.7515102561672,1836.4201818170154,1851.2069649447558,1866.112810669078,1881.1386776773347,1896.285532376183,1911.5543489537563,1926.9461094423048,1942.4618037813711,1958.1024298814455,1973.8689936881608,1989.7625092469793,2005.7839987684179,2021.9344926937952,2038.215029761504,2054.626657073813,2071.1704301642176,2087.8474130653335,2104.6586783773164,2121.605307336866,2138.6883898867477,2155.9090247459117,2173.268319480143,2190.767390573309,2208.407363499154,2226.1893727937027,2244.1145621282076,2262.184084382728,2280.399101720259,2298.7607856614945,2317.2703171601615,2335.9288866789793,2354.7376942662327,2373.6979496329395,2392.810872230673,2412.077691329971,2431.4996460994216,2451.0779856853383,2470.813969292122,2490.7088662632277,2510.763956162824,2530.9805288580706,2551.359884602096,2571.9033341176064,2592.612198681206,2613.487810208354,2634.5315113390543,2655.7446555241822,2677.1286071125573,2698.6847414386757,2720.4144449111714,2742.319115101994,2764.4001608362782,2786.6590022829737,2809.097071046162,2831.715810257159,2854.5166746673017,2877.5011307415425,2900.67065675274,2924.0267428767575,2947.570891288285,2971.304616257478,2995.22944424732,3019.346914011829,3043.658576695001,3068.1659959305807,3092.870747942638,3117.7744216469364,3142.87861875312,3168.1849538677375,3193.695054598094,3219.410561656912,3245.333128967883,3271.4644237720117,3297.806126734876,3324.3599320546946,3351.1275475713155,3378.1106948760344,3405.3111094223436,3432.7305406375262,3460.3707520352004,3488.23352132871,3516.320640545493,3544.6339161423107,3573.1751691214417,3601.9462351478164,3630.9489646670518,3660.1852230244945,3689.6568905851636,3719.3658628547196,3749.3140506013438,3779.5033799786634,3809.935792649603,3840.6132459112973,3871.5377128209448,3902.7111823227383,3934.135659375755,3965.8131650829396,3997.7457368210635,4029.9354283717907,4062.3843100537392,4095.0944688556665,4128.068008570669,4161.3070499315045,4194.813730746993,4228.590206039511,4262.638648183577,4296.961247045588,4331.560210124669,4366.437762694626,4401.596147947099,4437.037627135803,4472.764479721992,4508.779003521039,4545.083514850253,4581.680348677821,4618.571858773019,4655.7604178575675,4693.248417758249,4731.038269560753,4769.132403764733,4807.533270440121,4846.243339384716,4885.265100283049,4924.601062866471,4964.253757074609,5004.22573321805,5044.519562142395,5085.137835393579,5126.08316538458,5167.3581855634,5208.965550582488,5250.907936469426,5293.188040799074,5335.808582867062,5378.772303864684,5422.081967055189,5465.740357951513,5509.7502844954415,5554.1145772382,5598.836089522486,5643.917697666003,5689.362301146471,5735.17282278806,5781.352208949439,5827.903429713208,5874.829479076986,5922.133375145914,5969.818160326825,6017.886901523867,6066.342690335802,6115.188643254807,6164.427901866934,6214.06363305417,6264.099029198114,6314.537308385285,6365.381714614103,6416.635518003553,6468.302015003491,6520.384528606639,6572.88640856233,6625.811031591967,6679.16180160615,6732.942149923667,6787.155535492116,6841.805445110439,6896.895393653112,6952.428924296275,7008.409608745552,7064.841047465831,7121.726869912778,7179.070734766296,7236.876330165845,7295.147373947643,7353.887613883764,7413.100827923194,7472.790824434837,7532.961442452409,7593.616551921397,7654.7600539479145,7716.395881049652,7778.527997408752,7841.160399126823,7904.2971144818985,7967.94220418758,8032.099761654146,8096.773913251861,8161.968818576374,8227.688670716232,8293.937696522553,8360.720156880894,8428.04034698531,8495.90259661459,8564.311270410717,8633.270768159597,8702.785525074065,8772.860012079082,8843.498736099358,8914.706240349144,8986.487104624512,9058.845945597834,9131.787417114787,9205.31621049359,9279.437054826807,9354.154717285446,9429.47400342559,9505.399757497484,9581.936862757088,9659.090241780126,9736.864856778713,9815.265709920519,9894.297843650465,9973.966341015032,10054.276325989182,10135.232963805956,10216.841461288606,10299.107067185563,10382.035072507933,10465.630810869876,10549.89965883156,10634.84703624505,10720.478406602804,10806.799277389146,10893.815200434417,10981.531772272076,11069.954634498676,11159.08947413668,11248.94202400021,11339.518063063782,11430.823416834026,11522.863957724268,11615.64560543233,11709.174327321158,11803.456138802712,11898.49710372478,11994.303334761045,12090.880993804161,12188.23629236214,12286.375491957784,12385.304904531427,12485.030892846919,12585.55987090084,12686.898304334996,12789.052710852275,12892.029660635888,12995.8357767719,13100.477735675182,13205.962267518828,13312.296156667053,13419.486242111492,13527.539417911097,13636.462633635434,13746.262894811807,13856.947263375758,13968.522858125163,14080.996855178266,14194.376488435144,14308.66905004285,14423.881890864615] 0.31126199007860056 [Infinity,Infinity,Infinity,Infinity,Infinity,Infinity,Infinity,Infinity,Infinity,Infinity,Infinity,Infinity,Infinity,Infinity,Infinity,Infinity,Infinity,Infinity,Infinity,Infinity,Infinity,Infinity,Infinity,Infinity,Infinity,Infinity,Infinity,Infinity,Infinity,Infinity,Infinity,Infinity,Infinity,Infinity,Infinity,Infinity,Infinity,Infinity,Infinity,Infinity,Infinity,Infinity,Infinity,Infinity,Infinity,Infinity,Infinity,Infinity,Infinity,Infinity,Infinity,Infinity,Infinity,Infinity,Infinity,Infinity,Infinity,Infinity,Infinity,Infinity,Infinity,Infinity,Infinity,Infinity,Infinity,Infinity,Infinity,Infinity,Infinity,Infinity,Infinity,Infinity,Infinity,Infinity,Infinity,Infinity,Infinity,Infinity,Infinity,Infinity,Infinity,Infinity,Infinity,Infinity,Infinity,Infinity,Infinity,Infinity,Infinity,Infinity,Infinity,Infinity,Infinity,Infinity,Infinity,Infinity,Infinity,Infinity,Infinity,Infinity,Infinity,Infinity,Infinity,Infinity,Infinity,Infinity,Infinity,Infinity,Infinity,Infinity,Infinity,Infinity,Infinity,Infinity,Infinity,Infinity,Infinity,Infinity,Infinity,Infinity,Infinity,Infinity,Infinity,Infinity,Infinity,Infinity,Infinity,Infinity,Infinity,Infinity,Infinity,Infinity,Infinity,Infinity,Infinity,Infinity,Infinity,Infinity,Infinity,Infinity,Infinity,Infinity,Infinity,Infinity,Infinity,Infinity,Infinity,Infinity,Infinity,Infinity,Infinity,Infinity,Infinity,Infinity,Infinity,Infinity,Infinity,Infinity,Infinity,Infinity,Infinity,Infinity,Infinity,Infinity,Infinity,Infinity,Infinity,Infinity,Infinity,Infinity,Infinity,Infinity,Infinity,Infinity,Infinity,Infinity,Infinity,Infinity,Infinity,Infinity,Infinity,Infinity,Infinity,Infinity,Infinity,Infinity,Infinity,Infinity,Infinity,Infinity,Infinity,Infinity,Infinity,Infinity,Infinity,Infinity,Infinity,Infinity,Infinity,Infinity,Infinity,Infinity,Infinity,Infinity,Infinity,Infinity,Infinity,Infinity,Infinity,Infinity,Infinity,Infinity,Infinity,Infinity,Infinity,Infinity,Infinity,Infinity,Infinity,Infinity,Infinity,Infinity,Infinity,Infinity,Infinity,Infinity,Infinity,Infinity,Infinity,Infinity,Infinity,Infinity,Infinity,Infinity,Infinity,Infinity,Infinity,Infinity,Infinity,Infinity,Infinity,Infinity,Infinity,Infinity,Infinity,Infinity,Infinity,Infinity,Infinity,Infinity,Infinity,Infinity,Infinity,Infinity,Infinity,Infinity,Infinity,Infinity,Infinity,Infinity,Infinity,Infinity,Infinity,Infinity,Infinity,Infinity,Infinity,Infinity,Infinity,Infinity,Infinity,Infinity,Infinity,Infinity,Infinity,Infinity,Infinity,Infinity,Infinity,Infinity,Infinity,Infinity,Infinity,Infinity,Infinity,Infinity,Infinity,Infinity,Infinity,Infinity,Infinity,Infinity,Infinity,Infinity,Infinity,Infinity,Infinity,Infinity,Infinity,Infinity] [0.0,0.0,0.0,0.0,0.0,0.0,0.0,0.0,0.0,0.0,0.0,0.0,0.0,0.0,0.0,0.0,0.0,0.0,0.0,0.0,0.0,0.0,0.0,0.0,0.0,0.0,0.0,0.0,0.0,0.0,0.0,0.0,0.0,0.0,0.0,0.0,0.0,0.0,0.0,0.0,0.0,0.0,0.0,0.0,0.0,0.0,0.0,0.0,0.0,0.0,0.0,0.0,0.0,0.0,0.0,0.0,0.0,0.0,0.0,0.0,0.0,0.0,0.0,0.0,0.0,0.0,0.0,0.0,0.0,0.0,0.0,0.0,0.0,0.0,0.0,0.0,0.0,0.0,0.0,0.0,0.0,0.0,0.0,0.0,0.0,0.0,0.0,0.0,0.0,0.0,0.0,0.0,0.0,0.0,0.0,0.0,0.0,0.0,0.0,0.0,0.0,0.0,0.0,0.0,0.0,0.0,0.0,0.0,0.0,0.0,0.0,0.0,0.0,0.0,0.0,0.0,0.0,0.0,0.0,0.0,0.0,0.0,0.0,0.0,0.0,0.0,0.0,0.0,0.0,0.0,0.0,0.0,0.0,0.0,0.0,0.0,0.0,0.0,0.0,0.0,0.0,0.0,0.0,0.0,0.0,0.0,0.0,0.0,0.0,0.0,0.0,0.0,0.0,0.0,0.0,0.0,0.0,0.0,0.0,0.0,0.0,0.0,0.0,0.0,0.0,0.0,0.0,0.0,0.0,0.0,0.0,0.0,0.0,0.0,0.0,0.0,0.0,0.0,0.0,0.0,0.0,0.0,0.0,0.0,0.0,0.0,0.0,0.0,0.0,0.0,0.0,0.0,0.0,0.0,0.0,0.0,0.0,0.0,0.0,0.0,0.0,0.0,0.0,0.0,0.0,0.0,0.0,0.0,0.0,0.0,0.0,0.0,0.0,0.0,0.0,0.0,0.0,0.0,0.0,0.0,0.0,0.0,0.0,0.0,0.0,0.0,0.0,0.0,0.0,0.0,0.0,0.0,0.0,0.0,0.0,0.0,0.0,0.0,0.0,0.0,0.0,0.0,0.0,0.0,0.0,0.0,0.0,0.0,0.0,0.0,0.0,0.0,0.0,0.0,0.0,0.0,0.0,0.0,0.0,0.0,0.0,0.0,0.0,0.0,0.0,0.0,0.0,0.0,0.0,0.0,0.0,0.0,0.0,0.0,0.0,0.0,0.0,0.0,0.0,0.0,0.0,0.0,0.0,0.0,0.0,0.0,0.0,0.0,0.0,0.0,0.0,0.0,0.0,0.0,0.0,0.0,0.0,0.0,0.0,0.0]
56314.67623390607 [0.0,0.0,0.0,0.0,0.0,0.0,0.0,0.0,0.0,0.0,0.0,0.0,0.0,0.0,0.0,0.0,0.0,0.0,0.0,0.0,0.0,0.0,0.0,0.0,0.0,0.0,0.0,0.0,0.0,0.0,0.0,0.0,0.0,0.0,0.0,0.0,0.0,0.0,0.0,0.0,0.0,0.0,0.0,0.0,0.0,0.0,0.0,0.0,0.0,0.0,0.0,0.0,0.0,0.0,0.0,0.0,0.0,0.0,0.0,0.0,0.0,0.0,0.0,0.0,0.0,0.0,0.0,0.0,0.0,0.0,0.0,0.0,0.0,0.0,0.0,0.0,0.0,0.0,0.0,0.0,0.0,0.0,0.0,0.0,0.0,0.0,0.0,0.0,0.0,0.0,0.0,0.0,0.0,0.0,0.0,0.0,0.0,0.0,0.0,0.0,0.0,0.0,0.0,0.0,0.0,0.0,0.0,0.0,0.0,0.0,0.0,0.0,0.0,0.0,0.0,0.0,0.0,0.0,0.0,0.0,0.0,0.0,0.0,0.0,0.0,0.0,0.0,0.0,0.0,0.0,0.0,0.0,0.0,0.0,0.0,0.0,0.0,0.0,0.0,0.0,0.0,0.0,0.0,0.0,0.0,0.0,0.0,0.0,0.0,0.0,0.0,0.0,0.0,0.0,0.0,0.0,0.0,0.0,0.0,0.0,0.0,0.0,0.0,0.0,0.0,0.0,0.0,0.0,0.0,0.0,0.0,0.0,0.0,0.0,0.0,0.0,0.0,0.0,0.0,0.0,0.0,0.0,0.0,0.0,0.0,0.0,0.0,0.0,0.0,0.0,0.0,0.0,0.0,0.0,0.0,0.0,0.0,0.0,0.0,0.0,0.0,0.0,0.0,0.0,0.0,0.0,0.0,0.0,0.0,0.0,0.0,0.0,0.0,0.0,0.0,0.0,0.0,0.0,0.0,0.0,0.0,0.0,0.0,0.0,0.0,0.0,0.0,0.0,0.0,0.0,0.0,0.0,0.0,0.0,0.0,0.0,0.0,0.0,0.0,0.0,0.0,0.0,0.0,0.0,0.0,0.0,0.0,0.0,0.0,0.0,0.0,0.0,0.0,0.0,0.0,0.0,0.0,0.0,0.0,0.0,0.0,0.0,0.0,0.0,0.0,0.0,0.0,0.0,0.0,0.0,0.0,0.0,0.0,0.0,0.0,0.0,0.0,0.0,0.0,0.0,0.0,0.0,0.0,0.0,0.0,0.0,0.0,0.0,0.0,0.0,0.0,0.0,0.0,0.0,0.0,0.0,0.0,0.0,0.0,0.0] [1311.2619900786005,1321.8202200865917,1332.463464547639,1343.19240799478,1354.0077404728797,1364.9101575830227,1375.9003605272408,1386.9790561536227,1398.1469570017646,1409.4047813486081,1420.7532532546286,1432.193102610412,1443.7250651835902,1455.3498826661717,1467.068302722235,1478.881079036026,1490.78897136042,1502.7927455657994,1514.8931736892998,1527.0910339844697,1539.3871109713293,1551.7821954868166,1564.2770847356642,1576.872582341659,1589.569498399342,1602.368649526097,1615.270858914685,1628.2769563861766,1641.3877784433362,1654.6041683244075,1667.9269760573632,1681.3570585145608,1694.895279467867,1708.5425096441993,1722.2996267815402,1736.1675156853773,1750.1470682856248,1764.2391836939755,1778.4447682617345,1792.7647356381167,1807.2000068289992,1821.7515102561672,1836.4201818170154,1851.2069649447558,1866.112810669078,1881.1386776773347,1896.285532376183,1911.5543489537563,1926.9461094423048,1942.4618037813711,1958.1024298814455,1973.8689936881608,1989.7625092469793,2005.7839987684179,2021.9344926937952,2038.215029761504,2054.626657073813,2071.1704301642176,2087.8474130653335,2104.6586783773164,2121.605307336866,2138.6883898867477,2155.9090247459117,2173.268319480143,2190.767390573309,2208.407363499154,2226.1893727937027,2244.1145621282076,2262.184084382728,2280.399101720259,2298.7607856614945,2317.2703171601615,2335.9288866789793,2354.7376942662327,2373.6979496329395,2392.810872230673,2412.077691329971,2431.4996460994216,2451.0779856853383,2470.813969292122,2490.7088662632277,2510.763956162824,2530.9805288580706,2551.359884602096,2571.9033341176064,2592.612198681206,2613.487810208354,2634.5315113390543,2655.7446555241822,2677.1286071125573,2698.6847414386757,2720.4144449111714,2742.319115101994,2764.4001608362782,2786.6590022829737,2809.097071046162,2831.715810257159,2854.5166746673017,2877.5011307415425,2900.67065675274,2924.0267428767575,2947.570891288285,2971.304616257478,2995.22944424732,3019.346914011829,3043.658576695001,3068.1659959305807,3092.870747942638,3117.7744216469364,3142.87861875312,3168.1849538677375,3193.695054598094,3219.410561656912,3245.333128967883,3271.4644237720117,3297.806126734876,3324.3599320546946,3351.1275475713155,3378.1106948760344,3405.3111094223436,3432.7305406375262,3460.3707520352004,3488.23352132871,3516.320640545493,3544.6339161423107,3573.1751691214417,3601.9462351478164,3630.9489646670518,3660.1852230244945,3689.6568905851636,3719.3658628547196,3749.3140506013438,3779.5033799786634,3809.935792649603,3840.6132459112973,3871.5377128209448,3902.7111823227383,3934.135659375755,3965.8131650829396,3997.7457368210635,4029.9354283717907,4062.3843100537392,4095.0944688556665,4128.068008570669,4161.3070499315045,4194.813730746993,4228.590206039511,4262.638648183577,4296.961247045588,4331.560210124669,4366.437762694626,4401.596147947099,4437.037627135803,4472.764479721992,4508.779003521039,4545.083514850253,4581.680348677821,4618.571858773019,4655.7604178575675,4693.248417758249,4731.038269560753,4769.132403764733,4807.533270440121,4846.243339384716,4885.265100283049,4924.601062866471,4964.253757074609,5004.22573321805,5044.519562142395,5085.137835393579,5126.08316538458,5167.3581855634,5208.965550582488,5250.907936469426,5293.188040799074,5335.808582867062,5378.772303864684,5422.081967055189,5465.740357951513,5509.7502844954415,5554.1145772382,5598.836089522486,5643.917697666003,5689.362301146471,5735.17282278806,5781.352208949439,5827.903429713208,5874.829479076986,5922.133375145914,5969.818160326825,6017.886901523867,6066.342690335802,6115.188643254807,6164.427901866934,6214.06363305417,6264.099029198114,6314.537308385285,6365.381714614103,6416.635518003553,6468.302015003491,6520.384528606639,6572.88640856233,6625.811031591967,6679.16180160615,6732.942149923667,6787.155535492116,6841.805445110439,6896.895393653112,6952.428924296275,7008.409608745552,7064.841047465831,7121.726869912778,7179.070734766296,7236.876330165845,7295.147373947643,7353.887613883764,7413.100827923194,7472.790824434837,7532.961442452409,7593.616551921397,7654.7600539479145,7716.395881049652,7778.527997408752,7841.160399126823,7904.2971144818985,7967.94220418758,8032.099761654146,8096.773913251861,8161.968818576374,8227.688670716232,8293.937696522553,8360.720156880894,8428.04034698531,8495.90259661459,8564.311270410717,8633.270768159597,8702.785525074065,8772.860012079082,8843.498736099358,8914.706240349144,8986.487104624512,9058.845945597834,9131.787417114787,9205.31621049359,9279.437054826807,9354.154717285446,9429.47400342559,9505.399757497484,9581.936862757088,9659.090241780126,9736.864856778713,9815.265709920519,9894.297843650465,9973.966341015032,10054.276325989182,10135.232963805956,10216.841461288606,10299.107067185563,10382.035072507933,10465.630810869876,10549.89965883156,10634.84703624505,10720.478406602804,10806.799277389146,10893.815200434417,10981.531772272076,11069.954634498676,11159.08947413668,11248.94202400021,11339.518063063782,11430.823416834026,11522.863957724268,11615.64560543233,11709.174327321158,11803.456138802712,11898.49710372478,11994.303334761045,12090.880993804161,12188.23629236214,12286.375491957784,12385.304904531427,12485.030892846919,12585.55987090084,12686.898304334996,12789.052710852275,12892.029660635888,12995.8357767719,13100.477735675182,13205.962267518828,13312.296156667053,13419.486242111492,13527.539417911097,13636.462633635434,13746.262894811807,13856.947263375758,13968.522858125163,14080.996855178266,14194.376488435144,14308.66905004285,14423.881890864615] 0.31126199007860056 [Infinity,Infinity,Infinity,Infinity,Infinity,Infinity,Infinity,Infinity,Infinity,Infinity,Infinity,Infinity,Infinity,Infinity,Infinity,Infinity,Infinity,Infinity,Infinity,Infinity,Infinity,Infinity,Infinity,Infinity,Infinity,Infinity,Infinity,Infinity,Infinity,Infinity,Infinity,Infinity,Infinity,Infinity,Infinity,Infinity,Infinity,Infinity,Infinity,Infinity,Infinity,Infinity,Infinity,Infinity,Infinity,Infinity,Infinity,Infinity,Infinity,Infinity,Infinity,Infinity,Infinity,Infinity,Infinity,Infinity,Infinity,Infinity,Infinity,Infinity,Infinity,Infinity,Infinity,Infinity,Infinity,Infinity,Infinity,Infinity,Infinity,Infinity,Infinity,Infinity,Infinity,Infinity,Infinity,Infinity,Infinity,Infinity,Infinity,Infinity,Infinity,Infinity,Infinity,Infinity,Infinity,Infinity,Infinity,Infinity,Infinity,Infinity,Infinity,Infinity,Infinity,Infinity,Infinity,Infinity,Infinity,Infinity,Infinity,Infinity,Infinity,Infinity,Infinity,Infinity,Infinity,Infinity,Infinity,Infinity,Infinity,Infinity,Infinity,Infinity,Infinity,Infinity,Infinity,Infinity,Infinity,Infinity,Infinity,Infinity,Infinity,Infinity,Infinity,Infinity,Infinity,Infinity,Infinity,Infinity,Infinity,Infinity,Infinity,Infinity,Infinity,Infinity,Infinity,Infinity,Infinity,Infinity,Infinity,Infinity,Infinity,Infinity,Infinity,Infinity,Infinity,Infinity,Infinity,Infinity,Infinity,Infinity,Infinity,Infinity,Infinity,Infinity,Infinity,Infinity,Infinity,Infinity,Infinity,Infinity,Infinity,Infinity,Infinity,Infinity,Infinity,Infinity,Infinity,Infinity,Infinity,Infinity,Infinity,Infinity,Infinity,Infinity,Infinity,Infinity,Infinity,Infinity,Infinity,Infinity,Infinity,Infinity,Infinity,Infinity,Infinity,Infinity,Infinity,Infinity,Infinity,Infinity,Infinity,Infinity,Infinity,Infinity,Infinity,Infinity,Infinity,Infinity,Infinity,Infinity,Infinity,Infinity,Infinity,Infinity,Infinity,Infinity,Infinity,Infinity,Infinity,Infinity,Infinity,Infinity,Infinity,Infinity,Infinity,Infinity,Infinity,Infinity,Infinity,Infinity,Infinity,Infinity,Infinity,Infinity,Infinity,Infinity,Infinity,Infinity,Infinity,Infinity,Infinity,Infinity,Infinity,Infinity,Infinity,Infinity,Infinity,Infinity,Infinity,Infinity,Infinity,Infinity,Infinity,Infinity,Infinity,Infinity,Infinity,Infinity,Infinity,Infinity,Infinity,Infinity,Infinity,Infinity,Infinity,Infinity,Infinity,Infinity,Infinity,Infinity,Infinity,Infinity,Infinity,Infinity,Infinity,Infinity,Infinity,Infinity,Infinity,Infinity,Infinity,Infinity,Infinity,Infinity,Infinity,Infinity,Infinity,Infinity,Infinity,Infinity,Infinity,Infinity,Infinity,Infinity,Infinity,Infinity,Infinity,Infinity,Infinity,Infinity,Infinity,Infinity,Infinity,Infinity,Infinity,Infinity,Infinity,Infinity,Infinity,Infinity] [0.0,0.0,0.0,0.0,0.0,0.0,0.0,0.0,0.0,0.0,0.0,0.0,0.0,0.0,0.0,0.0,0.0,0.0,0.0,0.0,0.0,0.0,0.0,0.0,0.0,0.0,0.0,0.0,0.0,0.0,0.0,0.0,0.0,0.0,0.0,0.0,0.0,0.0,0.0,0.0,0.0,0.0,0.0,0.0,0.0,0.0,0.0,0.0,0.0,0.0,0.0,0.0,0.0,0.0,0.0,0.0,0.0,0.0,0.0,0.0,0.0,0.0,0.0,0.0,0.0,0.0,0.0,0.0,0.0,0.0,0.0,0.0,0.0,0.0,0.0,0.0,0.0,0.0,0.0,0.0,0.0,0.0,0.0,0.0,0.0,0.0,0.0,0.0,0.0,0.0,0.0,0.0,0.0,0.0,0.0,0.0,0.0,0.0,0.0,0.0,0.0,0.0,0.0,0.0,0.0,0.0,0.0,0.0,0.0,0.0,0.0,0.0,0.0,0.0,0.0,0.0,0.0,0.0,0.0,0.0,0.0,0.0,0.0,0.0,0.0,0.0,0.0,0.0,0.0,0.0,0.0,0.0,0.0,0.0,0.0,0.0,0.0,0.0,0.0,0.0,0.0,0.0,0.0,0.0,0.0,0.0,0.0,0.0,0.0,0.0,0.0,0.0,0.0,0.0,0.0,0.0,0.0,0.0,0.0,0.0,0.0,0.0,0.0,0.0,0.0,0.0,0.0,0.0,0.0,0.0,0.0,0.0,0.0,0.0,0.0,0.0,0.0,0.0,0.0,0.0,0.0,0.0,0.0,0.0,0.0,0.0,0.0,0.0,0.0,0.0,0.0,0.0,0.0,0.0,0.0,0.0,0.0,0.0,0.0,0.0,0.0,0.0,0.0,0.0,0.0,0.0,0.0,0.0,0.0,0.0,0.0,0.0,0.0,0.0,0.0,0.0,0.0,0.0,0.0,0.0,0.0,0.0,0.0,0.0,0.0,0.0,0.0,0.0,0.0,0.0,0.0,0.0,0.0,0.0,0.0,0.0,0.0,0.0,0.0,0.0,0.0,0.0,0.0,0.0,0.0,0.0,0.0,0.0,0.0,0.0,0.0,0.0,0.0,0.0,0.0,0.0,0.0,0.0,0.0,0.0,0.0,0.0,0.0,0.0,0.0,0.0,0.0,0.0,0.0,0.0,0.0,0.0,0.0,0.0,0.0,0.0,0.0,0.0,0.0,0.0,0.0,0.0,0.0,0.0,0.0,0.0,0.0,0.0,0.0,0.0,0.0,0.0,0.0,0.0,0.0,0.0,0.0,0.0,0.0,0.0]
56086.88685117545 [0.0,0.0,0.0,0.0,0.0,0.0,0.0,0.0,0.0,0.0,0.0,0.0,0.0,0.0,0.0,0.0,0.0,0.0,0.0,0.0,0.0,0.0,0.0,0.0,0.0,0.0,0.0,0.0,0.0,0.0,0.0,0.0,0.0,0.0,0.0,0.0,0.0,0.0,0.0,0.0,0.0,0.0,0.0,0.0,0.0,0.0,0.0,0.0,0.0,0.0,0.0,0.0,0.0,0.0,0.0,0.0,0.0,0.0,0.0,0.0,0.0,0.0,0.0,0.0,0.0,0.0,0.0,0.0,0.0,0.0,0.0,0.0,0.0,0.0,0.0,0.0,0.0,0.0,0.0,0.0,0.0,0.0,0.0,0.0,0.0,0.0,0.0,0.0,0.0,0.0,0.0,0.0,0.0,0.0,0.0,0.0,0.0,0.0,0.0,0.0,0.0,0.0,0.0,0.0,0.0,0.0,0.0,0.0,0.0,0.0,0.0,0.0,0.0,0.0,0.0,0.0,0.0,0.0,0.0,0.0,0.0,0.0,0.0,0.0,0.0,0.0,0.0,0.0,0.0,0.0,0.0,0.0,0.0,0.0,0.0,0.0,0.0,0.0,0.0,0.0,0.0,0.0,0.0,0.0,0.0,0.0,0.0,0.0,0.0,0.0,0.0,0.0,0.0,0.0,0.0,0.0,0.0,0.0,0.0,0.0,0.0,0.0,0.0,0.0,0.0,0.0,0.0,0.0,0.0,0.0,0.0,0.0,0.0,0.0,0.0,0.0,0.0,0.0,0.0,0.0,0.0,0.0,0.0,0.0,0.0,0.0,0.0,0.0,0.0,0.0,0.0,0.0,0.0,0.0,0.0,0.0,0.0,0.0,0.0,0.0,0.0,0.0,0.0,0.0,0.0,0.0,0.0,0.0,0.0,0.0,0.0,0.0,0.0,0.0,0.0,0.0,0.0,0.0,0.0,0.0,0.0,0.0,0.0,0.0,0.0,0.0,0.0,0.0,0.0,0.0,0.0,0.0,0.0,0.0,0.0,0.0,0.0,0.0,0.0,0.0,0.0,0.0,0.0,0.0,0.0,0.0,0.0,0.0,0.0,0.0,0.0,0.0,0.0,0.0,0.0,0.0,0.0,0.0,0.0,0.0,0.0,0.0,0.0,0.0,0.0,0.0,0.0,0.0,0.0,0.0,0.0,0.0,0.0,0.0,0.0,0.0,0.0,0.0,0.0,0.0,0.0,0.0,0.0,0.0,0.0,0.0,0.0,0.0,0.0,0.0,0.0,0.0,0.0,0.0,0.0,0.0,0.0,0.0,0.0,0.0] [1311.2619900786005,1321.8202200865917,1332.463464547639,1343.19240799478,1354.0077404728797,1364.9101575830227,1375.9003605272408,1386.9790561536227,1398.1469570017646,1409.4047813486081,1420.7532532546286,1432.193102610412,1443.7250651835902,1455.3498826661717,1467.068302722235,1478.881079036026,1490.78897136042,1502.7927455657994,1514.8931736892998,1527.0910339844697,1539.3871109713293,1551.7821954868166,1564.2770847356642,1576.872582341659,1589.569498399342,1602.368649526097,1615.270858914685,1628.2769563861766,1641.3877784433362,1654.6041683244075,1667.9269760573632,1681.3570585145608,1694.895279467867,1708.5425096441993,1722.2996267815402,1736.1675156853773,1750.1470682856248,1764.2391836939755,1778.4447682617345,1792.7647356381167,1807.2000068289992,1821.7515102561672,1836.4201818170154,1851.2069649447558,1866.112810669078,1881.1386776773347,1896.285532376183,1911.5543489537563,1926.9461094423048,1942.4618037813711,1958.1024298814455,1973.8689936881608,1989.7625092469793,2005.7839987684179,2021.9344926937952,2038.215029761504,2054.626657073813,2071.1704301642176,2087.8474130653335,2104.6586783773164,2121.605307336866,2138.6883898867477,2155.9090247459117,2173.268319480143,2190.767390573309,2208.407363499154,2226.1893727937027,2244.1145621282076,2262.184084382728,2280.399101720259,2298.7607856614945,2317.2703171601615,2335.9288866789793,2354.7376942662327,2373.6979496329395,2392.810872230673,2412.077691329971,2431.4996460994216,2451.0779856853383,2470.813969292122,2490.7088662632277,2510.763956162824,2530.9805288580706,2551.359884602096,2571.9033341176064,2592.612198681206,2613.487810208354,2634.5315113390543,2655.7446555241822,2677.1286071125573,2698.6847414386757,2720.4144449111714,2742.319115101994,2764.4001608362782,2786.6590022829737,2809.097071046162,2831.715810257159,2854.5166746673017,2877.5011307415425,2900.67065675274,2924.0267428767575,2947.570891288285,2971.304616257478,2995.22944424732,3019.346914011829,3043.658576695001,3068.1659959305807,3092.870747942638,3117.7744216469364,3142.87861875312,3168.1849538677375,3193.695054598094,3219.410561656912,3245.333128967883,3271.4644237720117,3297.806126734876,3324.3599320546946,3351.1275475713155,3378.1106948760344,3405.3111094223436,3432.7305406375262,3460.3707520352004,3488.23352132871,3516.320640545493,3544.6339161423107,3573.1751691214417,3601.9462351478164,3630.9489646670518,3660.1852230244945,3689.6568905851636,3719.3658628547196,3749.3140506013438,3779.5033799786634,3809.935792649603,3840.6132459112973,3871.5377128209448,3902.7111823227383,3934.135659375755,3965.8131650829396,3997.7457368210635,4029.9354283717907,4062.3843100537392,4095.0944688556665,4128.068008570669,4161.3070499315045,4194.813730746993,4228.590206039511,4262.638648183577,4296.961247045588,4331.560210124669,4366.437762694626,4401.596147947099,4437.037627135803,4472.764479721992,4508.779003521039,4545.083514850253,4581.680348677821,4618.571858773019,4655.7604178575675,4693.248417758249,4731.038269560753,4769.132403764733,4807.533270440121,4846.243339384716,4885.265100283049,4924.601062866471,4964.253757074609,5004.22573321805,5044.519562142395,5085.137835393579,5126.08316538458,5167.3581855634,5208.965550582488,5250.907936469426,5293.188040799074,5335.808582867062,5378.772303864684,5422.081967055189,5465.740357951513,5509.7502844954415,5554.1145772382,5598.836089522486,5643.917697666003,5689.362301146471,5735.17282278806,5781.352208949439,5827.903429713208,5874.829479076986,5922.133375145914,5969.818160326825,6017.886901523867,6066.342690335802,6115.188643254807,6164.427901866934,6214.06363305417,6264.099029198114,6314.537308385285,6365.381714614103,6416.635518003553,6468.302015003491,6520.384528606639,6572.88640856233,6625.811031591967,6679.16180160615,6732.942149923667,6787.155535492116,6841.805445110439,6896.895393653112,6952.428924296275,7008.409608745552,7064.841047465831,7121.726869912778,7179.070734766296,7236.876330165845,7295.147373947643,7353.887613883764,7413.100827923194,7472.790824434837,7532.961442452409,7593.616551921397,7654.7600539479145,7716.395881049652,7778.527997408752,7841.160399126823,7904.2971144818985,7967.94220418758,8032.099761654146,8096.773913251861,8161.968818576374,8227.688670716232,8293.937696522553,8360.720156880894,8428.04034698531,8495.90259661459,8564.311270410717,8633.270768159597,8702.785525074065,8772.860012079082,8843.498736099358,8914.706240349144,8986.487104624512,9058.845945597834,9131.787417114787,9205.31621049359,9279.437054826807,9354.154717285446,9429.47400342559,9505.399757497484,9581.936862757088,9659.090241780126,9736.864856778713,9815.265709920519,9894.297843650465,9973.966341015032,10054.276325989182,10135.232963805956,10216.841461288606,10299.107067185563,10382.035072507933,10465.630810869876,10549.89965883156,10634.84703624505,10720.478406602804,10806.799277389146,10893.815200434417,10981.531772272076,11069.954634498676,11159.08947413668,11248.94202400021,11339.518063063782,11430.823416834026,11522.863957724268,11615.64560543233,11709.174327321158,11803.456138802712,11898.49710372478,11994.303334761045,12090.880993804161,12188.23629236214,12286.375491957784,12385.304904531427,12485.030892846919,12585.55987090084,12686.898304334996,12789.052710852275,12892.029660635888,12995.8357767719,13100.477735675182,13205.962267518828,13312.296156667053,13419.486242111492,13527.539417911097,13636.462633635434,13746.262894811807,13856.947263375758,13968.522858125163,14080.996855178266,14194.376488435144,14308.66905004285,14423.881890864615] 0.31126199007860056 [Infinity,Infinity,Infinity,Infinity,Infinity,Infinity,Infinity,Infinity,Infinity,Infinity,Infinity,Infinity,Infinity,Infinity,Infinity,Infinity,Infinity,Infinity,Infinity,Infinity,Infinity,Infinity,Infinity,Infinity,Infinity,Infinity,Infinity,Infinity,Infinity,Infinity,Infinity,Infinity,Infinity,Infinity,Infinity,Infinity,Infinity,Infinity,Infinity,Infinity,Infinity,Infinity,Infinity,Infinity,Infinity,Infinity,Infinity,Infinity,Infinity,Infinity,Infinity,Infinity,Infinity,Infinity,Infinity,Infinity,Infinity,Infinity,Infinity,Infinity,Infinity,Infinity,Infinity,Infinity,Infinity,Infinity,Infinity,Infinity,Infinity,Infinity,Infinity,Infinity,Infinity,Infinity,Infinity,Infinity,Infinity,Infinity,Infinity,Infinity,Infinity,Infinity,Infinity,Infinity,Infinity,Infinity,Infinity,Infinity,Infinity,Infinity,Infinity,Infinity,Infinity,Infinity,Infinity,Infinity,Infinity,Infinity,Infinity,Infinity,Infinity,Infinity,Infinity,Infinity,Infinity,Infinity,Infinity,Infinity,Infinity,Infinity,Infinity,Infinity,Infinity,Infinity,Infinity,Infinity,Infinity,Infinity,Infinity,Infinity,Infinity,Infinity,Infinity,Infinity,Infinity,Infinity,Infinity,Infinity,Infinity,Infinity,Infinity,Infinity,Infinity,Infinity,Infinity,Infinity,Infinity,Infinity,Infinity,Infinity,Infinity,Infinity,Infinity,Infinity,Infinity,Infinity,Infinity,Infinity,Infinity,Infinity,Infinity,Infinity,Infinity,Infinity,Infinity,Infinity,Infinity,Infinity,Infinity,Infinity,Infinity,Infinity,Infinity,Infinity,Infinity,Infinity,Infinity,Infinity,Infinity,Infinity,Infinity,Infinity,Infinity,Infinity,Infinity,Infinity,Infinity,Infinity,Infinity,Infinity,Infinity,Infinity,Infinity,Infinity,Infinity,Infinity,Infinity,Infinity,Infinity,Infinity,Infinity,Infinity,Infinity,Infinity,Infinity,Infinity,Infinity,Infinity,Infinity,Infinity,Infinity,Infinity,Infinity,Infinity,Infinity,Infinity,Infinity,Infinity,Infinity,Infinity,Infinity,Infinity,Infinity,Infinity,Infinity,Infinity,Infinity,Infinity,Infinity,Infinity,Infinity,Infinity,Infinity,Infinity,Infinity,Infinity,Infinity,Infinity,Infinity,Infinity,Infinity,Infinity,Infinity,Infinity,Infinity,Infinity,Infinity,Infinity,Infinity,Infinity,Infinity,Infinity,Infinity,Infinity,Infinity,Infinity,Infinity,Infinity,Infinity,Infinity,Infinity,Infinity,Infinity,Infinity,Infinity,Infinity,Infinity,Infinity,Infinity,Infinity,Infinity,Infinity,Infinity,Infinity,Infinity,Infinity,Infinity,Infinity,Infinity,Infinity,Infinity,Infinity,Infinity,Infinity,Infinity,Infinity,Infinity,Infinity,Infinity,Infinity,Infinity,Infinity,Infinity,Infinity,Infinity,Infinity,Infinity,Infinity,Infinity,Infinity,Infinity,Infinity,Infinity,Infinity,Infinity,Infinity,Infinity,Infinity,Infinity,Infinity] [0.0,0.0,0.0,0.0,0.0,0.0,0.0,0.0,0.0,0.0,0.0,0.0,0.0,0.0,0.0,0.0,0.0,0.0,0.0,0.0,0.0,0.0,0.0,0.0,0.0,0.0,0.0,0.0,0.0,0.0,0.0,0.0,0.0,0.0,0.0,0.0,0.0,0.0,0.0,0.0,0.0,0.0,0.0,0.0,0.0,0.0,0.0,0.0,0.0,0.0,0.0,0.0,0.0,0.0,0.0,0.0,0.0,0.0,0.0,0.0,0.0,0.0,0.0,0.0,0.0,0.0,0.0,0.0,0.0,0.0,0.0,0.0,0.0,0.0,0.0,0.0,0.0,0.0,0.0,0.0,0.0,0.0,0.0,0.0,0.0,0.0,0.0,0.0,0.0,0.0,0.0,0.0,0.0,0.0,0.0,0.0,0.0,0.0,0.0,0.0,0.0,0.0,0.0,0.0,0.0,0.0,0.0,0.0,0.0,0.0,0.0,0.0,0.0,0.0,0.0,0.0,0.0,0.0,0.0,0.0,0.0,0.0,0.0,0.0,0.0,0.0,0.0,0.0,0.0,0.0,0.0,0.0,0.0,0.0,0.0,0.0,0.0,0.0,0.0,0.0,0.0,0.0,0.0,0.0,0.0,0.0,0.0,0.0,0.0,0.0,0.0,0.0,0.0,0.0,0.0,0.0,0.0,0.0,0.0,0.0,0.0,0.0,0.0,0.0,0.0,0.0,0.0,0.0,0.0,0.0,0.0,0.0,0.0,0.0,0.0,0.0,0.0,0.0,0.0,0.0,0.0,0.0,0.0,0.0,0.0,0.0,0.0,0.0,0.0,0.0,0.0,0.0,0.0,0.0,0.0,0.0,0.0,0.0,0.0,0.0,0.0,0.0,0.0,0.0,0.0,0.0,0.0,0.0,0.0,0.0,0.0,0.0,0.0,0.0,0.0,0.0,0.0,0.0,0.0,0.0,0.0,0.0,0.0,0.0,0.0,0.0,0.0,0.0,0.0,0.0,0.0,0.0,0.0,0.0,0.0,0.0,0.0,0.0,0.0,0.0,0.0,0.0,0.0,0.0,0.0,0.0,0.0,0.0,0.0,0.0,0.0,0.0,0.0,0.0,0.0,0.0,0.0,0.0,0.0,0.0,0.0,0.0,0.0,0.0,0.0,0.0,0.0,0.0,0.0,0.0,0.0,0.0,0.0,0.0,0.0,0.0,0.0,0.0,0.0,0.0,0.0,0.0,0.0,0.0,0.0,0.0,0.0,0.0,0.0,0.0,0.0,0.0,0.0,0.0,0.0,0.0,0.0,0.0,0.0,0.0]
56247.26240273016 [0.0,0.0,0.0,0.0,0.0,0.0,0.0,0.0,0.0,0.0,0.0,0.0,0.0,0.0,0.0,0.0,0.0,0.0,0.0,0.0,0.0,0.0,0.0,0.0,0.0,0.0,0.0,0.0,0.0,0.0,0.0,0.0,0.0,0.0,0.0,0.0,0.0,0.0,0.0,0.0,0.0,0.0,0.0,0.0,0.0,0.0,0.0,0.0,0.0,0.0,0.0,0.0,0.0,0.0,0.0,0.0,0.0,0.0,0.0,0.0,0.0,0.0,0.0,0.0,0.0,0.0,0.0,0.0,0.0,0.0,0.0,0.0,0.0,0.0,0.0,0.0,0.0,0.0,0.0,0.0,0.0,0.0,0.0,0.0,0.0,0.0,0.0,0.0,0.0,0.0,0.0,0.0,0.0,0.0,0.0,0.0,0.0,0.0,0.0,0.0,0.0,0.0,0.0,0.0,0.0,0.0,0.0,0.0,0.0,0.0,0.0,0.0,0.0,0.0,0.0,0.0,0.0,0.0,0.0,0.0,0.0,0.0,0.0,0.0,0.0,0.0,0.0,0.0,0.0,0.0,0.0,0.0,0.0,0.0,0.0,0.0,0.0,0.0,0.0,0.0,177.05905563725406,225.99877442537442,270.1576369241504,251.34261216495779,210.50002272272442,233.8387177497003,241.19558058927197,278.5121684241115,326.19933990878235,335.72731263727957,335.4301854149886,288.7432131096341,265.33942998166896,295.663601269712,313.604638008322,441.37974477801583,509.31464145081975,534.1348006081128,673.3850547523551,876.670342537244,807.5430457459325,714.7966034868733,607.5857224392349,473.6559942098841,418.21945864153395,413.61348774963784,444.2990192952459,496.2866482166007,600.0944513595518,727.0774041677392,857.0351693344998,873.8905366106773,939.1843736202469,865.842559120166,794.389084540054,948.254418137754,922.633766121559,759.76572419327,862.9932807158123,805.752413519245,764.9923624349296,612.5702536098307,541.3804503797115,535.3633105823077,588.6403249456628,598.2487153456979,681.6041733914694,764.939895751729,834.2696204324599,833.1251969014447,749.3908898975346,720.8035164376795,606.0486930231896,572.8004370221879,521.3331047609489,480.78380090221225,456.30398506117274,406.63788298402994,430.5485552878582,478.74977420141886,438.80326897732067,441.34056718444185,536.0453808776051,592.8810472158215,590.5266275884246,629.1845337293356,577.0745077724366,507.98396652007466,418.1321654524607,423.97195494570104,474.9052442775977,452.1459941542179,431.08621004809237,467.31314136249586,531.3266244927836,529.4836974552305,555.4783918382419,490.76471961712923,439.9711873413407,427.43877487448054,483.73957297446293,466.1445320205068,413.427671422702,487.6308185380939,408.2167278426791,292.7695286356554,204.55641349301612,216.5495626540801,307.97235284963796,363.07849444965507,367.5354292379342,317.9555268031513,295.94998238078506,317.26276189823386,304.0627215039158,269.4071485504739,244.7513386156974,217.756250471327,237.32009223442572,220.78390801172975,212.49194011646486,200.9303880771952,165.68594363278245,162.09358456156662,154.36945283385793,149.8866822733117,144.638225675984,152.04772637628295,135.6107861285636,119.21794618230108,103.54650390431763,97.34130624062144,108.55567476470333,101.91333586534518,89.19989887083057,106.1248681759944,124.53374832950851,138.04843177065155,109.87748925473605,94.06443371933587,86.56908007980564,84.62184813345783,85.95666365764433,70.84053906316629,84.37610993747771,92.0097684968904,119.26761892448583,143.28248928687827,139.75423323602422,127.92242891601185,129.94755104224748,118.1982571070047,95.01340647802492,78.46786904411206,73.17212644917336,66.2967276536944,57.08118550774204,58.05625903524058,56.553151598148126,55.85695200130571,48.47894565757254,46.23212239616144,39.06241129794325,38.095317977101544,33.528956049002794,33.48781172507874,30.5502492212599,32.09816931221637,27.94479044397382,30.378120838368623,24.930138518585245,24.33131378320332,23.766038911710687,19.925131433630483,18.663295183731083,19.904214561469868,22.982613410506225,25.341637086291236,26.306287008400233,22.761473603342132] [1311.2619900786005,1321.8202200865917,1332.463464547639,1343.19240799478,1354.0077404728797,1364.9101575830227,1375.9003605272408,1386.9790561536227,1398.1469570017646,1409.4047813486081,1420.7532532546286,1432.193102610412,1443.7250651835902,1455.3498826661717,1467.068302722235,1478.881079036026,1490.78897136042,1502.7927455657994,1514.8931736892998,1527.0910339844697,1539.3871109713293,1551.7821954868166,1564.2770847356642,1576.872582341659,1589.569498399342,1602.368649526097,1615.270858914685,1628.2769563861766,1641.3877784433362,1654.6041683244075,1667.9269760573632,1681.3570585145608,1694.895279467867,1708.5425096441993,1722.2996267815402,1736.1675156853773,1750.1470682856248,1764.2391836939755,1778.4447682617345,1792.7647356381167,1807.2000068289992,1821.7515102561672,1836.4201818170154,1851.2069649447558,1866.112810669078,1881.1386776773347,1896.285532376183,1911.5543489537563,1926.9461094423048,1942.4618037813711,1958.1024298814455,1973.8689936881608,1989.7625092469793,2005.7839987684179,2021.9344926937952,2038.215029761504,2054.626657073813,2071.1704301642176,2087.8474130653335,2104.6586783773164,2121.605307336866,2138.6883898867477,2155.9090247459117,2173.268319480143,2190.767390573309,2208.407363499154,2226.1893727937027,2244.1145621282076,2262.184084382728,2280.399101720259,2298.7607856614945,2317.2703171601615,2335.9288866789793,2354.7376942662327,2373.6979496329395,2392.810872230673,2412.077691329971,2431.4996460994216,2451.0779856853383,2470.813969292122,2490.7088662632277,2510.763956162824,2530.9805288580706,2551.359884602096,2571.9033341176064,2592.612198681206,2613.487810208354,2634.5315113390543,2655.7446555241822,2677.1286071125573,2698.6847414386757,2720.4144449111714,2742.319115101994,2764.4001608362782,2786.6590022829737,2809.097071046162,2831.715810257159,2854.5166746673017,2877.5011307415425,2900.67065675274,2924.0267428767575,2947.570891288285,2971.304616257478,2995.22944424732,3019.346914011829,3043.658576695001,3068.1659959305807,3092.870747942638,3117.7744216469364,3142.87861875312,3168.1849538677375,3193.695054598094,3219.410561656912,3245.333128967883,3271.4644237720117,3297.806126734876,3324.3599320546946,3351.1275475713155,3378.1106948760344,3405.3111094223436,3432.7305406375262,3460.3707520352004,3488.23352132871,3516.320640545493,3544.6339161423107,3573.1751691214417,3601.9462351478164,3630.9489646670518,3660.1852230244945,3689.6568905851636,3719.3658628547196,3749.3140506013438,3779.5033799786634,3809.935792649603,3840.6132459112973,3871.5377128209448,3902.7111823227383,3934.135659375755,3965.8131650829396,3997.7457368210635,4029.9354283717907,4062.3843100537392,4095.0944688556665,4128.068008570669,4161.3070499315045,4194.813730746993,4228.590206039511,4262.638648183577,4296.961247045588,4331.560210124669,4366.437762694626,4401.596147947099,4437.037627135803,4472.764479721992,4508.779003521039,4545.083514850253,4581.680348677821,4618.571858773019,4655.7604178575675,4693.248417758249,4731.038269560753,4769.132403764733,4807.533270440121,4846.243339384716,4885.265100283049,4924.601062866471,4964.253757074609,5004.22573321805,5044.519562142395,5085.137835393579,5126.08316538458,5167.3581855634,5208.965550582488,5250.907936469426,5293.188040799074,5335.808582867062,5378.772303864684,5422.081967055189,5465.740357951513,5509.7502844954415,5554.1145772382,5598.836089522486,5643.917697666003,5689.362301146471,5735.17282278806,5781.352208949439,5827.903429713208,5874.829479076986,5922.133375145914,5969.818160326825,6017.886901523867,6066.342690335802,6115.188643254807,6164.427901866934,6214.06363305417,6264.099029198114,6314.537308385285,6365.381714614103,6416.635518003553,6468.302015003491,6520.384528606639,6572.88640856233,6625.811031591967,6679.16180160615,6732.942149923667,6787.155535492116,6841.805445110439,6896.895393653112,6952.428924296275,7008.409608745552,7064.841047465831,7121.726869912778,7179.070734766296,7236.876330165845,7295.147373947643,7353.887613883764,7413.100827923194,7472.790824434837,7532.961442452409,7593.616551921397,7654.7600539479145,7716.395881049652,7778.527997408752,7841.160399126823,7904.2971144818985,7967.94220418758,8032.099761654146,8096.773913251861,8161.968818576374,8227.688670716232,8293.937696522553,8360.720156880894,8428.04034698531,8495.90259661459,8564.311270410717,8633.270768159597,8702.785525074065,8772.860012079082,8843.498736099358,8914.706240349144,8986.487104624512,9058.845945597834,9131.787417114787,9205.31621049359,9279.437054826807,9354.154717285446,9429.47400342559,9505.399757497484,9581.936862757088,9659.090241780126,9736.864856778713,9815.265709920519,9894.297843650465,9973.966341015032,10054.276325989182,10135.232963805956,10216.841461288606,10299.107067185563,10382.035072507933,10465.630810869876,10549.89965883156,10634.84703624505,10720.478406602804,10806.799277389146,10893.815200434417,10981.531772272076,11069.954634498676,11159.08947413668,11248.94202400021,11339.518063063782,11430.823416834026,11522.863957724268,11615.64560543233,11709.174327321158,11803.456138802712,11898.49710372478,11994.303334761045,12090.880993804161,12188.23629236214,12286.375491957784,12385.304904531427,12485.030892846919,12585.55987090084,12686.898304334996,12789.052710852275,12892.029660635888,12995.8357767719,13100.477735675182,13205.962267518828,13312.296156667053,13419.486242111492,13527.539417911097,13636.462633635434,13746.262894811807,13856.947263375758,13968.522858125163,14080.996855178266,14194.376488435144,14308.66905004285,14423.881890864615] 0.31126199007860056 [Infinity,Infinity,Infinity,Infinity,Infinity,Infinity,Infinity,Infinity,Infinity,Infinity,Infinity,Infinity,Infinity,Infinity,Infinity,Infinity,Infinity,Infinity,Infinity,Infinity,Infinity,Infinity,Infinity,Infinity,Infinity,Infinity,Infinity,Infinity,Infinity,Infinity,Infinity,Infinity,Infinity,Infinity,Infinity,Infinity,Infinity,Infinity,Infinity,Infinity,Infinity,Infinity,Infinity,Infinity,Infinity,Infinity,Infinity,Infinity,Infinity,Infinity,Infinity,Infinity,Infinity,Infinity,Infinity,Infinity,Infinity,Infinity,Infinity,Infinity,Infinity,Infinity,Infinity,Infinity,Infinity,Infinity,Infinity,Infinity,Infinity,Infinity,Infinity,Infinity,Infinity,Infinity,Infinity,Infinity,Infinity,Infinity,Infinity,Infinity,Infinity,Infinity,Infinity,Infinity,Infinity,Infinity,Infinity,Infinity,Infinity,Infinity,Infinity,Infinity,Infinity,Infinity,Infinity,Infinity,Infinity,Infinity,Infinity,Infinity,Infinity,Infinity,Infinity,Infinity,Infinity,Infinity,Infinity,Infinity,Infinity,Infinity,Infinity,Infinity,Infinity,Infinity,Infinity,Infinity,Infinity,Infinity,Infinity,Infinity,Infinity,Infinity,Infinity,Infinity,Infinity,Infinity,Infinity,Infinity,Infinity,Infinity,Infinity,Infinity,Infinity,Infinity,Infinity,Infinity,Infinity,Infinity,Infinity,Infinity,9.21499592992865,12.437920342477579,13.752314985203544,12.556366777457558,10.771473729873842,10.411793897127707,11.750671485677838,13.883484660971481,15.88227901186136,17.000076475269342,16.529702165983657,14.713478741355667,13.313976608576294,14.073442264678198,16.839881246329018,20.431119828357563,24.275919387901205,29.13704878096342,35.61323628054985,41.13364296169679,41.3541849934687,35.24757876621998,27.3893699430735,22.234759492961427,20.154800224681118,20.249420128222024,22.178373609490443,26.049041767466093,31.584292331054236,37.81564899966628,43.45505401405444,46.477084513610826,45.276090360522,42.68950411244848,43.15151507799091,45.674871526729156,45.63019804075991,42.63562142594498,40.63309680859372,40.199331431688584,37.27378313707042,31.151290726633174,26.97962207856434,27.409124989529772,29.77482621373439,32.19759265124192,35.10147884159362,38.214320245699625,39.81359928654164,39.400247148566656,38.29331795326739,36.58193670193974,33.028092566351674,28.748022649383234,26.41491750681822,25.313047206760935,23.49957994257401,22.23439131839057,22.64533933600459,22.517698636666296,21.326253750392638,21.92542342605071,24.816596869623844,28.37151346031351,30.875082064022184,30.966232819951557,28.306189735961294,24.28495348437649,21.70315919088281,21.744297750098283,23.212008215266273,21.573610247801987,19.47126346385181,22.90776252357419,26.254056774495627,26.055827445697396,25.04876783618117,23.670998537981752,22.302142367635103,22.45496436949918,23.25904638535298,23.3270095063793,22.460954829008678,22.07574281214265,20.75207567797441,14.482891298985399,9.786785577578241,10.989215570678624,15.618696726325018,17.945810639362453,17.684931421215726,17.022941699505353,16.20258969175314,15.50091444819235,14.897040314090479,14.054930082265148,12.832086007006717,12.14346162390019,11.439207555930924,10.43431369834256,10.32364266894192,9.555098251797387,8.892645554147816,8.565708617930653,7.941823793909569,7.751639922121631,7.628799034920928,7.282725343467069,6.623746103212102,5.908259257671854,5.337094803418153,4.746166835850736,4.95092948870637,5.0031810354405275,4.8765943020336335,5.209389146187694,6.0941155272935,6.380682886185069,5.529207234461916,4.987276482297353,4.141315660695572,4.31361504482402,4.178633325445054,3.4840295940153396,4.238685359380895,4.578432044236097,5.826348325023881,6.738977689329398,6.829311598291966,6.697862465991132,6.377754501560662,5.87316580239387,4.862778112292768,4.128548335723611,3.7869148496083738,3.4548064855194296,3.0131131047783293,3.101503681191969,2.937640043198461,2.7219526577364985,2.4197246268846975,2.2451830521815905,2.1047482304594154,1.943839789214,1.7433317294885426,1.5651334375984074,1.5212154579505113,1.5707190951737957,1.5036115769735816,1.3755885637213179,1.2679405537372408,1.145818788905892,1.1283688027019936,1.0436166686676107,1.0362173396904002,1.1205589999158967,1.1831944134550247,1.227894816937979,1.2896014903925879,1.2572426263422185] [0.0,0.0,0.0,0.0,0.0,0.0,0.0,0.0,0.0,0.0,0.0,0.0,0.0,0.0,0.0,0.0,0.0,0.0,0.0,0.0,0.0,0.0,0.0,0.0,0.0,0.0,0.0,0.0,0.0,0.0,0.0,0.0,0.0,0.0,0.0,0.0,0.0,0.0,0.0,0.0,0.0,0.0,0.0,0.0,0.0,0.0,0.0,0.0,0.0,0.0,0.0,0.0,0.0,0.0,0.0,0.0,0.0,0.0,0.0,0.0,0.0,0.0,0.0,0.0,0.0,0.0,0.0,0.0,0.0,0.0,0.0,0.0,0.0,0.0,0.0,0.0,0.0,0.0,0.0,0.0,0.0,0.0,0.0,0.0,0.0,0.0,0.0,0.0,0.0,0.0,0.0,0.0,0.0,0.0,0.0,0.0,0.0,0.0,0.0,0.0,0.0,0.0,0.0,0.0,0.0,0.0,0.0,0.0,0.0,0.0,0.0,0.0,0.0,0.0,0.0,0.0,0.0,0.0,0.0,0.0,0.0,0.0,0.0,0.0,0.0,0.0,0.0,0.0,0.0,0.0,0.0,0.0,0.0,0.0,0.0,0.0,0.0,0.0,0.0,0.0,-7.24086296131893,-22.759632424177166,-4.888662779920497,0.2152766158066094,-4.929451874752395,25.602839807146143,6.182150875715198,0.8424752046818823,8.553759671555175,-4.274216868107235,4.836142095315505,-5.52636171747924,-0.9401021898569527,14.194755976148057,-23.192986918258313,32.75734821086456,23.79625369279565,-48.60617501115567,-38.8796708586418,53.99748330330815,-19.540654123441467,9.84502816247363,59.798323577764954,28.96080435065559,15.123454147911596,8.625085185197356,0.7315471054371003,-24.69418713272111,-31.591395261532888,-29.235575825586356,-12.065910946589042,-55.65115366153929,33.66256640980689,12.052476871196362,-68.64121701976426,34.756987603170884,10.029805306360831,-92.94670432562967,50.33134454393786,1.7657848854732716,19.51669969352129,-10.455560922832763,1.7880088084246621,-12.819189208287728,-6.856199329024973,-45.70313767914061,-20.425403440402974,0.6534908377365026,37.99763470162711,45.120253930111666,-16.47546916781315,-10.83521760111532,-54.51315830384385,-2.1600159654767555,-6.965245375415497,-25.47714323300642,-13.687613790307445,-38.04994338378149,-22.358231432233623,28.395801468092916,12.278193969467903,2.832098663427656,39.713443485128266,25.450778009551296,-26.975013692019,9.859877330304435,10.950713053210764,22.284896832544867,-15.931018365195548,-10.914000056264626,10.66507997227227,20.673789198178127,41.660940771056154,9.157890891012089,6.245489002871125,8.367148541282681,54.50303511461852,17.344748857494217,-6.07166001136136,-21.66051251550307,18.55864526740332,-0.3956581070792096,-35.79142515747149,46.115962295240905,-6.8247857168091235,3.111702655947409,8.820701941451286,-3.2347487594923985,-4.4015816768624045,4.1622816624060075,13.836800813619703,-22.503307186955745,-28.101811454277765,7.244472934386884,6.121915222106225,-11.69145309482905,-11.890381524436956,-25.11298200667679,8.53594111580725,12.097634044878566,6.019086737626444,9.828423041247449,-12.16696745017385,-9.220587797046434,-4.467023044333435,-5.146116169120934,-7.937755022434583,6.393219506941551,3.135864064321553,1.0527610288640006,-3.195392164045425,2.417969523606716,9.537084990575941,1.849715156534627,-8.331987169842106,1.9370852522405169,2.6514377836385172,10.43477404695016,-0.7066554345022856,-5.681095926611186,3.742766865894205,-1.6504527630225536,2.3839971487432607,1.1599471828595034,-0.397597250140189,0.4411276121684598,2.74065242400822,8.502935500290302,3.168001270184911,-6.034820403810782,2.3924610110342504,0.7349410591272915,-2.242155767830419,-4.103097670360153,-2.5661705429941186,-2.799402056694197,-3.181076587824541,-3.9738145885988065,-2.1996492658210887,1.4178988465757376,0.08445311987858732,1.3284613525296196,-3.032553311245057,-0.7814778071784577,-1.3376785407680616,2.1851429731105902,0.12594006224967397,0.6837874087404543,-2.1274410954978147,2.8663495639422667,-0.42867255615956923,1.4149380050854805,1.1986628576708154,-0.9472019397217311,-2.0610516100769187,-2.5069654368480667,-0.6812748585942695,0.7837407475316518,0.514257200548475,-2.3833789235022382]
56172.28523325691 [0.0,0.0,0.0,0.0,0.0,0.0,0.0,0.0,0.0,0.0,0.0,0.0,0.0,0.0,0.0,0.0,0.0,0.0,0.0,0.0,0.0,0.0,0.0,0.0,0.0,0.0,0.0,0.0,0.0,0.0,0.0,0.0,0.0,0.0,0.0,0.0,0.0,0.0,0.0,0.0,0.0,0.0,0.0,0.0,0.0,0.0,0.0,0.0,0.0,0.0,0.0,0.0,0.0,0.0,0.0,0.0,0.0,0.0,0.0,0.0,0.0,0.0,0.0,0.0,0.0,0.0,0.0,0.0,0.0,0.0,0.0,0.0,0.0,0.0,0.0,0.0,0.0,0.0,0.0,0.0,0.0,0.0,0.0,0.0,0.0,0.0,0.0,0.0,0.0,0.0,0.0,0.0,0.0,0.0,0.0,0.0,0.0,0.0,0.0,0.0,0.0,0.0,0.0,0.0,0.0,0.0,0.0,0.0,0.0,0.0,0.0,0.0,0.0,0.0,0.0,0.0,0.0,0.0,0.0,0.0,0.0,0.0,0.0,0.0,0.0,0.0,0.0,0.0,0.0,0.0,0.0,0.0,0.0,0.0,0.0,0.0,0.0,0.0,0.0,0.0,0.0,0.0,0.0,0.0,0.0,0.0,0.0,0.0,0.0,0.0,0.0,0.0,0.0,0.0,0.0,0.0,0.0,0.0,0.0,0.0,0.0,0.0,0.0,0.0,0.0,0.0,0.0,0.0,0.0,0.0,0.0,0.0,0.0,0.0,0.0,0.0,0.0,0.0,0.0,0.0,0.0,0.0,0.0,0.0,0.0,0.0,0.0,0.0,0.0,0.0,0.0,0.0,0.0,0.0,0.0,0.0,0.0,0.0,0.0,0.0,0.0,0.0,0.0,0.0,0.0,0.0,0.0,0.0,0.0,0.0,0.0,0.0,0.0,0.0,0.0,0.0,0.0,0.0,0.0,0.0,0.0,0.0,0.0,0.0,0.0,0.0,0.0,0.0,0.0,0.0,0.0,0.0,0.0,0.0,0.0,0.0,0.0,0.0,0.0,0.0,0.0,0.0,0.0,0.0,0.0,0.0,0.0,0.0,0.0,0.0,0.0,0.0,0.0,0.0,0.0,0.0,0.0,0.0,0.0,0.0,0.0,0.0,0.0,0.0,0.0,0.0,0.0,0.0,0.0,0.0,0.0,0.0,0.0,0.0,0.0,0.0,0.0,0.0,0.0,0.0,0.0,0.0,0.0,0.0,0.0,0.0,0.0,0.0,0.0,0.0,0.0,0.0,0.0,0.0,0.0,0.0,0.0,0.0,0.0,0.0] [1311.2619900786005,1321.8202200865917,1332.463464547639,1343.19240799478,1354.0077404728797,1364.9101575830227,1375.9003605272408,1386.9790561536227,1398.1469570017646,1409.4047813486081,1420.7532532546286,1432.193102610412,1443.7250651835902,1455.3498826661717,1467.068302722235,1478.881079036026,1490.78897136042,1502.7927455657994,1514.8931736892998,1527.0910339844697,1539.3871109713293,1551.7821954868166,1564.2770847356642,1576.872582341659,1589.569498399342,1602.368649526097,1615.270858914685,1628.2769563861766,1641.3877784433362,1654.6041683244075,1667.9269760573632,1681.3570585145608,1694.895279467867,1708.5425096441993,1722.2996267815402,1736.1675156853773,1750.1470682856248,1764.2391836939755,1778.4447682617345,1792.7647356381167,1807.2000068289992,1821.7515102561672,1836.4201818170154,1851.2069649447558,1866.112810669078,1881.1386776773347,1896.285532376183,1911.5543489537563,1926.9461094423048,1942.4618037813711,1958.1024298814455,1973.8689936881608,1989.7625092469793,2005.7839987684179,2021.9344926937952,2038.215029761504,2054.626657073813,2071.1704301642176,2087.8474130653335,2104.6586783773164,2121.605307336866,2138.6883898867477,2155.9090247459117,2173.268319480143,2190.767390573309,2208.407363499154,2226.1893727937027,2244.1145621282076,2262.184084382728,2280.399101720259,2298.7607856614945,2317.2703171601615,2335.9288866789793,2354.7376942662327,2373.6979496329395,2392.810872230673,2412.077691329971,2431.4996460994216,2451.0779856853383,2470.813969292122,2490.7088662632277,2510.763956162824,2530.9805288580706,2551.359884602096,2571.9033341176064,2592.612198681206,2613.487810208354,2634.5315113390543,2655.7446555241822,2677.1286071125573,2698.6847414386757,2720.4144449111714,2742.319115101994,2764.4001608362782,2786.6590022829737,2809.097071046162,2831.715810257159,2854.5166746673017,2877.5011307415425,2900.67065675274,2924.0267428767575,2947.570891288285,2971.304616257478,2995.22944424732,3019.346914011829,3043.658576695001,3068.1659959305807,3092.870747942638,3117.7744216469364,3142.87861875312,3168.1849538677375,3193.695054598094,3219.410561656912,3245.333128967883,3271.4644237720117,3297.806126734876,3324.3599320546946,3351.1275475713155,3378.1106948760344,3405.3111094223436,3432.7305406375262,3460.3707520352004,3488.23352132871,3516.320640545493,3544.6339161423107,3573.1751691214417,3601.9462351478164,3630.9489646670518,3660.1852230244945,3689.6568905851636,3719.3658628547196,3749.3140506013438,3779.5033799786634,3809.935792649603,3840.6132459112973,3871.5377128209448,3902.7111823227383,3934.135659375755,3965.8131650829396,3997.7457368210635,4029.9354283717907,4062.3843100537392,4095.0944688556665,4128.068008570669,4161.3070499315045,4194.813730746993,4228.590206039511,4262.638648183577,4296.961247045588,4331.560210124669,4366.437762694626,4401.596147947099,4437.037627135803,4472.764479721992,4508.779003521039,4545.083514850253,4581.680348677821,4618.571858773019,4655.7604178575675,4693.248417758249,4731.038269560753,4769.132403764733,4807.533270440121,4846.243339384716,4885.265100283049,4924.601062866471,4964.253757074609,5004.22573321805,5044.519562142395,5085.137835393579,5126.08316538458,5167.3581855634,5208.965550582488,5250.907936469426,5293.188040799074,5335.808582867062,5378.772303864684,5422.081967055189,5465.740357951513,5509.7502844954415,5554.1145772382,5598.836089522486,5643.917697666003,5689.362301146471,5735.17282278806,5781.352208949439,5827.903429713208,5874.829479076986,5922.133375145914,5969.818160326825,6017.886901523867,6066.342690335802,6115.188643254807,6164.427901866934,6214.06363305417,6264.099029198114,6314.537308385285,6365.381714614103,6416.635518003553,6468.302015003491,6520.384528606639,6572.88640856233,6625.811031591967,6679.16180160615,6732.942149923667,6787.155535492116,6841.805445110439,6896.895393653112,6952.428924296275,7008.409608745552,7064.841047465831,7121.726869912778,7179.070734766296,7236.876330165845,7295.147373947643,7353.887613883764,7413.100827923194,7472.790824434837,7532.961442452409,7593.616551921397,7654.7600539479145,7716.395881049652,7778.527997408752,7841.160399126823,7904.2971144818985,7967.94220418758,8032.099761654146,8096.773913251861,8161.968818576374,8227.688670716232,8293.937696522553,8360.720156880894,8428.04034698531,8495.90259661459,8564.311270410717,8633.270768159597,8702.785525074065,8772.860012079082,8843.498736099358,8914.706240349144,8986.487104624512,9058.845945597834,9131.787417114787,9205.31621049359,9279.437054826807,9354.154717285446,9429.47400342559,9505.399757497484,9581.936862757088,9659.090241780126,9736.864856778713,9815.265709920519,9894.297843650465,9973.966341015032,10054.276325989182,10135.232963805956,10216.841461288606,10299.107067185563,10382.035072507933,10465.630810869876,10549.89965883156,10634.84703624505,10720.478406602804,10806.799277389146,10893.815200434417,10981.531772272076,11069.954634498676,11159.08947413668,11248.94202400021,11339.518063063782,11430.823416834026,11522.863957724268,11615.64560543233,11709.174327321158,11803.456138802712,11898.49710372478,11994.303334761045,12090.880993804161,12188.23629236214,12286.375491957784,12385.304904531427,12485.030892846919,12585.55987090084,12686.898304334996,12789.052710852275,12892.029660635888,12995.8357767719,13100.477735675182,13205.962267518828,13312.296156667053,13419.486242111492,13527.539417911097,13636.462633635434,13746.262894811807,13856.947263375758,13968.522858125163,14080.996855178266,14194.376488435144,14308.66905004285,14423.881890864615] 0.31126199007860056 [Infinity,Infinity,Infinity,Infinity,Infinity,Infinity,Infinity,Infinity,Infinity,Infinity,Infinity,Infinity,Infinity,Infinity,Infinity,Infinity,Infinity,Infinity,Infinity,Infinity,Infinity,Infinity,Infinity,Infinity,Infinity,Infinity,Infinity,Infinity,Infinity,Infinity,Infinity,Infinity,Infinity,Infinity,Infinity,Infinity,Infinity,Infinity,Infinity,Infinity,Infinity,Infinity,Infinity,Infinity,Infinity,Infinity,Infinity,Infinity,Infinity,Infinity,Infinity,Infinity,Infinity,Infinity,Infinity,Infinity,Infinity,Infinity,Infinity,Infinity,Infinity,Infinity,Infinity,Infinity,Infinity,Infinity,Infinity,Infinity,Infinity,Infinity,Infinity,Infinity,Infinity,Infinity,Infinity,Infinity,Infinity,Infinity,Infinity,Infinity,Infinity,Infinity,Infinity,Infinity,Infinity,Infinity,Infinity,Infinity,Infinity,Infinity,Infinity,Infinity,Infinity,Infinity,Infinity,Infinity,Infinity,Infinity,Infinity,Infinity,Infinity,Infinity,Infinity,Infinity,Infinity,Infinity,Infinity,Infinity,Infinity,Infinity,Infinity,Infinity,Infinity,Infinity,Infinity,Infinity,Infinity,Infinity,Infinity,Infinity,Infinity,Infinity,Infinity,Infinity,Infinity,Infinity,Infinity,Infinity,Infinity,Infinity,Infinity,Infinity,Infinity,Infinity,Infinity,Infinity,Infinity,Infinity,Infinity,Infinity,Infinity,Infinity,Infinity,Infinity,Infinity,Infinity,Infinity,Infinity,Infinity,Infinity,Infinity,Infinity,Infinity,Infinity,Infinity,Infinity,Infinity,Infinity,Infinity,Infinity,Infinity,Infinity,Infinity,Infinity,Infinity,Infinity,Infinity,Infinity,Infinity,Infinity,Infinity,Infinity,Infinity,Infinity,Infinity,Infinity,Infinity,Infinity,Infinity,Infinity,Infinity,Infinity,Infinity,Infinity,Infinity,Infinity,Infinity,Infinity,Infinity,Infinity,Infinity,Infinity,Infinity,Infinity,Infinity,Infinity,Infinity,Infinity,Infinity,Infinity,Infinity,Infinity,Infinity,Infinity,Infinity,Infinity,Infinity,Infinity,Infinity,Infinity,Infinity,Infinity,Infinity,Infinity,Infinity,Infinity,Infinity,Infinity,Infinity,Infinity,Infinity,Infinity,Infinity,Infinity,Infinity,Infinity,Infinity,Infinity,Infinity,Infinity,Infinity,Infinity,Infinity,Infinity,Infinity,Infinity,Infinity,Infinity,Infinity,Infinity,Infinity,Infinity,Infinity,Infinity,Infinity,Infinity,Infinity,Infinity,Infinity,Infinity,Infinity,Infinity,Infinity,Infinity,Infinity,Infinity,Infinity,Infinity,Infinity,Infinity,Infinity,Infinity,Infinity,Infinity,Infinity,Infinity,Infinity,Infinity,Infinity,Infinity,Infinity,Infinity,Infinity,Infinity,Infinity,Infinity,Infinity,Infinity,Infinity,Infinity,Infinity,Infinity,Infinity,Infinity,Infinity,Infinity,Infinity,Infinity,Infinity,Infinity,Infinity,Infinity,Infinity,Infinity,Infinity,Infinity,Infinity,Infinity,Infinity,Infinity] [0.0,0.0,0.0,0.0,0.0,0.0,0.0,0.0,0.0,0.0,0.0,0.0,0.0,0.0,0.0,0.0,0.0,0.0,0.0,0.0,0.0,0.0,0.0,0.0,0.0,0.0,0.0,0.0,0.0,0.0,0.0,0.0,0.0,0.0,0.0,0.0,0.0,0.0,0.0,0.0,0.0,0.0,0.0,0.0,0.0,0.0,0.0,0.0,0.0,0.0,0.0,0.0,0.0,0.0,0.0,0.0,0.0,0.0,0.0,0.0,0.0,0.0,0.0,0.0,0.0,0.0,0.0,0.0,0.0,0.0,0.0,0.0,0.0,0.0,0.0,0.0,0.0,0.0,0.0,0.0,0.0,0.0,0.0,0.0,0.0,0.0,0.0,0.0,0.0,0.0,0.0,0.0,0.0,0.0,0.0,0.0,0.0,0.0,0.0,0.0,0.0,0.0,0.0,0.0,0.0,0.0,0.0,0.0,0.0,0.0,0.0,0.0,0.0,0.0,0.0,0.0,0.0,0.0,0.0,0.0,0.0,0.0,0.0,0.0,0.0,0.0,0.0,0.0,0.0,0.0,0.0,0.0,0.0,0.0,0.0,0.0,0.0,0.0,0.0,0.0,0.0,0.0,0.0,0.0,0.0,0.0,0.0,0.0,0.0,0.0,0.0,0.0,0.0,0.0,0.0,0.0,0.0,0.0,0.0,0.0,0.0,0.0,0.0,0.0,0.0,0.0,0.0,0.0,0.0,0.0,0.0,0.0,0.0,0.0,0.0,0.0,0.0,0.0,0.0,0.0,0.0,0.0,0.0,0.0,0.0,0.0,0.0,0.0,0.0,0.0,0.0,0.0,0.0,0.0,0.0,0.0,0.0,0.0,0.0,0.0,0.0,0.0,0.0,0.0,0.0,0.0,0.0,0.0,0.0,0.0,0.0,0.0,0.0,0.0,0.0,0.0,0.0,0.0,0.0,0.0,0.0,0.0,0.0,0.0,0.0,0.0,0.0,0.0,0.0,0.0,0.0,0.0,0.0,0.0,0.0,0.0,0.0,0.0,0.0,0.0,0.0,0.0,0.0,0.0,0.0,0.0,0.0,0.0,0.0,0.0,0.0,0.0,0.0,0.0,0.0,0.0,0.0,0.0,0.0,0.0,0.0,0.0,0.0,0.0,0.0,0.0,0.0,0.0,0.0,0.0,0.0,0.0,0.0,0.0,0.0,0.0,0.0,0.0,0.0,0.0,0.0,0.0,0.0,0.0,0.0,0.0,0.0,0.0,0.0,0.0,0.0,0.0,0.0,0.0,0.0,0.0,0.0,0.0,0.0,0.0]
56165.48437857881 [0.0,0.0,0.0,0.0,0.0,0.0,0.0,0.0,0.0,0.0,0.0,0.0,0.0,0.0,0.0,0.0,0.0,0.0,0.0,0.0,0.0,0.0,0.0,0.0,0.0,0.0,0.0,0.0,0.0,0.0,0.0,0.0,0.0,0.0,0.0,0.0,0.0,0.0,0.0,0.0,0.0,0.0,0.0,0.0,0.0,0.0,0.0,0.0,0.0,0.0,0.0,0.0,0.0,0.0,0.0,0.0,0.0,0.0,0.0,0.0,0.0,0.0,0.0,0.0,0.0,0.0,0.0,0.0,0.0,0.0,0.0,0.0,0.0,0.0,0.0,0.0,0.0,0.0,0.0,0.0,0.0,0.0,0.0,0.0,0.0,0.0,0.0,0.0,0.0,0.0,0.0,0.0,0.0,0.0,0.0,0.0,0.0,0.0,0.0,0.0,0.0,0.0,0.0,0.0,0.0,0.0,0.0,0.0,0.0,0.0,0.0,0.0,0.0,0.0,0.0,0.0,0.0,0.0,0.0,0.0,0.0,0.0,0.0,0.0,0.0,0.0,0.0,0.0,0.0,0.0,0.0,0.0,0.0,0.0,0.0,0.0,0.0,0.0,0.0,0.0,0.0,0.0,0.0,0.0,0.0,0.0,0.0,0.0,0.0,0.0,0.0,0.0,0.0,0.0,0.0,0.0,0.0,0.0,0.0,0.0,0.0,0.0,0.0,0.0,0.0,0.0,0.0,0.0,0.0,0.0,0.0,0.0,0.0,0.0,0.0,0.0,0.0,0.0,0.0,0.0,0.0,0.0,0.0,0.0,0.0,0.0,0.0,0.0,0.0,0.0,0.0,0.0,0.0,0.0,0.0,0.0,0.0,0.0,0.0,0.0,0.0,0.0,0.0,0.0,0.0,0.0,0.0,0.0,0.0,0.0,0.0,0.0,0.0,0.0,0.0,0.0,0.0,0.0,0.0,0.0,0.0,0.0,0.0,0.0,0.0,0.0,0.0,0.0,0.0,0.0,0.0,0.0,0.0,0.0,0.0,0.0,0.0,0.0,0.0,0.0,0.0,0.0,0.0,0.0,0.0,0.0,0.0,0.0,0.0,0.0,0.0,0.0,0.0,0.0,0.0,0.0,0.0,0.0,0.0,0.0,0.0,0.0,0.0,0.0,0.0,0.0,0.0,0.0,0.0,0.0,0.0,0.0,0.0,0.0,0.0,0.0,0.0,0.0,0.0,0.0,0.0,0.0,0.0,0.0,0.0,0.0,0.0,0.0,0.0,0.0,0.0,0.0,0.0,0.0,0.0,0.0,0.0,0.0,0.0,0.0] [1311.2619900786005,1321.8202200865917,1332.463464547639,1343.19240799478,1354.0077404728797,1364.9101575830227,1375.9003605272408,1386.9790561536227,1398.1469570017646,1409.4047813486081,1420.7532532546286,1432.193102610412,1443.7250651835902,1455.3498826661717,1467.068302722235,1478.881079036026,1490.78897136042,1502.7927455657994,1514.8931736892998,1527.0910339844697,1539.3871109713293,1551.7821954868166,1564.2770847356642,1576.872582341659,1589.569498399342,1602.368649526097,1615.270858914685,1628.2769563861766,1641.3877784433362,1654.6041683244075,1667.9269760573632,1681.3570585145608,1694.895279467867,1708.5425096441993,1722.2996267815402,1736.1675156853773,1750.1470682856248,1764.2391836939755,1778.4447682617345,1792.7647356381167,1807.2000068289992,1821.7515102561672,1836.4201818170154,1851.2069649447558,1866.112810669078,1881.1386776773347,1896.285532376183,1911.5543489537563,1926.9461094423048,1942.4618037813711,1958.1024298814455,1973.8689936881608,1989.7625092469793,2005.7839987684179,2021.9344926937952,2038.215029761504,2054.626657073813,2071.1704301642176,2087.8474130653335,2104.6586783773164,2121.605307336866,2138.6883898867477,2155.9090247459117,2173.268319480143,2190.767390573309,2208.407363499154,2226.1893727937027,2244.1145621282076,2262.184084382728,2280.399101720259,2298.7607856614945,2317.2703171601615,2335.9288866789793,2354.7376942662327,2373.6979496329395,2392.810872230673,2412.077691329971,2431.4996460994216,2451.0779856853383,2470.813969292122,2490.7088662632277,2510.763956162824,2530.9805288580706,2551.359884602096,2571.9033341176064,2592.612198681206,2613.487810208354,2634.5315113390543,2655.7446555241822,2677.1286071125573,2698.6847414386757,2720.4144449111714,2742.319115101994,2764.4001608362782,2786.6590022829737,2809.097071046162,2831.715810257159,2854.5166746673017,2877.5011307415425,2900.67065675274,2924.0267428767575,2947.570891288285,2971.304616257478,2995.22944424732,3019.346914011829,3043.658576695001,3068.1659959305807,3092.870747942638,3117.7744216469364,3142.87861875312,3168.1849538677375,3193.695054598094,3219.410561656912,3245.333128967883,3271.4644237720117,3297.806126734876,3324.3599320546946,3351.1275475713155,3378.1106948760344,3405.3111094223436,3432.7305406375262,3460.3707520352004,3488.23352132871,3516.320640545493,3544.6339161423107,3573.1751691214417,3601.9462351478164,3630.9489646670518,3660.1852230244945,3689.6568905851636,3719.3658628547196,3749.3140506013438,3779.5033799786634,3809.935792649603,3840.6132459112973,3871.5377128209448,3902.7111823227383,3934.135659375755,3965.8131650829396,3997.7457368210635,4029.9354283717907,4062.3843100537392,4095.0944688556665,4128.068008570669,4161.3070499315045,4194.813730746993,4228.590206039511,4262.638648183577,4296.961247045588,4331.560210124669,4366.437762694626,4401.596147947099,4437.037627135803,4472.764479721992,4508.779003521039,4545.083514850253,4581.680348677821,4618.571858773019,4655.7604178575675,4693.248417758249,4731.038269560753,4769.132403764733,4807.533270440121,4846.243339384716,4885.265100283049,4924.601062866471,4964.253757074609,5004.22573321805,5044.519562142395,5085.137835393579,5126.08316538458,5167.3581855634,5208.965550582488,5250.907936469426,5293.188040799074,5335.808582867062,5378.772303864684,5422.081967055189,5465.740357951513,5509.7502844954415,5554.1145772382,5598.836089522486,5643.917697666003,5689.362301146471,5735.17282278806,5781.352208949439,5827.903429713208,5874.829479076986,5922.133375145914,5969.818160326825,6017.886901523867,6066.342690335802,6115.188643254807,6164.427901866934,6214.06363305417,6264.099029198114,6314.537308385285,6365.381714614103,6416.635518003553,6468.302015003491,6520.384528606639,6572.88640856233,6625.811031591967,6679.16180160615,6732.942149923667,6787.155535492116,6841.805445110439,6896.895393653112,6952.428924296275,7008.409608745552,7064.841047465831,7121.726869912778,7179.070734766296,7236.876330165845,7295.147373947643,7353.887613883764,7413.100827923194,7472.790824434837,7532.961442452409,7593.616551921397,7654.7600539479145,7716.395881049652,7778.527997408752,7841.160399126823,7904.2971144818985,7967.94220418758,8032.099761654146,8096.773913251861,8161.968818576374,8227.688670716232,8293.937696522553,8360.720156880894,8428.04034698531,8495.90259661459,8564.311270410717,8633.270768159597,8702.785525074065,8772.860012079082,8843.498736099358,8914.706240349144,8986.487104624512,9058.845945597834,9131.787417114787,9205.31621049359,9279.437054826807,9354.154717285446,9429.47400342559,9505.399757497484,9581.936862757088,9659.090241780126,9736.864856778713,9815.265709920519,9894.297843650465,9973.966341015032,10054.276325989182,10135.232963805956,10216.841461288606,10299.107067185563,10382.035072507933,10465.630810869876,10549.89965883156,10634.84703624505,10720.478406602804,10806.799277389146,10893.815200434417,10981.531772272076,11069.954634498676,11159.08947413668,11248.94202400021,11339.518063063782,11430.823416834026,11522.863957724268,11615.64560543233,11709.174327321158,11803.456138802712,11898.49710372478,11994.303334761045,12090.880993804161,12188.23629236214,12286.375491957784,12385.304904531427,12485.030892846919,12585.55987090084,12686.898304334996,12789.052710852275,12892.029660635888,12995.8357767719,13100.477735675182,13205.962267518828,13312.296156667053,13419.486242111492,13527.539417911097,13636.462633635434,13746.262894811807,13856.947263375758,13968.522858125163,14080.996855178266,14194.376488435144,14308.66905004285,14423.881890864615] 0.31126199007860056 [Infinity,Infinity,Infinity,Infinity,Infinity,Infinity,Infinity,Infinity,Infinity,Infinity,Infinity,Infinity,Infinity,Infinity,Infinity,Infinity,Infinity,Infinity,Infinity,Infinity,Infinity,Infinity,Infinity,Infinity,Infinity,Infinity,Infinity,Infinity,Infinity,Infinity,Infinity,Infinity,Infinity,Infinity,Infinity,Infinity,Infinity,Infinity,Infinity,Infinity,Infinity,Infinity,Infinity,Infinity,Infinity,Infinity,Infinity,Infinity,Infinity,Infinity,Infinity,Infinity,Infinity,Infinity,Infinity,Infinity,Infinity,Infinity,Infinity,Infinity,Infinity,Infinity,Infinity,Infinity,Infinity,Infinity,Infinity,Infinity,Infinity,Infinity,Infinity,Infinity,Infinity,Infinity,Infinity,Infinity,Infinity,Infinity,Infinity,Infinity,Infinity,Infinity,Infinity,Infinity,Infinity,Infinity,Infinity,Infinity,Infinity,Infinity,Infinity,Infinity,Infinity,Infinity,Infinity,Infinity,Infinity,Infinity,Infinity,Infinity,Infinity,Infinity,Infinity,Infinity,Infinity,Infinity,Infinity,Infinity,Infinity,Infinity,Infinity,Infinity,Infinity,Infinity,Infinity,Infinity,Infinity,Infinity,Infinity,Infinity,Infinity,Infinity,Infinity,Infinity,Infinity,Infinity,Infinity,Infinity,Infinity,Infinity,Infinity,Infinity,Infinity,Infinity,Infinity,Infinity,Infinity,Infinity,Infinity,Infinity,Infinity,Infinity,Infinity,Infinity,Infinity,Infinity,Infinity,Infinity,Infinity,Infinity,Infinity,Infinity,Infinity,Infinity,Infinity,Infinity,Infinity,Infinity,Infinity,Infinity,Infinity,Infinity,Infinity,Infinity,Infinity,Infinity,Infinity,Infinity,Infinity,Infinity,Infinity,Infinity,Infinity,Infinity,Infinity,Infinity,Infinity,Infinity,Infinity,Infinity,Infinity,Infinity,Infinity,Infinity,Infinity,Infinity,Infinity,Infinity,Infinity,Infinity,Infinity,Infinity,Infinity,Infinity,Infinity,Infinity,Infinity,Infinity,Infinity,Infinity,Infinity,Infinity,Infinity,Infinity,Infinity,Infinity,Infinity,Infinity,Infinity,Infinity,Infinity,Infinity,Infinity,Infinity,Infinity,Infinity,Infinity,Infinity,Infinity,Infinity,Infinity,Infinity,Infinity,Infinity,Infinity,Infinity,Infinity,Infinity,Infinity,Infinity,Infinity,Infinity,Infinity,Infinity,Infinity,Infinity,Infinity,Infinity,Infinity,Infinity,Infinity,Infinity,Infinity,Infinity,Infinity,Infinity,Infinity,Infinity,Infinity,Infinity,Infinity,Infinity,Infinity,Infinity,Infinity,Infinity,Infinity,Infinity,Infinity,Infinity,Infinity,Infinity,Infinity,Infinity,Infinity,Infinity,Infinity,Infinity,Infinity,Infinity,Infinity,Infinity,Infinity,Infinity,Infinity,Infinity,Infinity,Infinity,Infinity,Infinity,Infinity,Infinity,Infinity,Infinity,Infinity,Infinity,Infinity,Infinity,Infinity,Infinity,Infinity,Infinity,Infinity,Infinity,Infinity,Infinity,Infinity,Infinity,Infinity,Infinity] [0.0,0.0,0.0,0.0,0.0,0.0,0.0,0.0,0.0,0.0,0.0,0.0,0.0,0.0,0.0,0.0,0.0,0.0,0.0,0.0,0.0,0.0,0.0,0.0,0.0,0.0,0.0,0.0,0.0,0.0,0.0,0.0,0.0,0.0,0.0,0.0,0.0,0.0,0.0,0.0,0.0,0.0,0.0,0.0,0.0,0.0,0.0,0.0,0.0,0.0,0.0,0.0,0.0,0.0,0.0,0.0,0.0,0.0,0.0,0.0,0.0,0.0,0.0,0.0,0.0,0.0,0.0,0.0,0.0,0.0,0.0,0.0,0.0,0.0,0.0,0.0,0.0,0.0,0.0,0.0,0.0,0.0,0.0,0.0,0.0,0.0,0.0,0.0,0.0,0.0,0.0,0.0,0.0,0.0,0.0,0.0,0.0,0.0,0.0,0.0,0.0,0.0,0.0,0.0,0.0,0.0,0.0,0.0,0.0,0.0,0.0,0.0,0.0,0.0,0.0,0.0,0.0,0.0,0.0,0.0,0.0,0.0,0.0,0.0,0.0,0.0,0.0,0.0,0.0,0.0,0.0,0.0,0.0,0.0,0.0,0.0,0.0,0.0,0.0,0.0,0.0,0.0,0.0,0.0,0.0,0.0,0.0,0.0,0.0,0.0,0.0,0.0,0.0,0.0,0.0,0.0,0.0,0.0,0.0,0.0,0.0,0.0,0.0,0.0,0.0,0.0,0.0,0.0,0.0,0.0,0.0,0.0,0.0,0.0,0.0,0.0,0.0,0.0,0.0,0.0,0.0,0.0,0.0,0.0,0.0,0.0,0.0,0.0,0.0,0.0,0.0,0.0,0.0,0.0,0.0,0.0,0.0,0.0,0.0,0.0,0.0,0.0,0.0,0.0,0.0,0.0,0.0,0.0,0.0,0.0,0.0,0.0,0.0,0.0,0.0,0.0,0.0,0.0,0.0,0.0,0.0,0.0,0.0,0.0,0.0,0.0,0.0,0.0,0.0,0.0,0.0,0.0,0.0,0.0,0.0,0.0,0.0,0.0,0.0,0.0,0.0,0.0,0.0,0.0,0.0,0.0,0.0,0.0,0.0,0.0,0.0,0.0,0.0,0.0,0.0,0.0,0.0,0.0,0.0,0.0,0.0,0.0,0.0,0.0,0.0,0.0,0.0,0.0,0.0,0.0,0.0,0.0,0.0,0.0,0.0,0.0,0.0,0.0,0.0,0.0,0.0,0.0,0.0,0.0,0.0,0.0,0.0,0.0,0.0,0.0,0.0,0.0,0.0,0.0,0.0,0.0,0.0,0.0,0.0,0.0]
56117.12871493206 [0.0,0.0,0.0,0.0,0.0,0.0,0.0,0.0,0.0,0.0,0.0,0.0,0.0,0.0,0.0,0.0,0.0,0.0,0.0,0.0,0.0,0.0,0.0,0.0,0.0,0.0,0.0,0.0,0.0,0.0,0.0,0.0,0.0,0.0,0.0,0.0,0.0,0.0,0.0,0.0,0.0,0.0,0.0,0.0,0.0,0.0,0.0,0.0,0.0,0.0,0.0,0.0,0.0,0.0,0.0,0.0,0.0,0.0,0.0,0.0,0.0,0.0,0.0,0.0,0.0,0.0,0.0,0.0,0.0,0.0,0.0,0.0,0.0,0.0,0.0,0.0,0.0,0.0,0.0,0.0,0.0,0.0,0.0,0.0,0.0,0.0,0.0,0.0,0.0,0.0,0.0,0.0,0.0,0.0,0.0,0.0,0.0,0.0,0.0,0.0,0.0,0.0,0.0,0.0,0.0,0.0,0.0,0.0,0.0,0.0,0.0,0.0,0.0,0.0,0.0,0.0,0.0,0.0,0.0,0.0,0.0,0.0,0.0,0.0,0.0,0.0,0.0,0.0,0.0,0.0,0.0,0.0,0.0,0.0,0.0,0.0,0.0,0.0,0.0,0.0,0.0,0.0,0.0,0.0,0.0,0.0,0.0,0.0,0.0,0.0,0.0,0.0,0.0,0.0,0.0,0.0,0.0,0.0,0.0,0.0,0.0,0.0,0.0,0.0,0.0,0.0,0.0,0.0,0.0,0.0,0.0,0.0,0.0,0.0,0.0,0.0,0.0,0.0,0.0,0.0,0.0,0.0,0.0,0.0,0.0,0.0,0.0,0.0,0.0,0.0,0.0,0.0,0.0,0.0,0.0,0.0,0.0,0.0,0.0,0.0,0.0,0.0,0.0,0.0,0.0,0.0,0.0,0.0,0.0,0.0,0.0,0.0,0.0,0.0,0.0,0.0,0.0,0.0,0.0,0.0,0.0,0.0,0.0,0.0,0.0,0.0,0.0,0.0,0.0,0.0,0.0,0.0,0.0,0.0,0.0,0.0,0.0,0.0,0.0,0.0,0.0,0.0,0.0,0.0,0.0,0.0,0.0,0.0,0.0,0.0,0.0,0.0,0.0,0.0,0.0,0.0,0.0,0.0,0.0,0.0,0.0,0.0,0.0,0.0,0.0,0.0,0.0,0.0,0.0,0.0,0.0,0.0,0.0,0.0,0.0,0.0,0.0,0.0,0.0,0.0,0.0,0.0,0.0,0.0,0.0,0.0,0.0,0.0,0.0,0.0,0.0,0.0,0.0,0.0,0.0,0.0,0.0,0.0,0.0,0.0] [1311.2619900786005,1321.8202200865917,1332.463464547639,1343.19240799478,1354.0077404728797,1364.9101575830227,1375.9003605272408,1386.9790561536227,1398.1469570017646,1409.4047813486081,1420.7532532546286,1432.193102610412,1443.7250651835902,1455.3498826661717,1467.068302722235,1478.881079036026,1490.78897136042,1502.7927455657994,1514.8931736892998,1527.0910339844697,1539.3871109713293,1551.7821954868166,1564.2770847356642,1576.872582341659,1589.569498399342,1602.368649526097,1615.270858914685,1628.2769563861766,1641.3877784433362,1654.6041683244075,1667.9269760573632,1681.3570585145608,1694.895279467867,1708.5425096441993,1722.2996267815402,1736.1675156853773,1750.1470682856248,1764.2391836939755,1778.4447682617345,1792.7647356381167,1807.2000068289992,1821.7515102561672,1836.4201818170154,1851.2069649447558,1866.112810669078,1881.1386776773347,1896.285532376183,1911.5543489537563,1926.9461094423048,1942.4618037813711,1958.1024298814455,1973.8689936881608,1989.7625092469793,2005.7839987684179,2021.9344926937952,2038.215029761504,2054.626657073813,2071.1704301642176,2087.8474130653335,2104.6586783773164,2121.605307336866,2138.6883898867477,2155.9090247459117,2173.268319480143,2190.767390573309,2208.407363499154,2226.1893727937027,2244.1145621282076,2262.184084382728,2280.399101720259,2298.7607856614945,2317.2703171601615,2335.9288866789793,2354.7376942662327,2373.6979496329395,2392.810872230673,2412.077691329971,2431.4996460994216,2451.0779856853383,2470.813969292122,2490.7088662632277,2510.763956162824,2530.9805288580706,2551.359884602096,2571.9033341176064,2592.612198681206,2613.487810208354,2634.5315113390543,2655.7446555241822,2677.1286071125573,2698.6847414386757,2720.4144449111714,2742.319115101994,2764.4001608362782,2786.6590022829737,2809.097071046162,2831.715810257159,2854.5166746673017,2877.5011307415425,2900.67065675274,2924.0267428767575,2947.570891288285,2971.304616257478,2995.22944424732,3019.346914011829,3043.658576695001,3068.1659959305807,3092.870747942638,3117.7744216469364,3142.87861875312,3168.1849538677375,3193.695054598094,3219.410561656912,3245.333128967883,3271.4644237720117,3297.806126734876,3324.3599320546946,3351.1275475713155,3378.1106948760344,3405.3111094223436,3432.7305406375262,3460.3707520352004,3488.23352132871,3516.320640545493,3544.6339161423107,3573.1751691214417,3601.9462351478164,3630.9489646670518,3660.1852230244945,3689.6568905851636,3719.3658628547196,3749.3140506013438,3779.5033799786634,3809.935792649603,3840.6132459112973,3871.5377128209448,3902.7111823227383,3934.135659375755,3965.8131650829396,3997.7457368210635,4029.9354283717907,4062.3843100537392,4095.0944688556665,4128.068008570669,4161.3070499315045,4194.813730746993,4228.590206039511,4262.638648183577,4296.961247045588,4331.560210124669,4366.437762694626,4401.596147947099,4437.037627135803,4472.764479721992,4508.779003521039,4545.083514850253,4581.680348677821,4618.571858773019,4655.7604178575675,4693.248417758249,4731.038269560753,4769.132403764733,4807.533270440121,4846.243339384716,4885.265100283049,4924.601062866471,4964.253757074609,5004.22573321805,5044.519562142395,5085.137835393579,5126.08316538458,5167.3581855634,5208.965550582488,5250.907936469426,5293.188040799074,5335.808582867062,5378.772303864684,5422.081967055189,5465.740357951513,5509.7502844954415,5554.1145772382,5598.836089522486,5643.917697666003,5689.362301146471,5735.17282278806,5781.352208949439,5827.903429713208,5874.829479076986,5922.133375145914,5969.818160326825,6017.886901523867,6066.342690335802,6115.188643254807,6164.427901866934,6214.06363305417,6264.099029198114,6314.537308385285,6365.381714614103,6416.635518003553,6468.302015003491,6520.384528606639,6572.88640856233,6625.811031591967,6679.16180160615,6732.942149923667,6787.155535492116,6841.805445110439,6896.895393653112,6952.428924296275,7008.409608745552,7064.841047465831,7121.726869912778,7179.070734766296,7236.876330165845,7295.147373947643,7353.887613883764,7413.100827923194,7472.790824434837,7532.961442452409,7593.616551921397,7654.7600539479145,7716.395881049652,7778.527997408752,7841.160399126823,7904.2971144818985,7967.94220418758,8032.099761654146,8096.773913251861,8161.968818576374,8227.688670716232,8293.937696522553,8360.720156880894,8428.04034698531,8495.90259661459,8564.311270410717,8633.270768159597,8702.785525074065,8772.860012079082,8843.498736099358,8914.706240349144,8986.487104624512,9058.845945597834,9131.787417114787,9205.31621049359,9279.437054826807,9354.154717285446,9429.47400342559,9505.399757497484,9581.936862757088,9659.090241780126,9736.864856778713,9815.265709920519,9894.297843650465,9973.966341015032,10054.276325989182,10135.232963805956,10216.841461288606,10299.107067185563,10382.035072507933,10465.630810869876,10549.89965883156,10634.84703624505,10720.478406602804,10806.799277389146,10893.815200434417,10981.531772272076,11069.954634498676,11159.08947413668,11248.94202400021,11339.518063063782,11430.823416834026,11522.863957724268,11615.64560543233,11709.174327321158,11803.456138802712,11898.49710372478,11994.303334761045,12090.880993804161,12188.23629236214,12286.375491957784,12385.304904531427,12485.030892846919,12585.55987090084,12686.898304334996,12789.052710852275,12892.029660635888,12995.8357767719,13100.477735675182,13205.962267518828,13312.296156667053,13419.486242111492,13527.539417911097,13636.462633635434,13746.262894811807,13856.947263375758,13968.522858125163,14080.996855178266,14194.376488435144,14308.66905004285,14423.881890864615] 0.31126199007860056 [Infinity,Infinity,Infinity,Infinity,Infinity,Infinity,Infinity,Infinity,Infinity,Infinity,Infinity,Infinity,Infinity,Infinity,Infinity,Infinity,Infinity,Infinity,Infinity,Infinity,Infinity,Infinity,Infinity,Infinity,Infinity,Infinity,Infinity,Infinity,Infinity,Infinity,Infinity,Infinity,Infinity,Infinity,Infinity,Infinity,Infinity,Infinity,Infinity,Infinity,Infinity,Infinity,Infinity,Infinity,Infinity,Infinity,Infinity,Infinity,Infinity,Infinity,Infinity,Infinity,Infinity,Infinity,Infinity,Infinity,Infinity,Infinity,Infinity,Infinity,Infinity,Infinity,Infinity,Infinity,Infinity,Infinity,Infinity,Infinity,Infinity,Infinity,Infinity,Infinity,Infinity,Infinity,Infinity,Infinity,Infinity,Infinity,Infinity,Infinity,Infinity,Infinity,Infinity,Infinity,Infinity,Infinity,Infinity,Infinity,Infinity,Infinity,Infinity,Infinity,Infinity,Infinity,Infinity,Infinity,Infinity,Infinity,Infinity,Infinity,Infinity,Infinity,Infinity,Infinity,Infinity,Infinity,Infinity,Infinity,Infinity,Infinity,Infinity,Infinity,Infinity,Infinity,Infinity,Infinity,Infinity,Infinity,Infinity,Infinity,Infinity,Infinity,Infinity,Infinity,Infinity,Infinity,Infinity,Infinity,Infinity,Infinity,Infinity,Infinity,Infinity,Infinity,Infinity,Infinity,Infinity,Infinity,Infinity,Infinity,Infinity,Infinity,Infinity,Infinity,Infinity,Infinity,Infinity,Infinity,Infinity,Infinity,Infinity,Infinity,Infinity,Infinity,Infinity,Infinity,Infinity,Infinity,Infinity,Infinity,Infinity,Infinity,Infinity,Infinity,Infinity,Infinity,Infinity,Infinity,Infinity,Infinity,Infinity,Infinity,Infinity,Infinity,Infinity,Infinity,Infinity,Infinity,Infinity,Infinity,Infinity,Infinity,Infinity,Infinity,Infinity,Infinity,Infinity,Infinity,Infinity,Infinity,Infinity,Infinity,Infinity,Infinity,Infinity,Infinity,Infinity,Infinity,Infinity,Infinity,Infinity,Infinity,Infinity,Infinity,Infinity,Infinity,Infinity,Infinity,Infinity,Infinity,Infinity,Infinity,Infinity,Infinity,Infinity,Infinity,Infinity,Infinity,Infinity,Infinity,Infinity,Infinity,Infinity,Infinity,Infinity,Infinity,Infinity,Infinity,Infinity,Infinity,Infinity,Infinity,Infinity,Infinity,Infinity,Infinity,Infinity,Infinity,Infinity,Infinity,Infinity,Infinity,Infinity,Infinity,Infinity,Infinity,Infinity,Infinity,Infinity,Infinity,Infinity,Infinity,Infinity,Infinity,Infinity,Infinity,Infinity,Infinity,Infinity,Infinity,Infinity,Infinity,Infinity,Infinity,Infinity,Infinity,Infinity,Infinity,Infinity,Infinity,Infinity,Infinity,Infinity,Infinity,Infinity,Infinity,Infinity,Infinity,Infinity,Infinity,Infinity,Infinity,Infinity,Infinity,Infinity,Infinity,Infinity,Infinity,Infinity,Infinity,Infinity,Infinity,Infinity,Infinity,Infinity,Infinity,Infinity,Infinity,Infinity,Infinity] [0.0,0.0,0.0,0.0,0.0,0.0,0.0,0.0,0.0,0.0,0.0,0.0,0.0,0.0,0.0,0.0,0.0,0.0,0.0,0.0,0.0,0.0,0.0,0.0,0.0,0.0,0.0,0.0,0.0,0.0,0.0,0.0,0.0,0.0,0.0,0.0,0.0,0.0,0.0,0.0,0.0,0.0,0.0,0.0,0.0,0.0,0.0,0.0,0.0,0.0,0.0,0.0,0.0,0.0,0.0,0.0,0.0,0.0,0.0,0.0,0.0,0.0,0.0,0.0,0.0,0.0,0.0,0.0,0.0,0.0,0.0,0.0,0.0,0.0,0.0,0.0,0.0,0.0,0.0,0.0,0.0,0.0,0.0,0.0,0.0,0.0,0.0,0.0,0.0,0.0,0.0,0.0,0.0,0.0,0.0,0.0,0.0,0.0,0.0,0.0,0.0,0.0,0.0,0.0,0.0,0.0,0.0,0.0,0.0,0.0,0.0,0.0,0.0,0.0,0.0,0.0,0.0,0.0,0.0,0.0,0.0,0.0,0.0,0.0,0.0,0.0,0.0,0.0,0.0,0.0,0.0,0.0,0.0,0.0,0.0,0.0,0.0,0.0,0.0,0.0,0.0,0.0,0.0,0.0,0.0,0.0,0.0,0.0,0.0,0.0,0.0,0.0,0.0,0.0,0.0,0.0,0.0,0.0,0.0,0.0,0.0,0.0,0.0,0.0,0.0,0.0,0.0,0.0,0.0,0.0,0.0,0.0,0.0,0.0,0.0,0.0,0.0,0.0,0.0,0.0,0.0,0.0,0.0,0.0,0.0,0.0,0.0,0.0,0.0,0.0,0.0,0.0,0.0,0.0,0.0,0.0,0.0,0.0,0.0,0.0,0.0,0.0,0.0,0.0,0.0,0.0,0.0,0.0,0.0,0.0,0.0,0.0,0.0,0.0,0.0,0.0,0.0,0.0,0.0,0.0,0.0,0.0,0.0,0.0,0.0,0.0,0.0,0.0,0.0,0.0,0.0,0.0,0.0,0.0,0.0,0.0,0.0,0.0,0.0,0.0,0.0,0.0,0.0,0.0,0.0,0.0,0.0,0.0,0.0,0.0,0.0,0.0,0.0,0.0,0.0,0.0,0.0,0.0,0.0,0.0,0.0,0.0,0.0,0.0,0.0,0.0,0.0,0.0,0.0,0.0,0.0,0.0,0.0,0.0,0.0,0.0,0.0,0.0,0.0,0.0,0.0,0.0,0.0,0.0,0.0,0.0,0.0,0.0,0.0,0.0,0.0,0.0,0.0,0.0,0.0,0.0,0.0,0.0,0.0,0.0]
56344.94108424096 [0.0,0.0,0.0,0.0,0.0,0.0,0.0,0.0,0.0,0.0,0.0,0.0,0.0,0.0,0.0,0.0,0.0,0.0,0.0,0.0,0.0,0.0,0.0,0.0,0.0,0.0,0.0,0.0,0.0,0.0,0.0,0.0,0.0,0.0,0.0,0.0,0.0,0.0,0.0,0.0,0.0,0.0,0.0,0.0,0.0,0.0,0.0,0.0,0.0,0.0,0.0,0.0,0.0,0.0,0.0,0.0,0.0,0.0,0.0,0.0,0.0,0.0,0.0,0.0,0.0,0.0,0.0,0.0,0.0,0.0,0.0,0.0,0.0,0.0,0.0,0.0,0.0,0.0,0.0,0.0,0.0,0.0,0.0,0.0,0.0,0.0,0.0,0.0,0.0,0.0,0.0,0.0,0.0,0.0,0.0,0.0,0.0,0.0,0.0,0.0,0.0,0.0,0.0,0.0,0.0,0.0,0.0,0.0,0.0,0.0,0.0,0.0,0.0,0.0,0.0,0.0,0.0,0.0,0.0,0.0,0.0,0.0,0.0,0.0,0.0,0.0,0.0,0.0,0.0,0.0,0.0,0.0,0.0,0.0,0.0,0.0,0.0,0.0,0.0,0.0,0.0,0.0,0.0,0.0,0.0,0.0,0.0,0.0,0.0,0.0,0.0,0.0,0.0,0.0,0.0,0.0,0.0,0.0,0.0,0.0,0.0,0.0,0.0,0.0,0.0,0.0,0.0,0.0,0.0,0.0,0.0,0.0,0.0,0.0,0.0,0.0,0.0,0.0,0.0,0.0,0.0,0.0,0.0,0.0,0.0,0.0,0.0,0.0,0.0,0.0,0.0,0.0,0.0,0.0,0.0,0.0,0.0,0.0,0.0,0.0,0.0,0.0,0.0,0.0,0.0,0.0,0.0,0.0,0.0,0.0,0.0,0.0,0.0,0.0,0.0,0.0,0.0,0.0,0.0,0.0,0.0,0.0,0.0,0.0,0.0,0.0,0.0,0.0,0.0,0.0,0.0,0.0,0.0,0.0,0.0,0.0,0.0,0.0,0.0,0.0,0.0,0.0,0.0,0.0,0.0,0.0,0.0,0.0,0.0,0.0,0.0,0.0,0.0,0.0,0.0,0.0,0.0,0.0,0.0,0.0,0.0,0.0,0.0,0.0,0.0,0.0,0.0,0.0,0.0,0.0,0.0,0.0,0.0,0.0,0.0,0.0,0.0,0.0,0.0,0.0,0.0,0.0,0.0,0.0,0.0,0.0,0.0,0.0,0.0,0.0,0.0,0.0,0.0,0.0,0.0,0.0,0.0,0.0,0.0,0.0] [1311.2619900786005,1321.8202200865917,1332.463464547639,1343.19240799478,1354.0077404728797,1364.9101575830227,1375.9003605272408,1386.9790561536227,1398.1469570017646,1409.4047813486081,1420.7532532546286,1432.193102610412,1443.7250651835902,1455.3498826661717,1467.068302722235,1478.881079036026,1490.78897136042,1502.7927455657994,1514.8931736892998,1527.0910339844697,1539.3871109713293,1551.7821954868166,1564.2770847356642,1576.872582341659,1589.569498399342,1602.368649526097,1615.270858914685,1628.2769563861766,1641.3877784433362,1654.6041683244075,1667.9269760573632,1681.3570585145608,1694.895279467867,1708.5425096441993,1722.2996267815402,1736.1675156853773,1750.1470682856248,1764.2391836939755,1778.4447682617345,1792.7647356381167,1807.2000068289992,1821.7515102561672,1836.4201818170154,1851.2069649447558,1866.112810669078,1881.1386776773347,1896.285532376183,1911.5543489537563,1926.9461094423048,1942.4618037813711,1958.1024298814455,1973.8689936881608,1989.7625092469793,2005.7839987684179,2021.9344926937952,2038.215029761504,2054.626657073813,2071.1704301642176,2087.8474130653335,2104.6586783773164,2121.605307336866,2138.6883898867477,2155.9090247459117,2173.268319480143,2190.767390573309,2208.407363499154,2226.1893727937027,2244.1145621282076,2262.184084382728,2280.399101720259,2298.7607856614945,2317.2703171601615,2335.9288866789793,2354.7376942662327,2373.6979496329395,2392.810872230673,2412.077691329971,2431.4996460994216,2451.0779856853383,2470.813969292122,2490.7088662632277,2510.763956162824,2530.9805288580706,2551.359884602096,2571.9033341176064,2592.612198681206,2613.487810208354,2634.5315113390543,2655.7446555241822,2677.1286071125573,2698.6847414386757,2720.4144449111714,2742.319115101994,2764.4001608362782,2786.6590022829737,2809.097071046162,2831.715810257159,2854.5166746673017,2877.5011307415425,2900.67065675274,2924.0267428767575,2947.570891288285,2971.304616257478,2995.22944424732,3019.346914011829,3043.658576695001,3068.1659959305807,3092.870747942638,3117.7744216469364,3142.87861875312,3168.1849538677375,3193.695054598094,3219.410561656912,3245.333128967883,3271.4644237720117,3297.806126734876,3324.3599320546946,3351.1275475713155,3378.1106948760344,3405.3111094223436,3432.7305406375262,3460.3707520352004,3488.23352132871,3516.320640545493,3544.6339161423107,3573.1751691214417,3601.9462351478164,3630.9489646670518,3660.1852230244945,3689.6568905851636,3719.3658628547196,3749.3140506013438,3779.5033799786634,3809.935792649603,3840.6132459112973,3871.5377128209448,3902.7111823227383,3934.135659375755,3965.8131650829396,3997.7457368210635,4029.9354283717907,4062.3843100537392,4095.0944688556665,4128.068008570669,4161.3070499315045,4194.813730746993,4228.590206039511,4262.638648183577,4296.961247045588,4331.560210124669,4366.437762694626,4401.596147947099,4437.037627135803,4472.764479721992,4508.779003521039,4545.083514850253,4581.680348677821,4618.571858773019,4655.7604178575675,4693.248417758249,4731.038269560753,4769.132403764733,4807.533270440121,4846.243339384716,4885.265100283049,4924.601062866471,4964.253757074609,5004.22573321805,5044.519562142395,5085.137835393579,5126.08316538458,5167.3581855634,5208.965550582488,5250.907936469426,5293.188040799074,5335.808582867062,5378.772303864684,5422.081967055189,5465.740357951513,5509.7502844954415,5554.1145772382,5598.836089522486,5643.917697666003,5689.362301146471,5735.17282278806,5781.352208949439,5827.903429713208,5874.829479076986,5922.133375145914,5969.818160326825,6017.886901523867,6066.342690335802,6115.188643254807,6164.427901866934,6214.06363305417,6264.099029198114,6314.537308385285,6365.381714614103,6416.635518003553,6468.302015003491,6520.384528606639,6572.88640856233,6625.811031591967,6679.16180160615,6732.942149923667,6787.155535492116,6841.805445110439,6896.895393653112,6952.428924296275,7008.409608745552,7064.841047465831,7121.726869912778,7179.070734766296,7236.876330165845,7295.147373947643,7353.887613883764,7413.100827923194,7472.790824434837,7532.961442452409,7593.616551921397,7654.7600539479145,7716.395881049652,7778.527997408752,7841.160399126823,7904.2971144818985,7967.94220418758,8032.099761654146,8096.773913251861,8161.968818576374,8227.688670716232,8293.937696522553,8360.720156880894,8428.04034698531,8495.90259661459,8564.311270410717,8633.270768159597,8702.785525074065,8772.860012079082,8843.498736099358,8914.706240349144,8986.487104624512,9058.845945597834,9131.787417114787,9205.31621049359,9279.437054826807,9354.154717285446,9429.47400342559,9505.399757497484,9581.936862757088,9659.090241780126,9736.864856778713,9815.265709920519,9894.297843650465,9973.966341015032,10054.276325989182,10135.232963805956,10216.841461288606,10299.107067185563,10382.035072507933,10465.630810869876,10549.89965883156,10634.84703624505,10720.478406602804,10806.799277389146,10893.815200434417,10981.531772272076,11069.954634498676,11159.08947413668,11248.94202400021,11339.518063063782,11430.823416834026,11522.863957724268,11615.64560543233,11709.174327321158,11803.456138802712,11898.49710372478,11994.303334761045,12090.880993804161,12188.23629236214,12286.375491957784,12385.304904531427,12485.030892846919,12585.55987090084,12686.898304334996,12789.052710852275,12892.029660635888,12995.8357767719,13100.477735675182,13205.962267518828,13312.296156667053,13419.486242111492,13527.539417911097,13636.462633635434,13746.262894811807,13856.947263375758,13968.522858125163,14080.996855178266,14194.376488435144,14308.66905004285,14423.881890864615] 0.31126199007860056 [Infinity,Infinity,Infinity,Infinity,Infinity,Infinity,Infinity,Infinity,Infinity,Infinity,Infinity,Infinity,Infinity,Infinity,Infinity,Infinity,Infinity,Infinity,Infinity,Infinity,Infinity,Infinity,Infinity,Infinity,Infinity,Infinity,Infinity,Infinity,Infinity,Infinity,Infinity,Infinity,Infinity,Infinity,Infinity,Infinity,Infinity,Infinity,Infinity,Infinity,Infinity,Infinity,Infinity,Infinity,Infinity,Infinity,Infinity,Infinity,Infinity,Infinity,Infinity,Infinity,Infinity,Infinity,Infinity,Infinity,Infinity,Infinity,Infinity,Infinity,Infinity,Infinity,Infinity,Infinity,Infinity,Infinity,Infinity,Infinity,Infinity,Infinity,Infinity,Infinity,Infinity,Infinity,Infinity,Infinity,Infinity,Infinity,Infinity,Infinity,Infinity,Infinity,Infinity,Infinity,Infinity,Infinity,Infinity,Infinity,Infinity,Infinity,Infinity,Infinity,Infinity,Infinity,Infinity,Infinity,Infinity,Infinity,Infinity,Infinity,Infinity,Infinity,Infinity,Infinity,Infinity,Infinity,Infinity,Infinity,Infinity,Infinity,Infinity,Infinity,Infinity,Infinity,Infinity,Infinity,Infinity,Infinity,Infinity,Infinity,Infinity,Infinity,Infinity,Infinity,Infinity,Infinity,Infinity,Infinity,Infinity,Infinity,Infinity,Infinity,Infinity,Infinity,Infinity,Infinity,Infinity,Infinity,Infinity,Infinity,Infinity,Infinity,Infinity,Infinity,Infinity,Infinity,Infinity,Infinity,Infinity,Infinity,Infinity,Infinity,Infinity,Infinity,Infinity,Infinity,Infinity,Infinity,Infinity,Infinity,Infinity,Infinity,Infinity,Infinity,Infinity,Infinity,Infinity,Infinity,Infinity,Infinity,Infinity,Infinity,Infinity,Infinity,Infinity,Infinity,Infinity,Infinity,Infinity,Infinity,Infinity,Infinity,Infinity,Infinity,Infinity,Infinity,Infinity,Infinity,Infinity,Infinity,Infinity,Infinity,Infinity,Infinity,Infinity,Infinity,Infinity,Infinity,Infinity,Infinity,Infinity,Infinity,Infinity,Infinity,Infinity,Infinity,Infinity,Infinity,Infinity,Infinity,Infinity,Infinity,Infinity,Infinity,Infinity,Infinity,Infinity,Infinity,Infinity,Infinity,Infinity,Infinity,Infinity,Infinity,Infinity,Infinity,Infinity,Infinity,Infinity,Infinity,Infinity,Infinity,Infinity,Infinity,Infinity,Infinity,Infinity,Infinity,Infinity,Infinity,Infinity,Infinity,Infinity,Infinity,Infinity,Infinity,Infinity,Infinity,Infinity,Infinity,Infinity,Infinity,Infinity,Infinity,Infinity,Infinity,Infinity,Infinity,Infinity,Infinity,Infinity,Infinity,Infinity,Infinity,Infinity,Infinity,Infinity,Infinity,Infinity,Infinity,Infinity,Infinity,Infinity,Infinity,Infinity,Infinity,Infinity,Infinity,Infinity,Infinity,Infinity,Infinity,Infinity,Infinity,Infinity,Infinity,Infinity,Infinity,Infinity,Infinity,Infinity,Infinity,Infinity,Infinity,Infinity,Infinity,Infinity,Infinity,Infinity,Infinity] [0.0,0.0,0.0,0.0,0.0,0.0,0.0,0.0,0.0,0.0,0.0,0.0,0.0,0.0,0.0,0.0,0.0,0.0,0.0,0.0,0.0,0.0,0.0,0.0,0.0,0.0,0.0,0.0,0.0,0.0,0.0,0.0,0.0,0.0,0.0,0.0,0.0,0.0,0.0,0.0,0.0,0.0,0.0,0.0,0.0,0.0,0.0,0.0,0.0,0.0,0.0,0.0,0.0,0.0,0.0,0.0,0.0,0.0,0.0,0.0,0.0,0.0,0.0,0.0,0.0,0.0,0.0,0.0,0.0,0.0,0.0,0.0,0.0,0.0,0.0,0.0,0.0,0.0,0.0,0.0,0.0,0.0,0.0,0.0,0.0,0.0,0.0,0.0,0.0,0.0,0.0,0.0,0.0,0.0,0.0,0.0,0.0,0.0,0.0,0.0,0.0,0.0,0.0,0.0,0.0,0.0,0.0,0.0,0.0,0.0,0.0,0.0,0.0,0.0,0.0,0.0,0.0,0.0,0.0,0.0,0.0,0.0,0.0,0.0,0.0,0.0,0.0,0.0,0.0,0.0,0.0,0.0,0.0,0.0,0.0,0.0,0.0,0.0,0.0,0.0,0.0,0.0,0.0,0.0,0.0,0.0,0.0,0.0,0.0,0.0,0.0,0.0,0.0,0.0,0.0,0.0,0.0,0.0,0.0,0.0,0.0,0.0,0.0,0.0,0.0,0.0,0.0,0.0,0.0,0.0,0.0,0.0,0.0,0.0,0.0,0.0,0.0,0.0,0.0,0.0,0.0,0.0,0.0,0.0,0.0,0.0,0.0,0.0,0.0,0.0,0.0,0.0,0.0,0.0,0.0,0.0,0.0,0.0,0.0,0.0,0.0,0.0,0.0,0.0,0.0,0.0,0.0,0.0,0.0,0.0,0.0,0.0,0.0,0.0,0.0,0.0,0.0,0.0,0.0,0.0,0.0,0.0,0.0,0.0,0.0,0.0,0.0,0.0,0.0,0.0,0.0,0.0,0.0,0.0,0.0,0.0,0.0,0.0,0.0,0.0,0.0,0.0,0.0,0.0,0.0,0.0,0.0,0.0,0.0,0.0,0.0,0.0,0.0,0.0,0.0,0.0,0.0,0.0,0.0,0.0,0.0,0.0,0.0,0.0,0.0,0.0,0.0,0.0,0.0,0.0,0.0,0.0,0.0,0.0,0.0,0.0,0.0,0.0,0.0,0.0,0.0,0.0,0.0,0.0,0.0,0.0,0.0,0.0,0.0,0.0,0.0,0.0,0.0,0.0,0.0,0.0,0.0,0.0,0.0,0.0]
56137.21793636514 [0.0,0.0,0.0,0.0,0.0,0.0,0.0,0.0,0.0,0.0,0.0,0.0,0.0,0.0,0.0,0.0,0.0,0.0,0.0,0.0,0.0,0.0,0.0,0.0,0.0,0.0,0.0,0.0,0.0,0.0,0.0,0.0,0.0,0.0,0.0,0.0,0.0,0.0,0.0,0.0,0.0,0.0,0.0,0.0,0.0,0.0,0.0,0.0,0.0,0.0,0.0,0.0,0.0,0.0,0.0,0.0,0.0,0.0,0.0,0.0,0.0,0.0,0.0,0.0,0.0,0.0,0.0,0.0,0.0,0.0,0.0,0.0,0.0,0.0,0.0,0.0,0.0,0.0,0.0,0.0,0.0,0.0,0.0,0.0,0.0,0.0,0.0,0.0,0.0,0.0,0.0,0.0,0.0,0.0,0.0,0.0,0.0,0.0,0.0,0.0,0.0,0.0,0.0,0.0,0.0,0.0,0.0,0.0,0.0,0.0,0.0,0.0,0.0,0.0,0.0,0.0,0.0,0.0,0.0,0.0,0.0,0.0,0.0,0.0,0.0,0.0,0.0,0.0,0.0,0.0,0.0,0.0,0.0,0.0,0.0,0.0,0.0,0.0,0.0,0.0,0.0,0.0,0.0,0.0,0.0,0.0,0.0,0.0,0.0,0.0,0.0,0.0,0.0,0.0,0.0,0.0,0.0,0.0,0.0,0.0,0.0,0.0,0.0,0.0,0.0,0.0,0.0,0.0,0.0,0.0,0.0,0.0,0.0,0.0,0.0,0.0,0.0,0.0,0.0,0.0,0.0,0.0,0.0,0.0,0.0,0.0,0.0,0.0,0.0,0.0,0.0,0.0,0.0,0.0,0.0,0.0,0.0,0.0,0.0,0.0,0.0,0.0,0.0,0.0,0.0,0.0,0.0,0.0,0.0,0.0,0.0,0.0,0.0,0.0,0.0,0.0,0.0,0.0,0.0,0.0,0.0,0.0,0.0,0.0,0.0,0.0,0.0,0.0,0.0,0.0,0.0,0.0,0.0,0.0,0.0,0.0,0.0,0.0,0.0,0.0,0.0,0.0,0.0,0.0,0.0,0.0,0.0,0.0,0.0,0.0,0.0,0.0,0.0,0.0,0.0,0.0,0.0,0.0,0.0,0.0,0.0,0.0,0.0,0.0,0.0,0.0,0.0,0.0,0.0,0.0,0.0,0.0,0.0,0.0,0.0,0.0,0.0,0.0,0.0,0.0,0.0,0.0,0.0,0.0,0.0,0.0,0.0,0.0,0.0,0.0,0.0,0.0,0.0,0.0,0.0,0.0,0.0,0.0,0.0,0.0] [1311.2619900786005,1321.8202200865917,1332.463464547639,1343.19240799478,1354.0077404728797,1364.9101575830227,1375.9003605272408,1386.9790561536227,1398.1469570017646,1409.4047813486081,1420.7532532546286,1432.193102610412,1443.7250651835902,1455.3498826661717,1467.068302722235,1478.881079036026,1490.78897136042,1502.7927455657994,1514.8931736892998,1527.0910339844697,1539.3871109713293,1551.7821954868166,1564.2770847356642,1576.872582341659,1589.569498399342,1602.368649526097,1615.270858914685,1628.2769563861766,1641.3877784433362,1654.6041683244075,1667.9269760573632,1681.3570585145608,1694.895279467867,1708.5425096441993,1722.2996267815402,1736.1675156853773,1750.1470682856248,1764.2391836939755,1778.4447682617345,1792.7647356381167,1807.2000068289992,1821.7515102561672,1836.4201818170154,1851.2069649447558,1866.112810669078,1881.1386776773347,1896.285532376183,1911.5543489537563,1926.9461094423048,1942.4618037813711,1958.1024298814455,1973.8689936881608,1989.7625092469793,2005.7839987684179,2021.9344926937952,2038.215029761504,2054.626657073813,2071.1704301642176,2087.8474130653335,2104.6586783773164,2121.605307336866,2138.6883898867477,2155.9090247459117,2173.268319480143,2190.767390573309,2208.407363499154,2226.1893727937027,2244.1145621282076,2262.184084382728,2280.399101720259,2298.7607856614945,2317.2703171601615,2335.9288866789793,2354.7376942662327,2373.6979496329395,2392.810872230673,2412.077691329971,2431.4996460994216,2451.0779856853383,2470.813969292122,2490.7088662632277,2510.763956162824,2530.9805288580706,2551.359884602096,2571.9033341176064,2592.612198681206,2613.487810208354,2634.5315113390543,2655.7446555241822,2677.1286071125573,2698.6847414386757,2720.4144449111714,2742.319115101994,2764.4001608362782,2786.6590022829737,2809.097071046162,2831.715810257159,2854.5166746673017,2877.5011307415425,2900.67065675274,2924.0267428767575,2947.570891288285,2971.304616257478,2995.22944424732,3019.346914011829,3043.658576695001,3068.1659959305807,3092.870747942638,3117.7744216469364,3142.87861875312,3168.1849538677375,3193.695054598094,3219.410561656912,3245.333128967883,3271.4644237720117,3297.806126734876,3324.3599320546946,3351.1275475713155,3378.1106948760344,3405.3111094223436,3432.7305406375262,3460.3707520352004,3488.23352132871,3516.320640545493,3544.6339161423107,3573.1751691214417,3601.9462351478164,3630.9489646670518,3660.1852230244945,3689.6568905851636,3719.3658628547196,3749.3140506013438,3779.5033799786634,3809.935792649603,3840.6132459112973,3871.5377128209448,3902.7111823227383,3934.135659375755,3965.8131650829396,3997.7457368210635,4029.9354283717907,4062.3843100537392,4095.0944688556665,4128.068008570669,4161.3070499315045,4194.813730746993,4228.590206039511,4262.638648183577,4296.961247045588,4331.560210124669,4366.437762694626,4401.596147947099,4437.037627135803,4472.764479721992,4508.779003521039,4545.083514850253,4581.680348677821,4618.571858773019,4655.7604178575675,4693.248417758249,4731.038269560753,4769.132403764733,4807.533270440121,4846.243339384716,4885.265100283049,4924.601062866471,4964.253757074609,5004.22573321805,5044.519562142395,5085.137835393579,5126.08316538458,5167.3581855634,5208.965550582488,5250.907936469426,5293.188040799074,5335.808582867062,5378.772303864684,5422.081967055189,5465.740357951513,5509.7502844954415,5554.1145772382,5598.836089522486,5643.917697666003,5689.362301146471,5735.17282278806,5781.352208949439,5827.903429713208,5874.829479076986,5922.133375145914,5969.818160326825,6017.886901523867,6066.342690335802,6115.188643254807,6164.427901866934,6214.06363305417,6264.099029198114,6314.537308385285,6365.381714614103,6416.635518003553,6468.302015003491,6520.384528606639,6572.88640856233,6625.811031591967,6679.16180160615,6732.942149923667,6787.155535492116,6841.805445110439,6896.895393653112,6952.428924296275,7008.409608745552,7064.841047465831,7121.726869912778,7179.070734766296,7236.876330165845,7295.147373947643,7353.887613883764,7413.100827923194,7472.790824434837,7532.961442452409,7593.616551921397,7654.7600539479145,7716.395881049652,7778.527997408752,7841.160399126823,7904.2971144818985,7967.94220418758,8032.099761654146,8096.773913251861,8161.968818576374,8227.688670716232,8293.937696522553,8360.720156880894,8428.04034698531,8495.90259661459,8564.311270410717,8633.270768159597,8702.785525074065,8772.860012079082,8843.498736099358,8914.706240349144,8986.487104624512,9058.845945597834,9131.787417114787,9205.31621049359,9279.437054826807,9354.154717285446,9429.47400342559,9505.399757497484,9581.936862757088,9659.090241780126,9736.864856778713,9815.265709920519,9894.297843650465,9973.966341015032,10054.276325989182,10135.232963805956,10216.841461288606,10299.107067185563,10382.035072507933,10465.630810869876,10549.89965883156,10634.84703624505,10720.478406602804,10806.799277389146,10893.815200434417,10981.531772272076,11069.954634498676,11159.08947413668,11248.94202400021,11339.518063063782,11430.823416834026,11522.863957724268,11615.64560543233,11709.174327321158,11803.456138802712,11898.49710372478,11994.303334761045,12090.880993804161,12188.23629236214,12286.375491957784,12385.304904531427,12485.030892846919,12585.55987090084,12686.898304334996,12789.052710852275,12892.029660635888,12995.8357767719,13100.477735675182,13205.962267518828,13312.296156667053,13419.486242111492,13527.539417911097,13636.462633635434,13746.262894811807,13856.947263375758,13968.522858125163,14080.996855178266,14194.376488435144,14308.66905004285,14423.881890864615] 0.31126199007860056 [Infinity,Infinity,Infinity,Infinity,Infinity,Infinity,Infinity,Infinity,Infinity,Infinity,Infinity,Infinity,Infinity,Infinity,Infinity,Infinity,Infinity,Infinity,Infinity,Infinity,Infinity,Infinity,Infinity,Infinity,Infinity,Infinity,Infinity,Infinity,Infinity,Infinity,Infinity,Infinity,Infinity,Infinity,Infinity,Infinity,Infinity,Infinity,Infinity,Infinity,Infinity,Infinity,Infinity,Infinity,Infinity,Infinity,Infinity,Infinity,Infinity,Infinity,Infinity,Infinity,Infinity,Infinity,Infinity,Infinity,Infinity,Infinity,Infinity,Infinity,Infinity,Infinity,Infinity,Infinity,Infinity,Infinity,Infinity,Infinity,Infinity,Infinity,Infinity,Infinity,Infinity,Infinity,Infinity,Infinity,Infinity,Infinity,Infinity,Infinity,Infinity,Infinity,Infinity,Infinity,Infinity,Infinity,Infinity,Infinity,Infinity,Infinity,Infinity,Infinity,Infinity,Infinity,Infinity,Infinity,Infinity,Infinity,Infinity,Infinity,Infinity,Infinity,Infinity,Infinity,Infinity,Infinity,Infinity,Infinity,Infinity,Infinity,Infinity,Infinity,Infinity,Infinity,Infinity,Infinity,Infinity,Infinity,Infinity,Infinity,Infinity,Infinity,Infinity,Infinity,Infinity,Infinity,Infinity,Infinity,Infinity,Infinity,Infinity,Infinity,Infinity,Infinity,Infinity,Infinity,Infinity,Infinity,Infinity,Infinity,Infinity,Infinity,Infinity,Infinity,Infinity,Infinity,Infinity,Infinity,Infinity,Infinity,Infinity,Infinity,Infinity,Infinity,Infinity,Infinity,Infinity,Infinity,Infinity,Infinity,Infinity,Infinity,Infinity,Infinity,Infinity,Infinity,Infinity,Infinity,Infinity,Infinity,Infinity,Infinity,Infinity,Infinity,Infinity,Infinity,Infinity,Infinity,Infinity,Infinity,Infinity,Infinity,Infinity,Infinity,Infinity,Infinity,Infinity,Infinity,Infinity,Infinity,Infinity,Infinity,Infinity,Infinity,Infinity,Infinity,Infinity,Infinity,Infinity,Infinity,Infinity,Infinity,Infinity,Infinity,Infinity,Infinity,Infinity,Infinity,Infinity,Infinity,Infinity,Infinity,Infinity,Infinity,Infinity,Infinity,Infinity,Infinity,Infinity,Infinity,Infinity,Infinity,Infinity,Infinity,Infinity,Infinity,Infinity,Infinity,Infinity,Infinity,Infinity,Infinity,Infinity,Infinity,Infinity,Infinity,Infinity,Infinity,Infinity,Infinity,Infinity,Infinity,Infinity,Infinity,Infinity,Infinity,Infinity,Infinity,Infinity,Infinity,Infinity,Infinity,Infinity,Infinity,Infinity,Infinity,Infinity,Infinity,Infinity,Infinity,Infinity,Infinity,Infinity,Infinity,Infinity,Infinity,Infinity,Infinity,Infinity,Infinity,Infinity,Infinity,Infinity,Infinity,Infinity,Infinity,Infinity,Infinity,Infinity,Infinity,Infinity,Infinity,Infinity,Infinity,Infinity,Infinity,Infinity,Infinity,Infinity,Infinity,Infinity,Infinity,Infinity,Infinity,Infinity,Infinity,Infinity,Infinity,Infinity,Infinity] [0.0,0.0,0.0,0.0,0.0,0.0,0.0,0.0,0.0,0.0,0.0,0.0,0.0,0.0,0.0,0.0,0.0,0.0,0.0,0.0,0.0,0.0,0.0,0.0,0.0,0.0,0.0,0.0,0.0,0.0,0.0,0.0,0.0,0.0,0.0,0.0,0.0,0.0,0.0,0.0,0.0,0.0,0.0,0.0,0.0,0.0,0.0,0.0,0.0,0.0,0.0,0.0,0.0,0.0,0.0,0.0,0.0,0.0,0.0,0.0,0.0,0.0,0.0,0.0,0.0,0.0,0.0,0.0,0.0,0.0,0.0,0.0,0.0,0.0,0.0,0.0,0.0,0.0,0.0,0.0,0.0,0.0,0.0,0.0,0.0,0.0,0.0,0.0,0.0,0.0,0.0,0.0,0.0,0.0,0.0,0.0,0.0,0.0,0.0,0.0,0.0,0.0,0.0,0.0,0.0,0.0,0.0,0.0,0.0,0.0,0.0,0.0,0.0,0.0,0.0,0.0,0.0,0.0,0.0,0.0,0.0,0.0,0.0,0.0,0.0,0.0,0.0,0.0,0.0,0.0,0.0,0.0,0.0,0.0,0.0,0.0,0.0,0.0,0.0,0.0,0.0,0.0,0.0,0.0,0.0,0.0,0.0,0.0,0.0,0.0,0.0,0.0,0.0,0.0,0.0,0.0,0.0,0.0,0.0,0.0,0.0,0.0,0.0,0.0,0.0,0.0,0.0,0.0,0.0,0.0,0.0,0.0,0.0,0.0,0.0,0.0,0.0,0.0,0.0,0.0,0.0,0.0,0.0,0.0,0.0,0.0,0.0,0.0,0.0,0.0,0.0,0.0,0.0,0.0,0.0,0.0,0.0,0.0,0.0,0.0,0.0,0.0,0.0,0.0,0.0,0.0,0.0,0.0,0.0,0.0,0.0,0.0,0.0,0.0,0.0,0.0,0.0,0.0,0.0,0.0,0.0,0.0,0.0,0.0,0.0,0.0,0.0,0.0,0.0,0.0,0.0,0.0,0.0,0.0,0.0,0.0,0.0,0.0,0.0,0.0,0.0,0.0,0.0,0.0,0.0,0.0,0.0,0.0,0.0,0.0,0.0,0.0,0.0,0.0,0.0,0.0,0.0,0.0,0.0,0.0,0.0,0.0,0.0,0.0,0.0,0.0,0.0,0.0,0.0,0.0,0.0,0.0,0.0,0.0,0.0,0.0,0.0,0.0,0.0,0.0,0.0,0.0,0.0,0.0,0.0,0.0,0.0,0.0,0.0,0.0,0.0,0.0,0.0,0.0,0.0,0.0,0.0,0.0,0.0,0.0]
56310.500567734045 [0.0,0.0,0.0,0.0,0.0,0.0,0.0,0.0,0.0,0.0,0.0,0.0,0.0,0.0,0.0,0.0,0.0,0.0,0.0,0.0,0.0,0.0,0.0,0.0,0.0,0.0,0.0,0.0,0.0,0.0,0.0,0.0,0.0,0.0,0.0,0.0,0.0,0.0,0.0,0.0,0.0,0.0,0.0,0.0,0.0,0.0,0.0,0.0,0.0,0.0,0.0,0.0,0.0,0.0,0.0,0.0,0.0,0.0,0.0,0.0,0.0,0.0,0.0,0.0,0.0,0.0,0.0,0.0,0.0,0.0,0.0,0.0,0.0,0.0,0.0,0.0,0.0,0.0,0.0,0.0,0.0,0.0,0.0,0.0,0.0,0.0,0.0,0.0,0.0,0.0,0.0,0.0,0.0,0.0,0.0,0.0,0.0,0.0,0.0,0.0,0.0,0.0,0.0,0.0,0.0,0.0,0.0,0.0,0.0,0.0,0.0,0.0,0.0,0.0,0.0,0.0,0.0,0.0,0.0,0.0,0.0,0.0,0.0,0.0,0.0,0.0,0.0,0.0,0.0,0.0,0.0,0.0,0.0,0.0,0.0,0.0,0.0,0.0,0.0,0.0,0.0,0.0,0.0,0.0,0.0,0.0,0.0,0.0,0.0,0.0,0.0,0.0,0.0,0.0,0.0,0.0,0.0,0.0,0.0,0.0,0.0,0.0,0.0,0.0,0.0,0.0,0.0,0.0,0.0,0.0,0.0,0.0,0.0,0.0,0.0,0.0,0.0,0.0,0.0,0.0,0.0,0.0,0.0,0.0,0.0,0.0,0.0,0.0,0.0,0.0,0.0,0.0,0.0,0.0,0.0,0.0,0.0,0.0,0.0,0.0,0.0,0.0,0.0,0.0,0.0,0.0,0.0,0.0,0.0,0.0,0.0,0.0,0.0,0.0,0.0,0.0,0.0,0.0,0.0,0.0,0.0,0.0,0.0,0.0,0.0,0.0,0.0,0.0,0.0,0.0,0.0,0.0,0.0,0.0,0.0,0.0,0.0,0.0,0.0,0.0,0.0,0.0,0.0,0.0,0.0,0.0,0.0,0.0,0.0,0.0,0.0,0.0,0.0,0.0,0.0,0.0,0.0,0.0,0.0,0.0,0.0,0.0,0.0,0.0,0.0,0.0,0.0,0.0,0.0,0.0,0.0,0.0,0.0,0.0,0.0,0.0,0.0,0.0,0.0,0.0,0.0,0.0,0.0,0.0,0.0,0.0,0.0,0.0,0.0,0.0,0.0,0.0,0.0,0.0,0.0,0.0,0.0,0.0,0.0,0.0] [1311.2619900786005,1321.8202200865917,1332.463464547639,1343.19240799478,1354.0077404728797,1364.9101575830227,1375.9003605272408,1386.9790561536227,1398.1469570017646,1409.4047813486081,1420.7532532546286,1432.193102610412,1443.7250651835902,1455.3498826661717,1467.068302722235,1478.881079036026,1490.78897136042,1502.7927455657994,1514.8931736892998,1527.0910339844697,1539.3871109713293,1551.7821954868166,1564.2770847356642,1576.872582341659,1589.569498399342,1602.368649526097,1615.270858914685,1628.2769563861766,1641.3877784433362,1654.6041683244075,1667.9269760573632,1681.3570585145608,1694.895279467867,1708.5425096441993,1722.2996267815402,1736.1675156853773,1750.1470682856248,1764.2391836939755,1778.4447682617345,1792.7647356381167,1807.2000068289992,1821.7515102561672,1836.4201818170154,1851.2069649447558,1866.112810669078,1881.1386776773347,1896.285532376183,1911.5543489537563,1926.9461094423048,1942.4618037813711,1958.1024298814455,1973.8689936881608,1989.7625092469793,2005.7839987684179,2021.9344926937952,2038.215029761504,2054.626657073813,2071.1704301642176,2087.8474130653335,2104.6586783773164,2121.605307336866,2138.6883898867477,2155.9090247459117,2173.268319480143,2190.767390573309,2208.407363499154,2226.1893727937027,2244.1145621282076,2262.184084382728,2280.399101720259,2298.7607856614945,2317.2703171601615,2335.9288866789793,2354.7376942662327,2373.6979496329395,2392.810872230673,2412.077691329971,2431.4996460994216,2451.0779856853383,2470.813969292122,2490.7088662632277,2510.763956162824,2530.9805288580706,2551.359884602096,2571.9033341176064,2592.612198681206,2613.487810208354,2634.5315113390543,2655.7446555241822,2677.1286071125573,2698.6847414386757,2720.4144449111714,2742.319115101994,2764.4001608362782,2786.6590022829737,2809.097071046162,2831.715810257159,2854.5166746673017,2877.5011307415425,2900.67065675274,2924.0267428767575,2947.570891288285,2971.304616257478,2995.22944424732,3019.346914011829,3043.658576695001,3068.1659959305807,3092.870747942638,3117.7744216469364,3142.87861875312,3168.1849538677375,3193.695054598094,3219.410561656912,3245.333128967883,3271.4644237720117,3297.806126734876,3324.3599320546946,3351.1275475713155,3378.1106948760344,3405.3111094223436,3432.7305406375262,3460.3707520352004,3488.23352132871,3516.320640545493,3544.6339161423107,3573.1751691214417,3601.9462351478164,3630.9489646670518,3660.1852230244945,3689.6568905851636,3719.3658628547196,3749.3140506013438,3779.5033799786634,3809.935792649603,3840.6132459112973,3871.5377128209448,3902.7111823227383,3934.135659375755,3965.8131650829396,3997.7457368210635,4029.9354283717907,4062.3843100537392,4095.0944688556665,4128.068008570669,4161.3070499315045,4194.813730746993,4228.590206039511,4262.638648183577,4296.961247045588,4331.560210124669,4366.437762694626,4401.596147947099,4437.037627135803,4472.764479721992,4508.779003521039,4545.083514850253,4581.680348677821,4618.571858773019,4655.7604178575675,4693.248417758249,4731.038269560753,4769.132403764733,4807.533270440121,4846.243339384716,4885.265100283049,4924.601062866471,4964.253757074609,5004.22573321805,5044.519562142395,5085.137835393579,5126.08316538458,5167.3581855634,5208.965550582488,5250.907936469426,5293.188040799074,5335.808582867062,5378.772303864684,5422.081967055189,5465.740357951513,5509.7502844954415,5554.1145772382,5598.836089522486,5643.917697666003,5689.362301146471,5735.17282278806,5781.352208949439,5827.903429713208,5874.829479076986,5922.133375145914,5969.818160326825,6017.886901523867,6066.342690335802,6115.188643254807,6164.427901866934,6214.06363305417,6264.099029198114,6314.537308385285,6365.381714614103,6416.635518003553,6468.302015003491,6520.384528606639,6572.88640856233,6625.811031591967,6679.16180160615,6732.942149923667,6787.155535492116,6841.805445110439,6896.895393653112,6952.428924296275,7008.409608745552,7064.841047465831,7121.726869912778,7179.070734766296,7236.876330165845,7295.147373947643,7353.887613883764,7413.100827923194,7472.790824434837,7532.961442452409,7593.616551921397,7654.7600539479145,7716.395881049652,7778.527997408752,7841.160399126823,7904.2971144818985,7967.94220418758,8032.099761654146,8096.773913251861,8161.968818576374,8227.688670716232,8293.937696522553,8360.720156880894,8428.04034698531,8495.90259661459,8564.311270410717,8633.270768159597,8702.785525074065,8772.860012079082,8843.498736099358,8914.706240349144,8986.487104624512,9058.845945597834,9131.787417114787,9205.31621049359,9279.437054826807,9354.154717285446,9429.47400342559,9505.399757497484,9581.936862757088,9659.090241780126,9736.864856778713,9815.265709920519,9894.297843650465,9973.966341015032,10054.276325989182,10135.232963805956,10216.841461288606,10299.107067185563,10382.035072507933,10465.630810869876,10549.89965883156,10634.84703624505,10720.478406602804,10806.799277389146,10893.815200434417,10981.531772272076,11069.954634498676,11159.08947413668,11248.94202400021,11339.518063063782,11430.823416834026,11522.863957724268,11615.64560543233,11709.174327321158,11803.456138802712,11898.49710372478,11994.303334761045,12090.880993804161,12188.23629236214,12286.375491957784,12385.304904531427,12485.030892846919,12585.55987090084,12686.898304334996,12789.052710852275,12892.029660635888,12995.8357767719,13100.477735675182,13205.962267518828,13312.296156667053,13419.486242111492,13527.539417911097,13636.462633635434,13746.262894811807,13856.947263375758,13968.522858125163,14080.996855178266,14194.376488435144,14308.66905004285,14423.881890864615] 0.31126199007860056 [Infinity,Infinity,Infinity,Infinity,Infinity,Infinity,Infinity,Infinity,Infinity,Infinity,Infinity,Infinity,Infinity,Infinity,Infinity,Infinity,Infinity,Infinity,Infinity,Infinity,Infinity,Infinity,Infinity,Infinity,Infinity,Infinity,Infinity,Infinity,Infinity,Infinity,Infinity,Infinity,Infinity,Infinity,Infinity,Infinity,Infinity,Infinity,Infinity,Infinity,Infinity,Infinity,Infinity,Infinity,Infinity,Infinity,Infinity,Infinity,Infinity,Infinity,Infinity,Infinity,Infinity,Infinity,Infinity,Infinity,Infinity,Infinity,Infinity,Infinity,Infinity,Infinity,Infinity,Infinity,Infinity,Infinity,Infinity,Infinity,Infinity,Infinity,Infinity,Infinity,Infinity,Infinity,Infinity,Infinity,Infinity,Infinity,Infinity,Infinity,Infinity,Infinity,Infinity,Infinity,Infinity,Infinity,Infinity,Infinity,Infinity,Infinity,Infinity,Infinity,Infinity,Infinity,Infinity,Infinity,Infinity,Infinity,Infinity,Infinity,Infinity,Infinity,Infinity,Infinity,Infinity,Infinity,Infinity,Infinity,Infinity,Infinity,Infinity,Infinity,Infinity,Infinity,Infinity,Infinity,Infinity,Infinity,Infinity,Infinity,Infinity,Infinity,Infinity,Infinity,Infinity,Infinity,Infinity,Infinity,Infinity,Infinity,Infinity,Infinity,Infinity,Infinity,Infinity,Infinity,Infinity,Infinity,Infinity,Infinity,Infinity,Infinity,Infinity,Infinity,Infinity,Infinity,Infinity,Infinity,Infinity,Infinity,Infinity,Infinity,Infinity,Infinity,Infinity,Infinity,Infinity,Infinity,Infinity,Infinity,Infinity,Infinity,Infinity,Infinity,Infinity,Infinity,Infinity,Infinity,Infinity,Infinity,Infinity,Infinity,Infinity,Infinity,Infinity,Infinity,Infinity,Infinity,Infinity,Infinity,Infinity,Infinity,Infinity,Infinity,Infinity,Infinity,Infinity,Infinity,Infinity,Infinity,Infinity,Infinity,Infinity,Infinity,Infinity,Infinity,Infinity,Infinity,Infinity,Infinity,Infinity,Infinity,Infinity,Infinity,Infinity,Infinity,Infinity,Infinity,Infinity,Infinity,Infinity,Infinity,Infinity,Infinity,Infinity,Infinity,Infinity,Infinity,Infinity,Infinity,Infinity,Infinity,Infinity,Infinity,Infinity,Infinity,Infinity,Infinity,Infinity,Infinity,Infinity,Infinity,Infinity,Infinity,Infinity,Infinity,Infinity,Infinity,Infinity,Infinity,Infinity,Infinity,Infinity,Infinity,Infinity,Infinity,Infinity,Infinity,Infinity,Infinity,Infinity,Infinity,Infinity,Infinity,Infinity,Infinity,Infinity,Infinity,Infinity,Infinity,Infinity,Infinity,Infinity,Infinity,Infinity,Infinity,Infinity,Infinity,Infinity,Infinity,Infinity,Infinity,Infinity,Infinity,Infinity,Infinity,Infinity,Infinity,Infinity,Infinity,Infinity,Infinity,Infinity,Infinity,Infinity,Infinity,Infinity,Infinity,Infinity,Infinity,Infinity,Infinity,Infinity,Infinity,Infinity,Infinity,Infinity,Infinity,Infinity,Infinity] [0.0,0.0,0.0,0.0,0.0,0.0,0.0,0.0,0.0,0.0,0.0,0.0,0.0,0.0,0.0,0.0,0.0,0.0,0.0,0.0,0.0,0.0,0.0,0.0,0.0,0.0,0.0,0.0,0.0,0.0,0.0,0.0,0.0,0.0,0.0,0.0,0.0,0.0,0.0,0.0,0.0,0.0,0.0,0.0,0.0,0.0,0.0,0.0,0.0,0.0,0.0,0.0,0.0,0.0,0.0,0.0,0.0,0.0,0.0,0.0,0.0,0.0,0.0,0.0,0.0,0.0,0.0,0.0,0.0,0.0,0.0,0.0,0.0,0.0,0.0,0.0,0.0,0.0,0.0,0.0,0.0,0.0,0.0,0.0,0.0,0.0,0.0,0.0,0.0,0.0,0.0,0.0,0.0,0.0,0.0,0.0,0.0,0.0,0.0,0.0,0.0,0.0,0.0,0.0,0.0,0.0,0.0,0.0,0.0,0.0,0.0,0.0,0.0,0.0,0.0,0.0,0.0,0.0,0.0,0.0,0.0,0.0,0.0,0.0,0.0,0.0,0.0,0.0,0.0,0.0,0.0,0.0,0.0,0.0,0.0,0.0,0.0,0.0,0.0,0.0,0.0,0.0,0.0,0.0,0.0,0.0,0.0,0.0,0.0,0.0,0.0,0.0,0.0,0.0,0.0,0.0,0.0,0.0,0.0,0.0,0.0,0.0,0.0,0.0,0.0,0.0,0.0,0.0,0.0,0.0,0.0,0.0,0.0,0.0,0.0,0.0,0.0,0.0,0.0,0.0,0.0,0.0,0.0,0.0,0.0,0.0,0.0,0.0,0.0,0.0,0.0,0.0,0.0,0.0,0.0,0.0,0.0,0.0,0.0,0.0,0.0,0.0,0.0,0.0,0.0,0.0,0.0,0.0,0.0,0.0,0.0,0.0,0.0,0.0,0.0,0.0,0.0,0.0,0.0,0.0,0.0,0.0,0.0,0.0,0.0,0.0,0.0,0.0,0.0,0.0,0.0,0.0,0.0,0.0,0.0,0.0,0.0,0.0,0.0,0.0,0.0,0.0,0.0,0.0,0.0,0.0,0.0,0.0,0.0,0.0,0.0,0.0,0.0,0.0,0.0,0.0,0.0,0.0,0.0,0.0,0.0,0.0,0.0,0.0,0.0,0.0,0.0,0.0,0.0,0.0,0.0,0.0,0.0,0.0,0.0,0.0,0.0,0.0,0.0,0.0,0.0,0.0,0.0,0.0,0.0,0.0,0.0,0.0,0.0,0.0,0.0,0.0,0.0,0.0,0.0,0.0,0.0,0.0,0.0,0.0]
56109.78712004398 [0.0,0.0,0.0,0.0,0.0,0.0,0.0,0.0,0.0,0.0,0.0,0.0,0.0,0.0,0.0,0.0,0.0,0.0,0.0,0.0,0.0,0.0,0.0,0.0,0.0,0.0,0.0,0.0,0.0,0.0,0.0,0.0,0.0,0.0,0.0,0.0,0.0,0.0,0.0,0.0,0.0,0.0,0.0,0.0,0.0,0.0,0.0,0.0,0.0,0.0,0.0,0.0,0.0,0.0,0.0,0.0,0.0,0.0,0.0,0.0,0.0,0.0,0.0,0.0,0.0,0.0,0.0,0.0,0.0,0.0,0.0,0.0,0.0,0.0,0.0,0.0,0.0,0.0,0.0,0.0,0.0,0.0,0.0,0.0,0.0,0.0,0.0,0.0,0.0,0.0,0.0,0.0,0.0,0.0,0.0,0.0,0.0,0.0,0.0,0.0,0.0,0.0,0.0,0.0,0.0,0.0,0.0,0.0,0.0,0.0,0.0,0.0,0.0,0.0,0.0,0.0,0.0,0.0,0.0,0.0,0.0,0.0,0.0,0.0,0.0,0.0,0.0,0.0,0.0,0.0,0.0,0.0,0.0,0.0,0.0,0.0,0.0,0.0,0.0,0.0,0.0,0.0,0.0,0.0,0.0,0.0,0.0,0.0,0.0,0.0,0.0,0.0,0.0,0.0,0.0,0.0,0.0,0.0,0.0,0.0,0.0,0.0,0.0,0.0,0.0,0.0,0.0,0.0,0.0,0.0,0.0,0.0,0.0,0.0,0.0,0.0,0.0,0.0,0.0,0.0,0.0,0.0,0.0,0.0,0.0,0.0,0.0,0.0,0.0,0.0,0.0,0.0,0.0,0.0,0.0,0.0,0.0,0.0,0.0,0.0,0.0,0.0,0.0,0.0,0.0,0.0,0.0,0.0,0.0,0.0,0.0,0.0,0.0,0.0,0.0,0.0,0.0,0.0,0.0,0.0,0.0,0.0,0.0,0.0,0.0,0.0,0.0,0.0,0.0,0.0,0.0,0.0,0.0,0.0,0.0,0.0,0.0,0.0,0.0,0.0,0.0,0.0,0.0,0.0,0.0,0.0,0.0,0.0,0.0,0.0,0.0,0.0,0.0,0.0,0.0,0.0,0.0,0.0,0.0,0.0,0.0,0.0,0.0,0.0,0.0,0.0,0.0,0.0,0.0,0.0,0.0,0.0,0.0,0.0,0.0,0.0,0.0,0.0,0.0,0.0,0.0,0.0,0.0,0.0,0.0,0.0,0.0,0.0,0.0,0.0,0.0,0.0,0.0,0.0,0.0,0.0,0.0,0.0,0.0,0.0] [1311.2619900786005,1321.8202200865917,1332.463464547639,1343.19240799478,1354.0077404728797,1364.9101575830227,1375.9003605272408,1386.9790561536227,1398.1469570017646,1409.4047813486081,1420.7532532546286,1432.193102610412,1443.7250651835902,1455.3498826661717,1467.068302722235,1478.881079036026,1490.78897136042,1502.7927455657994,1514.8931736892998,1527.0910339844697,1539.3871109713293,1551.7821954868166,1564.2770847356642,1576.872582341659,1589.569498399342,1602.368649526097,1615.270858914685,1628.2769563861766,1641.3877784433362,1654.6041683244075,1667.9269760573632,1681.3570585145608,1694.895279467867,1708.5425096441993,1722.2996267815402,1736.1675156853773,1750.1470682856248,1764.2391836939755,1778.4447682617345,1792.7647356381167,1807.2000068289992,1821.7515102561672,1836.4201818170154,1851.2069649447558,1866.112810669078,1881.1386776773347,1896.285532376183,1911.5543489537563,1926.9461094423048,1942.4618037813711,1958.1024298814455,1973.8689936881608,1989.7625092469793,2005.7839987684179,2021.9344926937952,2038.215029761504,2054.626657073813,2071.1704301642176,2087.8474130653335,2104.6586783773164,2121.605307336866,2138.6883898867477,2155.9090247459117,2173.268319480143,2190.767390573309,2208.407363499154,2226.1893727937027,2244.1145621282076,2262.184084382728,2280.399101720259,2298.7607856614945,2317.2703171601615,2335.9288866789793,2354.7376942662327,2373.6979496329395,2392.810872230673,2412.077691329971,2431.4996460994216,2451.0779856853383,2470.813969292122,2490.7088662632277,2510.763956162824,2530.9805288580706,2551.359884602096,2571.9033341176064,2592.612198681206,2613.487810208354,2634.5315113390543,2655.7446555241822,2677.1286071125573,2698.6847414386757,2720.4144449111714,2742.319115101994,2764.4001608362782,2786.6590022829737,2809.097071046162,2831.715810257159,2854.5166746673017,2877.5011307415425,2900.67065675274,2924.0267428767575,2947.570891288285,2971.304616257478,2995.22944424732,3019.346914011829,3043.658576695001,3068.1659959305807,3092.870747942638,3117.7744216469364,3142.87861875312,3168.1849538677375,3193.695054598094,3219.410561656912,3245.333128967883,3271.4644237720117,3297.806126734876,3324.3599320546946,3351.1275475713155,3378.1106948760344,3405.3111094223436,3432.7305406375262,3460.3707520352004,3488.23352132871,3516.320640545493,3544.6339161423107,3573.1751691214417,3601.9462351478164,3630.9489646670518,3660.1852230244945,3689.6568905851636,3719.3658628547196,3749.3140506013438,3779.5033799786634,3809.935792649603,3840.6132459112973,3871.5377128209448,3902.7111823227383,3934.135659375755,3965.8131650829396,3997.7457368210635,4029.9354283717907,4062.3843100537392,4095.0944688556665,4128.068008570669,4161.3070499315045,4194.813730746993,4228.590206039511,4262.638648183577,4296.961247045588,4331.560210124669,4366.437762694626,4401.596147947099,4437.037627135803,4472.764479721992,4508.779003521039,4545.083514850253,4581.680348677821,4618.571858773019,4655.7604178575675,4693.248417758249,4731.038269560753,4769.132403764733,4807.533270440121,4846.243339384716,4885.265100283049,4924.601062866471,4964.253757074609,5004.22573321805,5044.519562142395,5085.137835393579,5126.08316538458,5167.3581855634,5208.965550582488,5250.907936469426,5293.188040799074,5335.808582867062,5378.772303864684,5422.081967055189,5465.740357951513,5509.7502844954415,5554.1145772382,5598.836089522486,5643.917697666003,5689.362301146471,5735.17282278806,5781.352208949439,5827.903429713208,5874.829479076986,5922.133375145914,5969.818160326825,6017.886901523867,6066.342690335802,6115.188643254807,6164.427901866934,6214.06363305417,6264.099029198114,6314.537308385285,6365.381714614103,6416.635518003553,6468.302015003491,6520.384528606639,6572.88640856233,6625.811031591967,6679.16180160615,6732.942149923667,6787.155535492116,6841.805445110439,6896.895393653112,6952.428924296275,7008.409608745552,7064.841047465831,7121.726869912778,7179.070734766296,7236.876330165845,7295.147373947643,7353.887613883764,7413.100827923194,7472.790824434837,7532.961442452409,7593.616551921397,7654.7600539479145,7716.395881049652,7778.527997408752,7841.160399126823,7904.2971144818985,7967.94220418758,8032.099761654146,8096.773913251861,8161.968818576374,8227.688670716232,8293.937696522553,8360.720156880894,8428.04034698531,8495.90259661459,8564.311270410717,8633.270768159597,8702.785525074065,8772.860012079082,8843.498736099358,8914.706240349144,8986.487104624512,9058.845945597834,9131.787417114787,9205.31621049359,9279.437054826807,9354.154717285446,9429.47400342559,9505.399757497484,9581.936862757088,9659.090241780126,9736.864856778713,9815.265709920519,9894.297843650465,9973.966341015032,10054.276325989182,10135.232963805956,10216.841461288606,10299.107067185563,10382.035072507933,10465.630810869876,10549.89965883156,10634.84703624505,10720.478406602804,10806.799277389146,10893.815200434417,10981.531772272076,11069.954634498676,11159.08947413668,11248.94202400021,11339.518063063782,11430.823416834026,11522.863957724268,11615.64560543233,11709.174327321158,11803.456138802712,11898.49710372478,11994.303334761045,12090.880993804161,12188.23629236214,12286.375491957784,12385.304904531427,12485.030892846919,12585.55987090084,12686.898304334996,12789.052710852275,12892.029660635888,12995.8357767719,13100.477735675182,13205.962267518828,13312.296156667053,13419.486242111492,13527.539417911097,13636.462633635434,13746.262894811807,13856.947263375758,13968.522858125163,14080.996855178266,14194.376488435144,14308.66905004285,14423.881890864615] 0.31126199007860056 [Infinity,Infinity,Infinity,Infinity,Infinity,Infinity,Infinity,Infinity,Infinity,Infinity,Infinity,Infinity,Infinity,Infinity,Infinity,Infinity,Infinity,Infinity,Infinity,Infinity,Infinity,Infinity,Infinity,Infinity,Infinity,Infinity,Infinity,Infinity,Infinity,Infinity,Infinity,Infinity,Infinity,Infinity,Infinity,Infinity,Infinity,Infinity,Infinity,Infinity,Infinity,Infinity,Infinity,Infinity,Infinity,Infinity,Infinity,Infinity,Infinity,Infinity,Infinity,Infinity,Infinity,Infinity,Infinity,Infinity,Infinity,Infinity,Infinity,Infinity,Infinity,Infinity,Infinity,Infinity,Infinity,Infinity,Infinity,Infinity,Infinity,Infinity,Infinity,Infinity,Infinity,Infinity,Infinity,Infinity,Infinity,Infinity,Infinity,Infinity,Infinity,Infinity,Infinity,Infinity,Infinity,Infinity,Infinity,Infinity,Infinity,Infinity,Infinity,Infinity,Infinity,Infinity,Infinity,Infinity,Infinity,Infinity,Infinity,Infinity,Infinity,Infinity,Infinity,Infinity,Infinity,Infinity,Infinity,Infinity,Infinity,Infinity,Infinity,Infinity,Infinity,Infinity,Infinity,Infinity,Infinity,Infinity,Infinity,Infinity,Infinity,Infinity,Infinity,Infinity,Infinity,Infinity,Infinity,Infinity,Infinity,Infinity,Infinity,Infinity,Infinity,Infinity,Infinity,Infinity,Infinity,Infinity,Infinity,Infinity,Infinity,Infinity,Infinity,Infinity,Infinity,Infinity,Infinity,Infinity,Infinity,Infinity,Infinity,Infinity,Infinity,Infinity,Infinity,Infinity,Infinity,Infinity,Infinity,Infinity,Infinity,Infinity,Infinity,Infinity,Infinity,Infinity,Infinity,Infinity,Infinity,Infinity,Infinity,Infinity,Infinity,Infinity,Infinity,Infinity,Infinity,Infinity,Infinity,Infinity,Infinity,Infinity,Infinity,Infinity,Infinity,Infinity,Infinity,Infinity,Infinity,Infinity,Infinity,Infinity,Infinity,Infinity,Infinity,Infinity,Infinity,Infinity,Infinity,Infinity,Infinity,Infinity,Infinity,Infinity,Infinity,Infinity,Infinity,Infinity,Infinity,Infinity,Infinity,Infinity,Infinity,Infinity,Infinity,Infinity,Infinity,Infinity,Infinity,Infinity,Infinity,Infinity,Infinity,Infinity,Infinity,Infinity,Infinity,Infinity,Infinity,Infinity,Infinity,Infinity,Infinity,Infinity,Infinity,Infinity,Infinity,Infinity,Infinity,Infinity,Infinity,Infinity,Infinity,Infinity,Infinity,Infinity,Infinity,Infinity,Infinity,Infinity,Infinity,Infinity,Infinity,Infinity,Infinity,Infinity,Infinity,Infinity,Infinity,Infinity,Infinity,Infinity,Infinity,Infinity,Infinity,Infinity,Infinity,Infinity,Infinity,Infinity,Infinity,Infinity,Infinity,Infinity,Infinity,Infinity,Infinity,Infinity,Infinity,Infinity,Infinity,Infinity,Infinity,Infinity,Infinity,Infinity,Infinity,Infinity,Infinity,Infinity,Infinity,Infinity,Infinity,Infinity,Infinity,Infinity,Infinity,Infinity,Infinity,Infinity] [0.0,0.0,0.0,0.0,0.0,0.0,0.0,0.0,0.0,0.0,0.0,0.0,0.0,0.0,0.0,0.0,0.0,0.0,0.0,0.0,0.0,0.0,0.0,0.0,0.0,0.0,0.0,0.0,0.0,0.0,0.0,0.0,0.0,0.0,0.0,0.0,0.0,0.0,0.0,0.0,0.0,0.0,0.0,0.0,0.0,0.0,0.0,0.0,0.0,0.0,0.0,0.0,0.0,0.0,0.0,0.0,0.0,0.0,0.0,0.0,0.0,0.0,0.0,0.0,0.0,0.0,0.0,0.0,0.0,0.0,0.0,0.0,0.0,0.0,0.0,0.0,0.0,0.0,0.0,0.0,0.0,0.0,0.0,0.0,0.0,0.0,0.0,0.0,0.0,0.0,0.0,0.0,0.0,0.0,0.0,0.0,0.0,0.0,0.0,0.0,0.0,0.0,0.0,0.0,0.0,0.0,0.0,0.0,0.0,0.0,0.0,0.0,0.0,0.0,0.0,0.0,0.0,0.0,0.0,0.0,0.0,0.0,0.0,0.0,0.0,0.0,0.0,0.0,0.0,0.0,0.0,0.0,0.0,0.0,0.0,0.0,0.0,0.0,0.0,0.0,0.0,0.0,0.0,0.0,0.0,0.0,0.0,0.0,0.0,0.0,0.0,0.0,0.0,0.0,0.0,0.0,0.0,0.0,0.0,0.0,0.0,0.0,0.0,0.0,0.0,0.0,0.0,0.0,0.0,0.0,0.0,0.0,0.0,0.0,0.0,0.0,0.0,0.0,0.0,0.0,0.0,0.0,0.0,0.0,0.0,0.0,0.0,0.0,0.0,0.0,0.0,0.0,0.0,0.0,0.0,0.0,0.0,0.0,0.0,0.0,0.0,0.0,0.0,0.0,0.0,0.0,0.0,0.0,0.0,0.0,0.0,0.0,0.0,0.0,0.0,0.0,0.0,0.0,0.0,0.0,0.0,0.0,0.0,0.0,0.0,0.0,0.0,0.0,0.0,0.0,0.0,0.0,0.0,0.0,0.0,0.0,0.0,0.0,0.0,0.0,0.0,0.0,0.0,0.0,0.0,0.0,0.0,0.0,0.0,0.0,0.0,0.0,0.0,0.0,0.0,0.0,0.0,0.0,0.0,0.0,0.0,0.0,0.0,0.0,0.0,0.0,0.0,0.0,0.0,0.0,0.0,0.0,0.0,0.0,0.0,0.0,0.0,0.0,0.0,0.0,0.0,0.0,0.0,0.0,0.0,0.0,0.0,0.0,0.0,0.0,0.0,0.0,0.0,0.0,0.0,0.0,0.0,0.0,0.0,0.0]
56097.0689333124 [0.0,0.0,0.0,0.0,0.0,0.0,0.0,0.0,0.0,0.0,0.0,0.0,0.0,0.0,0.0,0.0,0.0,0.0,0.0,0.0,0.0,0.0,0.0,0.0,0.0,0.0,0.0,0.0,0.0,0.0,0.0,0.0,0.0,0.0,0.0,0.0,0.0,0.0,0.0,0.0,0.0,0.0,0.0,0.0,0.0,0.0,0.0,0.0,0.0,0.0,0.0,0.0,0.0,0.0,0.0,0.0,0.0,0.0,0.0,0.0,0.0,0.0,0.0,0.0,0.0,0.0,0.0,0.0,0.0,0.0,0.0,0.0,0.0,0.0,0.0,0.0,0.0,0.0,0.0,0.0,0.0,0.0,0.0,0.0,0.0,0.0,0.0,0.0,0.0,0.0,0.0,0.0,0.0,0.0,0.0,0.0,0.0,0.0,0.0,0.0,0.0,0.0,0.0,0.0,0.0,0.0,0.0,0.0,0.0,0.0,0.0,0.0,0.0,0.0,0.0,0.0,0.0,0.0,0.0,0.0,0.0,0.0,0.0,0.0,0.0,0.0,0.0,0.0,0.0,0.0,0.0,0.0,0.0,0.0,0.0,0.0,0.0,0.0,0.0,0.0,0.0,0.0,0.0,0.0,0.0,0.0,0.0,0.0,0.0,0.0,0.0,0.0,0.0,0.0,0.0,0.0,0.0,0.0,0.0,0.0,0.0,0.0,0.0,0.0,0.0,0.0,0.0,0.0,0.0,0.0,0.0,0.0,0.0,0.0,0.0,0.0,0.0,0.0,0.0,0.0,0.0,0.0,0.0,0.0,0.0,0.0,0.0,0.0,0.0,0.0,0.0,0.0,0.0,0.0,0.0,0.0,0.0,0.0,0.0,0.0,0.0,0.0,0.0,0.0,0.0,0.0,0.0,0.0,0.0,0.0,0.0,0.0,0.0,0.0,0.0,0.0,0.0,0.0,0.0,0.0,0.0,0.0,0.0,0.0,0.0,0.0,0.0,0.0,0.0,0.0,0.0,0.0,0.0,0.0,0.0,0.0,0.0,0.0,0.0,0.0,0.0,0.0,0.0,0.0,0.0,0.0,0.0,0.0,0.0,0.0,0.0,0.0,0.0,0.0,0.0,0.0,0.0,0.0,0.0,0.0,0.0,0.0,0.0,0.0,0.0,0.0,0.0,0.0,0.0,0.0,0.0,0.0,0.0,0.0,0.0,0.0,0.0,0.0,0.0,0.0,0.0,0.0,0.0,0.0,0.0,0.0,0.0,0.0,0.0,0.0,0.0,0.0,0.0,0.0,0.0,0.0,0.0,0.0,0.0,0.0] [1311.2619900786005,1321.8202200865917,1332.463464547639,1343.19240799478,1354.0077404728797,1364.9101575830227,1375.9003605272408,1386.9790561536227,1398.1469570017646,1409.4047813486081,1420.7532532546286,1432.193102610412,1443.7250651835902,1455.3498826661717,1467.068302722235,1478.881079036026,1490.78897136042,1502.7927455657994,1514.8931736892998,1527.0910339844697,1539.3871109713293,1551.7821954868166,1564.2770847356642,1576.872582341659,1589.569498399342,1602.368649526097,1615.270858914685,1628.2769563861766,1641.3877784433362,1654.6041683244075,1667.9269760573632,1681.3570585145608,1694.895279467867,1708.5425096441993,1722.2996267815402,1736.1675156853773,1750.1470682856248,1764.2391836939755,1778.4447682617345,1792.7647356381167,1807.2000068289992,1821.7515102561672,1836.4201818170154,1851.2069649447558,1866.112810669078,1881.1386776773347,1896.285532376183,1911.5543489537563,1926.9461094423048,1942.4618037813711,1958.1024298814455,1973.8689936881608,1989.7625092469793,2005.7839987684179,2021.9344926937952,2038.215029761504,2054.626657073813,2071.1704301642176,2087.8474130653335,2104.6586783773164,2121.605307336866,2138.6883898867477,2155.9090247459117,2173.268319480143,2190.767390573309,2208.407363499154,2226.1893727937027,2244.1145621282076,2262.184084382728,2280.399101720259,2298.7607856614945,2317.2703171601615,2335.9288866789793,2354.7376942662327,2373.6979496329395,2392.810872230673,2412.077691329971,2431.4996460994216,2451.0779856853383,2470.813969292122,2490.7088662632277,2510.763956162824,2530.9805288580706,2551.359884602096,2571.9033341176064,2592.612198681206,2613.487810208354,2634.5315113390543,2655.7446555241822,2677.1286071125573,2698.6847414386757,2720.4144449111714,2742.319115101994,2764.4001608362782,2786.6590022829737,2809.097071046162,2831.715810257159,2854.5166746673017,2877.5011307415425,2900.67065675274,2924.0267428767575,2947.570891288285,2971.304616257478,2995.22944424732,3019.346914011829,3043.658576695001,3068.1659959305807,3092.870747942638,3117.7744216469364,3142.87861875312,3168.1849538677375,3193.695054598094,3219.410561656912,3245.333128967883,3271.4644237720117,3297.806126734876,3324.3599320546946,3351.1275475713155,3378.1106948760344,3405.3111094223436,3432.7305406375262,3460.3707520352004,3488.23352132871,3516.320640545493,3544.6339161423107,3573.1751691214417,3601.9462351478164,3630.9489646670518,3660.1852230244945,3689.6568905851636,3719.3658628547196,3749.3140506013438,3779.5033799786634,3809.935792649603,3840.6132459112973,3871.5377128209448,3902.7111823227383,3934.135659375755,3965.8131650829396,3997.7457368210635,4029.9354283717907,4062.3843100537392,4095.0944688556665,4128.068008570669,4161.3070499315045,4194.813730746993,4228.590206039511,4262.638648183577,4296.961247045588,4331.560210124669,4366.437762694626,4401.596147947099,4437.037627135803,4472.764479721992,4508.779003521039,4545.083514850253,4581.680348677821,4618.571858773019,4655.7604178575675,4693.248417758249,4731.038269560753,4769.132403764733,4807.533270440121,4846.243339384716,4885.265100283049,4924.601062866471,4964.253757074609,5004.22573321805,5044.519562142395,5085.137835393579,5126.08316538458,5167.3581855634,5208.965550582488,5250.907936469426,5293.188040799074,5335.808582867062,5378.772303864684,5422.081967055189,5465.740357951513,5509.7502844954415,5554.1145772382,5598.836089522486,5643.917697666003,5689.362301146471,5735.17282278806,5781.352208949439,5827.903429713208,5874.829479076986,5922.133375145914,5969.818160326825,6017.886901523867,6066.342690335802,6115.188643254807,6164.427901866934,6214.06363305417,6264.099029198114,6314.537308385285,6365.381714614103,6416.635518003553,6468.302015003491,6520.384528606639,6572.88640856233,6625.811031591967,6679.16180160615,6732.942149923667,6787.155535492116,6841.805445110439,6896.895393653112,6952.428924296275,7008.409608745552,7064.841047465831,7121.726869912778,7179.070734766296,7236.876330165845,7295.147373947643,7353.887613883764,7413.100827923194,7472.790824434837,7532.961442452409,7593.616551921397,7654.7600539479145,7716.395881049652,7778.527997408752,7841.160399126823,7904.2971144818985,7967.94220418758,8032.099761654146,8096.773913251861,8161.968818576374,8227.688670716232,8293.937696522553,8360.720156880894,8428.04034698531,8495.90259661459,8564.311270410717,8633.270768159597,8702.785525074065,8772.860012079082,8843.498736099358,8914.706240349144,8986.487104624512,9058.845945597834,9131.787417114787,9205.31621049359,9279.437054826807,9354.154717285446,9429.47400342559,9505.399757497484,9581.936862757088,9659.090241780126,9736.864856778713,9815.265709920519,9894.297843650465,9973.966341015032,10054.276325989182,10135.232963805956,10216.841461288606,10299.107067185563,10382.035072507933,10465.630810869876,10549.89965883156,10634.84703624505,10720.478406602804,10806.799277389146,10893.815200434417,10981.531772272076,11069.954634498676,11159.08947413668,11248.94202400021,11339.518063063782,11430.823416834026,11522.863957724268,11615.64560543233,11709.174327321158,11803.456138802712,11898.49710372478,11994.303334761045,12090.880993804161,12188.23629236214,12286.375491957784,12385.304904531427,12485.030892846919,12585.55987090084,12686.898304334996,12789.052710852275,12892.029660635888,12995.8357767719,13100.477735675182,13205.962267518828,13312.296156667053,13419.486242111492,13527.539417911097,13636.462633635434,13746.262894811807,13856.947263375758,13968.522858125163,14080.996855178266,14194.376488435144,14308.66905004285,14423.881890864615] 0.31126199007860056 [Infinity,Infinity,Infinity,Infinity,Infinity,Infinity,Infinity,Infinity,Infinity,Infinity,Infinity,Infinity,Infinity,Infinity,Infinity,Infinity,Infinity,Infinity,Infinity,Infinity,Infinity,Infinity,Infinity,Infinity,Infinity,Infinity,Infinity,Infinity,Infinity,Infinity,Infinity,Infinity,Infinity,Infinity,Infinity,Infinity,Infinity,Infinity,Infinity,Infinity,Infinity,Infinity,Infinity,Infinity,Infinity,Infinity,Infinity,Infinity,Infinity,Infinity,Infinity,Infinity,Infinity,Infinity,Infinity,Infinity,Infinity,Infinity,Infinity,Infinity,Infinity,Infinity,Infinity,Infinity,Infinity,Infinity,Infinity,Infinity,Infinity,Infinity,Infinity,Infinity,Infinity,Infinity,Infinity,Infinity,Infinity,Infinity,Infinity,Infinity,Infinity,Infinity,Infinity,Infinity,Infinity,Infinity,Infinity,Infinity,Infinity,Infinity,Infinity,Infinity,Infinity,Infinity,Infinity,Infinity,Infinity,Infinity,Infinity,Infinity,Infinity,Infinity,Infinity,Infinity,Infinity,Infinity,Infinity,Infinity,Infinity,Infinity,Infinity,Infinity,Infinity,Infinity,Infinity,Infinity,Infinity,Infinity,Infinity,Infinity,Infinity,Infinity,Infinity,Infinity,Infinity,Infinity,Infinity,Infinity,Infinity,Infinity,Infinity,Infinity,Infinity,Infinity,Infinity,Infinity,Infinity,Infinity,Infinity,Infinity,Infinity,Infinity,Infinity,Infinity,Infinity,Infinity,Infinity,Infinity,Infinity,Infinity,Infinity,Infinity,Infinity,Infinity,Infinity,Infinity,Infinity,Infinity,Infinity,Infinity,Infinity,Infinity,Infinity,Infinity,Infinity,Infinity,Infinity,Infinity,Infinity,Infinity,Infinity,Infinity,Infinity,Infinity,Infinity,Infinity,Infinity,Infinity,Infinity,Infinity,Infinity,Infinity,Infinity,Infinity,Infinity,Infinity,Infinity,Infinity,Infinity,Infinity,Infinity,Infinity,Infinity,Infinity,Infinity,Infinity,Infinity,Infinity,Infinity,Infinity,Infinity,Infinity,Infinity,Infinity,Infinity,Infinity,Infinity,Infinity,Infinity,Infinity,Infinity,Infinity,Infinity,Infinity,Infinity,Infinity,Infinity,Infinity,Infinity,Infinity,Infinity,Infinity,Infinity,Infinity,Infinity,Infinity,Infinity,Infinity,Infinity,Infinity,Infinity,Infinity,Infinity,Infinity,Infinity,Infinity,Infinity,Infinity,Infinity,Infinity,Infinity,Infinity,Infinity,Infinity,Infinity,Infinity,Infinity,Infinity,Infinity,Infinity,Infinity,Infinity,Infinity,Infinity,Infinity,Infinity,Infinity,Infinity,Infinity,Infinity,Infinity,Infinity,Infinity,Infinity,Infinity,Infinity,Infinity,Infinity,Infinity,Infinity,Infinity,Infinity,Infinity,Infinity,Infinity,Infinity,Infinity,Infinity,Infinity,Infinity,Infinity,Infinity,Infinity,Infinity,Infinity,Infinity,Infinity,Infinity,Infinity,Infinity,Infinity,Infinity,Infinity,Infinity,Infinity,Infinity,Infinity,Infinity,Infinity,Infinity] [0.0,0.0,0.0,0.0,0.0,0.0,0.0,0.0,0.0,0.0,0.0,0.0,0.0,0.0,0.0,0.0,0.0,0.0,0.0,0.0,0.0,0.0,0.0,0.0,0.0,0.0,0.0,0.0,0.0,0.0,0.0,0.0,0.0,0.0,0.0,0.0,0.0,0.0,0.0,0.0,0.0,0.0,0.0,0.0,0.0,0.0,0.0,0.0,0.0,0.0,0.0,0.0,0.0,0.0,0.0,0.0,0.0,0.0,0.0,0.0,0.0,0.0,0.0,0.0,0.0,0.0,0.0,0.0,0.0,0.0,0.0,0.0,0.0,0.0,0.0,0.0,0.0,0.0,0.0,0.0,0.0,0.0,0.0,0.0,0.0,0.0,0.0,0.0,0.0,0.0,0.0,0.0,0.0,0.0,0.0,0.0,0.0,0.0,0.0,0.0,0.0,0.0,0.0,0.0,0.0,0.0,0.0,0.0,0.0,0.0,0.0,0.0,0.0,0.0,0.0,0.0,0.0,0.0,0.0,0.0,0.0,0.0,0.0,0.0,0.0,0.0,0.0,0.0,0.0,0.0,0.0,0.0,0.0,0.0,0.0,0.0,0.0,0.0,0.0,0.0,0.0,0.0,0.0,0.0,0.0,0.0,0.0,0.0,0.0,0.0,0.0,0.0,0.0,0.0,0.0,0.0,0.0,0.0,0.0,0.0,0.0,0.0,0.0,0.0,0.0,0.0,0.0,0.0,0.0,0.0,0.0,0.0,0.0,0.0,0.0,0.0,0.0,0.0,0.0,0.0,0.0,0.0,0.0,0.0,0.0,0.0,0.0,0.0,0.0,0.0,0.0,0.0,0.0,0.0,0.0,0.0,0.0,0.0,0.0,0.0,0.0,0.0,0.0,0.0,0.0,0.0,0.0,0.0,0.0,0.0,0.0,0.0,0.0,0.0,0.0,0.0,0.0,0.0,0.0,0.0,0.0,0.0,0.0,0.0,0.0,0.0,0.0,0.0,0.0,0.0,0.0,0.0,0.0,0.0,0.0,0.0,0.0,0.0,0.0,0.0,0.0,0.0,0.0,0.0,0.0,0.0,0.0,0.0,0.0,0.0,0.0,0.0,0.0,0.0,0.0,0.0,0.0,0.0,0.0,0.0,0.0,0.0,0.0,0.0,0.0,0.0,0.0,0.0,0.0,0.0,0.0,0.0,0.0,0.0,0.0,0.0,0.0,0.0,0.0,0.0,0.0,0.0,0.0,0.0,0.0,0.0,0.0,0.0,0.0,0.0,0.0,0.0,0.0,0.0,0.0,0.0,0.0,0.0,0.0,0.0]
56281.35462565228 [0.0,0.0,0.0,0.0,0.0,0.0,0.0,0.0,0.0,0.0,0.0,0.0,0.0,0.0,0.0,0.0,0.0,0.0,0.0,0.0,0.0,0.0,0.0,0.0,0.0,0.0,0.0,0.0,0.0,0.0,0.0,0.0,0.0,0.0,0.0,0.0,0.0,0.0,0.0,0.0,0.0,0.0,0.0,0.0,0.0,0.0,0.0,0.0,0.0,0.0,0.0,0.0,0.0,0.0,0.0,0.0,0.0,0.0,0.0,0.0,0.0,0.0,0.0,0.0,0.0,0.0,0.0,0.0,0.0,0.0,0.0,0.0,0.0,0.0,0.0,0.0,0.0,0.0,0.0,0.0,0.0,0.0,0.0,0.0,0.0,0.0,0.0,0.0,0.0,0.0,0.0,0.0,0.0,0.0,0.0,0.0,0.0,0.0,0.0,0.0,0.0,0.0,0.0,0.0,0.0,0.0,0.0,0.0,0.0,0.0,0.0,0.0,0.0,0.0,0.0,0.0,0.0,0.0,0.0,0.0,0.0,0.0,0.0,0.0,0.0,0.0,0.0,0.0,0.0,0.0,0.0,0.0,0.0,0.0,0.0,0.0,0.0,0.0,0.0,0.0,3.5226687687235603,2.306673916442603,3.2062556227135723,7.071391180227626,10.038351552572946,10.840169419317618,8.715980798382564,6.1384492104862804,3.557838089354407,3.7958178636360294,6.939442234209554,12.61777282520476,19.025841365209065,22.80337926151384,23.195317451625094,24.806795588397428,32.391545038049415,41.3678039994619,42.523850838634,43.762843697044936,42.23298476552414,52.148719575016116,59.52954174582895,58.76979453984213,61.324083404252384,48.13356271427129,30.85723478916264,33.90972705984997,50.07636249971842,75.64587142677085,77.04587964396133,94.6416409031687,99.68040912513962,92.17958111308093,77.36684080007564,72.71414268329488,68.84704984557482,60.912530531595124,65.02647857094048,69.99551467157933,70.51389392576183,77.59810640930516,75.23596182880752,75.10421933589646,72.0363902621211,53.67360344249323,49.85786890104377,56.63608975387487,79.61685340747977,111.44032629184196,150.3072245262105,143.17317450636844,124.31388379890608,83.5520865074984,78.07737058326285,78.62906328522126,84.47028497745823,100.33330848499894,129.91202949429737,120.05148917266635,115.90731897008267,104.01924467217081,77.18205563080146,77.53016935142415,73.23456268249336,75.59850174646319,94.73677149436065,131.74744607822717,157.98093360809943,136.34881169867265,157.49457539427846,191.26734792328364,238.86208275376833,227.49056772518193,249.5259398697699,204.4019932152521,154.1674076211662,133.98498292603213,152.82457674114121,162.39338111235344,191.72465915045765,189.41896066465313,153.6653733989039,127.70762714277532,116.39502458794959,106.19106965968905,109.14701609305754,100.35414816921914,111.90658662412828,102.45187678508115,116.75232871333216,142.4712989593828,169.33878106769157,200.11570280244524,182.76616078222884,185.3942297522774,143.2362723694544,107.74321677693437,111.60757473484699,100.8009914780976,91.81445012467869,87.09802609081247,81.44385608506082,74.71736528178045,70.07152439215365,79.52586350947192,85.27978987726515,85.24736380149561,84.07963943276125,101.3921019845949,114.09304848854552,96.15381217119175,80.23590440666239,97.37249510715216,117.08254191166533,127.4892474514997,124.21293050717811,103.03045315909445,75.97790874592849,61.58885381019016,52.52063388395322,42.094159556031265,19.492360129819026,16.48217422815613,21.534755419206107,30.224702623158755,71.08431194942204,107.2019659346615,101.78591163058876,106.93123862423631,115.85689460426467,128.37487037536613,100.25788528538126,90.30427675037326,77.94088819640346,70.84632198589802,71.18740961340521,58.68815143332261,56.854756850321124,55.01133886886632,57.59956251759483,65.62728289784901,56.162647908799755,49.18612088995183,55.78685451585038,67.86158393576379,74.14527068015232,75.366899436515,68.33149690394373,56.360418949195456,44.881103833638456,43.510777034366605,48.82469847785737,53.78350628142895,38.36779430015948,29.316059206798652,32.262977891240084,30.855440480139887,33.42800514583966,29.789239419020166] [1311.2619900786005,1321.8202200865917,1332.463464547639,1343.19240799478,1354.0077404728797,1364.9101575830227,1375.9003605272408,1386.9790561536227,1398.1469570017646,1409.4047813486081,1420.7532532546286,1432.193102610412,1443.7250651835902,1455.3498826661717,1467.068302722235,1478.881079036026,1490.78897136042,1502.7927455657994,1514.8931736892998,1527.0910339844697,1539.3871109713293,1551.7821954868166,1564.2770847356642,1576.872582341659,1589.569498399342,1602.368649526097,1615.270858914685,1628.2769563861766,1641.3877784433362,1654.6041683244075,1667.9269760573632,1681.3570585145608,1694.895279467867,1708.5425096441993,1722.2996267815402,1736.1675156853773,1750.1470682856248,1764.2391836939755,1778.4447682617345,1792.7647356381167,1807.2000068289992,1821.7515102561672,1836.4201818170154,1851.2069649447558,1866.112810669078,1881.1386776773347,1896.285532376183,1911.5543489537563,1926.9461094423048,1942.4618037813711,1958.1024298814455,1973.8689936881608,1989.7625092469793,2005.7839987684179,2021.9344926937952,2038.215029761504,2054.626657073813,2071.1704301642176,2087.8474130653335,2104.6586783773164,2121.605307336866,2138.6883898867477,2155.9090247459117,2173.268319480143,2190.767390573309,2208.407363499154,2226.1893727937027,2244.1145621282076,2262.184084382728,2280.399101720259,2298.7607856614945,2317.2703171601615,2335.9288866789793,2354.7376942662327,2373.6979496329395,2392.810872230673,2412.077691329971,2431.4996460994216,2451.0779856853383,2470.813969292122,2490.7088662632277,2510.763956162824,2530.9805288580706,2551.359884602096,2571.9033341176064,2592.612198681206,2613.487810208354,2634.5315113390543,2655.7446555241822,2677.1286071125573,2698.6847414386757,2720.4144449111714,2742.319115101994,2764.4001608362782,2786.6590022829737,2809.097071046162,2831.715810257159,2854.5166746673017,2877.5011307415425,2900.67065675274,2924.0267428767575,2947.570891288285,2971.304616257478,2995.22944424732,3019.346914011829,3043.658576695001,3068.1659959305807,3092.870747942638,3117.7744216469364,3142.87861875312,3168.1849538677375,3193.695054598094,3219.410561656912,3245.333128967883,3271.4644237720117,3297.806126734876,3324.3599320546946,3351.1275475713155,3378.1106948760344,3405.3111094223436,3432.7305406375262,3460.3707520352004,3488.23352132871,3516.320640545493,3544.6339161423107,3573.1751691214417,3601.9462351478164,3630.9489646670518,3660.1852230244945,3689.6568905851636,3719.3658628547196,3749.3140506013438,3779.5033799786634,3809.935792649603,3840.6132459112973,3871.5377128209448,3902.7111823227383,3934.135659375755,3965.8131650829396,3997.7457368210635,4029.9354283717907,4062.3843100537392,4095.0944688556665,4128.068008570669,4161.3070499315045,4194.813730746993,4228.590206039511,4262.638648183577,4296.961247045588,4331.560210124669,4366.437762694626,4401.596147947099,4437.037627135803,4472.764479721992,4508.779003521039,4545.083514850253,4581.680348677821,4618.571858773019,4655.7604178575675,4693.248417758249,4731.038269560753,4769.132403764733,4807.533270440121,4846.243339384716,4885.265100283049,4924.601062866471,4964.253757074609,5004.22573321805,5044.519562142395,5085.137835393579,5126.08316538458,5167.3581855634,5208.965550582488,5250.907936469426,5293.188040799074,5335.808582867062,5378.772303864684,5422.081967055189,5465.740357951513,5509.7502844954415,5554.1145772382,5598.836089522486,5643.917697666003,5689.362301146471,5735.17282278806,5781.352208949439,5827.903429713208,5874.829479076986,5922.133375145914,5969.818160326825,6017.886901523867,6066.342690335802,6115.188643254807,6164.427901866934,6214.06363305417,6264.099029198114,6314.537308385285,6365.381714614103,6416.635518003553,6468.302015003491,6520.384528606639,6572.88640856233,6625.811031591967,6679.16180160615,6732.942149923667,6787.155535492116,6841.805445110439,6896.895393653112,6952.428924296275,7008.409608745552,7064.841047465831,7121.726869912778,7179.070734766296,7236.876330165845,7295.147373947643,7353.887613883764,7413.100827923194,7472.790824434837,7532.961442452409,7593.616551921397,7654.7600539479145,7716.395881049652,7778.527997408752,7841.160399126823,7904.2971144818985,7967.94220418758,8032.099761654146,8096.773913251861,8161.968818576374,8227.688670716232,8293.937696522553,8360.720156880894,8428.04034698531,8495.90259661459,8564.311270410717,8633.270768159597,8702.785525074065,8772.860012079082,8843.498736099358,8914.706240349144,8986.487104624512,9058.845945597834,9131.787417114787,9205.31621049359,9279.437054826807,9354.154717285446,9429.47400342559,9505.399757497484,9581.936862757088,9659.090241780126,9736.864856778713,9815.265709920519,9894.297843650465,9973.966341015032,10054.276325989182,10135.232963805956,10216.841461288606,10299.107067185563,10382.035072507933,10465.630810869876,10549.89965883156,10634.84703624505,10720.478406602804,10806.799277389146,10893.815200434417,10981.531772272076,11069.954634498676,11159.08947413668,11248.94202400021,11339.518063063782,11430.823416834026,11522.863957724268,11615.64560543233,11709.174327321158,11803.456138802712,11898.49710372478,11994.303334761045,12090.880993804161,12188.23629236214,12286.375491957784,12385.304904531427,12485.030892846919,12585.55987090084,12686.898304334996,12789.052710852275,12892.029660635888,12995.8357767719,13100.477735675182,13205.962267518828,13312.296156667053,13419.486242111492,13527.539417911097,13636.462633635434,13746.262894811807,13856.947263375758,13968.522858125163,14080.996855178266,14194.376488435144,14308.66905004285,14423.881890864615] 0.31126199007860056 [Infinity,Infinity,Infinity,Infinity,Infinity,Infinity,Infinity,Infinity,Infinity,Infinity,Infinity,Infinity,Infinity,Infinity,Infinity,Infinity,Infinity,Infinity,Infinity,Infinity,Infinity,Infinity,Infinity,Infinity,Infinity,Infinity,Infinity,Infinity,Infinity,Infinity,Infinity,Infinity,Infinity,Infinity,Infinity,Infinity,Infinity,Infinity,Infinity,Infinity,Infinity,Infinity,Infinity,Infinity,Infinity,Infinity,Infinity,Infinity,Infinity,Infinity,Infinity,Infinity,Infinity,Infinity,Infinity,Infinity,Infinity,Infinity,Infinity,Infinity,Infinity,Infinity,Infinity,Infinity,Infinity,Infinity,Infinity,Infinity,Infinity,Infinity,Infinity,Infinity,Infinity,Infinity,Infinity,Infinity,Infinity,Infinity,Infinity,Infinity,Infinity,Infinity,Infinity,Infinity,Infinity,Infinity,Infinity,Infinity,Infinity,Infinity,Infinity,Infinity,Infinity,Infinity,Infinity,Infinity,Infinity,Infinity,Infinity,Infinity,Infinity,Infinity,Infinity,Infinity,Infinity,Infinity,Infinity,Infinity,Infinity,Infinity,Infinity,Infinity,Infinity,Infinity,Infinity,Infinity,Infinity,Infinity,Infinity,Infinity,Infinity,Infinity,Infinity,Infinity,Infinity,Infinity,Infinity,Infinity,Infinity,Infinity,Infinity,Infinity,Infinity,Infinity,Infinity,Infinity,Infinity,Infinity,Infinity,Infinity,0.17181387665312542,0.1100197364401363,0.17272722950490324,0.3572778145292209,0.5301442716407408,0.5560424100184178,0.44042567886428763,0.2842480248801489,0.18525945642622715,0.19837674137193287,0.3672536542878234,0.6627310688804966,0.9395949830388728,1.0618128310060233,1.103416777335496,1.2542958909716198,1.5878920723254395,1.9268199562749166,2.0819511076506565,2.1201581746098794,2.249280033004209,2.5480864229738622,2.875340277722734,3.062683668969842,2.9429205092950337,2.3750446446227085,1.7027597537677406,1.6656004181192767,2.524468384112617,3.657606552039172,4.469096720871915,4.849986117597912,4.8146603298897155,4.473691243293078,3.985584512612405,3.53402562659328,3.3141346989840805,3.3313649533316294,3.4001933953984205,3.4651230972878517,3.651440016875051,3.93420554362057,4.031404770488659,3.778094218234137,3.259698212998231,2.702054085813632,2.528911943404359,3.016154847528874,4.158690719699612,5.713500964739586,7.1378589683489535,7.628857622079646,6.264353771437483,4.135522803300476,3.6262937115638065,4.198027901660617,4.21503618817661,4.598584351907153,6.143097913545963,6.911086997906862,5.983122766796817,4.736463122413992,3.947544394321792,3.708054254331863,3.7888934749096683,4.115559662028125,5.237027920952577,6.691113368315131,7.142228191599743,7.139524386657089,7.807220143810115,9.646455582722096,11.664438466371958,12.204411919071969,11.61414690363464,10.22799215845431,8.010230022379494,6.736693883169378,7.310872388267437,8.27230734842976,8.870950023413666,8.64448591415503,7.21776335751173,5.868594131572142,5.455350609556501,5.37570917563634,5.343457392854983,5.358940680634315,5.43416087466956,5.259311994916682,5.671017964388522,7.2227089900358195,8.863095664575955,9.854634613190601,10.112752225764668,9.400118692832194,7.10799581929834,5.632568720030444,5.2931629338372,4.9052184461886,4.492293371523275,4.453126541235535,4.233320897106277,3.719316668632339,3.524570087296108,3.862880446915626,4.40137182795859,4.4836978066780215,4.518242246852105,5.182331404285149,5.6066982746787275,4.541853486635669,4.238786718968696,4.886906059802339,5.938527563242809,6.477822665796919,6.022626019680269,5.0597289469699716,3.999331116684695,3.049323404396339,2.710701558590018,2.0413283197399914,0.9842839298511221,0.8523806539867602,1.0690238410838635,1.5887819044921205,3.5700832096603783,5.192996606027963,5.296622374847585,5.413551719710026,5.756605476974855,6.014558602337215,5.356235447282964,4.630755453477636,3.9291857517044533,3.5714919783507275,3.5388909066867256,3.0490279141500967,2.806745176769249,2.740101994993549,3.0065025381272927,3.1927208793951904,2.8195327775798265,2.562918065027749,2.6854289492623176,3.310351365911985,3.6783251356837794,3.6098854467675414,3.2410713433645375,2.848020237102019,2.2415497404084213,2.1932827300506714,2.461660934505237,2.3933632107092393,2.0060761093059374,1.569636505588088,1.5501086993317137,1.6422729234821791,1.7007469581420902,1.4668761147549731] [0.0,0.0,0.0,0.0,0.0,0.0,0.0,0.0,0.0,0.0,0.0,0.0,0.0,0.0,0.0,0.0,0.0,0.0,0.0,0.0,0.0,0.0,0.0,0.0,0.0,0.0,0.0,0.0,0.0,0.0,0.0,0.0,0.0,0.0,0.0,0.0,0.0,0.0,0.0,0.0,0.0,0.0,0.0,0.0,0.0,0.0,0.0,0.0,0.0,0.0,0.0,0.0,0.0,0.0,0.0,0.0,0.0,0.0,0.0,0.0,0.0,0.0,0.0,0.0,0.0,0.0,0.0,0.0,0.0,0.0,0.0,0.0,0.0,0.0,0.0,0.0,0.0,0.0,0.0,0.0,0.0,0.0,0.0,0.0,0.0,0.0,0.0,0.0,0.0,0.0,0.0,0.0,0.0,0.0,0.0,0.0,0.0,0.0,0.0,0.0,0.0,0.0,0.0,0.0,0.0,0.0,0.0,0.0,0.0,0.0,0.0,0.0,0.0,0.0,0.0,0.0,0.0,0.0,0.0,0.0,0.0,0.0,0.0,0.0,0.0,0.0,0.0,0.0,0.0,0.0,0.0,0.0,0.0,0.0,0.0,0.0,0.0,0.0,0.0,0.0,0.08639123566105168,0.106279187639877,-0.24828896738449271,-0.07416511035679173,-0.5645338802418712,-0.2806787810507382,-0.09253277890318856,0.4534887128833031,-0.14735103917013664,-0.17171696380262794,-0.40563085154691464,-0.6368485524051707,0.2339417044316087,1.567122641393372,1.1269819049151777,-0.2791222310349693,0.6337035915406203,2.831404873963567,0.884828685620866,1.3596802048473402,-2.7526158945600456,1.186991115538877,2.022736191374264,-2.483878839554706,2.465673218351714,0.6326698218171236,-3.19796028619217,0.5977186974644333,-0.4130051825339184,2.4937403859874103,-12.336054773476956,-2.358081448789537,3.3872025273453117,2.7057562472193712,-2.3448494521724674,2.033630151429279,2.5643558658932015,-5.714768535037468,-2.9773893370279327,0.6930527258223037,-2.51490641173919,-1.0860044631062418,-5.392133580965666,-0.4576650287862785,6.8424260021564915,-0.3674782737794117,-0.7203699670434125,-3.687007196702611,-3.556960986512458,-2.8296930029497527,7.550045159231403,-9.403977935224473,-0.9731916298435642,0.8416304414888823,5.551496351986719,-5.331494747991068,0.16956121392605084,8.361621446855883,7.050071223378083,-18.17025078547089,-3.7551363658536765,9.28998222389096,-1.768832255634377,3.3690842647868915,-2.543306815700001,-6.712691494099317,-10.003786924690884,-2.074821288075436,15.136369776104576,-6.441676034469139,1.3501725180761543,-1.6617637311582811,5.573313426329193,-16.597670656257428,17.243001797077095,-0.1578499538341042,-6.0371928264236665,-0.7488947373554399,6.607128975792469,-3.052765856241765,14.305658682184351,16.529242381552546,9.310106248669301,10.335744511332477,7.28801239681957,-1.3231138530377504,2.2778682359578815,-6.824665443467153,3.2233691307370864,-2.734363113252483,3.3319694255617227,-1.9828808413335963,-7.923132223827546,3.0230105386332107,-19.4888837330645,-2.6081441043665023,1.0763559834876055,-4.908157623674517,5.744316058102999,2.6966225543255944,1.9685826942131837,-1.9645047338982278,-3.222561857064733,0.3310319091336731,-0.4198773537685174,2.268254571159399,-2.7476466819066494,-4.426592332064832,-6.285205504280835,-2.254526101108075,1.9590829949709674,5.316742438478362,-4.539829972711539,-0.36562608889462034,-1.68800935319087,-2.0672058644386793,3.760410113572747,1.8358742196950102,-4.0087135877654205,0.6023857222633842,-1.6933972878471402,1.267593161231438,-0.19331846720341564,-0.5654388515790737,0.15427859752883774,-1.5509354666836537,-0.31735224378552107,3.342033814102248,-4.1465358663629495,-1.3397957699642007,0.7247850647675753,8.083698328621823,-6.866823660278034,-2.310832319179449,-0.6428268376856072,-0.5835175811165445,0.4095914796706905,-2.2924068496793257,0.719853314936144,0.20929896899533207,-2.5304882449510253,1.7728653099452054,-0.22800764279677346,-2.0722404106031527,2.078275530604027,1.6545566175240995,0.5787679664767382,3.1691905011641652,3.51007003665298,-0.5999857928449209,0.05010902547002733,-0.35487756664682485,-0.4085202122473768,5.91624206724416,-1.7537278859592627,-2.0766709049631102,1.2608039046058095,-1.990017989503694,-0.5869340170021442,0.451717123920703]
56215.90156286488 [0.0,0.0,0.0,0.0,0.0,0.0,0.0,0.0,0.0,0.0,0.0,0.0,0.0,0.0,0.0,0.0,0.0,0.0,0.0,0.0,0.0,0.0,0.0,0.0,0.0,0.0,0.0,0.0,0.0,0.0,0.0,0.0,0.0,0.0,0.0,0.0,0.0,0.0,0.0,0.0,0.0,0.0,0.0,0.0,0.0,0.0,0.0,0.0,0.0,0.0,0.0,0.0,0.0,0.0,0.0,0.0,0.0,0.0,0.0,0.0,0.0,0.0,0.0,0.0,0.0,0.0,0.0,0.0,0.0,0.0,0.0,0.0,0.0,0.0,0.0,0.0,0.0,0.0,0.0,0.0,0.0,0.0,0.0,0.0,0.0,0.0,0.0,0.0,0.0,0.0,0.0,0.0,0.0,0.0,0.0,0.0,0.0,0.0,0.0,0.0,0.0,0.0,0.0,0.0,0.0,0.0,0.0,0.0,0.0,0.0,0.0,0.0,0.0,0.0,0.0,0.0,0.0,0.0,0.0,0.0,0.0,0.0,0.0,0.0,0.0,0.0,0.0,0.0,0.0,0.0,0.0,0.0,0.0,0.0,0.0,0.0,0.0,0.0,0.0,0.0,0.6804808063768575,0.27710353092626744,-0.07760434598832741,-0.16564798507250467,-0.03690893866833211,0.1991427177520579,0.4012961274074398,0.5915087510293447,0.5278411270352883,0.37111330366823375,0.39964497330493615,0.563217947238272,0.7154226006828885,0.9556130259636533,0.8723741441288348,0.8803674785357678,1.019115933902293,0.9610738675417578,0.9899846537304202,0.7771111910203301,0.8540255358192921,1.2252066573904459,1.5412864437207743,1.5824794076985718,1.3761575428778012,1.3608791568889103,1.546310093528278,1.4264564303244112,1.7237976717879255,1.6957774448520913,1.814832218368749,1.7786802734970966,1.7423112942883652,1.876209577889559,1.869355542248273,1.6606944961863126,1.5626199638401208,1.600774701275169,1.3885871535418324,1.2877337780749492,1.1289428181106276,1.3007734811251863,1.182005584733285,1.2991461921503038,1.1928663762274265,1.301842904311063,1.379690891822954,1.1760562404152486,1.1629506627703912,1.2714271674679416,1.245375628166409,1.0440986783564925,1.031422273839033,1.052783665232902,1.0461969477936648,0.9947879077848353,0.9595435672892776,0.9386680793776342,0.8981001851193668,0.9029327087861233,0.9408761584230939,1.0198197863978742,1.1392285351509737,1.059447871456875,1.0464562380904636,1.0868890204496668,1.02584898357985,0.910284834969099,0.9214760450601532,0.8106148051135483,0.7430812633851509,0.7670596609542358,0.8139188020718633,0.8033660747540893,0.8280350829113552,0.856804390837865,0.7665600226184689,0.7102367817247404,0.7650588905801361,0.724661830432885,0.7648046985261702,0.707619326129854,0.7073307583739497,0.5517030486341409,0.5567175428640488,0.6094192916686708,0.6773114793559561,0.6788994994667006,0.7330178934767846,0.6382554464631525,0.6192258913459335,0.5843910475678564,0.5992108642099153,0.6689644596031176,0.6292288691565842,0.6576386710107726,0.6431443524176501,0.6112656826768051,0.5818434662541417,0.5665031111730173,0.5907117492593521,0.5704189493208403,0.5280139149135534,0.5413968348749927,0.5072144519707027,0.45237959528552746,0.5027406428463701,0.4307111499064519,0.4618062579393534,0.47227313334623827,0.4354062851089565,0.3856642348868849,0.3507848266564002,0.3286002111763581,0.3730781589895967,0.33507955261582273,0.29224948546713936,0.2389435132601294,0.2146225183997108,0.2420838149637204,0.23917663527863728,0.2487697412627817,0.2326150178965379,0.23318220365934772,0.21830689715689194,0.2687347777789081,0.2755655916850525,0.29662646671731513,0.25739338401764916,0.2851318844062047,0.24814943152861338,0.253782977162838,0.2367270636747363,0.2256735457587675,0.19421052127982613,0.20783233703801537,0.22341282681053076,0.15716556175425184,0.17005174188904212,0.18628495566242567,0.18861749026974914,0.23938995917859004,0.2506376195258354,0.2597282949551833,0.2036050611023918,0.22286196846444356,0.2225553299785919,0.1704444634477463,0.1549619106664248,0.12020855810437583,0.08217445643425986,0.042013252756089726,0.050910421614949755,0.04824958884776391,0.06790958418662503,0.04587246824982818,0.05116891549567058,0.02672248772109867,0.027238442817657842,0.022286231476390698] [1311.2619900786005,1321.8202200865917,1332.463464547639,1343.19240799478,1354.0077404728797,1364.9101575830227,1375.9003605272408,1386.9790561536227,1398.1469570017646,1409.4047813486081,1420.7532532546286,1432.193102610412,1443.7250651835902,1455.3498826661717,1467.068302722235,1478.881079036026,1490.78897136042,1502.7927455657994,1514.8931736892998,1527.0910339844697,1539.3871109713293,1551.7821954868166,1564.2770847356642,1576.872582341659,1589.569498399342,1602.368649526097,1615.270858914685,1628.2769563861766,1641.3877784433362,1654.6041683244075,1667.9269760573632,1681.3570585145608,1694.895279467867,1708.5425096441993,1722.2996267815402,1736.1675156853773,1750.1470682856248,1764.2391836939755,1778.4447682617345,1792.7647356381167,1807.2000068289992,1821.7515102561672,1836.4201818170154,1851.2069649447558,1866.112810669078,1881.1386776773347,1896.285532376183,1911.5543489537563,1926.9461094423048,1942.4618037813711,1958.1024298814455,1973.8689936881608,1989.7625092469793,2005.7839987684179,2021.9344926937952,2038.215029761504,2054.626657073813,2071.1704301642176,2087.8474130653335,2104.6586783773164,2121.605307336866,2138.6883898867477,2155.9090247459117,2173.268319480143,2190.767390573309,2208.407363499154,2226.1893727937027,2244.1145621282076,2262.184084382728,2280.399101720259,2298.7607856614945,2317.2703171601615,2335.9288866789793,2354.7376942662327,2373.6979496329395,2392.810872230673,2412.077691329971,2431.4996460994216,2451.0779856853383,2470.813969292122,2490.7088662632277,2510.763956162824,2530.9805288580706,2551.359884602096,2571.9033341176064,2592.612198681206,2613.487810208354,2634.5315113390543,2655.7446555241822,2677.1286071125573,2698.6847414386757,2720.4144449111714,2742.319115101994,2764.4001608362782,2786.6590022829737,2809.097071046162,2831.715810257159,2854.5166746673017,2877.5011307415425,2900.67065675274,2924.0267428767575,2947.570891288285,2971.304616257478,2995.22944424732,3019.346914011829,3043.658576695001,3068.1659959305807,3092.870747942638,3117.7744216469364,3142.87861875312,3168.1849538677375,3193.695054598094,3219.410561656912,3245.333128967883,3271.4644237720117,3297.806126734876,3324.3599320546946,3351.1275475713155,3378.1106948760344,3405.3111094223436,3432.7305406375262,3460.3707520352004,3488.23352132871,3516.320640545493,3544.6339161423107,3573.1751691214417,3601.9462351478164,3630.9489646670518,3660.1852230244945,3689.6568905851636,3719.3658628547196,3749.3140506013438,3779.5033799786634,3809.935792649603,3840.6132459112973,3871.5377128209448,3902.7111823227383,3934.135659375755,3965.8131650829396,3997.7457368210635,4029.9354283717907,4062.3843100537392,4095.0944688556665,4128.068008570669,4161.3070499315045,4194.813730746993,4228.590206039511,4262.638648183577,4296.961247045588,4331.560210124669,4366.437762694626,4401.596147947099,4437.037627135803,4472.764479721992,4508.779003521039,4545.083514850253,4581.680348677821,4618.571858773019,4655.7604178575675,4693.248417758249,4731.038269560753,4769.132403764733,4807.533270440121,4846.243339384716,4885.265100283049,4924.601062866471,4964.253757074609,5004.22573321805,5044.519562142395,5085.137835393579,5126.08316538458,5167.3581855634,5208.965550582488,5250.907936469426,5293.188040799074,5335.808582867062,5378.772303864684,5422.081967055189,5465.740357951513,5509.7502844954415,5554.1145772382,5598.836089522486,5643.917697666003,5689.362301146471,5735.17282278806,5781.352208949439,5827.903429713208,5874.829479076986,5922.133375145914,5969.818160326825,6017.886901523867,6066.342690335802,6115.188643254807,6164.427901866934,6214.06363305417,6264.099029198114,6314.537308385285,6365.381714614103,6416.635518003553,6468.302015003491,6520.384528606639,6572.88640856233,6625.811031591967,6679.16180160615,6732.942149923667,6787.155535492116,6841.805445110439,6896.895393653112,6952.428924296275,7008.409608745552,7064.841047465831,7121.726869912778,7179.070734766296,7236.876330165845,7295.147373947643,7353.887613883764,7413.100827923194,7472.790824434837,7532.961442452409,7593.616551921397,7654.7600539479145,7716.395881049652,7778.527997408752,7841.160399126823,7904.2971144818985,7967.94220418758,8032.099761654146,8096.773913251861,8161.968818576374,8227.688670716232,8293.937696522553,8360.720156880894,8428.04034698531,8495.90259661459,8564.311270410717,8633.270768159597,8702.785525074065,8772.860012079082,8843.498736099358,8914.706240349144,8986.487104624512,9058.845945597834,9131.787417114787,9205.31621049359,9279.437054826807,9354.154717285446,9429.47400342559,9505.399757497484,9581.936862757088,9659.090241780126,9736.864856778713,9815.265709920519,9894.297843650465,9973.966341015032,10054.276325989182,10135.232963805956,10216.841461288606,10299.107067185563,10382.035072507933,10465.630810869876,10549.89965883156,10634.84703624505,10720.478406602804,10806.799277389146,10893.815200434417,10981.531772272076,11069.954634498676,11159.08947413668,11248.94202400021,11339.518063063782,11430.823416834026,11522.863957724268,11615.64560543233,11709.174327321158,11803.456138802712,11898.49710372478,11994.303334761045,12090.880993804161,12188.23629236214,12286.375491957784,12385.304904531427,12485.030892846919,12585.55987090084,12686.898304334996,12789.052710852275,12892.029660635888,12995.8357767719,13100.477735675182,13205.962267518828,13312.296156667053,13419.486242111492,13527.539417911097,13636.462633635434,13746.262894811807,13856.947263375758,13968.522858125163,14080.996855178266,14194.376488435144,14308.66905004285,14423.881890864615] 0.31126199007860056 [Infinity,Infinity,Infinity,Infinity,Infinity,Infinity,Infinity,Infinity,Infinity,Infinity,Infinity,Infinity,Infinity,Infinity,Infinity,Infinity,Infinity,Infinity,Infinity,Infinity,Infinity,Infinity,Infinity,Infinity,Infinity,Infinity,Infinity,Infinity,Infinity,Infinity,Infinity,Infinity,Infinity,Infinity,Infinity,Infinity,Infinity,Infinity,Infinity,Infinity,Infinity,Infinity,Infinity,Infinity,Infinity,Infinity,Infinity,Infinity,Infinity,Infinity,Infinity,Infinity,Infinity,Infinity,Infinity,Infinity,Infinity,Infinity,Infinity,Infinity,Infinity,Infinity,Infinity,Infinity,Infinity,Infinity,Infinity,Infinity,Infinity,Infinity,Infinity,Infinity,Infinity,Infinity,Infinity,Infinity,Infinity,Infinity,Infinity,Infinity,Infinity,Infinity,Infinity,Infinity,Infinity,Infinity,Infinity,Infinity,Infinity,Infinity,Infinity,Infinity,Infinity,Infinity,Infinity,Infinity,Infinity,Infinity,Infinity,Infinity,Infinity,Infinity,Infinity,Infinity,Infinity,Infinity,Infinity,Infinity,Infinity,Infinity,Infinity,Infinity,Infinity,Infinity,Infinity,Infinity,Infinity,Infinity,Infinity,Infinity,Infinity,Infinity,Infinity,Infinity,Infinity,Infinity,Infinity,Infinity,Infinity,Infinity,Infinity,Infinity,Infinity,Infinity,Infinity,Infinity,Infinity,Infinity,Infinity,Infinity,0.03738110030699841,0.013564609268620798,0.003891682765104805,0.007971039666670222,0.0018053055934806883,0.0099734842141521,0.022039318146688098,0.02850032998986989,0.025215697771150597,0.018968688378994996,0.01904033635638377,0.028821952665641148,0.04012501608831806,0.04525792379402348,0.04503252906811334,0.045575079854888685,0.049243219341463314,0.05104050840783777,0.04592104826909276,0.039431629042561686,0.04336868837013878,0.05976957133626435,0.07517444373076847,0.07782752722501007,0.07282492846144381,0.07062921124325669,0.07383397851664752,0.07851019059075963,0.08169320234643251,0.08267068537521119,0.08175699543805064,0.08194667549957732,0.08603173726510345,0.09041100897678345,0.08932501538377859,0.08353656774613184,0.078363314539707,0.07451993879507575,0.0681146041030509,0.06023834404485767,0.05884028625547002,0.06482094277322305,0.06751928612023343,0.06325303922292864,0.06192379658617982,0.06675670792981851,0.06703239610260005,0.06002045654624333,0.05769643685053305,0.0624560787791696,0.06252043633484508,0.05607537983663101,0.05323696866187211,0.05503044011185959,0.055397492598468726,0.053206931989765685,0.05003179336376845,0.046641204312726725,0.0440323927655744,0.04445964383690053,0.048181663839693044,0.05209170464768429,0.05418618607856805,0.05390619780990864,0.052408620927952586,0.050842294032865686,0.048786358035097,0.046157169716130694,0.04345147056551961,0.0408628841353353,0.03905368892946269,0.039782737130684656,0.04094631002318038,0.039164079049069114,0.03873118414919171,0.040392508798167935,0.03916559536836865,0.037579829467569596,0.03790163092278659,0.03766059775789525,0.03729024107394595,0.03655008288020492,0.032731536566569366,0.028913052680786734,0.02819247975573604,0.029841441605888343,0.032377146120945874,0.03407449463228968,0.034019486105394625,0.03376840605893353,0.03361998356934946,0.033315666301994826,0.0332105877020224,0.032721507085467824,0.03220968475927619,0.031980482101556865,0.031062718037957248,0.031170992262954077,0.02954062459493726,0.026733327450012084,0.028976891925413285,0.02687354252916032,0.024869238448952176,0.02626762658922187,0.026210774552826548,0.02379286317575557,0.02413911351487173,0.023243751000589986,0.022667231918885873,0.023108045241742533,0.020531418373843615,0.01894332966511548,0.018078320511059873,0.017637028355467932,0.018728359204050374,0.016947781535645315,0.013745316416284542,0.012673790865473631,0.010902966392582399,0.011851736748044621,0.011392740456453491,0.011648926492979689,0.011666593507819591,0.011777838081813511,0.011756152961828952,0.013119860897863303,0.013657994455053113,0.013350990743410701,0.01322263780160689,0.01351943330275078,0.012889254235042238,0.012382049606290371,0.011917988578288182,0.011699438449168122,0.010352353468779243,0.01027133901766902,0.010536452774464857,0.007843465089581267,0.00865655945001198,0.009380991884901047,0.00939608224090301,0.01144431861112834,0.012600865701862732,0.01211112997558177,0.010939904594280948,0.010953951231690141,0.010354242313738899,0.009449419318290362,0.007836330166289655,0.005841111589712818,0.004213379639523527,0.002082380590264685,0.002588436382506381,0.0024528710148185653,0.0032308060171710984,0.0022482730194135704,0.0022545661245763965,0.0013236849698222224,0.0013566344755578472,0.0010942708829620883] [0.0,0.0,0.0,0.0,0.0,0.0,0.0,0.0,0.0,0.0,0.0,0.0,0.0,0.0,0.0,0.0,0.0,0.0,0.0,0.0,0.0,0.0,0.0,0.0,0.0,0.0,0.0,0.0,0.0,0.0,0.0,0.0,0.0,0.0,0.0,0.0,0.0,0.0,0.0,0.0,0.0,0.0,0.0,0.0,0.0,0.0,0.0,0.0,0.0,0.0,0.0,0.0,0.0,0.0,0.0,0.0,0.0,0.0,0.0,0.0,0.0,0.0,0.0,0.0,0.0,0.0,0.0,0.0,0.0,0.0,0.0,0.0,0.0,0.0,0.0,0.0,0.0,0.0,0.0,0.0,0.0,0.0,0.0,0.0,0.0,0.0,0.0,0.0,0.0,0.0,0.0,0.0,0.0,0.0,0.0,0.0,0.0,0.0,0.0,0.0,0.0,0.0,0.0,0.0,0.0,0.0,0.0,0.0,0.0,0.0,0.0,0.0,0.0,0.0,0.0,0.0,0.0,0.0,0.0,0.0,0.0,0.0,0.0,0.0,0.0,0.0,0.0,0.0,0.0,0.0,0.0,0.0,0.0,0.0,0.0,0.0,0.0,0.0,0.0,0.0,-0.06714119976311071,0.005811345553851468,0.0002293093137686843,-0.006227191739100248,-0.0008028267987183388,-0.00032696653098406736,-0.039490235526322116,0.02150215123194694,0.02352717161227633,-0.008260463911666197,0.0188382461772607,-0.013221106074550942,-0.08707772108347268,0.05045455008318376,-0.02827643723343193,-0.03113411856200586,0.03425154707302684,-0.05973630061499754,0.07156368834856502,-0.011521389830903606,-0.013348231583483491,0.02981523066515896,0.03779756910540496,0.025928863198370216,-0.08034102635107505,-0.0517050679762236,0.06963052319532759,-0.14374738149078145,0.08993362485927518,0.042363737347867525,0.17969230960773627,0.13974676350555004,0.02167654898629614,0.06798939835389016,0.08285523457270137,-0.01003685873632431,-0.004646326954019386,0.11037592537365407,0.026295071480814503,0.0829668971777957,-0.04786290699877293,0.004354625660725516,-0.16838013767138363,0.034085407691731066,-0.045609555496170046,-0.03329125428530716,0.03904296977095307,-0.024352890509618058,0.009021925759730064,0.022305591884549617,-0.005033098530492759,-0.07740891837612783,-0.033317099398409156,-0.04782513700429002,-0.06175290417570963,-0.06935073201047837,-0.04109229998609138,0.005843993123099671,0.017452329807878763,0.013739832048112724,-0.022757118370766945,-0.022014306555811696,0.05550481357961267,-0.01867608474129786,-0.0017161804685881614,0.07004313979235312,0.05012182287791017,-0.01285855935351487,0.05244663374976106,-0.006642877593157696,-0.03799251520410298,-0.028595081659457216,-0.0050073983917443745,0.020084493772706904,0.05341139992752095,0.04895421487450628,-0.016751884748904173,-0.04135980762665158,0.007026272124404372,-0.028550124725019894,0.01899987704725121,-0.023382331474244424,0.05270002704256237,-0.02655800498159373,-0.0071320522506719145,0.012590459550903987,0.02976855693703863,-0.0025903931790929964,0.052628171368892064,-0.03711267471551817,-0.0531737800410558,-0.08192227847203998,-0.06500088983053269,0.014534317893761174,-0.014964826028939707,0.018029028979635205,0.02188999165850514,-0.012154162582276444,-0.008969025644603492,0.031836562172775626,0.011173910751086416,0.032948098737633776,0.030629145934509938,0.016044303090555254,-0.01700103908582833,-0.023477668229583946,0.019958372548935517,-0.034163870105347834,0.008461619561635911,0.010112228511387591,0.02477791763208418,0.006797641584575296,-0.010781583564797243,-0.024140355933000495,-0.0014890250914108112,-0.0038760780970835585,0.017343157141448507,-0.014532304049343216,-0.0034368094519371555,0.00504908000282798,0.01132182614956746,0.015791211403187927,-0.0007168522598539464,-0.0023745579769225275,-0.016816162079687082,0.006337559821642036,0.002405702583990235,0.029606651849101086,-0.007059372014488646,0.014743218351189072,-0.009635653172231392,0.006141985037030566,-0.0016327078910273586,-0.008315223224594936,-0.012836548095758746,0.002405556684635001,0.012683771321233625,0.00029625996262650764,-0.0030794471111974782,-0.0013348820355952673,0.0006958454516889659,0.010503586956023221,-0.001379694511419246,0.01750569544354789,-0.015193030783227186,0.0037829438306407406,0.015470483703813912,-0.018543922918060913,-0.0017646926593682655,0.00338632631011947,-0.002093136356210688,0.00036564095079602256,-0.0008583060351778679,-0.0008078314486073957,0.0032934638432030533,0.0009070078615567725,0.006077593004142654,0.00024878832465422256,0.00010575330650089903,0.0004008138171489334]
56406.155893639785 [0.0,0.0,0.0,0.0,0.0,0.0,0.0,0.0,0.0,0.0,0.0,0.0,0.0,0.0,0.0,0.0,0.0,0.0,0.0,0.0,0.0,0.0,0.0,0.0,0.0,0.0,0.0,0.0,0.0,0.0,0.0,0.0,0.0,0.0,0.0,0.0,0.0,0.0,0.0,0.0,0.0,0.0,0.0,0.0,0.0,0.0,0.0,0.0,0.0,0.0,0.0,0.0,0.0,0.0,0.0,0.0,0.0,0.0,0.0,0.0,0.0,0.0,0.0,0.0,0.0,0.0,0.0,0.0,0.0,0.0,0.0,0.0,0.0,0.0,0.0,0.0,0.0,0.0,0.0,0.0,0.0,0.0,0.0,0.0,0.0,0.0,0.0,0.0,0.0,0.0,0.0,0.0,0.0,0.0,0.0,0.0,0.0,0.0,0.0,0.0,0.0,0.0,0.0,0.0,0.0,0.0,0.0,0.0,0.0,0.0,0.0,0.0,0.0,0.0,0.0,0.0,0.0,0.0,0.0,0.0,0.0,0.0,0.0,0.0,0.0,0.0,0.0,0.0,0.0,0.0,0.0,0.0,0.0,0.0,0.0,0.0,0.0,0.0,0.0,0.0,0.0,0.0,0.0,0.0,0.0,0.0,0.0,0.0,0.0,0.0,0.0,0.0,0.0,0.0,0.0,0.0,0.0,0.0,0.0,0.0,0.0,0.0,0.0,0.0,0.0,0.0,0.0,0.0,0.0,0.0,0.0,0.0,0.0,0.0,0.0,0.0,0.0,0.0,0.0,0.0,0.0,0.0,0.0,0.0,0.0,0.0,0.0,0.0,0.0,0.0,0.0,0.0,0.0,0.0,0.0,0.0,0.0,0.0,0.0,0.0,0.0,0.0,0.0,0.0,0.0,0.0,0.0,0.0,0.0,0.0,0.0,0.0,0.0,0.0,0.0,0.0,0.0,0.0,0.0,0.0,0.0,0.0,0.0,0.0,0.0,0.0,0.0,0.0,0.0,0.0,0.0,0.0,0.0,0.0,0.0,0.0,0.0,0.0,0.0,0.0,0.0,0.0,0.0,0.0,0.0,0.0,0.0,0.0,0.0,0.0,0.0,0.0,0.0,0.0,0.0,0.0,0.0,0.0,0.0,0.0,0.0,0.0,0.0,0.0,0.0,0.0,0.0,0.0,0.0,0.0,0.0,0.0,0.0,0.0,0.0,0.0,0.0,0.0,0.0,0.0,0.0,0.0,0.0,0.0,0.0,0.0,0.0,0.0,0.0,0.0,0.0,0.0,0.0,0.0,0.0,0.0,0.0,0.0,0.0,0.0] [1311.2619900786005,1321.8202200865917,1332.463464547639,1343.19240799478,1354.0077404728797,1364.9101575830227,1375.9003605272408,1386.9790561536227,1398.1469570017646,1409.4047813486081,1420.7532532546286,1432.193102610412,1443.7250651835902,1455.3498826661717,1467.068302722235,1478.881079036026,1490.78897136042,1502.7927455657994,1514.8931736892998,1527.0910339844697,1539.3871109713293,1551.7821954868166,1564.2770847356642,1576.872582341659,1589.569498399342,1602.368649526097,1615.270858914685,1628.2769563861766,1641.3877784433362,1654.6041683244075,1667.9269760573632,1681.3570585145608,1694.895279467867,1708.5425096441993,1722.2996267815402,1736.1675156853773,1750.1470682856248,1764.2391836939755,1778.4447682617345,1792.7647356381167,1807.2000068289992,1821.7515102561672,1836.4201818170154,1851.2069649447558,1866.112810669078,1881.1386776773347,1896.285532376183,1911.5543489537563,1926.9461094423048,1942.4618037813711,1958.1024298814455,1973.8689936881608,1989.7625092469793,2005.7839987684179,2021.9344926937952,2038.215029761504,2054.626657073813,2071.1704301642176,2087.8474130653335,2104.6586783773164,2121.605307336866,2138.6883898867477,2155.9090247459117,2173.268319480143,2190.767390573309,2208.407363499154,2226.1893727937027,2244.1145621282076,2262.184084382728,2280.399101720259,2298.7607856614945,2317.2703171601615,2335.9288866789793,2354.7376942662327,2373.6979496329395,2392.810872230673,2412.077691329971,2431.4996460994216,2451.0779856853383,2470.813969292122,2490.7088662632277,2510.763956162824,2530.9805288580706,2551.359884602096,2571.9033341176064,2592.612198681206,2613.487810208354,2634.5315113390543,2655.7446555241822,2677.1286071125573,2698.6847414386757,2720.4144449111714,2742.319115101994,2764.4001608362782,2786.6590022829737,2809.097071046162,2831.715810257159,2854.5166746673017,2877.5011307415425,2900.67065675274,2924.0267428767575,2947.570891288285,2971.304616257478,2995.22944424732,3019.346914011829,3043.658576695001,3068.1659959305807,3092.870747942638,3117.7744216469364,3142.87861875312,3168.1849538677375,3193.695054598094,3219.410561656912,3245.333128967883,3271.4644237720117,3297.806126734876,3324.3599320546946,3351.1275475713155,3378.1106948760344,3405.3111094223436,3432.7305406375262,3460.3707520352004,3488.23352132871,3516.320640545493,3544.6339161423107,3573.1751691214417,3601.9462351478164,3630.9489646670518,3660.1852230244945,3689.6568905851636,3719.3658628547196,3749.3140506013438,3779.5033799786634,3809.935792649603,3840.6132459112973,3871.5377128209448,3902.7111823227383,3934.135659375755,3965.8131650829396,3997.7457368210635,4029.9354283717907,4062.3843100537392,4095.0944688556665,4128.068008570669,4161.3070499315045,4194.813730746993,4228.590206039511,4262.638648183577,4296.961247045588,4331.560210124669,4366.437762694626,4401.596147947099,4437.037627135803,4472.764479721992,4508.779003521039,4545.083514850253,4581.680348677821,4618.571858773019,4655.7604178575675,4693.248417758249,4731.038269560753,4769.132403764733,4807.533270440121,4846.243339384716,4885.265100283049,4924.601062866471,4964.253757074609,5004.22573321805,5044.519562142395,5085.137835393579,5126.08316538458,5167.3581855634,5208.965550582488,5250.907936469426,5293.188040799074,5335.808582867062,5378.772303864684,5422.081967055189,5465.740357951513,5509.7502844954415,5554.1145772382,5598.836089522486,5643.917697666003,5689.362301146471,5735.17282278806,5781.352208949439,5827.903429713208,5874.829479076986,5922.133375145914,5969.818160326825,6017.886901523867,6066.342690335802,6115.188643254807,6164.427901866934,6214.06363305417,6264.099029198114,6314.537308385285,6365.381714614103,6416.635518003553,6468.302015003491,6520.384528606639,6572.88640856233,6625.811031591967,6679.16180160615,6732.942149923667,6787.155535492116,6841.805445110439,6896.895393653112,6952.428924296275,7008.409608745552,7064.841047465831,7121.726869912778,7179.070734766296,7236.876330165845,7295.147373947643,7353.887613883764,7413.100827923194,7472.790824434837,7532.961442452409,7593.616551921397,7654.7600539479145,7716.395881049652,7778.527997408752,7841.160399126823,7904.2971144818985,7967.94220418758,8032.099761654146,8096.773913251861,8161.968818576374,8227.688670716232,8293.937696522553,8360.720156880894,8428.04034698531,8495.90259661459,8564.311270410717,8633.270768159597,8702.785525074065,8772.860012079082,8843.498736099358,8914.706240349144,8986.487104624512,9058.845945597834,9131.787417114787,9205.31621049359,9279.437054826807,9354.154717285446,9429.47400342559,9505.399757497484,9581.936862757088,9659.090241780126,9736.864856778713,9815.265709920519,9894.297843650465,9973.966341015032,10054.276325989182,10135.232963805956,10216.841461288606,10299.107067185563,10382.035072507933,10465.630810869876,10549.89965883156,10634.84703624505,10720.478406602804,10806.799277389146,10893.815200434417,10981.531772272076,11069.954634498676,11159.08947413668,11248.94202400021,11339.518063063782,11430.823416834026,11522.863957724268,11615.64560543233,11709.174327321158,11803.456138802712,11898.49710372478,11994.303334761045,12090.880993804161,12188.23629236214,12286.375491957784,12385.304904531427,12485.030892846919,12585.55987090084,12686.898304334996,12789.052710852275,12892.029660635888,12995.8357767719,13100.477735675182,13205.962267518828,13312.296156667053,13419.486242111492,13527.539417911097,13636.462633635434,13746.262894811807,13856.947263375758,13968.522858125163,14080.996855178266,14194.376488435144,14308.66905004285,14423.881890864615] 0.31126199007860056 [Infinity,Infinity,Infinity,Infinity,Infinity,Infinity,Infinity,Infinity,Infinity,Infinity,Infinity,Infinity,Infinity,Infinity,Infinity,Infinity,Infinity,Infinity,Infinity,Infinity,Infinity,Infinity,Infinity,Infinity,Infinity,Infinity,Infinity,Infinity,Infinity,Infinity,Infinity,Infinity,Infinity,Infinity,Infinity,Infinity,Infinity,Infinity,Infinity,Infinity,Infinity,Infinity,Infinity,Infinity,Infinity,Infinity,Infinity,Infinity,Infinity,Infinity,Infinity,Infinity,Infinity,Infinity,Infinity,Infinity,Infinity,Infinity,Infinity,Infinity,Infinity,Infinity,Infinity,Infinity,Infinity,Infinity,Infinity,Infinity,Infinity,Infinity,Infinity,Infinity,Infinity,Infinity,Infinity,Infinity,Infinity,Infinity,Infinity,Infinity,Infinity,Infinity,Infinity,Infinity,Infinity,Infinity,Infinity,Infinity,Infinity,Infinity,Infinity,Infinity,Infinity,Infinity,Infinity,Infinity,Infinity,Infinity,Infinity,Infinity,Infinity,Infinity,Infinity,Infinity,Infinity,Infinity,Infinity,Infinity,Infinity,Infinity,Infinity,Infinity,Infinity,Infinity,Infinity,Infinity,Infinity,Infinity,Infinity,Infinity,Infinity,Infinity,Infinity,Infinity,Infinity,Infinity,Infinity,Infinity,Infinity,Infinity,Infinity,Infinity,Infinity,Infinity,Infinity,Infinity,Infinity,Infinity,Infinity,Infinity,Infinity,Infinity,Infinity,Infinity,Infinity,Infinity,Infinity,Infinity,Infinity,Infinity,Infinity,Infinity,Infinity,Infinity,Infinity,Infinity,Infinity,Infinity,Infinity,Infinity,Infinity,Infinity,Infinity,Infinity,Infinity,Infinity,Infinity,Infinity,Infinity,Infinity,Infinity,Infinity,Infinity,Infinity,Infinity,Infinity,Infinity,Infinity,Infinity,Infinity,Infinity,Infinity,Infinity,Infinity,Infinity,Infinity,Infinity,Infinity,Infinity,Infinity,Infinity,Infinity,Infinity,Infinity,Infinity,Infinity,Infinity,Infinity,Infinity,Infinity,Infinity,Infinity,Infinity,Infinity,Infinity,Infinity,Infinity,Infinity,Infinity,Infinity,Infinity,Infinity,Infinity,Infinity,Infinity,Infinity,Infinity,Infinity,Infinity,Infinity,Infinity,Infinity,Infinity,Infinity,Infinity,Infinity,Infinity,Infinity,Infinity,Infinity,Infinity,Infinity,Infinity,Infinity,Infinity,Infinity,Infinity,Infinity,Infinity,Infinity,Infinity,Infinity,Infinity,Infinity,Infinity,Infinity,Infinity,Infinity,Infinity,Infinity,Infinity,Infinity,Infinity,Infinity,Infinity,Infinity,Infinity,Infinity,Infinity,Infinity,Infinity,Infinity,Infinity,Infinity,Infinity,Infinity,Infinity,Infinity,Infinity,Infinity,Infinity,Infinity,Infinity,Infinity,Infinity,Infinity,Infinity,Infinity,Infinity,Infinity,Infinity,Infinity,Infinity,Infinity,Infinity,Infinity,Infinity,Infinity,Infinity,Infinity,Infinity,Infinity,Infinity,Infinity,Infinity,Infinity,Infinity,Infinity,Infinity,Infinity] [0.0,0.0,0.0,0.0,0.0,0.0,0.0,0.0,0.0,0.0,0.0,0.0,0.0,0.0,0.0,0.0,0.0,0.0,0.0,0.0,0.0,0.0,0.0,0.0,0.0,0.0,0.0,0.0,0.0,0.0,0.0,0.0,0.0,0.0,0.0,0.0,0.0,0.0,0.0,0.0,0.0,0.0,0.0,0.0,0.0,0.0,0.0,0.0,0.0,0.0,0.0,0.0,0.0,0.0,0.0,0.0,0.0,0.0,0.0,0.0,0.0,0.0,0.0,0.0,0.0,0.0,0.0,0.0,0.0,0.0,0.0,0.0,0.0,0.0,0.0,0.0,0.0,0.0,0.0,0.0,0.0,0.0,0.0,0.0,0.0,0.0,0.0,0.0,0.0,0.0,0.0,0.0,0.0,0.0,0.0,0.0,0.0,0.0,0.0,0.0,0.0,0.0,0.0,0.0,0.0,0.0,0.0,0.0,0.0,0.0,0.0,0.0,0.0,0.0,0.0,0.0,0.0,0.0,0.0,0.0,0.0,0.0,0.0,0.0,0.0,0.0,0.0,0.0,0.0,0.0,0.0,0.0,0.0,0.0,0.0,0.0,0.0,0.0,0.0,0.0,0.0,0.0,0.0,0.0,0.0,0.0,0.0,0.0,0.0,0.0,0.0,0.0,0.0,0.0,0.0,0.0,0.0,0.0,0.0,0.0,0.0,0.0,0.0,0.0,0.0,0.0,0.0,0.0,0.0,0.0,0.0,0.0,0.0,0.0,0.0,0.0,0.0,0.0,0.0,0.0,0.0,0.0,0.0,0.0,0.0,0.0,0.0,0.0,0.0,0.0,0.0,0.0,0.0,0.0,0.0,0.0,0.0,0.0,0.0,0.0,0.0,0.0,0.0,0.0,0.0,0.0,0.0,0.0,0.0,0.0,0.0,0.0,0.0,0.0,0.0,0.0,0.0,0.0,0.0,0.0,0.0,0.0,0.0,0.0,0.0,0.0,0.0,0.0,0.0,0.0,0.0,0.0,0.0,0.0,0.0,0.0,0.0,0.0,0.0,0.0,0.0,0.0,0.0,0.0,0.0,0.0,0.0,0.0,0.0,0.0,0.0,0.0,0.0,0.0,0.0,0.0,0.0,0.0,0.0,0.0,0.0,0.0,0.0,0.0,0.0,0.0,0.0,0.0,0.0,0.0,0.0,0.0,0.0,0.0,0.0,0.0,0.0,0.0,0.0,0.0,0.0,0.0,0.0,0.0,0.0,0.0,0.0,0.0,0.0,0.0,0.0,0.0,0.0,0.0,0.0,0.0,0.0,0.0,0.0,0.0]
56257.96280026884 [0.0,0.0,0.0,0.0,0.0,0.0,0.0,0.0,0.0,0.0,0.0,0.0,0.0,0.0,0.0,0.0,0.0,0.0,0.0,0.0,0.0,0.0,0.0,0.0,0.0,0.0,0.0,0.0,0.0,0.0,0.0,0.0,0.0,0.0,0.0,0.0,0.0,0.0,0.0,0.0,0.0,0.0,0.0,0.0,0.0,0.0,0.0,0.0,0.0,0.0,0.0,0.0,0.0,0.0,0.0,0.0,0.0,0.0,0.0,0.0,0.0,0.0,0.0,0.0,0.0,0.0,0.0,0.0,0.0,0.0,0.0,0.0,0.0,0.0,0.0,0.0,0.0,0.0,0.0,0.0,0.0,0.0,0.0,0.0,0.0,0.0,0.0,0.0,0.0,0.0,0.0,0.0,0.0,0.0,0.0,0.0,0.0,0.0,0.0,0.0,0.0,0.0,0.0,0.0,0.0,0.0,0.0,0.0,0.0,0.0,0.0,0.0,0.0,0.0,0.0,0.0,0.0,0.0,0.0,0.0,0.0,0.0,0.0,0.0,0.0,0.0,0.0,0.0,0.0,0.0,0.0,0.0,0.0,0.0,0.0,0.0,0.0,0.0,0.0,0.0,70.62812013469494,55.82428185388891,38.72336770861656,42.03441936340036,46.33679868338634,60.89182877836524,102.76250666933575,146.14380527541323,141.3930026301537,159.96722195125764,133.03580643500078,98.49030071402419,75.10217710844704,87.93256857509532,118.01949912860877,144.55000554479824,197.61286797915182,262.54490660798444,251.44992164943383,280.1313648848089,277.24654441673107,319.4881405747188,346.42004233718063,335.5579299104572,257.9103040115971,220.0683509346911,184.95233650525194,215.51790922077717,386.88206892842067,456.69322372782057,569.8581576586967,634.426737976962,490.5232723131903,409.9500351029225,365.35982855527044,442.8767755528689,437.5952696600457,427.51809695880047,453.0923046997583,440.5023792733294,423.3293368653229,416.0558267114848,392.03492419311107,307.24887186116075,262.5520909009254,282.7255705635462,297.71723044879764,358.5810064753465,495.88073596487334,665.9595168050274,664.614713389861,581.595754856962,443.8290724304597,340.93880824546204,312.5624371373118,294.7398658865751,310.1962746161922,276.48480613502903,331.50347587652493,334.1333824001021,256.4540192059309,257.38150190554256,281.72142915019845,335.35716708215114,374.39940007442397,481.93315046379035,492.0685909457957,494.4851812064466,432.4708285942353,420.32633525080615,380.12784609963876,352.23533727899166,349.46102051470467,319.79044574300985,301.1556820036306,251.06808481388924,235.09958628418946,219.307343241855,233.79879447540054,263.02004832597305,340.60348275135544,380.60636772736694,289.22900530164424,310.4865981294994,262.5965944990144,158.39155074020698,117.32336643189228,162.432804737212,213.60904977480655,242.04294802248353,222.79074742337562,235.17376191545068,243.85907568231642,212.34658660810763,195.5407637299354,193.4503820780461,157.07896253058783,137.2947171606595,117.1039840339555,118.81833892250778,111.19079344113788,114.64034448900264,98.18144727317522,104.55383198273344,111.36518169927521,94.44989346661224,97.11175906659334,91.2710540252952,87.89422092940787,82.10409814215961,66.99412460122606,64.1170516886411,71.20924266402814,64.17912721985125,52.634243392524546,52.21472884333973,63.27080077653976,71.44828499936466,68.4769834535182,61.854634036074025,51.113369429636315,38.47848380254804,17.985488958531207,33.73121484695108,32.57758232476285,48.38179943573128,75.99225623401027,103.9599507985255,123.28151610162874,123.53449611681793,135.44237928182233,116.2979895644844,90.96396480971671,81.8486996875144,71.1078963111044,61.83531240949549,53.64297413596247,42.44652797705663,47.157668537966,42.26966550899828,37.48391151420479,36.75746662766468,35.977551097853464,33.70883602549792,35.3097120827605,33.47334148415553,27.26171693794247,22.51426277587732,20.3072383118126,17.158400415816345,16.2140708129773,17.00278019557904,18.40568906077479,19.2243092559708,16.8523104207915,14.670300071897282,19.297653329150112,9.08529806820735,11.523056592994427,5.576153847828168] [1311.2619900786005,1321.8202200865917,1332.463464547639,1343.19240799478,1354.0077404728797,1364.9101575830227,1375.9003605272408,1386.9790561536227,1398.1469570017646,1409.4047813486081,1420.7532532546286,1432.193102610412,1443.7250651835902,1455.3498826661717,1467.068302722235,1478.881079036026,1490.78897136042,1502.7927455657994,1514.8931736892998,1527.0910339844697,1539.3871109713293,1551.7821954868166,1564.2770847356642,1576.872582341659,1589.569498399342,1602.368649526097,1615.270858914685,1628.2769563861766,1641.3877784433362,1654.6041683244075,1667.9269760573632,1681.3570585145608,1694.895279467867,1708.5425096441993,1722.2996267815402,1736.1675156853773,1750.1470682856248,1764.2391836939755,1778.4447682617345,1792.7647356381167,1807.2000068289992,1821.7515102561672,1836.4201818170154,1851.2069649447558,1866.112810669078,1881.1386776773347,1896.285532376183,1911.5543489537563,1926.9461094423048,1942.4618037813711,1958.1024298814455,1973.8689936881608,1989.7625092469793,2005.7839987684179,2021.9344926937952,2038.215029761504,2054.626657073813,2071.1704301642176,2087.8474130653335,2104.6586783773164,2121.605307336866,2138.6883898867477,2155.9090247459117,2173.268319480143,2190.767390573309,2208.407363499154,2226.1893727937027,2244.1145621282076,2262.184084382728,2280.399101720259,2298.7607856614945,2317.2703171601615,2335.9288866789793,2354.7376942662327,2373.6979496329395,2392.810872230673,2412.077691329971,2431.4996460994216,2451.0779856853383,2470.813969292122,2490.7088662632277,2510.763956162824,2530.9805288580706,2551.359884602096,2571.9033341176064,2592.612198681206,2613.487810208354,2634.5315113390543,2655.7446555241822,2677.1286071125573,2698.6847414386757,2720.4144449111714,2742.319115101994,2764.4001608362782,2786.6590022829737,2809.097071046162,2831.715810257159,2854.5166746673017,2877.5011307415425,2900.67065675274,2924.0267428767575,2947.570891288285,2971.304616257478,2995.22944424732,3019.346914011829,3043.658576695001,3068.1659959305807,3092.870747942638,3117.7744216469364,3142.87861875312,3168.1849538677375,3193.695054598094,3219.410561656912,3245.333128967883,3271.4644237720117,3297.806126734876,3324.3599320546946,3351.1275475713155,3378.1106948760344,3405.3111094223436,3432.7305406375262,3460.3707520352004,3488.23352132871,3516.320640545493,3544.6339161423107,3573.1751691214417,3601.9462351478164,3630.9489646670518,3660.1852230244945,3689.6568905851636,3719.3658628547196,3749.3140506013438,3779.5033799786634,3809.935792649603,3840.6132459112973,3871.5377128209448,3902.7111823227383,3934.135659375755,3965.8131650829396,3997.7457368210635,4029.9354283717907,4062.3843100537392,4095.0944688556665,4128.068008570669,4161.3070499315045,4194.813730746993,4228.590206039511,4262.638648183577,4296.961247045588,4331.560210124669,4366.437762694626,4401.596147947099,4437.037627135803,4472.764479721992,4508.779003521039,4545.083514850253,4581.680348677821,4618.571858773019,4655.7604178575675,4693.248417758249,4731.038269560753,4769.132403764733,4807.533270440121,4846.243339384716,4885.265100283049,4924.601062866471,4964.253757074609,5004.22573321805,5044.519562142395,5085.137835393579,5126.08316538458,5167.3581855634,5208.965550582488,5250.907936469426,5293.188040799074,5335.808582867062,5378.772303864684,5422.081967055189,5465.740357951513,5509.7502844954415,5554.1145772382,5598.836089522486,5643.917697666003,5689.362301146471,5735.17282278806,5781.352208949439,5827.903429713208,5874.829479076986,5922.133375145914,5969.818160326825,6017.886901523867,6066.342690335802,6115.188643254807,6164.427901866934,6214.06363305417,6264.099029198114,6314.537308385285,6365.381714614103,6416.635518003553,6468.302015003491,6520.384528606639,6572.88640856233,6625.811031591967,6679.16180160615,6732.942149923667,6787.155535492116,6841.805445110439,6896.895393653112,6952.428924296275,7008.409608745552,7064.841047465831,7121.726869912778,7179.070734766296,7236.876330165845,7295.147373947643,7353.887613883764,7413.100827923194,7472.790824434837,7532.961442452409,7593.616551921397,7654.7600539479145,7716.395881049652,7778.527997408752,7841.160399126823,7904.2971144818985,7967.94220418758,8032.099761654146,8096.773913251861,8161.968818576374,8227.688670716232,8293.937696522553,8360.720156880894,8428.04034698531,8495.90259661459,8564.311270410717,8633.270768159597,8702.785525074065,8772.860012079082,8843.498736099358,8914.706240349144,8986.487104624512,9058.845945597834,9131.787417114787,9205.31621049359,9279.437054826807,9354.154717285446,9429.47400342559,9505.399757497484,9581.936862757088,9659.090241780126,9736.864856778713,9815.265709920519,9894.297843650465,9973.966341015032,10054.276325989182,10135.232963805956,10216.841461288606,10299.107067185563,10382.035072507933,10465.630810869876,10549.89965883156,10634.84703624505,10720.478406602804,10806.799277389146,10893.815200434417,10981.531772272076,11069.954634498676,11159.08947413668,11248.94202400021,11339.518063063782,11430.823416834026,11522.863957724268,11615.64560543233,11709.174327321158,11803.456138802712,11898.49710372478,11994.303334761045,12090.880993804161,12188.23629236214,12286.375491957784,12385.304904531427,12485.030892846919,12585.55987090084,12686.898304334996,12789.052710852275,12892.029660635888,12995.8357767719,13100.477735675182,13205.962267518828,13312.296156667053,13419.486242111492,13527.539417911097,13636.462633635434,13746.262894811807,13856.947263375758,13968.522858125163,14080.996855178266,14194.376488435144,14308.66905004285,14423.881890864615] 0.31126199007860056 [Infinity,Infinity,Infinity,Infinity,Infinity,Infinity,Infinity,Infinity,Infinity,Infinity,Infinity,Infinity,Infinity,Infinity,Infinity,Infinity,Infinity,Infinity,Infinity,Infinity,Infinity,Infinity,Infinity,Infinity,Infinity,Infinity,Infinity,Infinity,Infinity,Infinity,Infinity,Infinity,Infinity,Infinity,Infinity,Infinity,Infinity,Infinity,Infinity,Infinity,Infinity,Infinity,Infinity,Infinity,Infinity,Infinity,Infinity,Infinity,Infinity,Infinity,Infinity,Infinity,Infinity,Infinity,Infinity,Infinity,Infinity,Infinity,Infinity,Infinity,Infinity,Infinity,Infinity,Infinity,Infinity,Infinity,Infinity,Infinity,Infinity,Infinity,Infinity,Infinity,Infinity,Infinity,Infinity,Infinity,Infinity,Infinity,Infinity,Infinity,Infinity,Infinity,Infinity,Infinity,Infinity,Infinity,Infinity,Infinity,Infinity,Infinity,Infinity,Infinity,Infinity,Infinity,Infinity,Infinity,Infinity,Infinity,Infinity,Infinity,Infinity,Infinity,Infinity,Infinity,Infinity,Infinity,Infinity,Infinity,Infinity,Infinity,Infinity,Infinity,Infinity,Infinity,Infinity,Infinity,Infinity,Infinity,Infinity,Infinity,Infinity,Infinity,Infinity,Infinity,Infinity,Infinity,Infinity,Infinity,Infinity,Infinity,Infinity,Infinity,Infinity,Infinity,Infinity,Infinity,Infinity,Infinity,Infinity,Infinity,3.259832217339433,2.7063368360304363,2.1890562704951106,1.9231243888901453,2.2011360768647874,3.285959455329651,4.916923441162354,6.4757724668037,7.3923202907518135,7.466031966409327,6.600249638367035,5.1122854712467936,3.97146592721444,4.131716009330236,5.595925041804205,7.8503479036153365,10.325359398525183,12.37406375193049,13.425767622242025,13.910351000672048,14.809680516007736,16.274190107885456,17.051449336927885,16.016842480183136,13.545646240177792,10.571419928011228,8.883262605000915,10.967664888983272,17.178149884420627,24.01988902637232,28.141363825037626,28.523762916705937,25.07809378207397,20.559038401238208,18.751914255731695,19.726053383011056,20.99870875508706,21.60601479921465,22.16649924341358,22.762944153420598,22.684576153707475,21.369394844333744,18.608852391706495,15.063152900444305,12.83750544010175,13.205923091856652,15.708235736629735,19.80348940868717,25.075219681496378,30.04606337532211,31.860388848186147,29.37853076516702,23.587095715997837,17.377942400304427,14.575352044141232,14.257550400218232,13.726455109262137,14.385571706578924,17.057326589179418,17.164751932031308,13.752088528842284,12.612912169650992,14.331756747684343,15.658853007653127,18.025810350174343,22.5182884319683,25.036927431090774,24.30911860730236,22.633864289199614,20.898719143375068,19.29532039510698,17.8984803539405,16.688693185613538,15.557779366869365,14.306009873984115,12.886419050680008,11.539197731855117,10.895581672646456,11.815519071584415,14.889099030536524,17.95962200543499,18.602085441583313,16.457433231266048,14.641819690989575,13.372534719665136,8.836709412788629,6.139919691470551,7.768461168035694,10.669877001460069,11.94441819155541,11.774967420552887,11.505753223762273,11.327088397619587,11.162939801625983,10.611143952069977,9.405586324970072,7.992926218238158,6.980115051539263,6.156382388846132,5.52791469089098,5.7402725589953665,5.535781270989624,5.208135588419128,5.15032565668122,5.029967866608381,4.758770689555594,4.585852840674014,4.640543684899274,4.410620874586474,3.7916638898546906,3.3785773655923244,3.2485256032369008,3.3855309529217736,3.2222799605912655,2.675513703047087,2.665901956859561,3.1820705946731045,3.352864278462679,3.264536106039935,3.0348691132638264,2.5268876928306514,1.9023229406023767,0.9713802190494851,1.539366666299474,1.9185727125556233,2.6628744555078687,3.8620783033363573,5.064346049402231,5.776754025504897,6.253046221567344,6.332673910323571,5.733724242452344,4.485026050371202,3.8394611115167203,3.4776583439209707,2.979743670463851,2.733799217741525,2.2566214128416684,2.217554180852153,2.0900065455581633,1.843314772088713,1.884937402032874,1.7641659907957308,1.7085624698111572,1.69438228127561,1.6921342997043574,1.3052047124973103,1.1001014202756445,1.0150170903601916,0.8698022470704622,0.7459389015071464,0.8145669986742157,0.9060978131477269,0.9852432915570031,0.8449774213254763,0.7641485856126391,0.9607399429496872,0.49517239379486194,0.6093019948701917,0.31378751678515804] [0.0,0.0,0.0,0.0,0.0,0.0,0.0,0.0,0.0,0.0,0.0,0.0,0.0,0.0,0.0,0.0,0.0,0.0,0.0,0.0,0.0,0.0,0.0,0.0,0.0,0.0,0.0,0.0,0.0,0.0,0.0,0.0,0.0,0.0,0.0,0.0,0.0,0.0,0.0,0.0,0.0,0.0,0.0,0.0,0.0,0.0,0.0,0.0,0.0,0.0,0.0,0.0,0.0,0.0,0.0,0.0,0.0,0.0,0.0,0.0,0.0,0.0,0.0,0.0,0.0,0.0,0.0,0.0,0.0,0.0,0.0,0.0,0.0,0.0,0.0,0.0,0.0,0.0,0.0,0.0,0.0,0.0,0.0,0.0,0.0,0.0,0.0,0.0,0.0,0.0,0.0,0.0,0.0,0.0,0.0,0.0,0.0,0.0,0.0,0.0,0.0,0.0,0.0,0.0,0.0,0.0,0.0,0.0,0.0,0.0,0.0,0.0,0.0,0.0,0.0,0.0,0.0,0.0,0.0,0.0,0.0,0.0,0.0,0.0,0.0,0.0,0.0,0.0,0.0,0.0,0.0,0.0,0.0,0.0,0.0,0.0,0.0,0.0,0.0,0.0,5.431475787906277,1.697545133280189,-5.057757701285655,3.5719315855974556,2.3140771460905984,-4.827360328227783,4.424037846088669,16.628355939339237,-6.453403184882569,10.646582623071117,1.0308136676600765,-3.755408710911678,-4.327141435841765,5.298248388490593,6.100998292524673,-12.45695252750849,-8.894319991351878,15.063631569374603,-17.065430795406694,1.9243448713678986,-18.94706590342367,-5.995661582990349,5.3910555986229465,15.221080306794425,-13.002620791958735,8.639952374466564,7.287084405233619,-3.8353885588882757,43.31907124000808,-23.70455679962584,7.0308811579440675,63.95147964284326,-11.03860332828908,-1.230732921841665,-9.678456559363438,48.35570789264771,17.621094558304534,-4.602199025492493,9.762319831486698,-14.756503795082622,-30.362186208826607,-11.332070175190019,19.85787635898115,5.985813852274631,5.801982098890407,18.60710872641318,-16.44748428379704,-37.48878169839693,-5.623657665054234,65.03824929858527,27.40693642613806,-5.974860446378484,-27.912841889497013,-6.620039760626551,21.055396254487157,9.588857882210435,35.667172430949535,-11.226627996549462,-9.643055907063413,-9.161656240524035,-18.587751370914802,5.1232585125227645,-4.913705803488424,22.180106929088566,13.883193070937153,31.567381824424313,-8.66995767601979,8.302809060399454,-20.206457189757028,2.3519523833047398,-5.778561802500859,-5.734269799818294,15.687156802433927,8.634858405622527,15.035484523948305,-6.660296199710889,4.315631647087121,1.3957097889258763,-2.5115869562877404,-34.76193228475745,-18.588957357344377,8.56465889570069,-39.91965932367676,17.650204309707856,-4.854099894288362,-18.342637515565613,-5.47502739751875,7.063581376498107,0.21150974560519045,3.1545841913752968,-12.70860098768211,5.05869744020522,17.317307729924686,-10.912209424412021,-16.68211531146411,5.338655578644645,-2.7795618341753374,-2.3075838701257623,-6.0236637429671385,8.260045104688174,-3.614657738769449,3.9247190692101723,-5.981264495207335,1.5473188491090268,10.765824367107605,-0.7255203244996408,5.394702253113057,-1.539819672690284,-0.3181965623216116,6.2708203450658,-0.5774227106204186,-0.8534603760969145,3.498623605592672,-0.26647199197405147,-0.8760306684171957,-1.1033102938514927,-0.37061111692233306,4.390999430111079,3.1862613327194946,1.1572517707974983,0.5756155730232883,0.43202499050050736,-1.4421154224584969,2.943881520961599,-5.793871926349617,-4.875689674426092,-1.2493098327168812,2.673029810480864,7.746435591530792,-1.5264283145289606,8.788901075350909,1.6235047154375126,1.263443802292683,5.059477457179993,1.5547294326849863,2.2404390002184633,-1.0330102188680388,-2.6859002797767397,2.806584920922944,0.4695345978350161,0.6176160724305277,-0.9412814129928003,0.6942312819388454,-0.46241337072522753,1.4220664572482995,-0.3693445099316157,1.1576226879962654,0.512234370364428,0.006896504608768041,-0.23764452559289967,1.295292782834373,0.711440222094726,0.2837327978202526,-0.4805565751692606,-0.04723800571802613,-0.6126716403555003,0.08285447015636514,-0.8181498076898875,-0.6629833044094062,-0.6995964878749921]
56320.343801034396 [0.0,0.0,0.0,0.0,0.0,0.0,0.0,0.0,0.0,0.0,0.0,0.0,0.0,0.0,0.0,0.0,0.0,0.0,0.0,0.0,0.0,0.0,0.0,0.0,0.0,0.0,0.0,0.0,0.0,0.0,0.0,0.0,0.0,0.0,0.0,0.0,0.0,0.0,0.0,0.0,0.0,0.0,0.0,0.0,0.0,0.0,0.0,0.0,0.0,0.0,0.0,0.0,0.0,0.0,0.0,0.0,0.0,0.0,0.0,0.0,0.0,0.0,0.0,0.0,0.0,0.0,0.0,0.0,0.0,0.0,0.0,0.0,0.0,0.0,0.0,0.0,0.0,0.0,0.0,0.0,0.0,0.0,0.0,0.0,0.0,0.0,0.0,0.0,0.0,0.0,0.0,0.0,0.0,0.0,0.0,0.0,0.0,0.0,0.0,0.0,0.0,0.0,0.0,0.0,0.0,0.0,0.0,0.0,0.0,0.0,0.0,0.0,0.0,0.0,0.0,0.0,0.0,0.0,0.0,0.0,0.0,0.0,0.0,0.0,0.0,0.0,0.0,0.0,0.0,0.0,0.0,0.0,0.0,0.0,0.0,0.0,0.0,0.0,0.0,0.0,0.0,0.0,0.0,0.0,0.0,0.0,0.0,0.0,0.0,0.0,0.0,0.0,0.0,0.0,0.0,0.0,0.0,0.0,0.0,0.0,0.0,0.0,0.0,0.0,0.0,0.0,0.0,0.0,0.0,0.0,0.0,0.0,0.0,0.0,0.0,0.0,0.0,0.0,0.0,0.0,0.0,0.0,0.0,0.0,0.0,0.0,0.0,0.0,0.0,0.0,0.0,0.0,0.0,0.0,0.0,0.0,0.0,0.0,0.0,0.0,0.0,0.0,0.0,0.0,0.0,0.0,0.0,0.0,0.0,0.0,0.0,0.0,0.0,0.0,0.0,0.0,0.0,0.0,0.0,0.0,0.0,0.0,0.0,0.0,0.0,0.0,0.0,0.0,0.0,0.0,0.0,0.0,0.0,0.0,0.0,0.0,0.0,0.0,0.0,0.0,0.0,0.0,0.0,0.0,0.0,0.0,0.0,0.0,0.0,0.0,0.0,0.0,0.0,0.0,0.0,0.0,0.0,0.0,0.0,0.0,0.0,0.0,0.0,0.0,0.0,0.0,0.0,0.0,0.0,0.0,0.0,0.0,0.0,0.0,0.0,0.0,0.0,0.0,0.0,0.0,0.0,0.0,0.0,0.0,0.0,0.0,0.0,0.0,0.0,0.0,0.0,0.0,0.0,0.0,0.0,0.0,0.0,0.0,0.0,0.0] [1311.2619900786005,1321.8202200865917,1332.463464547639,1343.19240799478,1354.0077404728797,1364.9101575830227,1375.9003605272408,1386.9790561536227,1398.1469570017646,1409.4047813486081,1420.7532532546286,1432.193102610412,1443.7250651835902,1455.3498826661717,1467.068302722235,1478.881079036026,1490.78897136042,1502.7927455657994,1514.8931736892998,1527.0910339844697,1539.3871109713293,1551.7821954868166,1564.2770847356642,1576.872582341659,1589.569498399342,1602.368649526097,1615.270858914685,1628.2769563861766,1641.3877784433362,1654.6041683244075,1667.9269760573632,1681.3570585145608,1694.895279467867,1708.5425096441993,1722.2996267815402,1736.1675156853773,1750.1470682856248,1764.2391836939755,1778.4447682617345,1792.7647356381167,1807.2000068289992,1821.7515102561672,1836.4201818170154,1851.2069649447558,1866.112810669078,1881.1386776773347,1896.285532376183,1911.5543489537563,1926.9461094423048,1942.4618037813711,1958.1024298814455,1973.8689936881608,1989.7625092469793,2005.7839987684179,2021.9344926937952,2038.215029761504,2054.626657073813,2071.1704301642176,2087.8474130653335,2104.6586783773164,2121.605307336866,2138.6883898867477,2155.9090247459117,2173.268319480143,2190.767390573309,2208.407363499154,2226.1893727937027,2244.1145621282076,2262.184084382728,2280.399101720259,2298.7607856614945,2317.2703171601615,2335.9288866789793,2354.7376942662327,2373.6979496329395,2392.810872230673,2412.077691329971,2431.4996460994216,2451.0779856853383,2470.813969292122,2490.7088662632277,2510.763956162824,2530.9805288580706,2551.359884602096,2571.9033341176064,2592.612198681206,2613.487810208354,2634.5315113390543,2655.7446555241822,2677.1286071125573,2698.6847414386757,2720.4144449111714,2742.319115101994,2764.4001608362782,2786.6590022829737,2809.097071046162,2831.715810257159,2854.5166746673017,2877.5011307415425,2900.67065675274,2924.0267428767575,2947.570891288285,2971.304616257478,2995.22944424732,3019.346914011829,3043.658576695001,3068.1659959305807,3092.870747942638,3117.7744216469364,3142.87861875312,3168.1849538677375,3193.695054598094,3219.410561656912,3245.333128967883,3271.4644237720117,3297.806126734876,3324.3599320546946,3351.1275475713155,3378.1106948760344,3405.3111094223436,3432.7305406375262,3460.3707520352004,3488.23352132871,3516.320640545493,3544.6339161423107,3573.1751691214417,3601.9462351478164,3630.9489646670518,3660.1852230244945,3689.6568905851636,3719.3658628547196,3749.3140506013438,3779.5033799786634,3809.935792649603,3840.6132459112973,3871.5377128209448,3902.7111823227383,3934.135659375755,3965.8131650829396,3997.7457368210635,4029.9354283717907,4062.3843100537392,4095.0944688556665,4128.068008570669,4161.3070499315045,4194.813730746993,4228.590206039511,4262.638648183577,4296.961247045588,4331.560210124669,4366.437762694626,4401.596147947099,4437.037627135803,4472.764479721992,4508.779003521039,4545.083514850253,4581.680348677821,4618.571858773019,4655.7604178575675,4693.248417758249,4731.038269560753,4769.132403764733,4807.533270440121,4846.243339384716,4885.265100283049,4924.601062866471,4964.253757074609,5004.22573321805,5044.519562142395,5085.137835393579,5126.08316538458,5167.3581855634,5208.965550582488,5250.907936469426,5293.188040799074,5335.808582867062,5378.772303864684,5422.081967055189,5465.740357951513,5509.7502844954415,5554.1145772382,5598.836089522486,5643.917697666003,5689.362301146471,5735.17282278806,5781.352208949439,5827.903429713208,5874.829479076986,5922.133375145914,5969.818160326825,6017.886901523867,6066.342690335802,6115.188643254807,6164.427901866934,6214.06363305417,6264.099029198114,6314.537308385285,6365.381714614103,6416.635518003553,6468.302015003491,6520.384528606639,6572.88640856233,6625.811031591967,6679.16180160615,6732.942149923667,6787.155535492116,6841.805445110439,6896.895393653112,6952.428924296275,7008.409608745552,7064.841047465831,7121.726869912778,7179.070734766296,7236.876330165845,7295.147373947643,7353.887613883764,7413.100827923194,7472.790824434837,7532.961442452409,7593.616551921397,7654.7600539479145,7716.395881049652,7778.527997408752,7841.160399126823,7904.2971144818985,7967.94220418758,8032.099761654146,8096.773913251861,8161.968818576374,8227.688670716232,8293.937696522553,8360.720156880894,8428.04034698531,8495.90259661459,8564.311270410717,8633.270768159597,8702.785525074065,8772.860012079082,8843.498736099358,8914.706240349144,8986.487104624512,9058.845945597834,9131.787417114787,9205.31621049359,9279.437054826807,9354.154717285446,9429.47400342559,9505.399757497484,9581.936862757088,9659.090241780126,9736.864856778713,9815.265709920519,9894.297843650465,9973.966341015032,10054.276325989182,10135.232963805956,10216.841461288606,10299.107067185563,10382.035072507933,10465.630810869876,10549.89965883156,10634.84703624505,10720.478406602804,10806.799277389146,10893.815200434417,10981.531772272076,11069.954634498676,11159.08947413668,11248.94202400021,11339.518063063782,11430.823416834026,11522.863957724268,11615.64560543233,11709.174327321158,11803.456138802712,11898.49710372478,11994.303334761045,12090.880993804161,12188.23629236214,12286.375491957784,12385.304904531427,12485.030892846919,12585.55987090084,12686.898304334996,12789.052710852275,12892.029660635888,12995.8357767719,13100.477735675182,13205.962267518828,13312.296156667053,13419.486242111492,13527.539417911097,13636.462633635434,13746.262894811807,13856.947263375758,13968.522858125163,14080.996855178266,14194.376488435144,14308.66905004285,14423.881890864615] 0.31126199007860056 [Infinity,Infinity,Infinity,Infinity,Infinity,Infinity,Infinity,Infinity,Infinity,Infinity,Infinity,Infinity,Infinity,Infinity,Infinity,Infinity,Infinity,Infinity,Infinity,Infinity,Infinity,Infinity,Infinity,Infinity,Infinity,Infinity,Infinity,Infinity,Infinity,Infinity,Infinity,Infinity,Infinity,Infinity,Infinity,Infinity,Infinity,Infinity,Infinity,Infinity,Infinity,Infinity,Infinity,Infinity,Infinity,Infinity,Infinity,Infinity,Infinity,Infinity,Infinity,Infinity,Infinity,Infinity,Infinity,Infinity,Infinity,Infinity,Infinity,Infinity,Infinity,Infinity,Infinity,Infinity,Infinity,Infinity,Infinity,Infinity,Infinity,Infinity,Infinity,Infinity,Infinity,Infinity,Infinity,Infinity,Infinity,Infinity,Infinity,Infinity,Infinity,Infinity,Infinity,Infinity,Infinity,Infinity,Infinity,Infinity,Infinity,Infinity,Infinity,Infinity,Infinity,Infinity,Infinity,Infinity,Infinity,Infinity,Infinity,Infinity,Infinity,Infinity,Infinity,Infinity,Infinity,Infinity,Infinity,Infinity,Infinity,Infinity,Infinity,Infinity,Infinity,Infinity,Infinity,Infinity,Infinity,Infinity,Infinity,Infinity,Infinity,Infinity,Infinity,Infinity,Infinity,Infinity,Infinity,Infinity,Infinity,Infinity,Infinity,Infinity,Infinity,Infinity,Infinity,Infinity,Infinity,Infinity,Infinity,Infinity,Infinity,Infinity,Infinity,Infinity,Infinity,Infinity,Infinity,Infinity,Infinity,Infinity,Infinity,Infinity,Infinity,Infinity,Infinity,Infinity,Infinity,Infinity,Infinity,Infinity,Infinity,Infinity,Infinity,Infinity,Infinity,Infinity,Infinity,Infinity,Infinity,Infinity,Infinity,Infinity,Infinity,Infinity,Infinity,Infinity,Infinity,Infinity,Infinity,Infinity,Infinity,Infinity,Infinity,Infinity,Infinity,Infinity,Infinity,Infinity,Infinity,Infinity,Infinity,Infinity,Infinity,Infinity,Infinity,Infinity,Infinity,Infinity,Infinity,Infinity,Infinity,Infinity,Infinity,Infinity,Infinity,Infinity,Infinity,Infinity,Infinity,Infinity,Infinity,Infinity,Infinity,Infinity,Infinity,Infinity,Infinity,Infinity,Infinity,Infinity,Infinity,Infinity,Infinity,Infinity,Infinity,Infinity,Infinity,Infinity,Infinity,Infinity,Infinity,Infinity,Infinity,Infinity,Infinity,Infinity,Infinity,Infinity,Infinity,Infinity,Infinity,Infinity,Infinity,Infinity,Infinity,Infinity,Infinity,Infinity,Infinity,Infinity,Infinity,Infinity,Infinity,Infinity,Infinity,Infinity,Infinity,Infinity,Infinity,Infinity,Infinity,Infinity,Infinity,Infinity,Infinity,Infinity,Infinity,Infinity,Infinity,Infinity,Infinity,Infinity,Infinity,Infinity,Infinity,Infinity,Infinity,Infinity,Infinity,Infinity,Infinity,Infinity,Infinity,Infinity,Infinity,Infinity,Infinity,Infinity,Infinity,Infinity,Infinity,Infinity,Infinity,Infinity,Infinity,Infinity,Infinity,Infinity,Infinity,Infinity] [0.0,0.0,0.0,0.0,0.0,0.0,0.0,0.0,0.0,0.0,0.0,0.0,0.0,0.0,0.0,0.0,0.0,0.0,0.0,0.0,0.0,0.0,0.0,0.0,0.0,0.0,0.0,0.0,0.0,0.0,0.0,0.0,0.0,0.0,0.0,0.0,0.0,0.0,0.0,0.0,0.0,0.0,0.0,0.0,0.0,0.0,0.0,0.0,0.0,0.0,0.0,0.0,0.0,0.0,0.0,0.0,0.0,0.0,0.0,0.0,0.0,0.0,0.0,0.0,0.0,0.0,0.0,0.0,0.0,0.0,0.0,0.0,0.0,0.0,0.0,0.0,0.0,0.0,0.0,0.0,0.0,0.0,0.0,0.0,0.0,0.0,0.0,0.0,0.0,0.0,0.0,0.0,0.0,0.0,0.0,0.0,0.0,0.0,0.0,0.0,0.0,0.0,0.0,0.0,0.0,0.0,0.0,0.0,0.0,0.0,0.0,0.0,0.0,0.0,0.0,0.0,0.0,0.0,0.0,0.0,0.0,0.0,0.0,0.0,0.0,0.0,0.0,0.0,0.0,0.0,0.0,0.0,0.0,0.0,0.0,0.0,0.0,0.0,0.0,0.0,0.0,0.0,0.0,0.0,0.0,0.0,0.0,0.0,0.0,0.0,0.0,0.0,0.0,0.0,0.0,0.0,0.0,0.0,0.0,0.0,0.0,0.0,0.0,0.0,0.0,0.0,0.0,0.0,0.0,0.0,0.0,0.0,0.0,0.0,0.0,0.0,0.0,0.0,0.0,0.0,0.0,0.0,0.0,0.0,0.0,0.0,0.0,0.0,0.0,0.0,0.0,0.0,0.0,0.0,0.0,0.0,0.0,0.0,0.0,0.0,0.0,0.0,0.0,0.0,0.0,0.0,0.0,0.0,0.0,0.0,0.0,0.0,0.0,0.0,0.0,0.0,0.0,0.0,0.0,0.0,0.0,0.0,0.0,0.0,0.0,0.0,0.0,0.0,0.0,0.0,0.0,0.0,0.0,0.0,0.0,0.0,0.0,0.0,0.0,0.0,0.0,0.0,0.0,0.0,0.0,0.0,0.0,0.0,0.0,0.0,0.0,0.0,0.0,0.0,0.0,0.0,0.0,0.0,0.0,0.0,0.0,0.0,0.0,0.0,0.0,0.0,0.0,0.0,0.0,0.0,0.0,0.0,0.0,0.0,0.0,0.0,0.0,0.0,0.0,0.0,0.0,0.0,0.0,0.0,0.0,0.0,0.0,0.0,0.0,0.0,0.0,0.0,0.0,0.0,0.0,0.0,0.0,0.0,0.0,0.0]
56271.21478181668 [0.0,0.0,0.0,0.0,0.0,0.0,0.0,0.0,0.0,0.0,0.0,0.0,0.0,0.0,0.0,0.0,0.0,0.0,0.0,0.0,0.0,0.0,0.0,0.0,0.0,0.0,0.0,0.0,0.0,0.0,0.0,0.0,0.0,0.0,0.0,0.0,0.0,0.0,0.0,0.0,0.0,0.0,0.0,0.0,0.0,0.0,0.0,0.0,0.0,0.0,0.0,0.0,0.0,0.0,0.0,0.0,0.0,0.0,0.0,0.0,0.0,0.0,0.0,0.0,0.0,0.0,0.0,0.0,0.0,0.0,0.0,0.0,0.0,0.0,0.0,0.0,0.0,0.0,0.0,0.0,0.0,0.0,0.0,0.0,0.0,0.0,0.0,0.0,0.0,0.0,0.0,0.0,0.0,0.0,0.0,0.0,0.0,0.0,0.0,0.0,0.0,0.0,0.0,0.0,0.0,0.0,0.0,0.0,0.0,0.0,0.0,0.0,0.0,0.0,0.0,0.0,0.0,0.0,0.0,0.0,0.0,0.0,0.0,0.0,0.0,0.0,0.0,0.0,0.0,0.0,0.0,0.0,0.0,0.0,0.0,0.0,0.0,0.0,0.0,0.0,15.584953092345119,7.774188190659013,8.646518665586951,18.775187429831284,30.151170478235862,26.62650559440401,14.71628578030762,5.712092927755398,5.191917515037145,12.835197756903277,23.437945157320627,31.072564366071052,38.11212881991195,42.23439384237249,37.96376196496137,48.639212431457594,64.57647905160995,72.1701549464029,76.39528803359038,79.31618040727278,84.15738814324146,88.47571931389658,96.7700469309959,100.8213863986241,95.7319075363814,76.99522507489228,53.43040719585973,60.65439654902421,106.850845924471,152.41899412599335,184.84887305680326,181.61371545228758,161.42034522031759,157.2571692953522,136.7838985045327,121.28488372736872,125.03672897731335,122.01869828473244,134.20061193476002,134.85846771616139,135.07615342508853,142.40329978449563,143.11308481597013,127.31618258157687,111.63811552033219,88.22789941153017,82.77905165984039,105.38368615137502,147.11398493526863,238.2615746520402,301.8712813972769,299.83333889849354,248.0426216882384,149.51540047866234,125.71103030361924,147.04525580891317,133.373188393937,148.87211816637654,194.62409045039846,200.346210481554,177.2297166596948,132.23241296144423,133.53439489923733,113.39348408373495,127.71136294276663,139.74307819855554,188.83095244567255,247.12034493681588,257.16991535034674,260.51812293050585,275.83560749746397,298.1719397396952,311.6421077279726,271.74182395360435,255.26753566051207,210.03163728765585,160.54609536373496,145.73257550637746,160.33290112042982,203.99961000588834,231.0084299862648,261.0632575489427,218.03931897706025,160.21782498803103,167.86640204650288,156.70318440173557,127.73944565519609,112.9663463940092,133.77597814824676,134.561609241222,170.26015382144664,216.83134276225982,231.6579471626676,215.7961458936656,230.09138494983688,177.16778718997142,151.50049410390727,125.38235888991838,105.33190714673147,81.2961376734481,84.76171500539276,87.57333440658499,86.00560965163807,81.05849553492797,81.5416419241675,94.98851451380396,90.11655992485251,94.07329210422043,104.44981637842234,97.76616290051247,105.41883982297213,91.9993723011278,89.89332749263866,86.19884070935062,97.59588335602962,86.44172967524456,79.13606832069969,85.07406610435238,68.68098735605584,58.310513999495505,53.507290249565806,44.01263645275528,20.23660846453628,21.820862961718394,23.921329925403743,35.628110698540354,64.70067078974232,105.24311063511227,112.53822013862536,131.19356540378914,135.71381357039456,127.73024973555617,98.09962399039166,102.667707004428,83.49617107995326,84.49218648188466,81.48330380448883,68.08317210813519,57.851090724690465,54.64852853913119,53.271360202172254,47.13369924722959,47.53648742498683,47.999441720490175,43.58746812692856,45.10628189443168,43.27760324981651,43.264494423897446,37.18040112159745,38.34070215352832,33.579208287711225,28.869066526090037,32.49517270676585,39.98075451018775,32.71192149849723,33.472651572490115,29.154415415611687,24.490113625824684,24.60148071408747,24.514329909468653] [1311.2619900786005,1321.8202200865917,1332.463464547639,1343.19240799478,1354.0077404728797,1364.9101575830227,1375.9003605272408,1386.9790561536227,1398.1469570017646,1409.4047813486081,1420.7532532546286,1432.193102610412,1443.7250651835902,1455.3498826661717,1467.068302722235,1478.881079036026,1490.78897136042,1502.7927455657994,1514.8931736892998,1527.0910339844697,1539.3871109713293,1551.7821954868166,1564.2770847356642,1576.872582341659,1589.569498399342,1602.368649526097,1615.270858914685,1628.2769563861766,1641.3877784433362,1654.6041683244075,1667.9269760573632,1681.3570585145608,1694.895279467867,1708.5425096441993,1722.2996267815402,1736.1675156853773,1750.1470682856248,1764.2391836939755,1778.4447682617345,1792.7647356381167,1807.2000068289992,1821.7515102561672,1836.4201818170154,1851.2069649447558,1866.112810669078,1881.1386776773347,1896.285532376183,1911.5543489537563,1926.9461094423048,1942.4618037813711,1958.1024298814455,1973.8689936881608,1989.7625092469793,2005.7839987684179,2021.9344926937952,2038.215029761504,2054.626657073813,2071.1704301642176,2087.8474130653335,2104.6586783773164,2121.605307336866,2138.6883898867477,2155.9090247459117,2173.268319480143,2190.767390573309,2208.407363499154,2226.1893727937027,2244.1145621282076,2262.184084382728,2280.399101720259,2298.7607856614945,2317.2703171601615,2335.9288866789793,2354.7376942662327,2373.6979496329395,2392.810872230673,2412.077691329971,2431.4996460994216,2451.0779856853383,2470.813969292122,2490.7088662632277,2510.763956162824,2530.9805288580706,2551.359884602096,2571.9033341176064,2592.612198681206,2613.487810208354,2634.5315113390543,2655.7446555241822,2677.1286071125573,2698.6847414386757,2720.4144449111714,2742.319115101994,2764.4001608362782,2786.6590022829737,2809.097071046162,2831.715810257159,2854.5166746673017,2877.5011307415425,2900.67065675274,2924.0267428767575,2947.570891288285,2971.304616257478,2995.22944424732,3019.346914011829,3043.658576695001,3068.1659959305807,3092.870747942638,3117.7744216469364,3142.87861875312,3168.1849538677375,3193.695054598094,3219.410561656912,3245.333128967883,3271.4644237720117,3297.806126734876,3324.3599320546946,3351.1275475713155,3378.1106948760344,3405.3111094223436,3432.7305406375262,3460.3707520352004,3488.23352132871,3516.320640545493,3544.6339161423107,3573.1751691214417,3601.9462351478164,3630.9489646670518,3660.1852230244945,3689.6568905851636,3719.3658628547196,3749.3140506013438,3779.5033799786634,3809.935792649603,3840.6132459112973,3871.5377128209448,3902.7111823227383,3934.135659375755,3965.8131650829396,3997.7457368210635,4029.9354283717907,4062.3843100537392,4095.0944688556665,4128.068008570669,4161.3070499315045,4194.813730746993,4228.590206039511,4262.638648183577,4296.961247045588,4331.560210124669,4366.437762694626,4401.596147947099,4437.037627135803,4472.764479721992,4508.779003521039,4545.083514850253,4581.680348677821,4618.571858773019,4655.7604178575675,4693.248417758249,4731.038269560753,4769.132403764733,4807.533270440121,4846.243339384716,4885.265100283049,4924.601062866471,4964.253757074609,5004.22573321805,5044.519562142395,5085.137835393579,5126.08316538458,5167.3581855634,5208.965550582488,5250.907936469426,5293.188040799074,5335.808582867062,5378.772303864684,5422.081967055189,5465.740357951513,5509.7502844954415,5554.1145772382,5598.836089522486,5643.917697666003,5689.362301146471,5735.17282278806,5781.352208949439,5827.903429713208,5874.829479076986,5922.133375145914,5969.818160326825,6017.886901523867,6066.342690335802,6115.188643254807,6164.427901866934,6214.06363305417,6264.099029198114,6314.537308385285,6365.381714614103,6416.635518003553,6468.302015003491,6520.384528606639,6572.88640856233,6625.811031591967,6679.16180160615,6732.942149923667,6787.155535492116,6841.805445110439,6896.895393653112,6952.428924296275,7008.409608745552,7064.841047465831,7121.726869912778,7179.070734766296,7236.876330165845,7295.147373947643,7353.887613883764,7413.100827923194,7472.790824434837,7532.961442452409,7593.616551921397,7654.7600539479145,7716.395881049652,7778.527997408752,7841.160399126823,7904.2971144818985,7967.94220418758,8032.099761654146,8096.773913251861,8161.968818576374,8227.688670716232,8293.937696522553,8360.720156880894,8428.04034698531,8495.90259661459,8564.311270410717,8633.270768159597,8702.785525074065,8772.860012079082,8843.498736099358,8914.706240349144,8986.487104624512,9058.845945597834,9131.787417114787,9205.31621049359,9279.437054826807,9354.154717285446,9429.47400342559,9505.399757497484,9581.936862757088,9659.090241780126,9736.864856778713,9815.265709920519,9894.297843650465,9973.966341015032,10054.276325989182,10135.232963805956,10216.841461288606,10299.107067185563,10382.035072507933,10465.630810869876,10549.89965883156,10634.84703624505,10720.478406602804,10806.799277389146,10893.815200434417,10981.531772272076,11069.954634498676,11159.08947413668,11248.94202400021,11339.518063063782,11430.823416834026,11522.863957724268,11615.64560543233,11709.174327321158,11803.456138802712,11898.49710372478,11994.303334761045,12090.880993804161,12188.23629236214,12286.375491957784,12385.304904531427,12485.030892846919,12585.55987090084,12686.898304334996,12789.052710852275,12892.029660635888,12995.8357767719,13100.477735675182,13205.962267518828,13312.296156667053,13419.486242111492,13527.539417911097,13636.462633635434,13746.262894811807,13856.947263375758,13968.522858125163,14080.996855178266,14194.376488435144,14308.66905004285,14423.881890864615] 0.31126199007860056 [Infinity,Infinity,Infinity,Infinity,Infinity,Infinity,Infinity,Infinity,Infinity,Infinity,Infinity,Infinity,Infinity,Infinity,Infinity,Infinity,Infinity,Infinity,Infinity,Infinity,Infinity,Infinity,Infinity,Infinity,Infinity,Infinity,Infinity,Infinity,Infinity,Infinity,Infinity,Infinity,Infinity,Infinity,Infinity,Infinity,Infinity,Infinity,Infinity,Infinity,Infinity,Infinity,Infinity,Infinity,Infinity,Infinity,Infinity,Infinity,Infinity,Infinity,Infinity,Infinity,Infinity,Infinity,Infinity,Infinity,Infinity,Infinity,Infinity,Infinity,Infinity,Infinity,Infinity,Infinity,Infinity,Infinity,Infinity,Infinity,Infinity,Infinity,Infinity,Infinity,Infinity,Infinity,Infinity,Infinity,Infinity,Infinity,Infinity,Infinity,Infinity,Infinity,Infinity,Infinity,Infinity,Infinity,Infinity,Infinity,Infinity,Infinity,Infinity,Infinity,Infinity,Infinity,Infinity,Infinity,Infinity,Infinity,Infinity,Infinity,Infinity,Infinity,Infinity,Infinity,Infinity,Infinity,Infinity,Infinity,Infinity,Infinity,Infinity,Infinity,Infinity,Infinity,Infinity,Infinity,Infinity,Infinity,Infinity,Infinity,Infinity,Infinity,Infinity,Infinity,Infinity,Infinity,Infinity,Infinity,Infinity,Infinity,Infinity,Infinity,Infinity,Infinity,Infinity,Infinity,Infinity,Infinity,Infinity,Infinity,0.6992586798736716,0.36332611729579234,0.4507533671323559,0.9572479791803776,1.400825697606181,1.2997562806000904,0.7562599442373158,0.26947768266234406,0.25373133108623414,0.6215982119497536,1.1427290239087255,1.6242845072405756,1.943401025639396,2.010787455626237,2.006771466215643,2.263043184699222,2.897387571210904,3.5685028174214004,3.9115706829045416,4.021001886956928,4.243567141626337,4.712872120726169,5.198862824367767,5.423451429777017,5.094372127256431,3.9684917422063464,2.779015952953769,3.055256119159868,5.228111627102075,7.714979980528471,9.07796175476888,9.309807908483117,8.745251980494984,7.787465769278057,6.867897946149101,6.240913305759036,6.029368196745496,6.1426371165277445,6.2800240230593385,6.390973115093385,6.761490532132273,7.298837417028883,7.277470717219515,6.405199885334649,5.253435056036144,4.409192959708472,4.3284962941978335,5.397157406214561,7.884151031034088,11.376463355618704,14.526285565086027,15.542231117729525,12.51496521377014,7.701880258596556,6.065629736437531,6.823584866460071,6.9162829741449325,7.696188944370394,10.311046270853643,11.251126817540257,9.129984338988507,7.016636757080723,6.092673951536424,5.80177879587946,5.9835248419566405,6.962456188353832,9.747132883179685,12.943664524853299,13.328108728248505,12.93609880502878,14.130316604301857,15.014704490740408,14.766928954704465,13.81685132022128,12.22172713757547,10.17835624748598,8.227379431926778,7.116134780364176,7.624661435370994,10.12353469196612,12.631760183727186,12.927573261747636,10.563623010202353,8.307902125734143,7.7230500351969225,7.21764347836009,6.534858899611615,6.22432622028879,6.732458367951824,7.361969009474967,8.761055333413205,10.749018415653932,11.092125670316594,11.329361680047795,11.234621724694701,9.642686233656784,7.8070685328760945,6.177535973962735,5.152859702474008,4.753294945158559,4.405521293944118,4.42908125208058,4.248939069782673,3.8855357093896536,3.996011738011044,4.3666039291471,4.459786984780146,4.547913973009708,4.908326386220677,5.137612000818777,4.824112412075441,4.5010910911146,4.573766994297458,4.690640332094615,4.636474017398603,4.367076439356816,4.077428037772357,3.921729358616293,3.5992769568965075,3.0826260387739186,2.80745303212257,2.1781782709618187,1.0119383939587574,1.0780240427200105,1.2526992479786263,1.869460900714488,3.5342651112356336,4.806542244141054,5.418832189165944,6.011694142075261,6.388168981672793,6.204940838493066,5.522239747735872,4.928690297973719,4.534124576578754,4.060423111038828,3.7817567582604363,3.307369823400232,2.918293709659938,2.8097616367335543,2.6864368596581283,2.3830333863537776,2.2273540294646894,2.2340155284478653,2.227328866746379,2.2642389400726186,2.1399818877091277,2.04561467848902,1.969854277962123,1.7603735677513008,1.637182687703263,1.4731319185518805,1.664696074258347,2.0390232317788493,1.6949530163882194,1.5985351883570988,1.52631551880543,1.1615045584922883,1.2198239418623094,1.066675756199507] [0.0,0.0,0.0,0.0,0.0,0.0,0.0,0.0,0.0,0.0,0.0,0.0,0.0,0.0,0.0,0.0,0.0,0.0,0.0,0.0,0.0,0.0,0.0,0.0,0.0,0.0,0.0,0.0,0.0,0.0,0.0,0.0,0.0,0.0,0.0,0.0,0.0,0.0,0.0,0.0,0.0,0.0,0.0,0.0,0.0,0.0,0.0,0.0,0.0,0.0,0.0,0.0,0.0,0.0,0.0,0.0,0.0,0.0,0.0,0.0,0.0,0.0,0.0,0.0,0.0,0.0,0.0,0.0,0.0,0.0,0.0,0.0,0.0,0.0,0.0,0.0,0.0,0.0,0.0,0.0,0.0,0.0,0.0,0.0,0.0,0.0,0.0,0.0,0.0,0.0,0.0,0.0,0.0,0.0,0.0,0.0,0.0,0.0,0.0,0.0,0.0,0.0,0.0,0.0,0.0,0.0,0.0,0.0,0.0,0.0,0.0,0.0,0.0,0.0,0.0,0.0,0.0,0.0,0.0,0.0,0.0,0.0,0.0,0.0,0.0,0.0,0.0,0.0,0.0,0.0,0.0,0.0,0.0,0.0,0.0,0.0,0.0,0.0,0.0,0.0,1.599779494871687,0.5076658447431665,-0.3685486770601668,-0.36977215377626893,2.134656526112242,0.6313799824022011,-0.40891310443869544,0.32253927450851727,0.11729089331246216,0.4032335179082062,0.5833646791461143,-1.4131257787404627,-0.7558916928759699,2.018644729847748,-2.171667359351486,3.3783487374731633,6.6287276273918705,0.8000985979748937,-1.8361256245004582,-1.1038573318657883,-0.7139546892852688,-5.781723100626788,-7.207209556359423,-7.64764219691623,-6.1555350087472265,-2.3746097692346475,-2.14991186321565,-0.45072583417314965,2.2886133824294888,-1.8806054845760887,3.2896379614256603,-4.582442717374773,-13.484694389582089,1.5078539097910784,-0.5740604184493417,-3.5333823878119994,4.4493650424034215,-0.8340440458224487,8.600131473573263,7.03900541429369,-0.15365721755690834,-3.5734485560820346,-2.436329528420183,-0.7878151251161126,6.569414399609319,0.04404021736074906,-3.7908742241162745,-2.559461972916198,-10.569035685413137,10.732307539666136,11.345570095556367,-11.011283456096978,-2.25668258716439,-4.522204693268773,4.398435574868628,10.573558479711743,-4.952471088961645,-5.051660721031327,-11.596834966674422,-24.676325869251148,-5.369970120075344,-8.100322180170235,11.680915868508857,-2.6420918338542476,8.040866103633814,0.493954431478899,-6.111705217921117,-11.752945560250083,-9.392259214623406,1.7961468299302552,-6.770724588573162,-2.122150075113008,16.303528633883293,-4.595202450821251,10.832992909002646,6.464512337936271,-4.001493274800603,3.409879899093925,7.839672413009929,1.528916166565941,-21.62677368827893,2.5117923139899654,6.766858773013179,-5.940217526651854,13.405401342564428,12.350314834533778,-2.957732337036203,-11.520178011766612,-0.873189210789713,-12.677770948277358,-4.960952846817477,1.8509744491811888,9.815433756335727,-10.791087707290302,5.398950455942826,-15.685937483164246,-4.640876553614612,1.8316394106636789,2.274713097251313,-13.769761229723073,-3.348710873489607,-1.008290635026593,1.0268282559846154,3.347781347134903,1.6214071639466157,7.656435930861962,0.9208202292495995,3.1150126440262618,6.283288654008783,-4.986077115863065,8.936591581463318,1.9775504788358147,-1.5820123933104873,-7.613965932541671,4.866403008057548,-0.8997991118917517,-2.412492434747452,6.639478932026515,-3.304551781874316,-3.342006775982869,-2.641770392885594,0.4490710335189068,-0.0021594146388725986,0.26038210731818145,-1.1326550341687853,-1.7611073157494053,-5.984631434970354,9.112265752291181,4.161576355306482,10.959682562283902,7.950433936938704,3.6314329656948567,-12.345170964325776,4.093901044953607,-7.186320451621831,3.283724261108108,5.848168639280098,1.9357756401305497,-0.5147834685082999,-1.5467041955398986,-0.4573769909903114,-0.5269684798459578,2.989406835693036,3.3191311515328716,-0.9591092079990233,-0.17849690702068738,0.47796549563394963,2.352200854117045,-2.216684437645017,3.133230798502306,0.8355545336459685,-0.5935718449475723,-0.7987487784010896,-0.7997101253892316,-1.1871388292671572,1.5019478053481365,-1.3718949604969124,1.260022455978916,0.2050018768412781,3.180814785478514]
56240.99594021896 [0.0,0.0,0.0,0.0,0.0,0.0,0.0,0.0,0.0,0.0,0.0,0.0,0.0,0.0,0.0,0.0,0.0,0.0,0.0,0.0,0.0,0.0,0.0,0.0,0.0,0.0,0.0,0.0,0.0,0.0,0.0,0.0,0.0,0.0,0.0,0.0,0.0,0.0,0.0,0.0,0.0,0.0,0.0,0.0,0.0,0.0,0.0,0.0,0.0,0.0,0.0,0.0,0.0,0.0,0.0,0.0,0.0,0.0,0.0,0.0,0.0,0.0,0.0,0.0,0.0,0.0,0.0,0.0,0.0,0.0,0.0,0.0,0.0,0.0,0.0,0.0,0.0,0.0,0.0,0.0,0.0,0.0,0.0,0.0,0.0,0.0,0.0,0.0,0.0,0.0,0.0,0.0,0.0,0.0,0.0,0.0,0.0,0.0,0.0,0.0,0.0,0.0,0.0,0.0,0.0,0.0,0.0,0.0,0.0,0.0,0.0,0.0,0.0,0.0,0.0,0.0,0.0,0.0,0.0,0.0,0.0,0.0,0.0,0.0,0.0,0.0,0.0,0.0,0.0,0.0,0.0,0.0,0.0,0.0,0.0,0.0,0.0,0.0,0.0,0.0,333.02430932333993,434.7796541779512,408.10730924601484,438.4585657552369,416.97018447417923,420.80440931969594,444.2337036011682,446.5226384800519,418.5732234508726,362.6963013465724,415.47425638029404,441.17602333744674,530.5511115517318,605.6980984980177,640.0145520626244,715.9743059100845,793.5547653065514,854.1077446077143,905.1671559124616,978.9743577041611,1008.9996581613344,839.3149406317424,630.7789617588402,540.5883041797667,518.2779653104202,502.6231104288857,547.8716619105335,584.5381160369021,831.6418350492794,976.4420598407976,1069.8643068496017,1033.991763098143,1040.039208890568,1011.0280177790914,1020.6784047242726,1166.1929679534396,988.4170043619522,1040.5895531586063,956.9117033053519,843.6744242014631,782.2325605694361,611.3831649898983,588.1129784349358,667.9839111413517,767.2800943159971,794.2285920609139,766.2892098468557,829.186716938076,882.7057966342386,848.2476576551409,856.8528237264735,721.8727246020514,697.4027372524595,638.2525745821508,507.7125919971311,561.5486072488172,556.9923868354363,480.9413353524008,488.3885457111519,480.92919305258783,502.1237063684854,493.6600931970273,540.9480099307931,545.9313009683293,714.4511138976582,635.6895395961334,598.9089947712876,476.8785631703855,427.20282608027446,472.052965919176,485.6088171024658,423.55036387029514,404.434124899035,485.99705637381965,568.1995863584631,583.4855163347308,521.1673408390983,470.857642925522,469.622556131889,447.6103775861323,494.7624084750253,453.013937491537,460.92969331155604,459.74752813793145,457.6096200130195,289.95733562578937,191.4131045592769,245.6415809760409,341.2023743295276,384.7525307511171,366.6322840745827,362.56842600111395,339.994986473932,337.6294636447183,309.7610201396141,258.9690870047522,252.92149014372995,241.47248578035152,234.25575025506376,203.1582807498772,203.64666203279353,189.41123932494398,186.76016979957993,183.2887777604895,196.29198832446897,179.03492549688946,155.99644555041596,156.8465752194404,153.79127743813734,138.28451613067165,127.91272422061654,100.70437138041132,108.07362983410765,106.12977644227219,125.18878214572743,129.31280065206082,146.5869700211109,150.1413323702853,125.21151279431146,118.50840627174269,102.26775215664588,114.00636218511485,124.44376542364972,103.55311270572172,119.16422104926622,110.9917061001021,130.9909732047799,127.30043439800606,126.1180062166565,126.2636485851358,113.64355034629729,108.9000181136297,94.10097299207952,86.4557329032571,82.42554102065854,77.37626571799133,78.77391066268416,82.44312765660554,70.20681352374224,64.98545701240997,61.7271765154457,61.56651392547306,49.249730270847095,51.06459962544332,50.09986051668442,46.703873774116154,44.85639984345343,39.288436805960025,41.742261295547706,37.168162188241276,36.71709201355659,37.30826080146508,37.76466837418024,31.35868023195159,32.5616921197044,34.61527121039623,32.84782955773927,41.25336681198982,37.991841799726,35.84055485171544] [1311.2619900786005,1321.8202200865917,1332.463464547639,1343.19240799478,1354.0077404728797,1364.9101575830227,1375.9003605272408,1386.9790561536227,1398.1469570017646,1409.4047813486081,1420.7532532546286,1432.193102610412,1443.7250651835902,1455.3498826661717,1467.068302722235,1478.881079036026,1490.78897136042,1502.7927455657994,1514.8931736892998,1527.0910339844697,1539.3871109713293,1551.7821954868166,1564.2770847356642,1576.872582341659,1589.569498399342,1602.368649526097,1615.270858914685,1628.2769563861766,1641.3877784433362,1654.6041683244075,1667.9269760573632,1681.3570585145608,1694.895279467867,1708.5425096441993,1722.2996267815402,1736.1675156853773,1750.1470682856248,1764.2391836939755,1778.4447682617345,1792.7647356381167,1807.2000068289992,1821.7515102561672,1836.4201818170154,1851.2069649447558,1866.112810669078,1881.1386776773347,1896.285532376183,1911.5543489537563,1926.9461094423048,1942.4618037813711,1958.1024298814455,1973.8689936881608,1989.7625092469793,2005.7839987684179,2021.9344926937952,2038.215029761504,2054.626657073813,2071.1704301642176,2087.8474130653335,2104.6586783773164,2121.605307336866,2138.6883898867477,2155.9090247459117,2173.268319480143,2190.767390573309,2208.407363499154,2226.1893727937027,2244.1145621282076,2262.184084382728,2280.399101720259,2298.7607856614945,2317.2703171601615,2335.9288866789793,2354.7376942662327,2373.6979496329395,2392.810872230673,2412.077691329971,2431.4996460994216,2451.0779856853383,2470.813969292122,2490.7088662632277,2510.763956162824,2530.9805288580706,2551.359884602096,2571.9033341176064,2592.612198681206,2613.487810208354,2634.5315113390543,2655.7446555241822,2677.1286071125573,2698.6847414386757,2720.4144449111714,2742.319115101994,2764.4001608362782,2786.6590022829737,2809.097071046162,2831.715810257159,2854.5166746673017,2877.5011307415425,2900.67065675274,2924.0267428767575,2947.570891288285,2971.304616257478,2995.22944424732,3019.346914011829,3043.658576695001,3068.1659959305807,3092.870747942638,3117.7744216469364,3142.87861875312,3168.1849538677375,3193.695054598094,3219.410561656912,3245.333128967883,3271.4644237720117,3297.806126734876,3324.3599320546946,3351.1275475713155,3378.1106948760344,3405.3111094223436,3432.7305406375262,3460.3707520352004,3488.23352132871,3516.320640545493,3544.6339161423107,3573.1751691214417,3601.9462351478164,3630.9489646670518,3660.1852230244945,3689.6568905851636,3719.3658628547196,3749.3140506013438,3779.5033799786634,3809.935792649603,3840.6132459112973,3871.5377128209448,3902.7111823227383,3934.135659375755,3965.8131650829396,3997.7457368210635,4029.9354283717907,4062.3843100537392,4095.0944688556665,4128.068008570669,4161.3070499315045,4194.813730746993,4228.590206039511,4262.638648183577,4296.961247045588,4331.560210124669,4366.437762694626,4401.596147947099,4437.037627135803,4472.764479721992,4508.779003521039,4545.083514850253,4581.680348677821,4618.571858773019,4655.7604178575675,4693.248417758249,4731.038269560753,4769.132403764733,4807.533270440121,4846.243339384716,4885.265100283049,4924.601062866471,4964.253757074609,5004.22573321805,5044.519562142395,5085.137835393579,5126.08316538458,5167.3581855634,5208.965550582488,5250.907936469426,5293.188040799074,5335.808582867062,5378.772303864684,5422.081967055189,5465.740357951513,5509.7502844954415,5554.1145772382,5598.836089522486,5643.917697666003,5689.362301146471,5735.17282278806,5781.352208949439,5827.903429713208,5874.829479076986,5922.133375145914,5969.818160326825,6017.886901523867,6066.342690335802,6115.188643254807,6164.427901866934,6214.06363305417,6264.099029198114,6314.537308385285,6365.381714614103,6416.635518003553,6468.302015003491,6520.384528606639,6572.88640856233,6625.811031591967,6679.16180160615,6732.942149923667,6787.155535492116,6841.805445110439,6896.895393653112,6952.428924296275,7008.409608745552,7064.841047465831,7121.726869912778,7179.070734766296,7236.876330165845,7295.147373947643,7353.887613883764,7413.100827923194,7472.790824434837,7532.961442452409,7593.616551921397,7654.7600539479145,7716.395881049652,7778.527997408752,7841.160399126823,7904.2971144818985,7967.94220418758,8032.099761654146,8096.773913251861,8161.968818576374,8227.688670716232,8293.937696522553,8360.720156880894,8428.04034698531,8495.90259661459,8564.311270410717,8633.270768159597,8702.785525074065,8772.860012079082,8843.498736099358,8914.706240349144,8986.487104624512,9058.845945597834,9131.787417114787,9205.31621049359,9279.437054826807,9354.154717285446,9429.47400342559,9505.399757497484,9581.936862757088,9659.090241780126,9736.864856778713,9815.265709920519,9894.297843650465,9973.966341015032,10054.276325989182,10135.232963805956,10216.841461288606,10299.107067185563,10382.035072507933,10465.630810869876,10549.89965883156,10634.84703624505,10720.478406602804,10806.799277389146,10893.815200434417,10981.531772272076,11069.954634498676,11159.08947413668,11248.94202400021,11339.518063063782,11430.823416834026,11522.863957724268,11615.64560543233,11709.174327321158,11803.456138802712,11898.49710372478,11994.303334761045,12090.880993804161,12188.23629236214,12286.375491957784,12385.304904531427,12485.030892846919,12585.55987090084,12686.898304334996,12789.052710852275,12892.029660635888,12995.8357767719,13100.477735675182,13205.962267518828,13312.296156667053,13419.486242111492,13527.539417911097,13636.462633635434,13746.262894811807,13856.947263375758,13968.522858125163,14080.996855178266,14194.376488435144,14308.66905004285,14423.881890864615] 0.31126199007860056 [Infinity,Infinity,Infinity,Infinity,Infinity,Infinity,Infinity,Infinity,Infinity,Infinity,Infinity,Infinity,Infinity,Infinity,Infinity,Infinity,Infinity,Infinity,Infinity,Infinity,Infinity,Infinity,Infinity,Infinity,Infinity,Infinity,Infinity,Infinity,Infinity,Infinity,Infinity,Infinity,Infinity,Infinity,Infinity,Infinity,Infinity,Infinity,Infinity,Infinity,Infinity,Infinity,Infinity,Infinity,Infinity,Infinity,Infinity,Infinity,Infinity,Infinity,Infinity,Infinity,Infinity,Infinity,Infinity,Infinity,Infinity,Infinity,Infinity,Infinity,Infinity,Infinity,Infinity,Infinity,Infinity,Infinity,Infinity,Infinity,Infinity,Infinity,Infinity,Infinity,Infinity,Infinity,Infinity,Infinity,Infinity,Infinity,Infinity,Infinity,Infinity,Infinity,Infinity,Infinity,Infinity,Infinity,Infinity,Infinity,Infinity,Infinity,Infinity,Infinity,Infinity,Infinity,Infinity,Infinity,Infinity,Infinity,Infinity,Infinity,Infinity,Infinity,Infinity,Infinity,Infinity,Infinity,Infinity,Infinity,Infinity,Infinity,Infinity,Infinity,Infinity,Infinity,Infinity,Infinity,Infinity,Infinity,Infinity,Infinity,Infinity,Infinity,Infinity,Infinity,Infinity,Infinity,Infinity,Infinity,Infinity,Infinity,Infinity,Infinity,Infinity,Infinity,Infinity,Infinity,Infinity,Infinity,Infinity,Infinity,17.620779363155357,20.543767665273815,22.187811694468984,22.205245263484365,21.71246140904444,21.852391517219765,22.453862401868385,22.453402096336387,21.1709477587952,19.864009768704776,20.355228290035786,23.187338468556398,26.81184912976834,29.635524906456386,31.748799827401477,34.15627203548537,37.57667528349381,42.075541311950474,47.37884281689934,51.070847314004155,49.52774814594132,42.12570124582187,33.29369732015625,27.30082886727299,24.425589553954985,23.741183608662237,25.474749120790587,30.778518621962426,39.07555484297318,46.688411218905706,50.55332531860961,51.333748279964354,50.63254406509614,50.38230206478853,52.43865964265594,55.21562319121365,54.84267131014458,50.99689439222773,46.961813506404944,43.53019033616835,38.04689372128995,31.12065024017,28.868719007699998,33.089738357857634,37.17456689579727,37.79086706580427,38.81687124035237,41.78976060487474,43.35550382028505,42.185720204024726,40.288183466707004,38.097579497864494,34.260069719998725,30.24489579526483,29.26820987935479,29.354336770398987,26.86068319586941,24.14357353680295,23.83208957404199,23.727170084857967,23.23796138873307,25.335807371223083,29.20178985578047,31.360082788954298,32.04670079098039,31.756800152408108,28.278688785654236,23.18973016346005,21.57635704961817,22.63099766518254,23.247546174576232,21.203625550721007,19.696511849153516,23.5332382770532,26.531320905090865,25.84585957754062,25.616715893079352,25.060326874800076,23.448254670959233,22.929976683913917,23.10096760444157,23.05580290942131,23.00285056349249,22.733281728529217,20.45856910550777,14.277475734244817,10.709519470173499,12.63672480284961,16.51312820394694,18.64830860885287,18.75526953994827,18.013145110962306,16.743088440077425,15.727831468564608,14.87455793692464,13.809968946076012,13.010618353052383,12.23938176522553,11.409679297394625,10.700677279400775,10.16863485073491,9.641519133445353,9.312201025744242,9.125832640426218,8.811377425619145,8.474036515632292,8.250952279434642,8.00041472188917,7.33051149013405,6.750322517852171,6.350303557022643,4.850972831124643,5.197021311750456,5.5234402459872864,5.887927032308105,6.5367010433870565,7.184858114724777,7.195174933074905,6.120914201012655,5.738633134690987,5.472935080552169,6.039992902982251,6.097714965527491,5.264386202556735,5.750345077213464,5.874171566407016,6.426026406605084,6.817394253128414,6.407804707511232,6.143165004496207,5.774333978516312,5.312589161833271,4.648542384327161,4.265182890920898,4.076726192784525,3.7652504809760368,3.5586731432392065,3.686345185932177,3.559238588958414,3.422216893973939,3.2081142025022524,2.9190676481088205,2.693829101364641,2.496076285225061,2.380999632825822,2.260889227516013,2.1652720325419477,2.0660400400502015,1.9782389324883956,1.9414799864639118,1.828088073815652,1.786044260245679,1.7469548434311128,1.633738576571219,1.6007028495111115,1.6583081531399,1.7056802774683046,2.030294944398369,1.9344645606997486,1.9440698635299607] [0.0,0.0,0.0,0.0,0.0,0.0,0.0,0.0,0.0,0.0,0.0,0.0,0.0,0.0,0.0,0.0,0.0,0.0,0.0,0.0,0.0,0.0,0.0,0.0,0.0,0.0,0.0,0.0,0.0,0.0,0.0,0.0,0.0,0.0,0.0,0.0,0.0,0.0,0.0,0.0,0.0,0.0,0.0,0.0,0.0,0.0,0.0,0.0,0.0,0.0,0.0,0.0,0.0,0.0,0.0,0.0,0.0,0.0,0.0,0.0,0.0,0.0,0.0,0.0,0.0,0.0,0.0,0.0,0.0,0.0,0.0,0.0,0.0,0.0,0.0,0.0,0.0,0.0,0.0,0.0,0.0,0.0,0.0,0.0,0.0,0.0,0.0,0.0,0.0,0.0,0.0,0.0,0.0,0.0,0.0,0.0,0.0,0.0,0.0,0.0,0.0,0.0,0.0,0.0,0.0,0.0,0.0,0.0,0.0,0.0,0.0,0.0,0.0,0.0,0.0,0.0,0.0,0.0,0.0,0.0,0.0,0.0,0.0,0.0,0.0,0.0,0.0,0.0,0.0,0.0,0.0,0.0,0.0,0.0,0.0,0.0,0.0,0.0,0.0,0.0,-19.391277939767164,23.904300872474874,-35.648924643364886,-5.646339514450416,-17.279043706709537,-16.24342102469937,-4.84354443619955,-2.5454034466758295,-4.845731725031402,-34.58389402752311,8.369690579578343,-22.570746033681218,-5.685871043635097,12.987600368889968,5.038555514594759,32.84886520037691,42.02125963667521,12.596918368704843,-42.40970042552538,-42.44258857592194,18.444695242507997,-3.1990842846950573,-35.0949846442847,-5.428273165693127,29.766174231320434,27.799438255640975,38.37667949472176,-31.032256402346427,50.13073818981569,42.673835462683385,58.79780047740955,7.316797498855951,27.388327588645303,3.381976483320719,-28.094788128846254,61.88050412916654,-108.43642184093939,20.651665314051876,17.67543317725298,-26.929382521903936,21.2946861436372,-11.029839813501614,10.738598280935875,6.189143984198963,23.78875640005173,38.41125074482849,-10.048214960191823,-6.608495159418945,15.595720228537632,4.533253574646299,51.08915439233345,-40.078865355238484,12.20134285248487,33.35465867685422,-77.65160558996467,-25.538128159162493,19.778722918048064,-1.9301353836581774,11.74675423031207,6.385791355428524,37.36447859382401,-13.05605422743435,-43.08778718481632,-81.27035481075666,73.51709807805031,0.5535365479712814,33.335219058202874,13.083959901184475,-4.324314912088925,19.43301261552521,20.657893610941166,-0.522147144124963,10.503887915964626,15.332290832755604,37.573168256645786,66.56832478391851,8.83302297751124,-30.348894570479555,0.6574627127043159,-10.989156092146043,32.74305638619393,-8.102120696889246,0.872682041706222,5.081893567347066,48.43823790286403,4.4078209408930515,-22.77728484419308,-7.09291508095131,10.939810250588774,11.786358574059678,-8.473106724382708,2.3055237818678447,5.13321767238349,23.072834273426146,12.26986140112134,-17.230291916768035,-7.290876917317701,-3.3151495241590956,6.062164307171267,-10.855264838138277,0.27396501809533835,-3.4191433439630576,0.5161492846950615,0.7721249519651256,20.06443981208606,9.554195184243625,-9.022600038276906,-3.161719218342998,7.181047635456326,3.278065773628245,0.9066530801636703,3.684914757918447,4.133203599098516,-4.339028477473547,7.430241499565329,-1.421220215680297,2.8898077266153424,6.237833708787201,2.7932287740583446,3.7357435779229324,-7.190949454397494,-6.793495874530173,2.489466113099909,-1.7346113454129803,4.157319504996933,-6.491725228038211,2.4704450726782254,-9.047450664562223,-2.038087933568147,3.4003484952116603,-1.8431292240289576,2.64823487696428,1.130125305536294,1.1520750848391417,0.8910171649680408,2.0712560984705934,7.600447797900025,8.716223937961999,-0.9779582554260512,-3.4588808670688107,-2.435107534599347,3.1851609632966507,-4.626851756445722,1.1430739209420993,2.4798678601679853,1.4860892237958925,1.550959192614479,-2.032363995044008,2.1774826457798007,-1.6614375410369628,0.15533053724354856,1.5873755965515042,2.8255715055579835,-1.3160912994727898,0.5476351294821661,1.4491081475982301,-1.2657759916268225,0.647467924022442,-0.697449414268975,-3.0408424188837784]
56340.106533801445 [0.0,0.0,0.0,0.0,0.0,0.0,0.0,0.0,0.0,0.0,0.0,0.0,0.0,0.0,0.0,0.0,0.0,0.0,0.0,0.0,0.0,0.0,0.0,0.0,0.0,0.0,0.0,0.0,0.0,0.0,0.0,0.0,0.0,0.0,0.0,0.0,0.0,0.0,0.0,0.0,0.0,0.0,0.0,0.0,0.0,0.0,0.0,0.0,0.0,0.0,0.0,0.0,0.0,0.0,0.0,0.0,0.0,0.0,0.0,0.0,0.0,0.0,0.0,0.0,0.0,0.0,0.0,0.0,0.0,0.0,0.0,0.0,0.0,0.0,0.0,0.0,0.0,0.0,0.0,0.0,0.0,0.0,0.0,0.0,0.0,0.0,0.0,0.0,0.0,0.0,0.0,0.0,0.0,0.0,0.0,0.0,0.0,0.0,0.0,0.0,0.0,0.0,0.0,0.0,0.0,0.0,0.0,0.0,0.0,0.0,0.0,0.0,0.0,0.0,0.0,0.0,0.0,0.0,0.0,0.0,0.0,0.0,0.0,0.0,0.0,0.0,0.0,0.0,0.0,0.0,0.0,0.0,0.0,0.0,0.0,0.0,0.0,0.0,0.0,0.0,0.0,0.0,0.0,0.0,0.0,0.0,0.0,0.0,0.0,0.0,0.0,0.0,0.0,0.0,0.0,0.0,0.0,0.0,0.0,0.0,0.0,0.0,0.0,0.0,0.0,0.0,0.0,0.0,0.0,0.0,0.0,0.0,0.0,0.0,0.0,0.0,0.0,0.0,0.0,0.0,0.0,0.0,0.0,0.0,0.0,0.0,0.0,0.0,0.0,0.0,0.0,0.0,0.0,0.0,0.0,0.0,0.0,0.0,0.0,0.0,0.0,0.0,0.0,0.0,0.0,0.0,0.0,0.0,0.0,0.0,0.0,0.0,0.0,0.0,0.0,0.0,0.0,0.0,0.0,0.0,0.0,0.0,0.0,0.0,0.0,0.0,0.0,0.0,0.0,0.0,0.0,0.0,0.0,0.0,0.0,0.0,0.0,0.0,0.0,0.0,0.0,0.0,0.0,0.0,0.0,0.0,0.0,0.0,0.0,0.0,0.0,0.0,0.0,0.0,0.0,0.0,0.0,0.0,0.0,0.0,0.0,0.0,0.0,0.0,0.0,0.0,0.0,0.0,0.0,0.0,0.0,0.0,0.0,0.0,0.0,0.0,0.0,0.0,0.0,0.0,0.0,0.0,0.0,0.0,0.0,0.0,0.0,0.0,0.0,0.0,0.0,0.0,0.0,0.0,0.0,0.0,0.0,0.0,0.0,0.0] [1311.2619900786005,1321.8202200865917,1332.463464547639,1343.19240799478,1354.0077404728797,1364.9101575830227,1375.9003605272408,1386.9790561536227,1398.1469570017646,1409.4047813486081,1420.7532532546286,1432.193102610412,1443.7250651835902,1455.3498826661717,1467.068302722235,1478.881079036026,1490.78897136042,1502.7927455657994,1514.8931736892998,1527.0910339844697,1539.3871109713293,1551.7821954868166,1564.2770847356642,1576.872582341659,1589.569498399342,1602.368649526097,1615.270858914685,1628.2769563861766,1641.3877784433362,1654.6041683244075,1667.9269760573632,1681.3570585145608,1694.895279467867,1708.5425096441993,1722.2996267815402,1736.1675156853773,1750.1470682856248,1764.2391836939755,1778.4447682617345,1792.7647356381167,1807.2000068289992,1821.7515102561672,1836.4201818170154,1851.2069649447558,1866.112810669078,1881.1386776773347,1896.285532376183,1911.5543489537563,1926.9461094423048,1942.4618037813711,1958.1024298814455,1973.8689936881608,1989.7625092469793,2005.7839987684179,2021.9344926937952,2038.215029761504,2054.626657073813,2071.1704301642176,2087.8474130653335,2104.6586783773164,2121.605307336866,2138.6883898867477,2155.9090247459117,2173.268319480143,2190.767390573309,2208.407363499154,2226.1893727937027,2244.1145621282076,2262.184084382728,2280.399101720259,2298.7607856614945,2317.2703171601615,2335.9288866789793,2354.7376942662327,2373.6979496329395,2392.810872230673,2412.077691329971,2431.4996460994216,2451.0779856853383,2470.813969292122,2490.7088662632277,2510.763956162824,2530.9805288580706,2551.359884602096,2571.9033341176064,2592.612198681206,2613.487810208354,2634.5315113390543,2655.7446555241822,2677.1286071125573,2698.6847414386757,2720.4144449111714,2742.319115101994,2764.4001608362782,2786.6590022829737,2809.097071046162,2831.715810257159,2854.5166746673017,2877.5011307415425,2900.67065675274,2924.0267428767575,2947.570891288285,2971.304616257478,2995.22944424732,3019.346914011829,3043.658576695001,3068.1659959305807,3092.870747942638,3117.7744216469364,3142.87861875312,3168.1849538677375,3193.695054598094,3219.410561656912,3245.333128967883,3271.4644237720117,3297.806126734876,3324.3599320546946,3351.1275475713155,3378.1106948760344,3405.3111094223436,3432.7305406375262,3460.3707520352004,3488.23352132871,3516.320640545493,3544.6339161423107,3573.1751691214417,3601.9462351478164,3630.9489646670518,3660.1852230244945,3689.6568905851636,3719.3658628547196,3749.3140506013438,3779.5033799786634,3809.935792649603,3840.6132459112973,3871.5377128209448,3902.7111823227383,3934.135659375755,3965.8131650829396,3997.7457368210635,4029.9354283717907,4062.3843100537392,4095.0944688556665,4128.068008570669,4161.3070499315045,4194.813730746993,4228.590206039511,4262.638648183577,4296.961247045588,4331.560210124669,4366.437762694626,4401.596147947099,4437.037627135803,4472.764479721992,4508.779003521039,4545.083514850253,4581.680348677821,4618.571858773019,4655.7604178575675,4693.248417758249,4731.038269560753,4769.132403764733,4807.533270440121,4846.243339384716,4885.265100283049,4924.601062866471,4964.253757074609,5004.22573321805,5044.519562142395,5085.137835393579,5126.08316538458,5167.3581855634,5208.965550582488,5250.907936469426,5293.188040799074,5335.808582867062,5378.772303864684,5422.081967055189,5465.740357951513,5509.7502844954415,5554.1145772382,5598.836089522486,5643.917697666003,5689.362301146471,5735.17282278806,5781.352208949439,5827.903429713208,5874.829479076986,5922.133375145914,5969.818160326825,6017.886901523867,6066.342690335802,6115.188643254807,6164.427901866934,6214.06363305417,6264.099029198114,6314.537308385285,6365.381714614103,6416.635518003553,6468.302015003491,6520.384528606639,6572.88640856233,6625.811031591967,6679.16180160615,6732.942149923667,6787.155535492116,6841.805445110439,6896.895393653112,6952.428924296275,7008.409608745552,7064.841047465831,7121.726869912778,7179.070734766296,7236.876330165845,7295.147373947643,7353.887613883764,7413.100827923194,7472.790824434837,7532.961442452409,7593.616551921397,7654.7600539479145,7716.395881049652,7778.527997408752,7841.160399126823,7904.2971144818985,7967.94220418758,8032.099761654146,8096.773913251861,8161.968818576374,8227.688670716232,8293.937696522553,8360.720156880894,8428.04034698531,8495.90259661459,8564.311270410717,8633.270768159597,8702.785525074065,8772.860012079082,8843.498736099358,8914.706240349144,8986.487104624512,9058.845945597834,9131.787417114787,9205.31621049359,9279.437054826807,9354.154717285446,9429.47400342559,9505.399757497484,9581.936862757088,9659.090241780126,9736.864856778713,9815.265709920519,9894.297843650465,9973.966341015032,10054.276325989182,10135.232963805956,10216.841461288606,10299.107067185563,10382.035072507933,10465.630810869876,10549.89965883156,10634.84703624505,10720.478406602804,10806.799277389146,10893.815200434417,10981.531772272076,11069.954634498676,11159.08947413668,11248.94202400021,11339.518063063782,11430.823416834026,11522.863957724268,11615.64560543233,11709.174327321158,11803.456138802712,11898.49710372478,11994.303334761045,12090.880993804161,12188.23629236214,12286.375491957784,12385.304904531427,12485.030892846919,12585.55987090084,12686.898304334996,12789.052710852275,12892.029660635888,12995.8357767719,13100.477735675182,13205.962267518828,13312.296156667053,13419.486242111492,13527.539417911097,13636.462633635434,13746.262894811807,13856.947263375758,13968.522858125163,14080.996855178266,14194.376488435144,14308.66905004285,14423.881890864615] 0.31126199007860056 [Infinity,Infinity,Infinity,Infinity,Infinity,Infinity,Infinity,Infinity,Infinity,Infinity,Infinity,Infinity,Infinity,Infinity,Infinity,Infinity,Infinity,Infinity,Infinity,Infinity,Infinity,Infinity,Infinity,Infinity,Infinity,Infinity,Infinity,Infinity,Infinity,Infinity,Infinity,Infinity,Infinity,Infinity,Infinity,Infinity,Infinity,Infinity,Infinity,Infinity,Infinity,Infinity,Infinity,Infinity,Infinity,Infinity,Infinity,Infinity,Infinity,Infinity,Infinity,Infinity,Infinity,Infinity,Infinity,Infinity,Infinity,Infinity,Infinity,Infinity,Infinity,Infinity,Infinity,Infinity,Infinity,Infinity,Infinity,Infinity,Infinity,Infinity,Infinity,Infinity,Infinity,Infinity,Infinity,Infinity,Infinity,Infinity,Infinity,Infinity,Infinity,Infinity,Infinity,Infinity,Infinity,Infinity,Infinity,Infinity,Infinity,Infinity,Infinity,Infinity,Infinity,Infinity,Infinity,Infinity,Infinity,Infinity,Infinity,Infinity,Infinity,Infinity,Infinity,Infinity,Infinity,Infinity,Infinity,Infinity,Infinity,Infinity,Infinity,Infinity,Infinity,Infinity,Infinity,Infinity,Infinity,Infinity,Infinity,Infinity,Infinity,Infinity,Infinity,Infinity,Infinity,Infinity,Infinity,Infinity,Infinity,Infinity,Infinity,Infinity,Infinity,Infinity,Infinity,Infinity,Infinity,Infinity,Infinity,Infinity,Infinity,Infinity,Infinity,Infinity,Infinity,Infinity,Infinity,Infinity,Infinity,Infinity,Infinity,Infinity,Infinity,Infinity,Infinity,Infinity,Infinity,Infinity,Infinity,Infinity,Infinity,Infinity,Infinity,Infinity,Infinity,Infinity,Infinity,Infinity,Infinity,Infinity,Infinity,Infinity,Infinity,Infinity,Infinity,Infinity,Infinity,Infinity,Infinity,Infinity,Infinity,Infinity,Infinity,Infinity,Infinity,Infinity,Infinity,Infinity,Infinity,Infinity,Infinity,Infinity,Infinity,Infinity,Infinity,Infinity,Infinity,Infinity,Infinity,Infinity,Infinity,Infinity,Infinity,Infinity,Infinity,Infinity,Infinity,Infinity,Infinity,Infinity,Infinity,Infinity,Infinity,Infinity,Infinity,Infinity,Infinity,Infinity,Infinity,Infinity,Infinity,Infinity,Infinity,Infinity,Infinity,Infinity,Infinity,Infinity,Infinity,Infinity,Infinity,Infinity,Infinity,Infinity,Infinity,Infinity,Infinity,Infinity,Infinity,Infinity,Infinity,Infinity,Infinity,Infinity,Infinity,Infinity,Infinity,Infinity,Infinity,Infinity,Infinity,Infinity,Infinity,Infinity,Infinity,Infinity,Infinity,Infinity,Infinity,Infinity,Infinity,Infinity,Infinity,Infinity,Infinity,Infinity,Infinity,Infinity,Infinity,Infinity,Infinity,Infinity,Infinity,Infinity,Infinity,Infinity,Infinity,Infinity,Infinity,Infinity,Infinity,Infinity,Infinity,Infinity,Infinity,Infinity,Infinity,Infinity,Infinity,Infinity,Infinity,Infinity,Infinity,Infinity,Infinity,Infinity,Infinity,Infinity,Infinity,Infinity] [0.0,0.0,0.0,0.0,0.0,0.0,0.0,0.0,0.0,0.0,0.0,0.0,0.0,0.0,0.0,0.0,0.0,0.0,0.0,0.0,0.0,0.0,0.0,0.0,0.0,0.0,0.0,0.0,0.0,0.0,0.0,0.0,0.0,0.0,0.0,0.0,0.0,0.0,0.0,0.0,0.0,0.0,0.0,0.0,0.0,0.0,0.0,0.0,0.0,0.0,0.0,0.0,0.0,0.0,0.0,0.0,0.0,0.0,0.0,0.0,0.0,0.0,0.0,0.0,0.0,0.0,0.0,0.0,0.0,0.0,0.0,0.0,0.0,0.0,0.0,0.0,0.0,0.0,0.0,0.0,0.0,0.0,0.0,0.0,0.0,0.0,0.0,0.0,0.0,0.0,0.0,0.0,0.0,0.0,0.0,0.0,0.0,0.0,0.0,0.0,0.0,0.0,0.0,0.0,0.0,0.0,0.0,0.0,0.0,0.0,0.0,0.0,0.0,0.0,0.0,0.0,0.0,0.0,0.0,0.0,0.0,0.0,0.0,0.0,0.0,0.0,0.0,0.0,0.0,0.0,0.0,0.0,0.0,0.0,0.0,0.0,0.0,0.0,0.0,0.0,0.0,0.0,0.0,0.0,0.0,0.0,0.0,0.0,0.0,0.0,0.0,0.0,0.0,0.0,0.0,0.0,0.0,0.0,0.0,0.0,0.0,0.0,0.0,0.0,0.0,0.0,0.0,0.0,0.0,0.0,0.0,0.0,0.0,0.0,0.0,0.0,0.0,0.0,0.0,0.0,0.0,0.0,0.0,0.0,0.0,0.0,0.0,0.0,0.0,0.0,0.0,0.0,0.0,0.0,0.0,0.0,0.0,0.0,0.0,0.0,0.0,0.0,0.0,0.0,0.0,0.0,0.0,0.0,0.0,0.0,0.0,0.0,0.0,0.0,0.0,0.0,0.0,0.0,0.0,0.0,0.0,0.0,0.0,0.0,0.0,0.0,0.0,0.0,0.0,0.0,0.0,0.0,0.0,0.0,0.0,0.0,0.0,0.0,0.0,0.0,0.0,0.0,0.0,0.0,0.0,0.0,0.0,0.0,0.0,0.0,0.0,0.0,0.0,0.0,0.0,0.0,0.0,0.0,0.0,0.0,0.0,0.0,0.0,0.0,0.0,0.0,0.0,0.0,0.0,0.0,0.0,0.0,0.0,0.0,0.0,0.0,0.0,0.0,0.0,0.0,0.0,0.0,0.0,0.0,0.0,0.0,0.0,0.0,0.0,0.0,0.0,0.0,0.0,0.0,0.0,0.0,0.0,0.0,0.0,0.0]
56199.2478442784 [0.0,0.0,0.0,0.0,0.0,0.0,0.0,0.0,0.0,0.0,0.0,0.0,0.0,0.0,0.0,0.0,0.0,0.0,0.0,0.0,0.0,0.0,0.0,0.0,0.0,0.0,0.0,0.0,0.0,0.0,0.0,0.0,0.0,0.0,0.0,0.0,0.0,0.0,0.0,0.0,0.0,0.0,0.0,0.0,0.0,0.0,0.0,0.0,0.0,0.0,0.0,0.0,0.0,0.0,0.0,0.0,0.0,0.0,0.0,0.0,0.0,0.0,0.0,0.0,0.0,0.0,0.0,0.0,0.0,0.0,0.0,0.0,0.0,0.0,0.0,0.0,0.0,0.0,0.0,0.0,0.0,0.0,0.0,0.0,0.0,0.0,0.0,0.0,0.0,0.0,0.0,0.0,0.0,0.0,0.0,0.0,0.0,0.0,0.0,0.0,0.0,0.0,0.0,0.0,0.0,0.0,0.0,0.0,0.0,0.0,0.0,0.0,0.0,0.0,0.0,0.0,0.0,0.0,0.0,0.0,0.0,0.0,0.0,0.0,0.0,0.0,0.0,0.0,0.0,0.0,0.0,0.0,0.0,0.0,0.0,0.0,0.0,0.0,0.0,0.0,0.0,0.0,0.0,0.0,0.0,0.0,0.0,0.0,0.0,0.0,0.0,0.0,0.0,0.0,0.0,0.0,0.0,0.0,0.0,0.0,0.0,0.0,0.0,0.0,0.0,0.0,0.0,0.0,0.0,0.0,0.0,0.0,0.0,0.0,0.0,0.0,0.0,0.0,0.0,0.0,0.0,0.0,0.0,0.0,0.0,0.0,0.0,0.0,0.0,0.0,0.0,0.0,0.0,0.0,0.0,0.0,0.0,0.0,0.0,0.0,0.0,0.0,0.0,0.0,0.0,0.0,0.0,0.0,0.0,0.0,0.0,0.0,0.0,0.0,0.0,0.0,0.0,0.0,0.0,0.0,0.0,0.0,0.0,0.0,0.0,0.0,0.0,0.0,0.0,0.0,0.0,0.0,0.0,0.0,0.0,0.0,0.0,0.0,0.0,0.0,0.0,0.0,0.0,0.0,0.0,0.0,0.0,0.0,0.0,0.0,0.0,0.0,0.0,0.0,0.0,0.0,0.0,0.0,0.0,0.0,0.0,0.0,0.0,0.0,0.0,0.0,0.0,0.0,0.0,0.0,0.0,0.0,0.0,0.0,0.0,0.0,0.0,0.0,0.0,0.0,0.0,0.0,0.0,0.0,0.0,0.0,0.0,0.0,0.0,0.0,0.0,0.0,0.0,0.0,0.0,0.0,0.0,0.0,0.0,0.0] [1311.2619900786005,1321.8202200865917,1332.463464547639,1343.19240799478,1354.0077404728797,1364.9101575830227,1375.9003605272408,1386.9790561536227,1398.1469570017646,1409.4047813486081,1420.7532532546286,1432.193102610412,1443.7250651835902,1455.3498826661717,1467.068302722235,1478.881079036026,1490.78897136042,1502.7927455657994,1514.8931736892998,1527.0910339844697,1539.3871109713293,1551.7821954868166,1564.2770847356642,1576.872582341659,1589.569498399342,1602.368649526097,1615.270858914685,1628.2769563861766,1641.3877784433362,1654.6041683244075,1667.9269760573632,1681.3570585145608,1694.895279467867,1708.5425096441993,1722.2996267815402,1736.1675156853773,1750.1470682856248,1764.2391836939755,1778.4447682617345,1792.7647356381167,1807.2000068289992,1821.7515102561672,1836.4201818170154,1851.2069649447558,1866.112810669078,1881.1386776773347,1896.285532376183,1911.5543489537563,1926.9461094423048,1942.4618037813711,1958.1024298814455,1973.8689936881608,1989.7625092469793,2005.7839987684179,2021.9344926937952,2038.215029761504,2054.626657073813,2071.1704301642176,2087.8474130653335,2104.6586783773164,2121.605307336866,2138.6883898867477,2155.9090247459117,2173.268319480143,2190.767390573309,2208.407363499154,2226.1893727937027,2244.1145621282076,2262.184084382728,2280.399101720259,2298.7607856614945,2317.2703171601615,2335.9288866789793,2354.7376942662327,2373.6979496329395,2392.810872230673,2412.077691329971,2431.4996460994216,2451.0779856853383,2470.813969292122,2490.7088662632277,2510.763956162824,2530.9805288580706,2551.359884602096,2571.9033341176064,2592.612198681206,2613.487810208354,2634.5315113390543,2655.7446555241822,2677.1286071125573,2698.6847414386757,2720.4144449111714,2742.319115101994,2764.4001608362782,2786.6590022829737,2809.097071046162,2831.715810257159,2854.5166746673017,2877.5011307415425,2900.67065675274,2924.0267428767575,2947.570891288285,2971.304616257478,2995.22944424732,3019.346914011829,3043.658576695001,3068.1659959305807,3092.870747942638,3117.7744216469364,3142.87861875312,3168.1849538677375,3193.695054598094,3219.410561656912,3245.333128967883,3271.4644237720117,3297.806126734876,3324.3599320546946,3351.1275475713155,3378.1106948760344,3405.3111094223436,3432.7305406375262,3460.3707520352004,3488.23352132871,3516.320640545493,3544.6339161423107,3573.1751691214417,3601.9462351478164,3630.9489646670518,3660.1852230244945,3689.6568905851636,3719.3658628547196,3749.3140506013438,3779.5033799786634,3809.935792649603,3840.6132459112973,3871.5377128209448,3902.7111823227383,3934.135659375755,3965.8131650829396,3997.7457368210635,4029.9354283717907,4062.3843100537392,4095.0944688556665,4128.068008570669,4161.3070499315045,4194.813730746993,4228.590206039511,4262.638648183577,4296.961247045588,4331.560210124669,4366.437762694626,4401.596147947099,4437.037627135803,4472.764479721992,4508.779003521039,4545.083514850253,4581.680348677821,4618.571858773019,4655.7604178575675,4693.248417758249,4731.038269560753,4769.132403764733,4807.533270440121,4846.243339384716,4885.265100283049,4924.601062866471,4964.253757074609,5004.22573321805,5044.519562142395,5085.137835393579,5126.08316538458,5167.3581855634,5208.965550582488,5250.907936469426,5293.188040799074,5335.808582867062,5378.772303864684,5422.081967055189,5465.740357951513,5509.7502844954415,5554.1145772382,5598.836089522486,5643.917697666003,5689.362301146471,5735.17282278806,5781.352208949439,5827.903429713208,5874.829479076986,5922.133375145914,5969.818160326825,6017.886901523867,6066.342690335802,6115.188643254807,6164.427901866934,6214.06363305417,6264.099029198114,6314.537308385285,6365.381714614103,6416.635518003553,6468.302015003491,6520.384528606639,6572.88640856233,6625.811031591967,6679.16180160615,6732.942149923667,6787.155535492116,6841.805445110439,6896.895393653112,6952.428924296275,7008.409608745552,7064.841047465831,7121.726869912778,7179.070734766296,7236.876330165845,7295.147373947643,7353.887613883764,7413.100827923194,7472.790824434837,7532.961442452409,7593.616551921397,7654.7600539479145,7716.395881049652,7778.527997408752,7841.160399126823,7904.2971144818985,7967.94220418758,8032.099761654146,8096.773913251861,8161.968818576374,8227.688670716232,8293.937696522553,8360.720156880894,8428.04034698531,8495.90259661459,8564.311270410717,8633.270768159597,8702.785525074065,8772.860012079082,8843.498736099358,8914.706240349144,8986.487104624512,9058.845945597834,9131.787417114787,9205.31621049359,9279.437054826807,9354.154717285446,9429.47400342559,9505.399757497484,9581.936862757088,9659.090241780126,9736.864856778713,9815.265709920519,9894.297843650465,9973.966341015032,10054.276325989182,10135.232963805956,10216.841461288606,10299.107067185563,10382.035072507933,10465.630810869876,10549.89965883156,10634.84703624505,10720.478406602804,10806.799277389146,10893.815200434417,10981.531772272076,11069.954634498676,11159.08947413668,11248.94202400021,11339.518063063782,11430.823416834026,11522.863957724268,11615.64560543233,11709.174327321158,11803.456138802712,11898.49710372478,11994.303334761045,12090.880993804161,12188.23629236214,12286.375491957784,12385.304904531427,12485.030892846919,12585.55987090084,12686.898304334996,12789.052710852275,12892.029660635888,12995.8357767719,13100.477735675182,13205.962267518828,13312.296156667053,13419.486242111492,13527.539417911097,13636.462633635434,13746.262894811807,13856.947263375758,13968.522858125163,14080.996855178266,14194.376488435144,14308.66905004285,14423.881890864615] 0.31126199007860056 [Infinity,Infinity,Infinity,Infinity,Infinity,Infinity,Infinity,Infinity,Infinity,Infinity,Infinity,Infinity,Infinity,Infinity,Infinity,Infinity,Infinity,Infinity,Infinity,Infinity,Infinity,Infinity,Infinity,Infinity,Infinity,Infinity,Infinity,Infinity,Infinity,Infinity,Infinity,Infinity,Infinity,Infinity,Infinity,Infinity,Infinity,Infinity,Infinity,Infinity,Infinity,Infinity,Infinity,Infinity,Infinity,Infinity,Infinity,Infinity,Infinity,Infinity,Infinity,Infinity,Infinity,Infinity,Infinity,Infinity,Infinity,Infinity,Infinity,Infinity,Infinity,Infinity,Infinity,Infinity,Infinity,Infinity,Infinity,Infinity,Infinity,Infinity,Infinity,Infinity,Infinity,Infinity,Infinity,Infinity,Infinity,Infinity,Infinity,Infinity,Infinity,Infinity,Infinity,Infinity,Infinity,Infinity,Infinity,Infinity,Infinity,Infinity,Infinity,Infinity,Infinity,Infinity,Infinity,Infinity,Infinity,Infinity,Infinity,Infinity,Infinity,Infinity,Infinity,Infinity,Infinity,Infinity,Infinity,Infinity,Infinity,Infinity,Infinity,Infinity,Infinity,Infinity,Infinity,Infinity,Infinity,Infinity,Infinity,Infinity,Infinity,Infinity,Infinity,Infinity,Infinity,Infinity,Infinity,Infinity,Infinity,Infinity,Infinity,Infinity,Infinity,Infinity,Infinity,Infinity,Infinity,Infinity,Infinity,Infinity,Infinity,Infinity,Infinity,Infinity,Infinity,Infinity,Infinity,Infinity,Infinity,Infinity,Infinity,Infinity,Infinity,Infinity,Infinity,Infinity,Infinity,Infinity,Infinity,Infinity,Infinity,Infinity,Infinity,Infinity,Infinity,Infinity,Infinity,Infinity,Infinity,Infinity,Infinity,Infinity,Infinity,Infinity,Infinity,Infinity,Infinity,Infinity,Infinity,Infinity,Infinity,Infinity,Infinity,Infinity,Infinity,Infinity,Infinity,Infinity,Infinity,Infinity,Infinity,Infinity,Infinity,Infinity,Infinity,Infinity,Infinity,Infinity,Infinity,Infinity,Infinity,Infinity,Infinity,Infinity,Infinity,Infinity,Infinity,Infinity,Infinity,Infinity,Infinity,Infinity,Infinity,Infinity,Infinity,Infinity,Infinity,Infinity,Infinity,Infinity,Infinity,Infinity,Infinity,Infinity,Infinity,Infinity,Infinity,Infinity,Infinity,Infinity,Infinity,Infinity,Infinity,Infinity,Infinity,Infinity,Infinity,Infinity,Infinity,Infinity,Infinity,Infinity,Infinity,Infinity,Infinity,Infinity,Infinity,Infinity,Infinity,Infinity,Infinity,Infinity,Infinity,Infinity,Infinity,Infinity,Infinity,Infinity,Infinity,Infinity,Infinity,Infinity,Infinity,Infinity,Infinity,Infinity,Infinity,Infinity,Infinity,Infinity,Infinity,Infinity,Infinity,Infinity,Infinity,Infinity,Infinity,Infinity,Infinity,Infinity,Infinity,Infinity,Infinity,Infinity,Infinity,Infinity,Infinity,Infinity,Infinity,Infinity,Infinity,Infinity,Infinity,Infinity,Infinity,Infinity,Infinity,Infinity,Infinity,Infinity] [0.0,0.0,0.0,0.0,0.0,0.0,0.0,0.0,0.0,0.0,0.0,0.0,0.0,0.0,0.0,0.0,0.0,0.0,0.0,0.0,0.0,0.0,0.0,0.0,0.0,0.0,0.0,0.0,0.0,0.0,0.0,0.0,0.0,0.0,0.0,0.0,0.0,0.0,0.0,0.0,0.0,0.0,0.0,0.0,0.0,0.0,0.0,0.0,0.0,0.0,0.0,0.0,0.0,0.0,0.0,0.0,0.0,0.0,0.0,0.0,0.0,0.0,0.0,0.0,0.0,0.0,0.0,0.0,0.0,0.0,0.0,0.0,0.0,0.0,0.0,0.0,0.0,0.0,0.0,0.0,0.0,0.0,0.0,0.0,0.0,0.0,0.0,0.0,0.0,0.0,0.0,0.0,0.0,0.0,0.0,0.0,0.0,0.0,0.0,0.0,0.0,0.0,0.0,0.0,0.0,0.0,0.0,0.0,0.0,0.0,0.0,0.0,0.0,0.0,0.0,0.0,0.0,0.0,0.0,0.0,0.0,0.0,0.0,0.0,0.0,0.0,0.0,0.0,0.0,0.0,0.0,0.0,0.0,0.0,0.0,0.0,0.0,0.0,0.0,0.0,0.0,0.0,0.0,0.0,0.0,0.0,0.0,0.0,0.0,0.0,0.0,0.0,0.0,0.0,0.0,0.0,0.0,0.0,0.0,0.0,0.0,0.0,0.0,0.0,0.0,0.0,0.0,0.0,0.0,0.0,0.0,0.0,0.0,0.0,0.0,0.0,0.0,0.0,0.0,0.0,0.0,0.0,0.0,0.0,0.0,0.0,0.0,0.0,0.0,0.0,0.0,0.0,0.0,0.0,0.0,0.0,0.0,0.0,0.0,0.0,0.0,0.0,0.0,0.0,0.0,0.0,0.0,0.0,0.0,0.0,0.0,0.0,0.0,0.0,0.0,0.0,0.0,0.0,0.0,0.0,0.0,0.0,0.0,0.0,0.0,0.0,0.0,0.0,0.0,0.0,0.0,0.0,0.0,0.0,0.0,0.0,0.0,0.0,0.0,0.0,0.0,0.0,0.0,0.0,0.0,0.0,0.0,0.0,0.0,0.0,0.0,0.0,0.0,0.0,0.0,0.0,0.0,0.0,0.0,0.0,0.0,0.0,0.0,0.0,0.0,0.0,0.0,0.0,0.0,0.0,0.0,0.0,0.0,0.0,0.0,0.0,0.0,0.0,0.0,0.0,0.0,0.0,0.0,0.0,0.0,0.0,0.0,0.0,0.0,0.0,0.0,0.0,0.0,0.0,0.0,0.0,0.0,0.0,0.0,0.0]
56205.257766619885 [0.0,0.0,0.0,0.0,0.0,0.0,0.0,0.0,0.0,0.0,0.0,0.0,0.0,0.0,0.0,0.0,0.0,0.0,0.0,0.0,0.0,0.0,0.0,0.0,0.0,0.0,0.0,0.0,0.0,0.0,0.0,0.0,0.0,0.0,0.0,0.0,0.0,0.0,0.0,0.0,0.0,0.0,0.0,0.0,0.0,0.0,0.0,0.0,0.0,0.0,0.0,0.0,0.0,0.0,0.0,0.0,0.0,0.0,0.0,0.0,0.0,0.0,0.0,0.0,0.0,0.0,0.0,0.0,0.0,0.0,0.0,0.0,0.0,0.0,0.0,0.0,0.0,0.0,0.0,0.0,0.0,0.0,0.0,0.0,0.0,0.0,0.0,0.0,0.0,0.0,0.0,0.0,0.0,0.0,0.0,0.0,0.0,0.0,0.0,0.0,0.0,0.0,0.0,0.0,0.0,0.0,0.0,0.0,0.0,0.0,0.0,0.0,0.0,0.0,0.0,0.0,0.0,0.0,0.0,0.0,0.0,0.0,0.0,0.0,0.0,0.0,0.0,0.0,0.0,0.0,0.0,0.0,0.0,0.0,0.0,0.0,0.0,0.0,0.0,0.0,0.0,0.0,0.0,0.0,0.0,0.0,0.0,0.0,0.0,0.0,0.0,0.0,0.0,0.0,0.0,0.0,0.0,0.0,0.0,0.0,0.0,0.0,0.0,0.0,0.0,0.0,0.0,0.0,0.0,0.0,0.0,0.0,0.0,0.0,0.0,0.0,0.0,0.0,0.0,0.0,0.0,0.0,0.0,0.0,0.0,0.0,0.0,0.0,0.0,0.0,0.0,0.0,0.0,0.0,0.0,0.0,0.0,0.0,0.0,0.0,0.0,0.0,0.0,0.0,0.0,0.0,0.0,0.0,0.0,0.0,0.0,0.0,0.0,0.0,0.0,0.0,0.0,0.0,0.0,0.0,0.0,0.0,0.0,0.0,0.0,0.0,0.0,0.0,0.0,0.0,0.0,0.0,0.0,0.0,0.0,0.0,0.0,0.0,0.0,0.0,0.0,0.0,0.0,0.0,0.0,0.0,0.0,0.0,0.0,0.0,0.0,0.0,0.0,0.0,0.0,0.0,0.0,0.0,0.0,0.0,0.0,0.0,0.0,0.0,0.0,0.0,0.0,0.0,0.0,0.0,0.0,0.0,0.0,0.0,0.0,0.0,0.0,0.0,0.0,0.0,0.0,0.0,0.0,0.0,0.0,0.0,0.0,0.0,0.0,0.0,0.0,0.0,0.0,0.0,0.0,0.0,0.0,0.0,0.0,0.0] [1311.2619900786005,1321.8202200865917,1332.463464547639,1343.19240799478,1354.0077404728797,1364.9101575830227,1375.9003605272408,1386.9790561536227,1398.1469570017646,1409.4047813486081,1420.7532532546286,1432.193102610412,1443.7250651835902,1455.3498826661717,1467.068302722235,1478.881079036026,1490.78897136042,1502.7927455657994,1514.8931736892998,1527.0910339844697,1539.3871109713293,1551.7821954868166,1564.2770847356642,1576.872582341659,1589.569498399342,1602.368649526097,1615.270858914685,1628.2769563861766,1641.3877784433362,1654.6041683244075,1667.9269760573632,1681.3570585145608,1694.895279467867,1708.5425096441993,1722.2996267815402,1736.1675156853773,1750.1470682856248,1764.2391836939755,1778.4447682617345,1792.7647356381167,1807.2000068289992,1821.7515102561672,1836.4201818170154,1851.2069649447558,1866.112810669078,1881.1386776773347,1896.285532376183,1911.5543489537563,1926.9461094423048,1942.4618037813711,1958.1024298814455,1973.8689936881608,1989.7625092469793,2005.7839987684179,2021.9344926937952,2038.215029761504,2054.626657073813,2071.1704301642176,2087.8474130653335,2104.6586783773164,2121.605307336866,2138.6883898867477,2155.9090247459117,2173.268319480143,2190.767390573309,2208.407363499154,2226.1893727937027,2244.1145621282076,2262.184084382728,2280.399101720259,2298.7607856614945,2317.2703171601615,2335.9288866789793,2354.7376942662327,2373.6979496329395,2392.810872230673,2412.077691329971,2431.4996460994216,2451.0779856853383,2470.813969292122,2490.7088662632277,2510.763956162824,2530.9805288580706,2551.359884602096,2571.9033341176064,2592.612198681206,2613.487810208354,2634.5315113390543,2655.7446555241822,2677.1286071125573,2698.6847414386757,2720.4144449111714,2742.319115101994,2764.4001608362782,2786.6590022829737,2809.097071046162,2831.715810257159,2854.5166746673017,2877.5011307415425,2900.67065675274,2924.0267428767575,2947.570891288285,2971.304616257478,2995.22944424732,3019.346914011829,3043.658576695001,3068.1659959305807,3092.870747942638,3117.7744216469364,3142.87861875312,3168.1849538677375,3193.695054598094,3219.410561656912,3245.333128967883,3271.4644237720117,3297.806126734876,3324.3599320546946,3351.1275475713155,3378.1106948760344,3405.3111094223436,3432.7305406375262,3460.3707520352004,3488.23352132871,3516.320640545493,3544.6339161423107,3573.1751691214417,3601.9462351478164,3630.9489646670518,3660.1852230244945,3689.6568905851636,3719.3658628547196,3749.3140506013438,3779.5033799786634,3809.935792649603,3840.6132459112973,3871.5377128209448,3902.7111823227383,3934.135659375755,3965.8131650829396,3997.7457368210635,4029.9354283717907,4062.3843100537392,4095.0944688556665,4128.068008570669,4161.3070499315045,4194.813730746993,4228.590206039511,4262.638648183577,4296.961247045588,4331.560210124669,4366.437762694626,4401.596147947099,4437.037627135803,4472.764479721992,4508.779003521039,4545.083514850253,4581.680348677821,4618.571858773019,4655.7604178575675,4693.248417758249,4731.038269560753,4769.132403764733,4807.533270440121,4846.243339384716,4885.265100283049,4924.601062866471,4964.253757074609,5004.22573321805,5044.519562142395,5085.137835393579,5126.08316538458,5167.3581855634,5208.965550582488,5250.907936469426,5293.188040799074,5335.808582867062,5378.772303864684,5422.081967055189,5465.740357951513,5509.7502844954415,5554.1145772382,5598.836089522486,5643.917697666003,5689.362301146471,5735.17282278806,5781.352208949439,5827.903429713208,5874.829479076986,5922.133375145914,5969.818160326825,6017.886901523867,6066.342690335802,6115.188643254807,6164.427901866934,6214.06363305417,6264.099029198114,6314.537308385285,6365.381714614103,6416.635518003553,6468.302015003491,6520.384528606639,6572.88640856233,6625.811031591967,6679.16180160615,6732.942149923667,6787.155535492116,6841.805445110439,6896.895393653112,6952.428924296275,7008.409608745552,7064.841047465831,7121.726869912778,7179.070734766296,7236.876330165845,7295.147373947643,7353.887613883764,7413.100827923194,7472.790824434837,7532.961442452409,7593.616551921397,7654.7600539479145,7716.395881049652,7778.527997408752,7841.160399126823,7904.2971144818985,7967.94220418758,8032.099761654146,8096.773913251861,8161.968818576374,8227.688670716232,8293.937696522553,8360.720156880894,8428.04034698531,8495.90259661459,8564.311270410717,8633.270768159597,8702.785525074065,8772.860012079082,8843.498736099358,8914.706240349144,8986.487104624512,9058.845945597834,9131.787417114787,9205.31621049359,9279.437054826807,9354.154717285446,9429.47400342559,9505.399757497484,9581.936862757088,9659.090241780126,9736.864856778713,9815.265709920519,9894.297843650465,9973.966341015032,10054.276325989182,10135.232963805956,10216.841461288606,10299.107067185563,10382.035072507933,10465.630810869876,10549.89965883156,10634.84703624505,10720.478406602804,10806.799277389146,10893.815200434417,10981.531772272076,11069.954634498676,11159.08947413668,11248.94202400021,11339.518063063782,11430.823416834026,11522.863957724268,11615.64560543233,11709.174327321158,11803.456138802712,11898.49710372478,11994.303334761045,12090.880993804161,12188.23629236214,12286.375491957784,12385.304904531427,12485.030892846919,12585.55987090084,12686.898304334996,12789.052710852275,12892.029660635888,12995.8357767719,13100.477735675182,13205.962267518828,13312.296156667053,13419.486242111492,13527.539417911097,13636.462633635434,13746.262894811807,13856.947263375758,13968.522858125163,14080.996855178266,14194.376488435144,14308.66905004285,14423.881890864615] 0.31126199007860056 [Infinity,Infinity,Infinity,Infinity,Infinity,Infinity,Infinity,Infinity,Infinity,Infinity,Infinity,Infinity,Infinity,Infinity,Infinity,Infinity,Infinity,Infinity,Infinity,Infinity,Infinity,Infinity,Infinity,Infinity,Infinity,Infinity,Infinity,Infinity,Infinity,Infinity,Infinity,Infinity,Infinity,Infinity,Infinity,Infinity,Infinity,Infinity,Infinity,Infinity,Infinity,Infinity,Infinity,Infinity,Infinity,Infinity,Infinity,Infinity,Infinity,Infinity,Infinity,Infinity,Infinity,Infinity,Infinity,Infinity,Infinity,Infinity,Infinity,Infinity,Infinity,Infinity,Infinity,Infinity,Infinity,Infinity,Infinity,Infinity,Infinity,Infinity,Infinity,Infinity,Infinity,Infinity,Infinity,Infinity,Infinity,Infinity,Infinity,Infinity,Infinity,Infinity,Infinity,Infinity,Infinity,Infinity,Infinity,Infinity,Infinity,Infinity,Infinity,Infinity,Infinity,Infinity,Infinity,Infinity,Infinity,Infinity,Infinity,Infinity,Infinity,Infinity,Infinity,Infinity,Infinity,Infinity,Infinity,Infinity,Infinity,Infinity,Infinity,Infinity,Infinity,Infinity,Infinity,Infinity,Infinity,Infinity,Infinity,Infinity,Infinity,Infinity,Infinity,Infinity,Infinity,Infinity,Infinity,Infinity,Infinity,Infinity,Infinity,Infinity,Infinity,Infinity,Infinity,Infinity,Infinity,Infinity,Infinity,Infinity,Infinity,Infinity,Infinity,Infinity,Infinity,Infinity,Infinity,Infinity,Infinity,Infinity,Infinity,Infinity,Infinity,Infinity,Infinity,Infinity,Infinity,Infinity,Infinity,Infinity,Infinity,Infinity,Infinity,Infinity,Infinity,Infinity,Infinity,Infinity,Infinity,Infinity,Infinity,Infinity,Infinity,Infinity,Infinity,Infinity,Infinity,Infinity,Infinity,Infinity,Infinity,Infinity,Infinity,Infinity,Infinity,Infinity,Infinity,Infinity,Infinity,Infinity,Infinity,Infinity,Infinity,Infinity,Infinity,Infinity,Infinity,Infinity,Infinity,Infinity,Infinity,Infinity,Infinity,Infinity,Infinity,Infinity,Infinity,Infinity,Infinity,Infinity,Infinity,Infinity,Infinity,Infinity,Infinity,Infinity,Infinity,Infinity,Infinity,Infinity,Infinity,Infinity,Infinity,Infinity,Infinity,Infinity,Infinity,Infinity,Infinity,Infinity,Infinity,Infinity,Infinity,Infinity,Infinity,Infinity,Infinity,Infinity,Infinity,Infinity,Infinity,Infinity,Infinity,Infinity,Infinity,Infinity,Infinity,Infinity,Infinity,Infinity,Infinity,Infinity,Infinity,Infinity,Infinity,Infinity,Infinity,Infinity,Infinity,Infinity,Infinity,Infinity,Infinity,Infinity,Infinity,Infinity,Infinity,Infinity,Infinity,Infinity,Infinity,Infinity,Infinity,Infinity,Infinity,Infinity,Infinity,Infinity,Infinity,Infinity,Infinity,Infinity,Infinity,Infinity,Infinity,Infinity,Infinity,Infinity,Infinity,Infinity,Infinity,Infinity,Infinity,Infinity,Infinity,Infinity,Infinity,Infinity,Infinity,Infinity] [0.0,0.0,0.0,0.0,0.0,0.0,0.0,0.0,0.0,0.0,0.0,0.0,0.0,0.0,0.0,0.0,0.0,0.0,0.0,0.0,0.0,0.0,0.0,0.0,0.0,0.0,0.0,0.0,0.0,0.0,0.0,0.0,0.0,0.0,0.0,0.0,0.0,0.0,0.0,0.0,0.0,0.0,0.0,0.0,0.0,0.0,0.0,0.0,0.0,0.0,0.0,0.0,0.0,0.0,0.0,0.0,0.0,0.0,0.0,0.0,0.0,0.0,0.0,0.0,0.0,0.0,0.0,0.0,0.0,0.0,0.0,0.0,0.0,0.0,0.0,0.0,0.0,0.0,0.0,0.0,0.0,0.0,0.0,0.0,0.0,0.0,0.0,0.0,0.0,0.0,0.0,0.0,0.0,0.0,0.0,0.0,0.0,0.0,0.0,0.0,0.0,0.0,0.0,0.0,0.0,0.0,0.0,0.0,0.0,0.0,0.0,0.0,0.0,0.0,0.0,0.0,0.0,0.0,0.0,0.0,0.0,0.0,0.0,0.0,0.0,0.0,0.0,0.0,0.0,0.0,0.0,0.0,0.0,0.0,0.0,0.0,0.0,0.0,0.0,0.0,0.0,0.0,0.0,0.0,0.0,0.0,0.0,0.0,0.0,0.0,0.0,0.0,0.0,0.0,0.0,0.0,0.0,0.0,0.0,0.0,0.0,0.0,0.0,0.0,0.0,0.0,0.0,0.0,0.0,0.0,0.0,0.0,0.0,0.0,0.0,0.0,0.0,0.0,0.0,0.0,0.0,0.0,0.0,0.0,0.0,0.0,0.0,0.0,0.0,0.0,0.0,0.0,0.0,0.0,0.0,0.0,0.0,0.0,0.0,0.0,0.0,0.0,0.0,0.0,0.0,0.0,0.0,0.0,0.0,0.0,0.0,0.0,0.0,0.0,0.0,0.0,0.0,0.0,0.0,0.0,0.0,0.0,0.0,0.0,0.0,0.0,0.0,0.0,0.0,0.0,0.0,0.0,0.0,0.0,0.0,0.0,0.0,0.0,0.0,0.0,0.0,0.0,0.0,0.0,0.0,0.0,0.0,0.0,0.0,0.0,0.0,0.0,0.0,0.0,0.0,0.0,0.0,0.0,0.0,0.0,0.0,0.0,0.0,0.0,0.0,0.0,0.0,0.0,0.0,0.0,0.0,0.0,0.0,0.0,0.0,0.0,0.0,0.0,0.0,0.0,0.0,0.0,0.0,0.0,0.0,0.0,0.0,0.0,0.0,0.0,0.0,0.0,0.0,0.0,0.0,0.0,0.0,0.0,0.0,0.0]
56281.93502166014 [0.0,0.0,0.0,0.0,0.0,0.0,0.0,0.0,0.0,0.0,0.0,0.0,0.0,0.0,0.0,0.0,0.0,0.0,0.0,0.0,0.0,0.0,0.0,0.0,0.0,0.0,0.0,0.0,0.0,0.0,0.0,0.0,0.0,0.0,0.0,0.0,0.0,0.0,0.0,0.0,0.0,0.0,0.0,0.0,0.0,0.0,0.0,0.0,0.0,0.0,0.0,0.0,0.0,0.0,0.0,0.0,0.0,0.0,0.0,0.0,0.0,0.0,0.0,0.0,0.0,0.0,0.0,0.0,0.0,0.0,0.0,0.0,0.0,0.0,0.0,0.0,0.0,0.0,0.0,0.0,0.0,0.0,0.0,0.0,0.0,0.0,0.0,0.0,0.0,0.0,0.0,0.0,0.0,0.0,0.0,0.0,0.0,0.0,0.0,0.0,0.0,0.0,0.0,0.0,0.0,0.0,0.0,0.0,0.0,0.0,0.0,0.0,0.0,0.0,0.0,0.0,0.0,0.0,0.0,0.0,0.0,0.0,0.0,0.0,0.0,0.0,0.0,0.0,0.0,0.0,0.0,0.0,0.0,0.0,0.0,0.0,0.0,0.0,0.0,0.0,3.131599853420643,2.0253261224510783,3.342743984429309,6.417312312830696,10.924874754777985,10.447321864792398,8.906457528248865,6.993645587612996,4.67414139256479,4.536900193938402,7.460306509539593,14.107496501651099,19.969867333967763,20.83363731895786,22.37588343322447,23.993022630869255,29.913073184459492,40.6910361227432,39.921866197159375,40.43852048690739,44.323404681764096,44.20450380206436,53.4347841250973,60.541639394841624,55.7127156801947,45.09599287727727,31.197926163833586,31.64625380942815,45.75529397179917,71.89338821521675,90.33950897243304,99.45770902104289,96.83693912145783,87.83735886869573,70.82405692595418,70.90299734392339,62.33580062897088,63.47925548414377,63.81993449847621,70.85765179745765,73.18521003071692,77.14065735336068,75.15895538989018,68.70243384051335,66.58055118090773,52.47956667507816,52.75234528529507,58.774287633907704,86.3896989305646,98.23530851093182,154.80655720545877,142.59068267250964,116.48021072175874,81.76018155451132,67.1587566883527,76.32227017676225,83.81485844619031,84.8046956620305,125.27611801610578,138.9853037995918,116.24250788664638,96.77563827576074,73.85645102126423,70.30403591995744,75.68316600695002,82.77040280818417,100.53749547128325,129.12693597530273,138.5253852428549,145.20641508399106,144.2952840515465,181.39597701420206,212.50836946714298,217.73349796788122,234.91239443821388,201.85898675622326,170.46937069624042,139.617628077807,152.7165606681678,155.4854641476605,169.92478216726596,165.57695261477699,145.18017086773085,118.38726665235924,101.29332330449711,100.00983300426485,104.59861900296393,99.35752310035978,107.80700699896391,109.27710794940465,113.60389924634129,147.47332798395485,178.53048494985794,212.526731585055,210.78564915189028,181.45302595335497,140.9618488393288,109.35539788685996,104.92689629179834,100.57040649410978,94.64252196278069,93.26128003905767,87.2541576909868,71.79179326055274,68.90956547962992,82.15448284443437,91.4071260811301,85.3849145572963,89.91937168364933,107.01747440755418,109.07214559670895,81.55889391209494,84.57074977351034,101.51575711024817,117.79562193671165,132.61883188710848,118.83125874888992,98.75131139522712,81.35645298521132,59.44303178073389,54.31060710873567,43.12807252620095,21.216977322300664,16.827947211717635,21.6931725252799,32.36838371174766,66.06137182641626,108.22807488435289,104.83193035830132,115.62823034140179,117.30853284517451,115.34191613183022,96.88652049176753,84.58866728985029,82.471091689188,62.778156194567934,69.45947818537377,56.086918272384274,56.716837686724986,54.744462870019014,58.782234959587484,63.349821420555514,56.985947021618,51.023496897536965,56.292140039972956,63.16092212031834,65.62052738415761,70.07292522671679,69.05867576223675,53.41223730543614,44.967955692919844,39.77339346218078,54.6721562707669,48.161836900899594,39.57151943539723,31.7134924088431,30.06346189905703,33.36766132874283,35.3436346128216,28.015818633798478] [1311.2619900786005,1321.8202200865917,1332.463464547639,1343.19240799478,1354.0077404728797,1364.9101575830227,1375.9003605272408,1386.9790561536227,1398.1469570017646,1409.4047813486081,1420.7532532546286,1432.193102610412,1443.7250651835902,1455.3498826661717,1467.068302722235,1478.881079036026,1490.78897136042,1502.7927455657994,1514.8931736892998,1527.0910339844697,1539.3871109713293,1551.7821954868166,1564.2770847356642,1576.872582341659,1589.569498399342,1602.368649526097,1615.270858914685,1628.2769563861766,1641.3877784433362,1654.6041683244075,1667.9269760573632,1681.3570585145608,1694.895279467867,1708.5425096441993,1722.2996267815402,1736.1675156853773,1750.1470682856248,1764.2391836939755,1778.4447682617345,1792.7647356381167,1807.2000068289992,1821.7515102561672,1836.4201818170154,1851.2069649447558,1866.112810669078,1881.1386776773347,1896.285532376183,1911.5543489537563,1926.9461094423048,1942.4618037813711,1958.1024298814455,1973.8689936881608,1989.7625092469793,2005.7839987684179,2021.9344926937952,2038.215029761504,2054.626657073813,2071.1704301642176,2087.8474130653335,2104.6586783773164,2121.605307336866,2138.6883898867477,2155.9090247459117,2173.268319480143,2190.767390573309,2208.407363499154,2226.1893727937027,2244.1145621282076,2262.184084382728,2280.399101720259,2298.7607856614945,2317.2703171601615,2335.9288866789793,2354.7376942662327,2373.6979496329395,2392.810872230673,2412.077691329971,2431.4996460994216,2451.0779856853383,2470.813969292122,2490.7088662632277,2510.763956162824,2530.9805288580706,2551.359884602096,2571.9033341176064,2592.612198681206,2613.487810208354,2634.5315113390543,2655.7446555241822,2677.1286071125573,2698.6847414386757,2720.4144449111714,2742.319115101994,2764.4001608362782,2786.6590022829737,2809.097071046162,2831.715810257159,2854.5166746673017,2877.5011307415425,2900.67065675274,2924.0267428767575,2947.570891288285,2971.304616257478,2995.22944424732,3019.346914011829,3043.658576695001,3068.1659959305807,3092.870747942638,3117.7744216469364,3142.87861875312,3168.1849538677375,3193.695054598094,3219.410561656912,3245.333128967883,3271.4644237720117,3297.806126734876,3324.3599320546946,3351.1275475713155,3378.1106948760344,3405.3111094223436,3432.7305406375262,3460.3707520352004,3488.23352132871,3516.320640545493,3544.6339161423107,3573.1751691214417,3601.9462351478164,3630.9489646670518,3660.1852230244945,3689.6568905851636,3719.3658628547196,3749.3140506013438,3779.5033799786634,3809.935792649603,3840.6132459112973,3871.5377128209448,3902.7111823227383,3934.135659375755,3965.8131650829396,3997.7457368210635,4029.9354283717907,4062.3843100537392,4095.0944688556665,4128.068008570669,4161.3070499315045,4194.813730746993,4228.590206039511,4262.638648183577,4296.961247045588,4331.560210124669,4366.437762694626,4401.596147947099,4437.037627135803,4472.764479721992,4508.779003521039,4545.083514850253,4581.680348677821,4618.571858773019,4655.7604178575675,4693.248417758249,4731.038269560753,4769.132403764733,4807.533270440121,4846.243339384716,4885.265100283049,4924.601062866471,4964.253757074609,5004.22573321805,5044.519562142395,5085.137835393579,5126.08316538458,5167.3581855634,5208.965550582488,5250.907936469426,5293.188040799074,5335.808582867062,5378.772303864684,5422.081967055189,5465.740357951513,5509.7502844954415,5554.1145772382,5598.836089522486,5643.917697666003,5689.362301146471,5735.17282278806,5781.352208949439,5827.903429713208,5874.829479076986,5922.133375145914,5969.818160326825,6017.886901523867,6066.342690335802,6115.188643254807,6164.427901866934,6214.06363305417,6264.099029198114,6314.537308385285,6365.381714614103,6416.635518003553,6468.302015003491,6520.384528606639,6572.88640856233,6625.811031591967,6679.16180160615,6732.942149923667,6787.155535492116,6841.805445110439,6896.895393653112,6952.428924296275,7008.409608745552,7064.841047465831,7121.726869912778,7179.070734766296,7236.876330165845,7295.147373947643,7353.887613883764,7413.100827923194,7472.790824434837,7532.961442452409,7593.616551921397,7654.7600539479145,7716.395881049652,7778.527997408752,7841.160399126823,7904.2971144818985,7967.94220418758,8032.099761654146,8096.773913251861,8161.968818576374,8227.688670716232,8293.937696522553,8360.720156880894,8428.04034698531,8495.90259661459,8564.311270410717,8633.270768159597,8702.785525074065,8772.860012079082,8843.498736099358,8914.706240349144,8986.487104624512,9058.845945597834,9131.787417114787,9205.31621049359,9279.437054826807,9354.154717285446,9429.47400342559,9505.399757497484,9581.936862757088,9659.090241780126,9736.864856778713,9815.265709920519,9894.297843650465,9973.966341015032,10054.276325989182,10135.232963805956,10216.841461288606,10299.107067185563,10382.035072507933,10465.630810869876,10549.89965883156,10634.84703624505,10720.478406602804,10806.799277389146,10893.815200434417,10981.531772272076,11069.954634498676,11159.08947413668,11248.94202400021,11339.518063063782,11430.823416834026,11522.863957724268,11615.64560543233,11709.174327321158,11803.456138802712,11898.49710372478,11994.303334761045,12090.880993804161,12188.23629236214,12286.375491957784,12385.304904531427,12485.030892846919,12585.55987090084,12686.898304334996,12789.052710852275,12892.029660635888,12995.8357767719,13100.477735675182,13205.962267518828,13312.296156667053,13419.486242111492,13527.539417911097,13636.462633635434,13746.262894811807,13856.947263375758,13968.522858125163,14080.996855178266,14194.376488435144,14308.66905004285,14423.881890864615] 0.31126199007860056 [Infinity,Infinity,Infinity,Infinity,Infinity,Infinity,Infinity,Infinity,Infinity,Infinity,Infinity,Infinity,Infinity,Infinity,Infinity,Infinity,Infinity,Infinity,Infinity,Infinity,Infinity,Infinity,Infinity,Infinity,Infinity,Infinity,Infinity,Infinity,Infinity,Infinity,Infinity,Infinity,Infinity,Infinity,Infinity,Infinity,Infinity,Infinity,Infinity,Infinity,Infinity,Infinity,Infinity,Infinity,Infinity,Infinity,Infinity,Infinity,Infinity,Infinity,Infinity,Infinity,Infinity,Infinity,Infinity,Infinity,Infinity,Infinity,Infinity,Infinity,Infinity,Infinity,Infinity,Infinity,Infinity,Infinity,Infinity,Infinity,Infinity,Infinity,Infinity,Infinity,Infinity,Infinity,Infinity,Infinity,Infinity,Infinity,Infinity,Infinity,Infinity,Infinity,Infinity,Infinity,Infinity,Infinity,Infinity,Infinity,Infinity,Infinity,Infinity,Infinity,Infinity,Infinity,Infinity,Infinity,Infinity,Infinity,Infinity,Infinity,Infinity,Infinity,Infinity,Infinity,Infinity,Infinity,Infinity,Infinity,Infinity,Infinity,Infinity,Infinity,Infinity,Infinity,Infinity,Infinity,Infinity,Infinity,Infinity,Infinity,Infinity,Infinity,Infinity,Infinity,Infinity,Infinity,Infinity,Infinity,Infinity,Infinity,Infinity,Infinity,Infinity,Infinity,Infinity,Infinity,Infinity,Infinity,Infinity,Infinity,0.15530051960766184,0.10056060882040012,0.1675375480344296,0.35313803531480026,0.5283230141054464,0.5623089731068391,0.45945633288514676,0.3158221574952868,0.22457394012412107,0.23874315729766343,0.40083022159897724,0.683022965414337,0.9454180119055913,1.0571648140493768,1.0916118324810213,1.2347655740837609,1.5572098845333204,1.88106041249083,2.017814608168513,2.0419685111010155,2.1728113058839327,2.482709078277449,2.794279946802201,2.9152025316636054,2.732901226168307,2.1820437027832384,1.583602735606625,1.5741796619566395,2.3733519796028606,3.4334000610404978,4.22447125917458,4.625067484109413,4.620782273762114,4.309760837570041,3.8452121623530138,3.4095108809063532,3.199370880676235,3.2242522289711637,3.304820365049911,3.3821220068237587,3.565489967991339,3.8317421781917185,3.929949488572312,3.7046272786946104,3.208299558483959,2.6515362402512737,2.480905935432499,2.972570143485682,4.080235157861143,5.557845075190363,6.916684870417714,7.3949205509545255,6.087874815719978,4.033997632708024,3.5247156157980535,4.069498756513768,4.122562742675951,4.516630152652525,5.971169091990922,6.678910195825765,5.791620643538016,4.61096830290928,3.863707118104995,3.6278013153511934,3.694183072386923,4.002648676625038,5.073191185342112,6.455983644079391,6.869581932219383,6.861761293509605,7.5273992333962285,9.334034564833956,11.327757806258417,11.915663539323004,11.369674258192637,10.009189385167979,7.879027706705726,6.674876061379417,7.229013316873181,8.121249276915913,8.631006914551232,8.365537265855021,7.054609124313233,5.8069399227895655,5.390943493899028,5.340382646048157,5.304607653897436,5.275790490192993,5.353318405777829,5.220510591799049,5.606727713341952,7.040725787792186,8.631754956714019,9.657376420675172,9.944965586416782,9.214574301486175,6.950064118545559,5.502002600776047,5.19234290107701,4.83952557821042,4.411046857182706,4.390040535536899,4.183995335970417,3.660637270705282,3.4674107388369584,3.7993011643220433,4.333650007804418,4.417722536641026,4.442077234621628,5.1247536334499335,5.607228592478154,4.527831259079023,4.275106296388762,4.97577721579078,5.908983296241558,6.298790093691286,5.793158717080367,4.829942019815756,3.874220767936092,3.087210829028993,2.798350176251884,2.1205583473928655,1.0054684101594902,0.8190938333328779,1.0629891157327278,1.5348987956910753,3.4776447204102494,5.142709967564947,5.302360453789154,5.4338248952606865,5.8009637028937915,5.917828270072005,5.270588565813558,4.5287630159407675,3.844182001432035,3.5818562389804343,3.481372428577745,3.0377302780826723,2.723891344949434,2.707220814889493,2.9869974370254955,3.141326813619897,2.699324364262175,2.5120970893993237,2.7210370445124394,3.37094873121773,3.709313280333455,3.5243577182266335,3.171343434989709,2.748870616391953,2.2834470564829585,2.24891577223805,2.5818450675333966,2.4187605235128564,2.000721042682634,1.5337611988276294,1.5221628868291623,1.6395964300142993,1.6988593364058135,1.4684100489777685] [0.0,0.0,0.0,0.0,0.0,0.0,0.0,0.0,0.0,0.0,0.0,0.0,0.0,0.0,0.0,0.0,0.0,0.0,0.0,0.0,0.0,0.0,0.0,0.0,0.0,0.0,0.0,0.0,0.0,0.0,0.0,0.0,0.0,0.0,0.0,0.0,0.0,0.0,0.0,0.0,0.0,0.0,0.0,0.0,0.0,0.0,0.0,0.0,0.0,0.0,0.0,0.0,0.0,0.0,0.0,0.0,0.0,0.0,0.0,0.0,0.0,0.0,0.0,0.0,0.0,0.0,0.0,0.0,0.0,0.0,0.0,0.0,0.0,0.0,0.0,0.0,0.0,0.0,0.0,0.0,0.0,0.0,0.0,0.0,0.0,0.0,0.0,0.0,0.0,0.0,0.0,0.0,0.0,0.0,0.0,0.0,0.0,0.0,0.0,0.0,0.0,0.0,0.0,0.0,0.0,0.0,0.0,0.0,0.0,0.0,0.0,0.0,0.0,0.0,0.0,0.0,0.0,0.0,0.0,0.0,0.0,0.0,0.0,0.0,0.0,0.0,0.0,0.0,0.0,0.0,0.0,0.0,0.0,0.0,0.0,0.0,0.0,0.0,0.0,0.0,0.025589461267406428,0.014113946043075793,-0.008006976259282535,-0.6454483934653091,0.35841447266905774,-0.798857597344384,-0.2826691294540705,0.6772024377072601,0.18266259008236843,-0.23796295201486653,-0.5562979224399519,0.4470371933643576,1.0615070958559374,-0.3096589620296748,0.5436467836040415,-0.7022888508059612,-1.2311245062069178,3.069827872926599,-0.43442596621088125,-0.40084973511292266,0.867178564085445,-5.449677763484613,-2.4508148109467167,2.237588761569509,1.0546911568285537,1.4551188216125024,-0.47412854829890905,0.16266057029535802,-1.711745620258046,3.2253869944067843,5.85008378894143,6.9563593388546465,4.421293646215561,1.6421421172949076,-6.080186321106092,2.7127797257963273,-1.651616984553818,-1.0057890952795012,-2.2764728025220147,3.2152116609824826,1.8754106708901317,0.5058137895263183,-3.440034381556059,-5.390111733378862,2.414560011228562,-0.5511581299473131,3.134226576645091,-0.6771152358059346,4.784995773341746,-12.921592992875432,16.472859797104494,-5.307728346580868,-5.2772855926408235,1.0802289003508254,-3.335555627608365,-5.0677049535131315,1.363603592671283,-5.527907391020005,5.852736176287331,5.407099883076516,0.41009501588606995,4.55627221757516,-3.4176913408356535,-2.25199038706643,1.7995045592115517,2.7174292756833998,-0.9263282355589804,0.007263093714902763,1.133746598467242,7.97118921379896,-6.252700616378062,-5.284714282477069,-14.04678665802535,-20.579772818578867,7.518909274361125,1.6751990528636866,12.888816562125902,6.120106850218649,8.136294330704175,-6.939521390657758,-2.6953561237586907,-1.7337927023234394,4.0879883814662135,2.248468196567943,-6.525546573483467,-6.797819916698301,-1.4935340749847776,-6.158286703500065,0.740638883407325,4.8668961134236755,1.4693449795022342,6.658812228111129,5.895385815577542,19.37920317155155,11.886337423554652,-2.8384600763685466,1.9605664684176305,-0.6846541286609741,1.0800382702581302,3.77989492990138,6.421584819126563,5.460469328319681,3.574250971578444,-1.4209521535529,-0.43864929710924655,6.168459557993508,4.734125925041732,-2.9695361755242304,1.0778269912167728,4.522401738555495,-3.0724262528541284,-8.99773126948551,-0.9313761542648756,2.0002127944325663,-0.38404398811950224,6.643030013282741,2.9680844072825945,2.152470998911993,3.872037626489486,-2.301184799845962,-1.6563964163020095,0.716905578343645,1.107609119110861,0.44607054506007726,0.4333902106253422,1.6704077979261538,-3.491522581788733,5.373875533053945,-1.2152787174817519,6.95173243618807,1.2892587872986752,-3.014649269609874,-8.525250824503628,-5.986593028965054,5.587451660547307,-8.85896858504075,-0.16797038618113255,-4.667687289269166,2.2390107877363046,0.6000465722291524,-0.9577137809224286,0.5232851481575788,2.999459736374506,0.7815551095504871,1.87139914972417,-4.258052504036262,-8.565738222511486,-0.414229137815882,5.631807062442563,-1.565175022402921,-0.700985436739333,-5.2049219825802275,3.0352549200989647,-0.21337356935753699,-0.4429014182554502,1.0382684322905125,-0.3797958375262147,0.5757327284568448,1.36644788470533,-1.3523823457568953]
56398.700437257976 [0.0,0.0,0.0,0.0,0.0,0.0,0.0,0.0,0.0,0.0,0.0,0.0,0.0,0.0,0.0,0.0,0.0,0.0,0.0,0.0,0.0,0.0,0.0,0.0,0.0,0.0,0.0,0.0,0.0,0.0,0.0,0.0,0.0,0.0,0.0,0.0,0.0,0.0,0.0,0.0,0.0,0.0,0.0,0.0,0.0,0.0,0.0,0.0,0.0,0.0,0.0,0.0,0.0,0.0,0.0,0.0,0.0,0.0,0.0,0.0,0.0,0.0,0.0,0.0,0.0,0.0,0.0,0.0,0.0,0.0,0.0,0.0,0.0,0.0,0.0,0.0,0.0,0.0,0.0,0.0,0.0,0.0,0.0,0.0,0.0,0.0,0.0,0.0,0.0,0.0,0.0,0.0,0.0,0.0,0.0,0.0,0.0,0.0,0.0,0.0,0.0,0.0,0.0,0.0,0.0,0.0,0.0,0.0,0.0,0.0,0.0,0.0,0.0,0.0,0.0,0.0,0.0,0.0,0.0,0.0,0.0,0.0,0.0,0.0,0.0,0.0,0.0,0.0,0.0,0.0,0.0,0.0,0.0,0.0,0.0,0.0,0.0,0.0,0.0,0.0,0.0,0.0,0.0,0.0,0.0,0.0,0.0,0.0,0.0,0.0,0.0,0.0,0.0,0.0,0.0,0.0,0.0,0.0,0.0,0.0,0.0,0.0,0.0,0.0,0.0,0.0,0.0,0.0,0.0,0.0,0.0,0.0,0.0,0.0,0.0,0.0,0.0,0.0,0.0,0.0,0.0,0.0,0.0,0.0,0.0,0.0,0.0,0.0,0.0,0.0,0.0,0.0,0.0,0.0,0.0,0.0,0.0,0.0,0.0,0.0,0.0,0.0,0.0,0.0,0.0,0.0,0.0,0.0,0.0,0.0,0.0,0.0,0.0,0.0,0.0,0.0,0.0,0.0,0.0,0.0,0.0,0.0,0.0,0.0,0.0,0.0,0.0,0.0,0.0,0.0,0.0,0.0,0.0,0.0,0.0,0.0,0.0,0.0,0.0,0.0,0.0,0.0,0.0,0.0,0.0,0.0,0.0,0.0,0.0,0.0,0.0,0.0,0.0,0.0,0.0,0.0,0.0,0.0,0.0,0.0,0.0,0.0,0.0,0.0,0.0,0.0,0.0,0.0,0.0,0.0,0.0,0.0,0.0,0.0,0.0,0.0,0.0,0.0,0.0,0.0,0.0,0.0,0.0,0.0,0.0,0.0,0.0,0.0,0.0,0.0,0.0,0.0,0.0,0.0,0.0,0.0,0.0,0.0,0.0,0.0] [1311.2619900786005,1321.8202200865917,1332.463464547639,1343.19240799478,1354.0077404728797,1364.9101575830227,1375.9003605272408,1386.9790561536227,1398.1469570017646,1409.4047813486081,1420.7532532546286,1432.193102610412,1443.7250651835902,1455.3498826661717,1467.068302722235,1478.881079036026,1490.78897136042,1502.7927455657994,1514.8931736892998,1527.0910339844697,1539.3871109713293,1551.7821954868166,1564.2770847356642,1576.872582341659,1589.569498399342,1602.368649526097,1615.270858914685,1628.2769563861766,1641.3877784433362,1654.6041683244075,1667.9269760573632,1681.3570585145608,1694.895279467867,1708.5425096441993,1722.2996267815402,1736.1675156853773,1750.1470682856248,1764.2391836939755,1778.4447682617345,1792.7647356381167,1807.2000068289992,1821.7515102561672,1836.4201818170154,1851.2069649447558,1866.112810669078,1881.1386776773347,1896.285532376183,1911.5543489537563,1926.9461094423048,1942.4618037813711,1958.1024298814455,1973.8689936881608,1989.7625092469793,2005.7839987684179,2021.9344926937952,2038.215029761504,2054.626657073813,2071.1704301642176,2087.8474130653335,2104.6586783773164,2121.605307336866,2138.6883898867477,2155.9090247459117,2173.268319480143,2190.767390573309,2208.407363499154,2226.1893727937027,2244.1145621282076,2262.184084382728,2280.399101720259,2298.7607856614945,2317.2703171601615,2335.9288866789793,2354.7376942662327,2373.6979496329395,2392.810872230673,2412.077691329971,2431.4996460994216,2451.0779856853383,2470.813969292122,2490.7088662632277,2510.763956162824,2530.9805288580706,2551.359884602096,2571.9033341176064,2592.612198681206,2613.487810208354,2634.5315113390543,2655.7446555241822,2677.1286071125573,2698.6847414386757,2720.4144449111714,2742.319115101994,2764.4001608362782,2786.6590022829737,2809.097071046162,2831.715810257159,2854.5166746673017,2877.5011307415425,2900.67065675274,2924.0267428767575,2947.570891288285,2971.304616257478,2995.22944424732,3019.346914011829,3043.658576695001,3068.1659959305807,3092.870747942638,3117.7744216469364,3142.87861875312,3168.1849538677375,3193.695054598094,3219.410561656912,3245.333128967883,3271.4644237720117,3297.806126734876,3324.3599320546946,3351.1275475713155,3378.1106948760344,3405.3111094223436,3432.7305406375262,3460.3707520352004,3488.23352132871,3516.320640545493,3544.6339161423107,3573.1751691214417,3601.9462351478164,3630.9489646670518,3660.1852230244945,3689.6568905851636,3719.3658628547196,3749.3140506013438,3779.5033799786634,3809.935792649603,3840.6132459112973,3871.5377128209448,3902.7111823227383,3934.135659375755,3965.8131650829396,3997.7457368210635,4029.9354283717907,4062.3843100537392,4095.0944688556665,4128.068008570669,4161.3070499315045,4194.813730746993,4228.590206039511,4262.638648183577,4296.961247045588,4331.560210124669,4366.437762694626,4401.596147947099,4437.037627135803,4472.764479721992,4508.779003521039,4545.083514850253,4581.680348677821,4618.571858773019,4655.7604178575675,4693.248417758249,4731.038269560753,4769.132403764733,4807.533270440121,4846.243339384716,4885.265100283049,4924.601062866471,4964.253757074609,5004.22573321805,5044.519562142395,5085.137835393579,5126.08316538458,5167.3581855634,5208.965550582488,5250.907936469426,5293.188040799074,5335.808582867062,5378.772303864684,5422.081967055189,5465.740357951513,5509.7502844954415,5554.1145772382,5598.836089522486,5643.917697666003,5689.362301146471,5735.17282278806,5781.352208949439,5827.903429713208,5874.829479076986,5922.133375145914,5969.818160326825,6017.886901523867,6066.342690335802,6115.188643254807,6164.427901866934,6214.06363305417,6264.099029198114,6314.537308385285,6365.381714614103,6416.635518003553,6468.302015003491,6520.384528606639,6572.88640856233,6625.811031591967,6679.16180160615,6732.942149923667,6787.155535492116,6841.805445110439,6896.895393653112,6952.428924296275,7008.409608745552,7064.841047465831,7121.726869912778,7179.070734766296,7236.876330165845,7295.147373947643,7353.887613883764,7413.100827923194,7472.790824434837,7532.961442452409,7593.616551921397,7654.7600539479145,7716.395881049652,7778.527997408752,7841.160399126823,7904.2971144818985,7967.94220418758,8032.099761654146,8096.773913251861,8161.968818576374,8227.688670716232,8293.937696522553,8360.720156880894,8428.04034698531,8495.90259661459,8564.311270410717,8633.270768159597,8702.785525074065,8772.860012079082,8843.498736099358,8914.706240349144,8986.487104624512,9058.845945597834,9131.787417114787,9205.31621049359,9279.437054826807,9354.154717285446,9429.47400342559,9505.399757497484,9581.936862757088,9659.090241780126,9736.864856778713,9815.265709920519,9894.297843650465,9973.966341015032,10054.276325989182,10135.232963805956,10216.841461288606,10299.107067185563,10382.035072507933,10465.630810869876,10549.89965883156,10634.84703624505,10720.478406602804,10806.799277389146,10893.815200434417,10981.531772272076,11069.954634498676,11159.08947413668,11248.94202400021,11339.518063063782,11430.823416834026,11522.863957724268,11615.64560543233,11709.174327321158,11803.456138802712,11898.49710372478,11994.303334761045,12090.880993804161,12188.23629236214,12286.375491957784,12385.304904531427,12485.030892846919,12585.55987090084,12686.898304334996,12789.052710852275,12892.029660635888,12995.8357767719,13100.477735675182,13205.962267518828,13312.296156667053,13419.486242111492,13527.539417911097,13636.462633635434,13746.262894811807,13856.947263375758,13968.522858125163,14080.996855178266,14194.376488435144,14308.66905004285,14423.881890864615] 0.31126199007860056 [Infinity,Infinity,Infinity,Infinity,Infinity,Infinity,Infinity,Infinity,Infinity,Infinity,Infinity,Infinity,Infinity,Infinity,Infinity,Infinity,Infinity,Infinity,Infinity,Infinity,Infinity,Infinity,Infinity,Infinity,Infinity,Infinity,Infinity,Infinity,Infinity,Infinity,Infinity,Infinity,Infinity,Infinity,Infinity,Infinity,Infinity,Infinity,Infinity,Infinity,Infinity,Infinity,Infinity,Infinity,Infinity,Infinity,Infinity,Infinity,Infinity,Infinity,Infinity,Infinity,Infinity,Infinity,Infinity,Infinity,Infinity,Infinity,Infinity,Infinity,Infinity,Infinity,Infinity,Infinity,Infinity,Infinity,Infinity,Infinity,Infinity,Infinity,Infinity,Infinity,Infinity,Infinity,Infinity,Infinity,Infinity,Infinity,Infinity,Infinity,Infinity,Infinity,Infinity,Infinity,Infinity,Infinity,Infinity,Infinity,Infinity,Infinity,Infinity,Infinity,Infinity,Infinity,Infinity,Infinity,Infinity,Infinity,Infinity,Infinity,Infinity,Infinity,Infinity,Infinity,Infinity,Infinity,Infinity,Infinity,Infinity,Infinity,Infinity,Infinity,Infinity,Infinity,Infinity,Infinity,Infinity,Infinity,Infinity,Infinity,Infinity,Infinity,Infinity,Infinity,Infinity,Infinity,Infinity,Infinity,Infinity,Infinity,Infinity,Infinity,Infinity,Infinity,Infinity,Infinity,Infinity,Infinity,Infinity,Infinity,Infinity,Infinity,Infinity,Infinity,Infinity,Infinity,Infinity,Infinity,Infinity,Infinity,Infinity,Infinity,Infinity,Infinity,Infinity,Infinity,Infinity,Infinity,Infinity,Infinity,Infinity,Infinity,Infinity,Infinity,Infinity,Infinity,Infinity,Infinity,Infinity,Infinity,Infinity,Infinity,Infinity,Infinity,Infinity,Infinity,Infinity,Infinity,Infinity,Infinity,Infinity,Infinity,Infinity,Infinity,Infinity,Infinity,Infinity,Infinity,Infinity,Infinity,Infinity,Infinity,Infinity,Infinity,Infinity,Infinity,Infinity,Infinity,Infinity,Infinity,Infinity,Infinity,Infinity,Infinity,Infinity,Infinity,Infinity,Infinity,Infinity,Infinity,Infinity,Infinity,Infinity,Infinity,Infinity,Infinity,Infinity,Infinity,Infinity,Infinity,Infinity,Infinity,Infinity,Infinity,Infinity,Infinity,Infinity,Infinity,Infinity,Infinity,Infinity,Infinity,Infinity,Infinity,Infinity,Infinity,Infinity,Infinity,Infinity,Infinity,Infinity,Infinity,Infinity,Infinity,Infinity,Infinity,Infinity,Infinity,Infinity,Infinity,Infinity,Infinity,Infinity,Infinity,Infinity,Infinity,Infinity,Infinity,Infinity,Infinity,Infinity,Infinity,Infinity,Infinity,Infinity,Infinity,Infinity,Infinity,Infinity,Infinity,Infinity,Infinity,Infinity,Infinity,Infinity,Infinity,Infinity,Infinity,Infinity,Infinity,Infinity,Infinity,Infinity,Infinity,Infinity,Infinity,Infinity,Infinity,Infinity,Infinity,Infinity,Infinity,Infinity,Infinity,Infinity,Infinity,Infinity,Infinity,Infinity,Infinity] [0.0,0.0,0.0,0.0,0.0,0.0,0.0,0.0,0.0,0.0,0.0,0.0,0.0,0.0,0.0,0.0,0.0,0.0,0.0,0.0,0.0,0.0,0.0,0.0,0.0,0.0,0.0,0.0,0.0,0.0,0.0,0.0,0.0,0.0,0.0,0.0,0.0,0.0,0.0,0.0,0.0,0.0,0.0,0.0,0.0,0.0,0.0,0.0,0.0,0.0,0.0,0.0,0.0,0.0,0.0,0.0,0.0,0.0,0.0,0.0,0.0,0.0,0.0,0.0,0.0,0.0,0.0,0.0,0.0,0.0,0.0,0.0,0.0,0.0,0.0,0.0,0.0,0.0,0.0,0.0,0.0,0.0,0.0,0.0,0.0,0.0,0.0,0.0,0.0,0.0,0.0,0.0,0.0,0.0,0.0,0.0,0.0,0.0,0.0,0.0,0.0,0.0,0.0,0.0,0.0,0.0,0.0,0.0,0.0,0.0,0.0,0.0,0.0,0.0,0.0,0.0,0.0,0.0,0.0,0.0,0.0,0.0,0.0,0.0,0.0,0.0,0.0,0.0,0.0,0.0,0.0,0.0,0.0,0.0,0.0,0.0,0.0,0.0,0.0,0.0,0.0,0.0,0.0,0.0,0.0,0.0,0.0,0.0,0.0,0.0,0.0,0.0,0.0,0.0,0.0,0.0,0.0,0.0,0.0,0.0,0.0,0.0,0.0,0.0,0.0,0.0,0.0,0.0,0.0,0.0,0.0,0.0,0.0,0.0,0.0,0.0,0.0,0.0,0.0,0.0,0.0,0.0,0.0,0.0,0.0,0.0,0.0,0.0,0.0,0.0,0.0,0.0,0.0,0.0,0.0,0.0,0.0,0.0,0.0,0.0,0.0,0.0,0.0,0.0,0.0,0.0,0.0,0.0,0.0,0.0,0.0,0.0,0.0,0.0,0.0,0.0,0.0,0.0,0.0,0.0,0.0,0.0,0.0,0.0,0.0,0.0,0.0,0.0,0.0,0.0,0.0,0.0,0.0,0.0,0.0,0.0,0.0,0.0,0.0,0.0,0.0,0.0,0.0,0.0,0.0,0.0,0.0,0.0,0.0,0.0,0.0,0.0,0.0,0.0,0.0,0.0,0.0,0.0,0.0,0.0,0.0,0.0,0.0,0.0,0.0,0.0,0.0,0.0,0.0,0.0,0.0,0.0,0.0,0.0,0.0,0.0,0.0,0.0,0.0,0.0,0.0,0.0,0.0,0.0,0.0,0.0,0.0,0.0,0.0,0.0,0.0,0.0,0.0,0.0,0.0,0.0,0.0,0.0,0.0,0.0]
56197.271692806746 [0.0,0.0,0.0,0.0,0.0,0.0,0.0,0.0,0.0,0.0,0.0,0.0,0.0,0.0,0.0,0.0,0.0,0.0,0.0,0.0,0.0,0.0,0.0,0.0,0.0,0.0,0.0,0.0,0.0,0.0,0.0,0.0,0.0,0.0,0.0,0.0,0.0,0.0,0.0,0.0,0.0,0.0,0.0,0.0,0.0,0.0,0.0,0.0,0.0,0.0,0.0,0.0,0.0,0.0,0.0,0.0,0.0,0.0,0.0,0.0,0.0,0.0,0.0,0.0,0.0,0.0,0.0,0.0,0.0,0.0,0.0,0.0,0.0,0.0,0.0,0.0,0.0,0.0,0.0,0.0,0.0,0.0,0.0,0.0,0.0,0.0,0.0,0.0,0.0,0.0,0.0,0.0,0.0,0.0,0.0,0.0,0.0,0.0,0.0,0.0,0.0,0.0,0.0,0.0,0.0,0.0,0.0,0.0,0.0,0.0,0.0,0.0,0.0,0.0,0.0,0.0,0.0,0.0,0.0,0.0,0.0,0.0,0.0,0.0,0.0,0.0,0.0,0.0,0.0,0.0,0.0,0.0,0.0,0.0,0.0,0.0,0.0,0.0,0.0,0.0,0.0,0.0,0.0,0.0,0.0,0.0,0.0,0.0,0.0,0.0,0.0,0.0,0.0,0.0,0.0,0.0,0.0,0.0,0.0,0.0,0.0,0.0,0.0,0.0,0.0,0.0,0.0,0.0,0.0,0.0,0.0,0.0,0.0,0.0,0.0,0.0,0.0,0.0,0.0,0.0,0.0,0.0,0.0,0.0,0.0,0.0,0.0,0.0,0.0,0.0,0.0,0.0,0.0,0.0,0.0,0.0,0.0,0.0,0.0,0.0,0.0,0.0,0.0,0.0,0.0,0.0,0.0,0.0,0.0,0.0,0.0,0.0,0.0,0.0,0.0,0.0,0.0,0.0,0.0,0.0,0.0,0.0,0.0,0.0,0.0,0.0,0.0,0.0,0.0,0.0,0.0,0.0,0.0,0.0,0.0,0.0,0.0,0.0,0.0,0.0,0.0,0.0,0.0,0.0,0.0,0.0,0.0,0.0,0.0,0.0,0.0,0.0,0.0,0.0,0.0,0.0,0.0,0.0,0.0,0.0,0.0,0.0,0.0,0.0,0.0,0.0,0.0,0.0,0.0,0.0,0.0,0.0,0.0,0.0,0.0,0.0,0.0,0.0,0.0,0.0,0.0,0.0,0.0,0.0,0.0,0.0,0.0,0.0,0.0,0.0,0.0,0.0,0.0,0.0,0.0,0.0,0.0,0.0,0.0,0.0] [1311.2619900786005,1321.8202200865917,1332.463464547639,1343.19240799478,1354.0077404728797,1364.9101575830227,1375.9003605272408,1386.9790561536227,1398.1469570017646,1409.4047813486081,1420.7532532546286,1432.193102610412,1443.7250651835902,1455.3498826661717,1467.068302722235,1478.881079036026,1490.78897136042,1502.7927455657994,1514.8931736892998,1527.0910339844697,1539.3871109713293,1551.7821954868166,1564.2770847356642,1576.872582341659,1589.569498399342,1602.368649526097,1615.270858914685,1628.2769563861766,1641.3877784433362,1654.6041683244075,1667.9269760573632,1681.3570585145608,1694.895279467867,1708.5425096441993,1722.2996267815402,1736.1675156853773,1750.1470682856248,1764.2391836939755,1778.4447682617345,1792.7647356381167,1807.2000068289992,1821.7515102561672,1836.4201818170154,1851.2069649447558,1866.112810669078,1881.1386776773347,1896.285532376183,1911.5543489537563,1926.9461094423048,1942.4618037813711,1958.1024298814455,1973.8689936881608,1989.7625092469793,2005.7839987684179,2021.9344926937952,2038.215029761504,2054.626657073813,2071.1704301642176,2087.8474130653335,2104.6586783773164,2121.605307336866,2138.6883898867477,2155.9090247459117,2173.268319480143,2190.767390573309,2208.407363499154,2226.1893727937027,2244.1145621282076,2262.184084382728,2280.399101720259,2298.7607856614945,2317.2703171601615,2335.9288866789793,2354.7376942662327,2373.6979496329395,2392.810872230673,2412.077691329971,2431.4996460994216,2451.0779856853383,2470.813969292122,2490.7088662632277,2510.763956162824,2530.9805288580706,2551.359884602096,2571.9033341176064,2592.612198681206,2613.487810208354,2634.5315113390543,2655.7446555241822,2677.1286071125573,2698.6847414386757,2720.4144449111714,2742.319115101994,2764.4001608362782,2786.6590022829737,2809.097071046162,2831.715810257159,2854.5166746673017,2877.5011307415425,2900.67065675274,2924.0267428767575,2947.570891288285,2971.304616257478,2995.22944424732,3019.346914011829,3043.658576695001,3068.1659959305807,3092.870747942638,3117.7744216469364,3142.87861875312,3168.1849538677375,3193.695054598094,3219.410561656912,3245.333128967883,3271.4644237720117,3297.806126734876,3324.3599320546946,3351.1275475713155,3378.1106948760344,3405.3111094223436,3432.7305406375262,3460.3707520352004,3488.23352132871,3516.320640545493,3544.6339161423107,3573.1751691214417,3601.9462351478164,3630.9489646670518,3660.1852230244945,3689.6568905851636,3719.3658628547196,3749.3140506013438,3779.5033799786634,3809.935792649603,3840.6132459112973,3871.5377128209448,3902.7111823227383,3934.135659375755,3965.8131650829396,3997.7457368210635,4029.9354283717907,4062.3843100537392,4095.0944688556665,4128.068008570669,4161.3070499315045,4194.813730746993,4228.590206039511,4262.638648183577,4296.961247045588,4331.560210124669,4366.437762694626,4401.596147947099,4437.037627135803,4472.764479721992,4508.779003521039,4545.083514850253,4581.680348677821,4618.571858773019,4655.7604178575675,4693.248417758249,4731.038269560753,4769.132403764733,4807.533270440121,4846.243339384716,4885.265100283049,4924.601062866471,4964.253757074609,5004.22573321805,5044.519562142395,5085.137835393579,5126.08316538458,5167.3581855634,5208.965550582488,5250.907936469426,5293.188040799074,5335.808582867062,5378.772303864684,5422.081967055189,5465.740357951513,5509.7502844954415,5554.1145772382,5598.836089522486,5643.917697666003,5689.362301146471,5735.17282278806,5781.352208949439,5827.903429713208,5874.829479076986,5922.133375145914,5969.818160326825,6017.886901523867,6066.342690335802,6115.188643254807,6164.427901866934,6214.06363305417,6264.099029198114,6314.537308385285,6365.381714614103,6416.635518003553,6468.302015003491,6520.384528606639,6572.88640856233,6625.811031591967,6679.16180160615,6732.942149923667,6787.155535492116,6841.805445110439,6896.895393653112,6952.428924296275,7008.409608745552,7064.841047465831,7121.726869912778,7179.070734766296,7236.876330165845,7295.147373947643,7353.887613883764,7413.100827923194,7472.790824434837,7532.961442452409,7593.616551921397,7654.7600539479145,7716.395881049652,7778.527997408752,7841.160399126823,7904.2971144818985,7967.94220418758,8032.099761654146,8096.773913251861,8161.968818576374,8227.688670716232,8293.937696522553,8360.720156880894,8428.04034698531,8495.90259661459,8564.311270410717,8633.270768159597,8702.785525074065,8772.860012079082,8843.498736099358,8914.706240349144,8986.487104624512,9058.845945597834,9131.787417114787,9205.31621049359,9279.437054826807,9354.154717285446,9429.47400342559,9505.399757497484,9581.936862757088,9659.090241780126,9736.864856778713,9815.265709920519,9894.297843650465,9973.966341015032,10054.276325989182,10135.232963805956,10216.841461288606,10299.107067185563,10382.035072507933,10465.630810869876,10549.89965883156,10634.84703624505,10720.478406602804,10806.799277389146,10893.815200434417,10981.531772272076,11069.954634498676,11159.08947413668,11248.94202400021,11339.518063063782,11430.823416834026,11522.863957724268,11615.64560543233,11709.174327321158,11803.456138802712,11898.49710372478,11994.303334761045,12090.880993804161,12188.23629236214,12286.375491957784,12385.304904531427,12485.030892846919,12585.55987090084,12686.898304334996,12789.052710852275,12892.029660635888,12995.8357767719,13100.477735675182,13205.962267518828,13312.296156667053,13419.486242111492,13527.539417911097,13636.462633635434,13746.262894811807,13856.947263375758,13968.522858125163,14080.996855178266,14194.376488435144,14308.66905004285,14423.881890864615] 0.31126199007860056 [Infinity,Infinity,Infinity,Infinity,Infinity,Infinity,Infinity,Infinity,Infinity,Infinity,Infinity,Infinity,Infinity,Infinity,Infinity,Infinity,Infinity,Infinity,Infinity,Infinity,Infinity,Infinity,Infinity,Infinity,Infinity,Infinity,Infinity,Infinity,Infinity,Infinity,Infinity,Infinity,Infinity,Infinity,Infinity,Infinity,Infinity,Infinity,Infinity,Infinity,Infinity,Infinity,Infinity,Infinity,Infinity,Infinity,Infinity,Infinity,Infinity,Infinity,Infinity,Infinity,Infinity,Infinity,Infinity,Infinity,Infinity,Infinity,Infinity,Infinity,Infinity,Infinity,Infinity,Infinity,Infinity,Infinity,Infinity,Infinity,Infinity,Infinity,Infinity,Infinity,Infinity,Infinity,Infinity,Infinity,Infinity,Infinity,Infinity,Infinity,Infinity,Infinity,Infinity,Infinity,Infinity,Infinity,Infinity,Infinity,Infinity,Infinity,Infinity,Infinity,Infinity,Infinity,Infinity,Infinity,Infinity,Infinity,Infinity,Infinity,Infinity,Infinity,Infinity,Infinity,Infinity,Infinity,Infinity,Infinity,Infinity,Infinity,Infinity,Infinity,Infinity,Infinity,Infinity,Infinity,Infinity,Infinity,Infinity,Infinity,Infinity,Infinity,Infinity,Infinity,Infinity,Infinity,Infinity,Infinity,Infinity,Infinity,Infinity,Infinity,Infinity,Infinity,Infinity,Infinity,Infinity,Infinity,Infinity,Infinity,Infinity,Infinity,Infinity,Infinity,Infinity,Infinity,Infinity,Infinity,Infinity,Infinity,Infinity,Infinity,Infinity,Infinity,Infinity,Infinity,Infinity,Infinity,Infinity,Infinity,Infinity,Infinity,Infinity,Infinity,Infinity,Infinity,Infinity,Infinity,Infinity,Infinity,Infinity,Infinity,Infinity,Infinity,Infinity,Infinity,Infinity,Infinity,Infinity,Infinity,Infinity,Infinity,Infinity,Infinity,Infinity,Infinity,Infinity,Infinity,Infinity,Infinity,Infinity,Infinity,Infinity,Infinity,Infinity,Infinity,Infinity,Infinity,Infinity,Infinity,Infinity,Infinity,Infinity,Infinity,Infinity,Infinity,Infinity,Infinity,Infinity,Infinity,Infinity,Infinity,Infinity,Infinity,Infinity,Infinity,Infinity,Infinity,Infinity,Infinity,Infinity,Infinity,Infinity,Infinity,Infinity,Infinity,Infinity,Infinity,Infinity,Infinity,Infinity,Infinity,Infinity,Infinity,Infinity,Infinity,Infinity,Infinity,Infinity,Infinity,Infinity,Infinity,Infinity,Infinity,Infinity,Infinity,Infinity,Infinity,Infinity,Infinity,Infinity,Infinity,Infinity,Infinity,Infinity,Infinity,Infinity,Infinity,Infinity,Infinity,Infinity,Infinity,Infinity,Infinity,Infinity,Infinity,Infinity,Infinity,Infinity,Infinity,Infinity,Infinity,Infinity,Infinity,Infinity,Infinity,Infinity,Infinity,Infinity,Infinity,Infinity,Infinity,Infinity,Infinity,Infinity,Infinity,Infinity,Infinity,Infinity,Infinity,Infinity,Infinity,Infinity,Infinity,Infinity,Infinity,Infinity,Infinity,Infinity,Infinity] [0.0,0.0,0.0,0.0,0.0,0.0,0.0,0.0,0.0,0.0,0.0,0.0,0.0,0.0,0.0,0.0,0.0,0.0,0.0,0.0,0.0,0.0,0.0,0.0,0.0,0.0,0.0,0.0,0.0,0.0,0.0,0.0,0.0,0.0,0.0,0.0,0.0,0.0,0.0,0.0,0.0,0.0,0.0,0.0,0.0,0.0,0.0,0.0,0.0,0.0,0.0,0.0,0.0,0.0,0.0,0.0,0.0,0.0,0.0,0.0,0.0,0.0,0.0,0.0,0.0,0.0,0.0,0.0,0.0,0.0,0.0,0.0,0.0,0.0,0.0,0.0,0.0,0.0,0.0,0.0,0.0,0.0,0.0,0.0,0.0,0.0,0.0,0.0,0.0,0.0,0.0,0.0,0.0,0.0,0.0,0.0,0.0,0.0,0.0,0.0,0.0,0.0,0.0,0.0,0.0,0.0,0.0,0.0,0.0,0.0,0.0,0.0,0.0,0.0,0.0,0.0,0.0,0.0,0.0,0.0,0.0,0.0,0.0,0.0,0.0,0.0,0.0,0.0,0.0,0.0,0.0,0.0,0.0,0.0,0.0,0.0,0.0,0.0,0.0,0.0,0.0,0.0,0.0,0.0,0.0,0.0,0.0,0.0,0.0,0.0,0.0,0.0,0.0,0.0,0.0,0.0,0.0,0.0,0.0,0.0,0.0,0.0,0.0,0.0,0.0,0.0,0.0,0.0,0.0,0.0,0.0,0.0,0.0,0.0,0.0,0.0,0.0,0.0,0.0,0.0,0.0,0.0,0.0,0.0,0.0,0.0,0.0,0.0,0.0,0.0,0.0,0.0,0.0,0.0,0.0,0.0,0.0,0.0,0.0,0.0,0.0,0.0,0.0,0.0,0.0,0.0,0.0,0.0,0.0,0.0,0.0,0.0,0.0,0.0,0.0,0.0,0.0,0.0,0.0,0.0,0.0,0.0,0.0,0.0,0.0,0.0,0.0,0.0,0.0,0.0,0.0,0.0,0.0,0.0,0.0,0.0,0.0,0.0,0.0,0.0,0.0,0.0,0.0,0.0,0.0,0.0,0.0,0.0,0.0,0.0,0.0,0.0,0.0,0.0,0.0,0.0,0.0,0.0,0.0,0.0,0.0,0.0,0.0,0.0,0.0,0.0,0.0,0.0,0.0,0.0,0.0,0.0,0.0,0.0,0.0,0.0,0.0,0.0,0.0,0.0,0.0,0.0,0.0,0.0,0.0,0.0,0.0,0.0,0.0,0.0,0.0,0.0,0.0,0.0,0.0,0.0,0.0,0.0,0.0,0.0]
56277.1768269509 [0.0,0.0,0.0,0.0,0.0,0.0,0.0,0.0,0.0,0.0,0.0,0.0,0.0,0.0,0.0,0.0,0.0,0.0,0.0,0.0,0.0,0.0,0.0,0.0,0.0,0.0,0.0,0.0,0.0,0.0,0.0,0.0,0.0,0.0,0.0,0.0,0.0,0.0,0.0,0.0,0.0,0.0,0.0,0.0,0.0,0.0,0.0,0.0,0.0,0.0,0.0,0.0,0.0,0.0,0.0,0.0,0.0,0.0,0.0,0.0,0.0,0.0,0.0,0.0,0.0,0.0,0.0,0.0,0.0,0.0,0.0,0.0,0.0,0.0,0.0,0.0,0.0,0.0,0.0,0.0,0.0,0.0,0.0,0.0,0.0,0.0,0.0,0.0,0.0,0.0,0.0,0.0,0.0,0.0,0.0,0.0,0.0,0.0,0.0,0.0,0.0,0.0,0.0,0.0,0.0,0.0,0.0,0.0,0.0,0.0,0.0,0.0,0.0,0.0,0.0,0.0,0.0,0.0,0.0,0.0,0.0,0.0,0.0,0.0,0.0,0.0,0.0,0.0,0.0,0.0,0.0,0.0,0.0,0.0,0.0,0.0,0.0,0.0,0.0,0.0,9.702091199921485,6.057557876507,6.361793771816208,9.116088346388235,11.322640825150195,10.297872265282233,4.735236358398174,-0.8615236026351006,-4.035859194575841,-3.480884116288602,0.8433435040313291,9.248509340214179,15.793305741193011,18.529972223086627,24.863084647529448,30.627285255679283,36.611670264707776,49.37345744019979,48.15692899584385,47.478756408748204,56.27721266217179,69.05636119069096,74.79133933902156,77.4359339981988,67.85044388178936,60.69729444619726,48.86544182919317,49.98868012665396,68.11678143561106,96.15165115211875,115.0466413842412,134.14949348949452,128.60225318081643,119.79106151196386,103.58615257285956,80.32745568658434,89.80541408634912,77.11701396462824,85.71750797305607,94.7513940594158,82.66103937549985,99.86955457369457,102.10023602809102,84.86845411783686,80.55587411819162,66.99233672693694,62.83519520898538,78.52462505660779,102.1386050762787,139.4577351545419,185.73299983626384,196.826100373544,156.24225319069063,101.57656753871771,90.47062888134306,97.20764721119014,94.05822885754809,105.99534643682519,163.03997800118088,187.07239911148224,140.07195474874595,115.35678346564426,92.75827463046915,81.96579302895123,94.77173421645239,98.89853609437708,130.82512174429291,168.93238196451946,176.09288122838174,202.17633656149366,208.4716293306234,232.94818101592105,292.0633879103228,258.50389474629367,257.2986050526773,210.2824982078884,160.32733681367822,122.43144512410667,169.25392784881186,179.69720946468018,209.46956708814864,218.94587436032631,175.36328505243617,137.56976259671444,123.90975264627193,117.74570947303567,110.24681792723862,124.54868293640318,109.53698636734507,112.05855937529087,127.40836295409852,168.44702181310888,199.70503608067702,224.49527345577863,210.82008928009003,187.20798351839252,150.0722942694141,123.90311945235133,98.05986249408497,95.21210457970821,94.28613996014579,81.75146073293391,86.65033546580553,74.76333464017745,73.35189521359247,84.98986605437365,83.01260086607577,88.35513729045593,96.80167695173989,104.40730739522593,110.48797018058166,94.93503375412185,97.67843636698423,108.67652520072645,118.87248859093614,115.66633743498261,113.48332421016093,101.34331355192394,76.23969983225881,59.3549189115179,51.96445666685242,34.06105303796714,18.04261740810567,17.673476568380895,20.702673199099994,31.47652661815522,69.65398168181191,99.74281615402602,101.38134701132647,127.06924028777883,126.24094768035359,135.767756947655,121.38474900440517,101.83605683098361,86.62156747135856,86.38731272081843,75.71898684921436,74.80410142107536,53.32401547071693,60.245021040982934,60.41901255762538,59.950351315804255,54.7832640988416,58.60493309957429,49.92497255304325,58.56862713783025,60.4551015156466,67.1232132660591,49.248661079211274,44.67426395391431,34.800590514856665,36.85513325295909,41.5567451116003,35.461110208294016,39.36281450224229,34.306645869136766,33.63041996609462,38.02798691546305,35.113624043761206,29.628219591307605] [1311.2619900786005,1321.8202200865917,1332.463464547639,1343.19240799478,1354.0077404728797,1364.9101575830227,1375.9003605272408,1386.9790561536227,1398.1469570017646,1409.4047813486081,1420.7532532546286,1432.193102610412,1443.7250651835902,1455.3498826661717,1467.068302722235,1478.881079036026,1490.78897136042,1502.7927455657994,1514.8931736892998,1527.0910339844697,1539.3871109713293,1551.7821954868166,1564.2770847356642,1576.872582341659,1589.569498399342,1602.368649526097,1615.270858914685,1628.2769563861766,1641.3877784433362,1654.6041683244075,1667.9269760573632,1681.3570585145608,1694.895279467867,1708.5425096441993,1722.2996267815402,1736.1675156853773,1750.1470682856248,1764.2391836939755,1778.4447682617345,1792.7647356381167,1807.2000068289992,1821.7515102561672,1836.4201818170154,1851.2069649447558,1866.112810669078,1881.1386776773347,1896.285532376183,1911.5543489537563,1926.9461094423048,1942.4618037813711,1958.1024298814455,1973.8689936881608,1989.7625092469793,2005.7839987684179,2021.9344926937952,2038.215029761504,2054.626657073813,2071.1704301642176,2087.8474130653335,2104.6586783773164,2121.605307336866,2138.6883898867477,2155.9090247459117,2173.268319480143,2190.767390573309,2208.407363499154,2226.1893727937027,2244.1145621282076,2262.184084382728,2280.399101720259,2298.7607856614945,2317.2703171601615,2335.9288866789793,2354.7376942662327,2373.6979496329395,2392.810872230673,2412.077691329971,2431.4996460994216,2451.0779856853383,2470.813969292122,2490.7088662632277,2510.763956162824,2530.9805288580706,2551.359884602096,2571.9033341176064,2592.612198681206,2613.487810208354,2634.5315113390543,2655.7446555241822,2677.1286071125573,2698.6847414386757,2720.4144449111714,2742.319115101994,2764.4001608362782,2786.6590022829737,2809.097071046162,2831.715810257159,2854.5166746673017,2877.5011307415425,2900.67065675274,2924.0267428767575,2947.570891288285,2971.304616257478,2995.22944424732,3019.346914011829,3043.658576695001,3068.1659959305807,3092.870747942638,3117.7744216469364,3142.87861875312,3168.1849538677375,3193.695054598094,3219.410561656912,3245.333128967883,3271.4644237720117,3297.806126734876,3324.3599320546946,3351.1275475713155,3378.1106948760344,3405.3111094223436,3432.7305406375262,3460.3707520352004,3488.23352132871,3516.320640545493,3544.6339161423107,3573.1751691214417,3601.9462351478164,3630.9489646670518,3660.1852230244945,3689.6568905851636,3719.3658628547196,3749.3140506013438,3779.5033799786634,3809.935792649603,3840.6132459112973,3871.5377128209448,3902.7111823227383,3934.135659375755,3965.8131650829396,3997.7457368210635,4029.9354283717907,4062.3843100537392,4095.0944688556665,4128.068008570669,4161.3070499315045,4194.813730746993,4228.590206039511,4262.638648183577,4296.961247045588,4331.560210124669,4366.437762694626,4401.596147947099,4437.037627135803,4472.764479721992,4508.779003521039,4545.083514850253,4581.680348677821,4618.571858773019,4655.7604178575675,4693.248417758249,4731.038269560753,4769.132403764733,4807.533270440121,4846.243339384716,4885.265100283049,4924.601062866471,4964.253757074609,5004.22573321805,5044.519562142395,5085.137835393579,5126.08316538458,5167.3581855634,5208.965550582488,5250.907936469426,5293.188040799074,5335.808582867062,5378.772303864684,5422.081967055189,5465.740357951513,5509.7502844954415,5554.1145772382,5598.836089522486,5643.917697666003,5689.362301146471,5735.17282278806,5781.352208949439,5827.903429713208,5874.829479076986,5922.133375145914,5969.818160326825,6017.886901523867,6066.342690335802,6115.188643254807,6164.427901866934,6214.06363305417,6264.099029198114,6314.537308385285,6365.381714614103,6416.635518003553,6468.302015003491,6520.384528606639,6572.88640856233,6625.811031591967,6679.16180160615,6732.942149923667,6787.155535492116,6841.805445110439,6896.895393653112,6952.428924296275,7008.409608745552,7064.841047465831,7121.726869912778,7179.070734766296,7236.876330165845,7295.147373947643,7353.887613883764,7413.100827923194,7472.790824434837,7532.961442452409,7593.616551921397,7654.7600539479145,7716.395881049652,7778.527997408752,7841.160399126823,7904.2971144818985,7967.94220418758,8032.099761654146,8096.773913251861,8161.968818576374,8227.688670716232,8293.937696522553,8360.720156880894,8428.04034698531,8495.90259661459,8564.311270410717,8633.270768159597,8702.785525074065,8772.860012079082,8843.498736099358,8914.706240349144,8986.487104624512,9058.845945597834,9131.787417114787,9205.31621049359,9279.437054826807,9354.154717285446,9429.47400342559,9505.399757497484,9581.936862757088,9659.090241780126,9736.864856778713,9815.265709920519,9894.297843650465,9973.966341015032,10054.276325989182,10135.232963805956,10216.841461288606,10299.107067185563,10382.035072507933,10465.630810869876,10549.89965883156,10634.84703624505,10720.478406602804,10806.799277389146,10893.815200434417,10981.531772272076,11069.954634498676,11159.08947413668,11248.94202400021,11339.518063063782,11430.823416834026,11522.863957724268,11615.64560543233,11709.174327321158,11803.456138802712,11898.49710372478,11994.303334761045,12090.880993804161,12188.23629236214,12286.375491957784,12385.304904531427,12485.030892846919,12585.55987090084,12686.898304334996,12789.052710852275,12892.029660635888,12995.8357767719,13100.477735675182,13205.962267518828,13312.296156667053,13419.486242111492,13527.539417911097,13636.462633635434,13746.262894811807,13856.947263375758,13968.522858125163,14080.996855178266,14194.376488435144,14308.66905004285,14423.881890864615] 0.31126199007860056 [Infinity,Infinity,Infinity,Infinity,Infinity,Infinity,Infinity,Infinity,Infinity,Infinity,Infinity,Infinity,Infinity,Infinity,Infinity,Infinity,Infinity,Infinity,Infinity,Infinity,Infinity,Infinity,Infinity,Infinity,Infinity,Infinity,Infinity,Infinity,Infinity,Infinity,Infinity,Infinity,Infinity,Infinity,Infinity,Infinity,Infinity,Infinity,Infinity,Infinity,Infinity,Infinity,Infinity,Infinity,Infinity,Infinity,Infinity,Infinity,Infinity,Infinity,Infinity,Infinity,Infinity,Infinity,Infinity,Infinity,Infinity,Infinity,Infinity,Infinity,Infinity,Infinity,Infinity,Infinity,Infinity,Infinity,Infinity,Infinity,Infinity,Infinity,Infinity,Infinity,Infinity,Infinity,Infinity,Infinity,Infinity,Infinity,Infinity,Infinity,Infinity,Infinity,Infinity,Infinity,Infinity,Infinity,Infinity,Infinity,Infinity,Infinity,Infinity,Infinity,Infinity,Infinity,Infinity,Infinity,Infinity,Infinity,Infinity,Infinity,Infinity,Infinity,Infinity,Infinity,Infinity,Infinity,Infinity,Infinity,Infinity,Infinity,Infinity,Infinity,Infinity,Infinity,Infinity,Infinity,Infinity,Infinity,Infinity,Infinity,Infinity,Infinity,Infinity,Infinity,Infinity,Infinity,Infinity,Infinity,Infinity,Infinity,Infinity,Infinity,Infinity,Infinity,Infinity,Infinity,Infinity,Infinity,Infinity,Infinity,0.4611143604117018,0.31817296603404827,0.3188585365252856,0.4647870663270003,0.5829102724690209,0.49901279053504527,0.23680876859132477,0.04553426360299569,0.20161873025435173,0.17995815985502364,0.045018327749929136,0.4295441531627353,0.8201885482917335,1.0719711496426965,1.2435729153362474,1.5055511277938727,1.917706850319907,2.3018375334262346,2.4731402842881924,2.5316575038163824,2.734491604325495,3.153801712467672,3.5482191057541272,3.6703956132732856,3.4373676435338245,2.841846101517908,2.2602421318723236,2.382665262515867,3.4427626660168222,4.836260406839589,5.9453049804321525,6.483601594150824,6.294648298334284,5.645574446271252,4.978965323445901,4.503108050636284,4.25991194689027,4.210578967493007,4.238738733551265,4.31463553904623,4.525290804734365,4.809957859235383,4.863010922568115,4.51736056792684,3.8924406370426055,3.2555948666445964,3.078376315402029,3.686680637250233,5.125245406891784,7.124512046420742,9.005626261456062,9.705379834671406,7.9588348029201015,5.151688137387909,4.38874932253947,5.067213606921294,5.16856292621068,5.7968920114949265,7.8629930651727005,8.836408887017168,7.543482224486911,5.818849047124683,4.735317002287977,4.465506187639827,4.622605576789719,5.041799403512262,6.550563044122744,8.57225216975925,9.273580756654203,9.281223270397243,9.96681802695718,11.877797421407461,13.679808079732336,13.368249732936254,12.103088800015282,10.584992810499578,8.272038049229598,6.848370669040547,7.45886424979823,9.037143633071558,10.579576112630166,10.891133985489137,8.846516157269113,6.785414130576373,6.319241455074613,6.229997956493858,6.091503765649068,6.036480767077388,6.182304089636807,6.017346014823313,6.754346852521782,8.88607688515353,10.3210444281606,10.923310373774537,10.853763392464067,9.823279160182189,7.648941564982226,6.0124494203739784,5.2223800407708705,4.691170825014511,4.514324434491045,4.428075588463189,4.220586158900638,3.8976821557244916,3.7769248520993295,4.197224962264618,4.602308107337444,4.66724001928238,4.884602239382507,5.470009550581219,5.56155545574736,4.720092687024891,4.593522730344451,5.039226810436106,5.696217899569467,6.0832320955430115,5.753095267349247,5.012184312534962,4.15282227752695,3.010965609752477,2.4776014424091906,1.915775817946661,0.8595975935922974,0.8630796532800298,0.9972761611257743,1.6772064345880255,3.47369478798218,5.075522668670128,5.474554276260666,5.8565854944954445,6.194805719723823,6.361855684158408,5.787492273763239,5.067558562618155,4.361818105235523,4.0948614117107205,3.73394903049049,3.349141615389809,2.742603498028326,2.9192263921787487,2.9127721553820374,2.9656751512496937,2.8702130063591165,2.7780832972062957,2.7173678654118905,2.812141392818556,3.0231846476355644,3.117854795670186,2.515644965137928,2.284095630075391,1.8038734540052388,1.8057345029932652,1.8714213089541107,2.0431814747633075,2.0850302977557678,1.8459456295663847,1.727694069922365,1.8207271162847323,1.7706243107269892,1.4509235290425186] [0.0,0.0,0.0,0.0,0.0,0.0,0.0,0.0,0.0,0.0,0.0,0.0,0.0,0.0,0.0,0.0,0.0,0.0,0.0,0.0,0.0,0.0,0.0,0.0,0.0,0.0,0.0,0.0,0.0,0.0,0.0,0.0,0.0,0.0,0.0,0.0,0.0,0.0,0.0,0.0,0.0,0.0,0.0,0.0,0.0,0.0,0.0,0.0,0.0,0.0,0.0,0.0,0.0,0.0,0.0,0.0,0.0,0.0,0.0,0.0,0.0,0.0,0.0,0.0,0.0,0.0,0.0,0.0,0.0,0.0,0.0,0.0,0.0,0.0,0.0,0.0,0.0,0.0,0.0,0.0,0.0,0.0,0.0,0.0,0.0,0.0,0.0,0.0,0.0,0.0,0.0,0.0,0.0,0.0,0.0,0.0,0.0,0.0,0.0,0.0,0.0,0.0,0.0,0.0,0.0,0.0,0.0,0.0,0.0,0.0,0.0,0.0,0.0,0.0,0.0,0.0,0.0,0.0,0.0,0.0,0.0,0.0,0.0,0.0,0.0,0.0,0.0,0.0,0.0,0.0,0.0,0.0,0.0,0.0,0.0,0.0,0.0,0.0,0.0,0.0,0.47980399168744914,-0.30590144417396503,-0.015376958689504214,-0.1796529801517706,-0.3355646242302239,0.3176164545813287,-0.0009390134283211225,0.04916166942481318,-0.0034845894888067396,0.11827908081187086,-0.05702305096725367,0.657626276959473,-0.6104652246416592,-2.9094507697673024,-0.008373659195498966,0.516262699801827,-1.7424667416903645,3.336706771675098,-1.3058766899199972,-3.154393667579444,1.5873805756618868,5.980326941337524,3.8269572239390217,4.028021732733095,-0.8969089888871383,3.8603724158390946,3.660599191746696,2.3353748763366173,-0.7384718847253888,-0.5735569846730293,-3.8594582244018465,4.477461606478031,2.7092872141307605,6.879572586538825,4.006846103941548,-9.734705326141333,4.60717514854372,-7.094565385231899,0.9427333020307673,8.458683278491204,-7.844776719187449,3.6703973889869155,4.840017576728712,-5.47875724069994,2.707061377339511,1.8804393940450068,1.2676689009448046,4.791012311603126,-0.3663030615569974,-3.0325057738729355,5.620474607142625,2.718503680115872,-2.9344428677113967,-1.4571952090404714,2.6956424305536784,-4.136624927235761,-9.313029666665512,-9.942493793073341,5.780116697726881,10.344221371138866,-10.797689740992258,-1.0201974768494009,-1.9480654152904044,-7.344330723845306,2.319622680658007,-1.9374519758681548,-0.18613913816195085,-2.512661430665568,-9.378733904702342,16.551871153548802,9.135268791479799,-4.607767412228174,18.46722631567605,-8.861099912431403,15.236829052371675,-1.4173580021031547,-5.113424170913751,-14.535968256704264,20.076642852847247,-1.045663196750974,-2.121955164454685,1.12319465054359,-1.5670380929461027,1.8614799851869794,-2.4750764552203517,-6.8542496568414935,-11.58325738574274,3.8190675948554156,-14.109095425391066,-8.288360921175396,-7.678574096337118,-9.274515889961712,-6.715852482534997,6.029065980287858,-6.255178569191325,-9.257599685251243,-2.9065370302304108,3.654131044871755,-6.3877383213324395,1.3886880794179928,3.999651270324885,-6.8100510363298765,2.2386122877927574,-3.1903084743123906,-2.1866018283941147,1.045366809081304,-9.033561280673096,-4.989663095191671,-0.8903678359102464,-4.99288361639845,-0.7431389343655536,0.5331800136240211,5.807981760095216,7.891988992004331,4.948130599546813,-5.99830447587762,-1.5785811368240117,1.0996273012247044,-6.8167457182802025,-0.8643932835316408,2.412427818668614,-4.254463320966081,0.8506655362597225,0.41188350278029917,0.7571499765845078,-2.0676020736052947,0.18008592216831004,-1.7676372193765433,-8.109738513886857,9.937530397869935,2.3448332858771153,8.530643264486816,5.634903529140382,0.4848855786205202,-0.6147946333519007,4.490084486604015,1.0400062394045608,7.821269113279182,-1.5280544898495982,1.8604931974079617,2.1635694499846325,0.6368482908103771,-2.6209960283407323,3.043267155448377,-4.422384755194566,2.3257992814591324,-0.008591437064697746,4.766117352655373,-1.064238223547284,-1.0076486475935138,-1.2768785652481134,0.7404431930937867,4.128318932518085,-5.402519286972133,-2.3377914528730708,-2.6122667221909315,-0.9234614323526791,1.6134445897684033,-0.2988621707785742,0.6097490104572305]
56401.28185469427 [0.0,0.0,0.0,0.0,0.0,0.0,0.0,0.0,0.0,0.0,0.0,0.0,0.0,0.0,0.0,0.0,0.0,0.0,0.0,0.0,0.0,0.0,0.0,0.0,0.0,0.0,0.0,0.0,0.0,0.0,0.0,0.0,0.0,0.0,0.0,0.0,0.0,0.0,0.0,0.0,0.0,0.0,0.0,0.0,0.0,0.0,0.0,0.0,0.0,0.0,0.0,0.0,0.0,0.0,0.0,0.0,0.0,0.0,0.0,0.0,0.0,0.0,0.0,0.0,0.0,0.0,0.0,0.0,0.0,0.0,0.0,0.0,0.0,0.0,0.0,0.0,0.0,0.0,0.0,0.0,0.0,0.0,0.0,0.0,0.0,0.0,0.0,0.0,0.0,0.0,0.0,0.0,0.0,0.0,0.0,0.0,0.0,0.0,0.0,0.0,0.0,0.0,0.0,0.0,0.0,0.0,0.0,0.0,0.0,0.0,0.0,0.0,0.0,0.0,0.0,0.0,0.0,0.0,0.0,0.0,0.0,0.0,0.0,0.0,0.0,0.0,0.0,0.0,0.0,0.0,0.0,0.0,0.0,0.0,0.0,0.0,0.0,0.0,0.0,0.0,0.0,0.0,0.0,0.0,0.0,0.0,0.0,0.0,0.0,0.0,0.0,0.0,0.0,0.0,0.0,0.0,0.0,0.0,0.0,0.0,0.0,0.0,0.0,0.0,0.0,0.0,0.0,0.0,0.0,0.0,0.0,0.0,0.0,0.0,0.0,0.0,0.0,0.0,0.0,0.0,0.0,0.0,0.0,0.0,0.0,0.0,0.0,0.0,0.0,0.0,0.0,0.0,0.0,0.0,0.0,0.0,0.0,0.0,0.0,0.0,0.0,0.0,0.0,0.0,0.0,0.0,0.0,0.0,0.0,0.0,0.0,0.0,0.0,0.0,0.0,0.0,0.0,0.0,0.0,0.0,0.0,0.0,0.0,0.0,0.0,0.0,0.0,0.0,0.0,0.0,0.0,0.0,0.0,0.0,0.0,0.0,0.0,0.0,0.0,0.0,0.0,0.0,0.0,0.0,0.0,0.0,0.0,0.0,0.0,0.0,0.0,0.0,0.0,0.0,0.0,0.0,0.0,0.0,0.0,0.0,0.0,0.0,0.0,0.0,0.0,0.0,0.0,0.0,0.0,0.0,0.0,0.0,0.0,0.0,0.0,0.0,0.0,0.0,0.0,0.0,0.0,0.0,0.0,0.0,0.0,0.0,0.0,0.0,0.0,0.0,0.0,0.0,0.0,0.0,0.0,0.0,0.0,0.0,0.0,0.0] [1311.2619900786005,1321.8202200865917,1332.463464547639,1343.19240799478,1354.0077404728797,1364.9101575830227,1375.9003605272408,1386.9790561536227,1398.1469570017646,1409.4047813486081,1420.7532532546286,1432.193102610412,1443.7250651835902,1455.3498826661717,1467.068302722235,1478.881079036026,1490.78897136042,1502.7927455657994,1514.8931736892998,1527.0910339844697,1539.3871109713293,1551.7821954868166,1564.2770847356642,1576.872582341659,1589.569498399342,1602.368649526097,1615.270858914685,1628.2769563861766,1641.3877784433362,1654.6041683244075,1667.9269760573632,1681.3570585145608,1694.895279467867,1708.5425096441993,1722.2996267815402,1736.1675156853773,1750.1470682856248,1764.2391836939755,1778.4447682617345,1792.7647356381167,1807.2000068289992,1821.7515102561672,1836.4201818170154,1851.2069649447558,1866.112810669078,1881.1386776773347,1896.285532376183,1911.5543489537563,1926.9461094423048,1942.4618037813711,1958.1024298814455,1973.8689936881608,1989.7625092469793,2005.7839987684179,2021.9344926937952,2038.215029761504,2054.626657073813,2071.1704301642176,2087.8474130653335,2104.6586783773164,2121.605307336866,2138.6883898867477,2155.9090247459117,2173.268319480143,2190.767390573309,2208.407363499154,2226.1893727937027,2244.1145621282076,2262.184084382728,2280.399101720259,2298.7607856614945,2317.2703171601615,2335.9288866789793,2354.7376942662327,2373.6979496329395,2392.810872230673,2412.077691329971,2431.4996460994216,2451.0779856853383,2470.813969292122,2490.7088662632277,2510.763956162824,2530.9805288580706,2551.359884602096,2571.9033341176064,2592.612198681206,2613.487810208354,2634.5315113390543,2655.7446555241822,2677.1286071125573,2698.6847414386757,2720.4144449111714,2742.319115101994,2764.4001608362782,2786.6590022829737,2809.097071046162,2831.715810257159,2854.5166746673017,2877.5011307415425,2900.67065675274,2924.0267428767575,2947.570891288285,2971.304616257478,2995.22944424732,3019.346914011829,3043.658576695001,3068.1659959305807,3092.870747942638,3117.7744216469364,3142.87861875312,3168.1849538677375,3193.695054598094,3219.410561656912,3245.333128967883,3271.4644237720117,3297.806126734876,3324.3599320546946,3351.1275475713155,3378.1106948760344,3405.3111094223436,3432.7305406375262,3460.3707520352004,3488.23352132871,3516.320640545493,3544.6339161423107,3573.1751691214417,3601.9462351478164,3630.9489646670518,3660.1852230244945,3689.6568905851636,3719.3658628547196,3749.3140506013438,3779.5033799786634,3809.935792649603,3840.6132459112973,3871.5377128209448,3902.7111823227383,3934.135659375755,3965.8131650829396,3997.7457368210635,4029.9354283717907,4062.3843100537392,4095.0944688556665,4128.068008570669,4161.3070499315045,4194.813730746993,4228.590206039511,4262.638648183577,4296.961247045588,4331.560210124669,4366.437762694626,4401.596147947099,4437.037627135803,4472.764479721992,4508.779003521039,4545.083514850253,4581.680348677821,4618.571858773019,4655.7604178575675,4693.248417758249,4731.038269560753,4769.132403764733,4807.533270440121,4846.243339384716,4885.265100283049,4924.601062866471,4964.253757074609,5004.22573321805,5044.519562142395,5085.137835393579,5126.08316538458,5167.3581855634,5208.965550582488,5250.907936469426,5293.188040799074,5335.808582867062,5378.772303864684,5422.081967055189,5465.740357951513,5509.7502844954415,5554.1145772382,5598.836089522486,5643.917697666003,5689.362301146471,5735.17282278806,5781.352208949439,5827.903429713208,5874.829479076986,5922.133375145914,5969.818160326825,6017.886901523867,6066.342690335802,6115.188643254807,6164.427901866934,6214.06363305417,6264.099029198114,6314.537308385285,6365.381714614103,6416.635518003553,6468.302015003491,6520.384528606639,6572.88640856233,6625.811031591967,6679.16180160615,6732.942149923667,6787.155535492116,6841.805445110439,6896.895393653112,6952.428924296275,7008.409608745552,7064.841047465831,7121.726869912778,7179.070734766296,7236.876330165845,7295.147373947643,7353.887613883764,7413.100827923194,7472.790824434837,7532.961442452409,7593.616551921397,7654.7600539479145,7716.395881049652,7778.527997408752,7841.160399126823,7904.2971144818985,7967.94220418758,8032.099761654146,8096.773913251861,8161.968818576374,8227.688670716232,8293.937696522553,8360.720156880894,8428.04034698531,8495.90259661459,8564.311270410717,8633.270768159597,8702.785525074065,8772.860012079082,8843.498736099358,8914.706240349144,8986.487104624512,9058.845945597834,9131.787417114787,9205.31621049359,9279.437054826807,9354.154717285446,9429.47400342559,9505.399757497484,9581.936862757088,9659.090241780126,9736.864856778713,9815.265709920519,9894.297843650465,9973.966341015032,10054.276325989182,10135.232963805956,10216.841461288606,10299.107067185563,10382.035072507933,10465.630810869876,10549.89965883156,10634.84703624505,10720.478406602804,10806.799277389146,10893.815200434417,10981.531772272076,11069.954634498676,11159.08947413668,11248.94202400021,11339.518063063782,11430.823416834026,11522.863957724268,11615.64560543233,11709.174327321158,11803.456138802712,11898.49710372478,11994.303334761045,12090.880993804161,12188.23629236214,12286.375491957784,12385.304904531427,12485.030892846919,12585.55987090084,12686.898304334996,12789.052710852275,12892.029660635888,12995.8357767719,13100.477735675182,13205.962267518828,13312.296156667053,13419.486242111492,13527.539417911097,13636.462633635434,13746.262894811807,13856.947263375758,13968.522858125163,14080.996855178266,14194.376488435144,14308.66905004285,14423.881890864615] 0.31126199007860056 [Infinity,Infinity,Infinity,Infinity,Infinity,Infinity,Infinity,Infinity,Infinity,Infinity,Infinity,Infinity,Infinity,Infinity,Infinity,Infinity,Infinity,Infinity,Infinity,Infinity,Infinity,Infinity,Infinity,Infinity,Infinity,Infinity,Infinity,Infinity,Infinity,Infinity,Infinity,Infinity,Infinity,Infinity,Infinity,Infinity,Infinity,Infinity,Infinity,Infinity,Infinity,Infinity,Infinity,Infinity,Infinity,Infinity,Infinity,Infinity,Infinity,Infinity,Infinity,Infinity,Infinity,Infinity,Infinity,Infinity,Infinity,Infinity,Infinity,Infinity,Infinity,Infinity,Infinity,Infinity,Infinity,Infinity,Infinity,Infinity,Infinity,Infinity,Infinity,Infinity,Infinity,Infinity,Infinity,Infinity,Infinity,Infinity,Infinity,Infinity,Infinity,Infinity,Infinity,Infinity,Infinity,Infinity,Infinity,Infinity,Infinity,Infinity,Infinity,Infinity,Infinity,Infinity,Infinity,Infinity,Infinity,Infinity,Infinity,Infinity,Infinity,Infinity,Infinity,Infinity,Infinity,Infinity,Infinity,Infinity,Infinity,Infinity,Infinity,Infinity,Infinity,Infinity,Infinity,Infinity,Infinity,Infinity,Infinity,Infinity,Infinity,Infinity,Infinity,Infinity,Infinity,Infinity,Infinity,Infinity,Infinity,Infinity,Infinity,Infinity,Infinity,Infinity,Infinity,Infinity,Infinity,Infinity,Infinity,Infinity,Infinity,Infinity,Infinity,Infinity,Infinity,Infinity,Infinity,Infinity,Infinity,Infinity,Infinity,Infinity,Infinity,Infinity,Infinity,Infinity,Infinity,Infinity,Infinity,Infinity,Infinity,Infinity,Infinity,Infinity,Infinity,Infinity,Infinity,Infinity,Infinity,Infinity,Infinity,Infinity,Infinity,Infinity,Infinity,Infinity,Infinity,Infinity,Infinity,Infinity,Infinity,Infinity,Infinity,Infinity,Infinity,Infinity,Infinity,Infinity,Infinity,Infinity,Infinity,Infinity,Infinity,Infinity,Infinity,Infinity,Infinity,Infinity,Infinity,Infinity,Infinity,Infinity,Infinity,Infinity,Infinity,Infinity,Infinity,Infinity,Infinity,Infinity,Infinity,Infinity,Infinity,Infinity,Infinity,Infinity,Infinity,Infinity,Infinity,Infinity,Infinity,Infinity,Infinity,Infinity,Infinity,Infinity,Infinity,Infinity,Infinity,Infinity,Infinity,Infinity,Infinity,Infinity,Infinity,Infinity,Infinity,Infinity,Infinity,Infinity,Infinity,Infinity,Infinity,Infinity,Infinity,Infinity,Infinity,Infinity,Infinity,Infinity,Infinity,Infinity,Infinity,Infinity,Infinity,Infinity,Infinity,Infinity,Infinity,Infinity,Infinity,Infinity,Infinity,Infinity,Infinity,Infinity,Infinity,Infinity,Infinity,Infinity,Infinity,Infinity,Infinity,Infinity,Infinity,Infinity,Infinity,Infinity,Infinity,Infinity,Infinity,Infinity,Infinity,Infinity,Infinity,Infinity,Infinity,Infinity,Infinity,Infinity,Infinity,Infinity,Infinity,Infinity,Infinity,Infinity,Infinity,Infinity,Infinity,Infinity] [0.0,0.0,0.0,0.0,0.0,0.0,0.0,0.0,0.0,0.0,0.0,0.0,0.0,0.0,0.0,0.0,0.0,0.0,0.0,0.0,0.0,0.0,0.0,0.0,0.0,0.0,0.0,0.0,0.0,0.0,0.0,0.0,0.0,0.0,0.0,0.0,0.0,0.0,0.0,0.0,0.0,0.0,0.0,0.0,0.0,0.0,0.0,0.0,0.0,0.0,0.0,0.0,0.0,0.0,0.0,0.0,0.0,0.0,0.0,0.0,0.0,0.0,0.0,0.0,0.0,0.0,0.0,0.0,0.0,0.0,0.0,0.0,0.0,0.0,0.0,0.0,0.0,0.0,0.0,0.0,0.0,0.0,0.0,0.0,0.0,0.0,0.0,0.0,0.0,0.0,0.0,0.0,0.0,0.0,0.0,0.0,0.0,0.0,0.0,0.0,0.0,0.0,0.0,0.0,0.0,0.0,0.0,0.0,0.0,0.0,0.0,0.0,0.0,0.0,0.0,0.0,0.0,0.0,0.0,0.0,0.0,0.0,0.0,0.0,0.0,0.0,0.0,0.0,0.0,0.0,0.0,0.0,0.0,0.0,0.0,0.0,0.0,0.0,0.0,0.0,0.0,0.0,0.0,0.0,0.0,0.0,0.0,0.0,0.0,0.0,0.0,0.0,0.0,0.0,0.0,0.0,0.0,0.0,0.0,0.0,0.0,0.0,0.0,0.0,0.0,0.0,0.0,0.0,0.0,0.0,0.0,0.0,0.0,0.0,0.0,0.0,0.0,0.0,0.0,0.0,0.0,0.0,0.0,0.0,0.0,0.0,0.0,0.0,0.0,0.0,0.0,0.0,0.0,0.0,0.0,0.0,0.0,0.0,0.0,0.0,0.0,0.0,0.0,0.0,0.0,0.0,0.0,0.0,0.0,0.0,0.0,0.0,0.0,0.0,0.0,0.0,0.0,0.0,0.0,0.0,0.0,0.0,0.0,0.0,0.0,0.0,0.0,0.0,0.0,0.0,0.0,0.0,0.0,0.0,0.0,0.0,0.0,0.0,0.0,0.0,0.0,0.0,0.0,0.0,0.0,0.0,0.0,0.0,0.0,0.0,0.0,0.0,0.0,0.0,0.0,0.0,0.0,0.0,0.0,0.0,0.0,0.0,0.0,0.0,0.0,0.0,0.0,0.0,0.0,0.0,0.0,0.0,0.0,0.0,0.0,0.0,0.0,0.0,0.0,0.0,0.0,0.0,0.0,0.0,0.0,0.0,0.0,0.0,0.0,0.0,0.0,0.0,0.0,0.0,0.0,0.0,0.0,0.0,0.0,0.0]
56243.18973991556 [0.0,0.0,0.0,0.0,0.0,0.0,0.0,0.0,0.0,0.0,0.0,0.0,0.0,0.0,0.0,0.0,0.0,0.0,0.0,0.0,0.0,0.0,0.0,0.0,0.0,0.0,0.0,0.0,0.0,0.0,0.0,0.0,0.0,0.0,0.0,0.0,0.0,0.0,0.0,0.0,0.0,0.0,0.0,0.0,0.0,0.0,0.0,0.0,0.0,0.0,0.0,0.0,0.0,0.0,0.0,0.0,0.0,0.0,0.0,0.0,0.0,0.0,0.0,0.0,0.0,0.0,0.0,0.0,0.0,0.0,0.0,0.0,0.0,0.0,0.0,0.0,0.0,0.0,0.0,0.0,0.0,0.0,0.0,0.0,0.0,0.0,0.0,0.0,0.0,0.0,0.0,0.0,0.0,0.0,0.0,0.0,0.0,0.0,0.0,0.0,0.0,0.0,0.0,0.0,0.0,0.0,0.0,0.0,0.0,0.0,0.0,0.0,0.0,0.0,0.0,0.0,0.0,0.0,0.0,0.0,0.0,0.0,0.0,0.0,0.0,0.0,0.0,0.0,0.0,0.0,0.0,0.0,0.0,0.0,0.0,0.0,0.0,0.0,0.0,0.0,298.9960417760116,335.8353667880535,398.9353019613767,393.74639700524943,445.66465002775317,415.06975633121726,374.9862483303697,365.9646484666707,331.381652919637,350.94475111572126,397.5315051655271,419.2540307157062,512.0488123848321,516.9793431461503,592.4100145627367,694.7973179547995,781.3104461243121,890.9918572471399,892.1764630688011,1003.5825134163509,933.4204419315266,767.3735959033542,522.2723362985558,441.3637817458969,386.36303443789234,422.11667101300617,465.09189403118506,610.7130178777817,737.0917110045182,980.2493411797558,1017.9198121236676,1033.4263410981894,1014.6354923749078,979.6937679475942,892.8365162290062,1095.541922668558,1015.4593718496808,992.0431107892424,919.7540148152526,802.7610494357928,722.6569715645942,639.043792719014,609.5448023186507,671.8016285070968,708.1319076315814,758.4668987843862,721.5007138568707,813.318736491246,876.9755102026188,852.1045070246071,827.6938704777078,829.2467157536739,663.8608480832629,611.3463926962518,614.7762099851388,604.4661500120338,519.249829734589,437.2237754802264,491.0386876501517,468.23953165235775,471.7936923030064,499.42488564440526,547.4161581134464,616.192801525559,666.1561327373261,661.4168455436927,605.0911771096185,458.729944426298,386.1352282725395,429.49585051280144,492.2849473624241,423.02748949661657,383.5688970795623,502.20955079401267,530.0537472885482,571.3586781222539,565.7548415638502,519.4419867143429,483.0811984049123,454.5925582071954,502.8119351647419,496.91620257740556,459.36988013967743,466.1626391480892,413.9753787956341,278.14188968806104,199.2088816063686,237.75233681740576,347.6035623562495,382.476149985184,393.82626033096,371.43878831722907,323.0253137069767,330.8081291002017,331.7673995862384,280.2866888359007,263.8856987840815,247.73204845146154,223.51499649385426,214.10414320718223,198.6736214625139,210.8101860574076,176.04094889664825,188.0464581523537,175.08934884888703,167.68203939337593,156.13690211912572,149.528750689037,140.4554635303124,132.58918481567977,120.2291665866986,108.13378493011861,100.62071312328804,103.5121104764398,115.65907281059958,119.78727077606445,126.31659384566431,128.43395531800343,131.82570122518896,119.52297544974154,116.56101507146322,113.62606740205293,92.38331163761659,97.67786872384856,105.74245503798927,120.27861741000955,123.98104522523234,135.56398148740806,118.41603272390434,120.34249985743531,121.29730731616063,110.16968413524933,102.10595406194295,94.98952839502726,82.22282668406127,77.51722707703709,69.83305050294304,79.23560959643885,68.04290652441892,67.8160106058066,58.65526670887718,57.85668033546964,48.52820205846969,46.32707577692904,44.46559404732643,42.83160796496093,44.79584369279303,38.7871471574276,32.31135552213694,32.35286189070426,34.93745089066018,27.120940466301956,30.96299101955514,30.69596436552652,31.916176479044797,34.08530984563715,33.67239883123984,33.651883768553354,33.73352484433845,38.187244884820466] [1311.2619900786005,1321.8202200865917,1332.463464547639,1343.19240799478,1354.0077404728797,1364.9101575830227,1375.9003605272408,1386.9790561536227,1398.1469570017646,1409.4047813486081,1420.7532532546286,1432.193102610412,1443.7250651835902,1455.3498826661717,1467.068302722235,1478.881079036026,1490.78897136042,1502.7927455657994,1514.8931736892998,1527.0910339844697,1539.3871109713293,1551.7821954868166,1564.2770847356642,1576.872582341659,1589.569498399342,1602.368649526097,1615.270858914685,1628.2769563861766,1641.3877784433362,1654.6041683244075,1667.9269760573632,1681.3570585145608,1694.895279467867,1708.5425096441993,1722.2996267815402,1736.1675156853773,1750.1470682856248,1764.2391836939755,1778.4447682617345,1792.7647356381167,1807.2000068289992,1821.7515102561672,1836.4201818170154,1851.2069649447558,1866.112810669078,1881.1386776773347,1896.285532376183,1911.5543489537563,1926.9461094423048,1942.4618037813711,1958.1024298814455,1973.8689936881608,1989.7625092469793,2005.7839987684179,2021.9344926937952,2038.215029761504,2054.626657073813,2071.1704301642176,2087.8474130653335,2104.6586783773164,2121.605307336866,2138.6883898867477,2155.9090247459117,2173.268319480143,2190.767390573309,2208.407363499154,2226.1893727937027,2244.1145621282076,2262.184084382728,2280.399101720259,2298.7607856614945,2317.2703171601615,2335.9288866789793,2354.7376942662327,2373.6979496329395,2392.810872230673,2412.077691329971,2431.4996460994216,2451.0779856853383,2470.813969292122,2490.7088662632277,2510.763956162824,2530.9805288580706,2551.359884602096,2571.9033341176064,2592.612198681206,2613.487810208354,2634.5315113390543,2655.7446555241822,2677.1286071125573,2698.6847414386757,2720.4144449111714,2742.319115101994,2764.4001608362782,2786.6590022829737,2809.097071046162,2831.715810257159,2854.5166746673017,2877.5011307415425,2900.67065675274,2924.0267428767575,2947.570891288285,2971.304616257478,2995.22944424732,3019.346914011829,3043.658576695001,3068.1659959305807,3092.870747942638,3117.7744216469364,3142.87861875312,3168.1849538677375,3193.695054598094,3219.410561656912,3245.333128967883,3271.4644237720117,3297.806126734876,3324.3599320546946,3351.1275475713155,3378.1106948760344,3405.3111094223436,3432.7305406375262,3460.3707520352004,3488.23352132871,3516.320640545493,3544.6339161423107,3573.1751691214417,3601.9462351478164,3630.9489646670518,3660.1852230244945,3689.6568905851636,3719.3658628547196,3749.3140506013438,3779.5033799786634,3809.935792649603,3840.6132459112973,3871.5377128209448,3902.7111823227383,3934.135659375755,3965.8131650829396,3997.7457368210635,4029.9354283717907,4062.3843100537392,4095.0944688556665,4128.068008570669,4161.3070499315045,4194.813730746993,4228.590206039511,4262.638648183577,4296.961247045588,4331.560210124669,4366.437762694626,4401.596147947099,4437.037627135803,4472.764479721992,4508.779003521039,4545.083514850253,4581.680348677821,4618.571858773019,4655.7604178575675,4693.248417758249,4731.038269560753,4769.132403764733,4807.533270440121,4846.243339384716,4885.265100283049,4924.601062866471,4964.253757074609,5004.22573321805,5044.519562142395,5085.137835393579,5126.08316538458,5167.3581855634,5208.965550582488,5250.907936469426,5293.188040799074,5335.808582867062,5378.772303864684,5422.081967055189,5465.740357951513,5509.7502844954415,5554.1145772382,5598.836089522486,5643.917697666003,5689.362301146471,5735.17282278806,5781.352208949439,5827.903429713208,5874.829479076986,5922.133375145914,5969.818160326825,6017.886901523867,6066.342690335802,6115.188643254807,6164.427901866934,6214.06363305417,6264.099029198114,6314.537308385285,6365.381714614103,6416.635518003553,6468.302015003491,6520.384528606639,6572.88640856233,6625.811031591967,6679.16180160615,6732.942149923667,6787.155535492116,6841.805445110439,6896.895393653112,6952.428924296275,7008.409608745552,7064.841047465831,7121.726869912778,7179.070734766296,7236.876330165845,7295.147373947643,7353.887613883764,7413.100827923194,7472.790824434837,7532.961442452409,7593.616551921397,7654.7600539479145,7716.395881049652,7778.527997408752,7841.160399126823,7904.2971144818985,7967.94220418758,8032.099761654146,8096.773913251861,8161.968818576374,8227.688670716232,8293.937696522553,8360.720156880894,8428.04034698531,8495.90259661459,8564.311270410717,8633.270768159597,8702.785525074065,8772.860012079082,8843.498736099358,8914.706240349144,8986.487104624512,9058.845945597834,9131.787417114787,9205.31621049359,9279.437054826807,9354.154717285446,9429.47400342559,9505.399757497484,9581.936862757088,9659.090241780126,9736.864856778713,9815.265709920519,9894.297843650465,9973.966341015032,10054.276325989182,10135.232963805956,10216.841461288606,10299.107067185563,10382.035072507933,10465.630810869876,10549.89965883156,10634.84703624505,10720.478406602804,10806.799277389146,10893.815200434417,10981.531772272076,11069.954634498676,11159.08947413668,11248.94202400021,11339.518063063782,11430.823416834026,11522.863957724268,11615.64560543233,11709.174327321158,11803.456138802712,11898.49710372478,11994.303334761045,12090.880993804161,12188.23629236214,12286.375491957784,12385.304904531427,12485.030892846919,12585.55987090084,12686.898304334996,12789.052710852275,12892.029660635888,12995.8357767719,13100.477735675182,13205.962267518828,13312.296156667053,13419.486242111492,13527.539417911097,13636.462633635434,13746.262894811807,13856.947263375758,13968.522858125163,14080.996855178266,14194.376488435144,14308.66905004285,14423.881890864615] 0.31126199007860056 [Infinity,Infinity,Infinity,Infinity,Infinity,Infinity,Infinity,Infinity,Infinity,Infinity,Infinity,Infinity,Infinity,Infinity,Infinity,Infinity,Infinity,Infinity,Infinity,Infinity,Infinity,Infinity,Infinity,Infinity,Infinity,Infinity,Infinity,Infinity,Infinity,Infinity,Infinity,Infinity,Infinity,Infinity,Infinity,Infinity,Infinity,Infinity,Infinity,Infinity,Infinity,Infinity,Infinity,Infinity,Infinity,Infinity,Infinity,Infinity,Infinity,Infinity,Infinity,Infinity,Infinity,Infinity,Infinity,Infinity,Infinity,Infinity,Infinity,Infinity,Infinity,Infinity,Infinity,Infinity,Infinity,Infinity,Infinity,Infinity,Infinity,Infinity,Infinity,Infinity,Infinity,Infinity,Infinity,Infinity,Infinity,Infinity,Infinity,Infinity,Infinity,Infinity,Infinity,Infinity,Infinity,Infinity,Infinity,Infinity,Infinity,Infinity,Infinity,Infinity,Infinity,Infinity,Infinity,Infinity,Infinity,Infinity,Infinity,Infinity,Infinity,Infinity,Infinity,Infinity,Infinity,Infinity,Infinity,Infinity,Infinity,Infinity,Infinity,Infinity,Infinity,Infinity,Infinity,Infinity,Infinity,Infinity,Infinity,Infinity,Infinity,Infinity,Infinity,Infinity,Infinity,Infinity,Infinity,Infinity,Infinity,Infinity,Infinity,Infinity,Infinity,Infinity,Infinity,Infinity,Infinity,Infinity,Infinity,Infinity,15.366981582812983,17.067184474365696,18.94716916042914,20.734557832422848,21.76430221992351,21.40598498095933,20.015186956868526,18.619583519384896,18.124567267743938,18.63390884696749,20.029200086298655,22.09297937319066,24.45921582856053,26.79368760622417,29.26939862716938,32.33941088180193,36.34621582566241,41.377668374805985,47.179362823958,50.88158313754008,48.14492477506299,38.49094120059897,27.93260272061371,22.089843414825882,20.505043219219992,20.88021134428959,23.129768065669165,28.952792378970816,38.002788211805566,46.218468963974956,50.19099243532862,50.642127572723396,49.356346305125065,48.631044220538804,50.73197778851123,53.91693586714821,53.781369500748156,49.98301514530398,46.30838823733384,43.62520897755676,38.759367795400706,31.904895644664755,29.014829338800162,32.174090943912944,35.79811224975805,36.93955086472313,38.60879957191922,41.78651462810909,43.27315713696043,41.95566221020347,40.046012430688236,38.03934694472423,34.47681172928105,30.606000362632717,29.38767884942509,29.07823018704613,26.469486124541294,24.02599497887568,24.210859552645914,24.1928254637561,23.18876485336863,24.777862793346184,28.57013564113198,31.221950742885422,32.50146373991234,32.36749174193278,28.489718706953443,22.86706583167609,21.32963700979188,22.632635120306766,23.121806614236114,20.91086241280003,19.548453980291963,23.99598785772833,27.75807159328216,27.395802095878622,26.516892305392798,25.365480731948317,23.927687997259632,23.700222773945047,23.99019321381208,23.867493473011173,23.643235245565613,23.44906926937019,21.165819676966045,13.98494617868108,9.820385841458673,12.253028067665378,16.928123141335796,19.22443034783003,19.175336286825605,18.45912886180281,17.083139657604836,16.17504431205843,15.504358517281613,14.378126002406574,13.538421808756073,12.551049789009571,11.750304868015602,11.237909049772627,10.165690701043832,9.825543911647314,9.423698318736989,8.843248460322425,8.731784778394026,8.326929024567267,8.072305837373811,7.758860701845087,6.984236416762839,6.2721926262034735,5.984255685507114,5.2571923504452185,5.352151084280512,5.304879464904103,5.377960665545613,5.835377177908103,6.352271375856139,6.650532010628761,6.455340458845093,6.114264039310203,5.991078510614139,5.771466105211674,5.27963695157856,4.659898300959647,5.147346699934374,5.641455372011825,6.381520212545037,6.5904454965008155,6.276495112742292,6.124269512585891,5.868962894304614,5.460137438340967,4.7881148086409135,4.400453546406325,4.210014639442287,3.921744993980129,3.630980920811794,3.7061730499636836,3.431990574081837,3.3770061505462943,3.1686470124937136,2.9112614553102505,2.625902863910382,2.3637616598590534,2.2540744723609443,2.1528263161940124,2.074344427204751,1.847879520491706,1.7085990177269337,1.5720846352959832,1.5132252257244398,1.4990701835163063,1.5095842860479949,1.5000163382633382,1.5612640773259838,1.6798139166960726,1.7572945188875024,1.8048982225120553,1.798139916270277,1.7981431087360709] [0.0,0.0,0.0,0.0,0.0,0.0,0.0,0.0,0.0,0.0,0.0,0.0,0.0,0.0,0.0,0.0,0.0,0.0,0.0,0.0,0.0,0.0,0.0,0.0,0.0,0.0,0.0,0.0,0.0,0.0,0.0,0.0,0.0,0.0,0.0,0.0,0.0,0.0,0.0,0.0,0.0,0.0,0.0,0.0,0.0,0.0,0.0,0.0,0.0,0.0,0.0,0.0,0.0,0.0,0.0,0.0,0.0,0.0,0.0,0.0,0.0,0.0,0.0,0.0,0.0,0.0,0.0,0.0,0.0,0.0,0.0,0.0,0.0,0.0,0.0,0.0,0.0,0.0,0.0,0.0,0.0,0.0,0.0,0.0,0.0,0.0,0.0,0.0,0.0,0.0,0.0,0.0,0.0,0.0,0.0,0.0,0.0,0.0,0.0,0.0,0.0,0.0,0.0,0.0,0.0,0.0,0.0,0.0,0.0,0.0,0.0,0.0,0.0,0.0,0.0,0.0,0.0,0.0,0.0,0.0,0.0,0.0,0.0,0.0,0.0,0.0,0.0,0.0,0.0,0.0,0.0,0.0,0.0,0.0,0.0,0.0,0.0,0.0,0.0,0.0,-8.343589880248052,-5.508322699260502,19.991918752793907,-20.944759643207558,10.378605629282935,-13.049943287969352,-25.31749080700081,-6.427021921027209,-31.109692435241755,-21.733425823628497,-3.052496560445999,-22.60555674810693,22.86449581362154,-18.89440897833314,7.022042019349119,48.0091003187608,54.386129611063794,63.438489751020214,-51.41079341035891,-14.049149334450687,-29.47805356973318,-2.4452281086251686,-36.379718113718376,-0.43308655062071355,-23.73782994650753,4.512444127214332,2.496532717801766,31.657170298365394,-22.964053231593233,55.87996190025663,14.099963417095243,20.58378964372132,27.508566272406448,7.072883536818136,-121.80303954121844,17.203205325594013,-60.16801816528226,-7.617192116837107,-6.413749931424202,-69.74313011534242,-52.530384343419975,0.9458798257189561,29.24821554264747,28.319809628837945,-7.830337363579537,19.675881489923665,-50.67527758151366,-22.411556070935713,11.512367463410225,12.991262820537665,26.773621863943205,68.45977685918928,-25.675386502358165,-0.7736145564025038,27.022632996637064,22.901546271111187,-10.139892756236952,-43.29612409728724,6.8214965972333985,-15.616977622764242,8.018395235633836,3.86762977748159,-23.986554709193246,-8.246213332149404,16.126857939079326,14.067010705037108,35.296802970549564,1.38862779277623,-40.457511923298085,-23.156851893333847,29.848815077701794,4.810241240616005,-7.400182526276958,22.289793639446053,-25.107684577095032,23.442636204681396,35.41699545599422,12.132372075376525,4.527438459719714,-19.41189727170551,23.0080708885003,19.56633311718207,-13.494824771634802,-2.818746239314632,-9.34101474368688,-1.5570338855605366,2.8011647771951513,-7.308224535901782,9.041099529533579,-2.0124569714165306,10.319534594447866,2.2562110811728924,-18.637479445119986,7.3072428590331375,21.680229240606163,-7.275831212230809,-6.882737391039926,-3.288947328729912,-11.491100866457792,-10.654037788270312,-4.640192558362755,14.299307824461334,-12.433017478091534,11.181488945905203,0.4536532810065261,1.1434589020305834,-5.309214628350495,-5.64846334786475,0.7707351950556006,7.145332291610306,0.5440528765563025,2.9899379212142376,-6.422308562322187,-2.5854788216422633,8.099859499687323,3.079727217902383,-0.7288336714584727,-4.576684894571812,2.7188920482871,-2.762305336462514,-3.260555140819578,-1.8032547021805558,-13.209427393954618,4.479902704655632,2.795521039301793,7.449509969773044,-3.649359025668401,3.7550715573917492,-7.1138695309415,-2.142890394282507,3.9180494300683373,0.9669353684299912,6.343657889124691,6.980457466900755,-1.9774661047844653,-0.9176728025654911,-2.7865679132928487,5.112148597165173,-0.5969049572178153,0.275887594880709,-4.717673540997097,-0.36854877073536463,-3.989855219737947,-0.9481574202520249,-0.6158953998924585,-0.2249183589193156,3.3089551486980064,1.8295567475934809,-1.860624832401736,0.9111691847845997,4.672946376171386,-2.86046320402417,0.7713052985952427,0.6956376002597577,0.6908949325251221,0.48903151171569254,-1.4734915465102136,-2.446080681687754,-2.2292734810670876,2.2243827100990483]
56376.36136497323 [0.0,0.0,0.0,0.0,0.0,0.0,0.0,0.0,0.0,0.0,0.0,0.0,0.0,0.0,0.0,0.0,0.0,0.0,0.0,0.0,0.0,0.0,0.0,0.0,0.0,0.0,0.0,0.0,0.0,0.0,0.0,0.0,0.0,0.0,0.0,0.0,0.0,0.0,0.0,0.0,0.0,0.0,0.0,0.0,0.0,0.0,0.0,0.0,0.0,0.0,0.0,0.0,0.0,0.0,0.0,0.0,0.0,0.0,0.0,0.0,0.0,0.0,0.0,0.0,0.0,0.0,0.0,0.0,0.0,0.0,0.0,0.0,0.0,0.0,0.0,0.0,0.0,0.0,0.0,0.0,0.0,0.0,0.0,0.0,0.0,0.0,0.0,0.0,0.0,0.0,0.0,0.0,0.0,0.0,0.0,0.0,0.0,0.0,0.0,0.0,0.0,0.0,0.0,0.0,0.0,0.0,0.0,0.0,0.0,0.0,0.0,0.0,0.0,0.0,0.0,0.0,0.0,0.0,0.0,0.0,0.0,0.0,0.0,0.0,0.0,0.0,0.0,0.0,0.0,0.0,0.0,0.0,0.0,0.0,0.0,0.0,0.0,0.0,0.0,0.0,0.0,0.0,0.0,0.0,0.0,0.0,0.0,0.0,0.0,0.0,0.0,0.0,0.0,0.0,0.0,0.0,0.0,0.0,0.0,0.0,0.0,0.0,0.0,0.0,0.0,0.0,0.0,0.0,0.0,0.0,0.0,0.0,0.0,0.0,0.0,0.0,0.0,0.0,0.0,0.0,0.0,0.0,0.0,0.0,0.0,0.0,0.0,0.0,0.0,0.0,0.0,0.0,0.0,0.0,0.0,0.0,0.0,0.0,0.0,0.0,0.0,0.0,0.0,0.0,0.0,0.0,0.0,0.0,0.0,0.0,0.0,0.0,0.0,0.0,0.0,0.0,0.0,0.0,0.0,0.0,0.0,0.0,0.0,0.0,0.0,0.0,0.0,0.0,0.0,0.0,0.0,0.0,0.0,0.0,0.0,0.0,0.0,0.0,0.0,0.0,0.0,0.0,0.0,0.0,0.0,0.0,0.0,0.0,0.0,0.0,0.0,0.0,0.0,0.0,0.0,0.0,0.0,0.0,0.0,0.0,0.0,0.0,0.0,0.0,0.0,0.0,0.0,0.0,0.0,0.0,0.0,0.0,0.0,0.0,0.0,0.0,0.0,0.0,0.0,0.0,0.0,0.0,0.0,0.0,0.0,0.0,0.0,0.0,0.0,0.0,0.0,0.0,0.0,0.0,0.0,0.0,0.0,0.0,0.0,0.0] [1311.2619900786005,1321.8202200865917,1332.463464547639,1343.19240799478,1354.0077404728797,1364.9101575830227,1375.9003605272408,1386.9790561536227,1398.1469570017646,1409.4047813486081,1420.7532532546286,1432.193102610412,1443.7250651835902,1455.3498826661717,1467.068302722235,1478.881079036026,1490.78897136042,1502.7927455657994,1514.8931736892998,1527.0910339844697,1539.3871109713293,1551.7821954868166,1564.2770847356642,1576.872582341659,1589.569498399342,1602.368649526097,1615.270858914685,1628.2769563861766,1641.3877784433362,1654.6041683244075,1667.9269760573632,1681.3570585145608,1694.895279467867,1708.5425096441993,1722.2996267815402,1736.1675156853773,1750.1470682856248,1764.2391836939755,1778.4447682617345,1792.7647356381167,1807.2000068289992,1821.7515102561672,1836.4201818170154,1851.2069649447558,1866.112810669078,1881.1386776773347,1896.285532376183,1911.5543489537563,1926.9461094423048,1942.4618037813711,1958.1024298814455,1973.8689936881608,1989.7625092469793,2005.7839987684179,2021.9344926937952,2038.215029761504,2054.626657073813,2071.1704301642176,2087.8474130653335,2104.6586783773164,2121.605307336866,2138.6883898867477,2155.9090247459117,2173.268319480143,2190.767390573309,2208.407363499154,2226.1893727937027,2244.1145621282076,2262.184084382728,2280.399101720259,2298.7607856614945,2317.2703171601615,2335.9288866789793,2354.7376942662327,2373.6979496329395,2392.810872230673,2412.077691329971,2431.4996460994216,2451.0779856853383,2470.813969292122,2490.7088662632277,2510.763956162824,2530.9805288580706,2551.359884602096,2571.9033341176064,2592.612198681206,2613.487810208354,2634.5315113390543,2655.7446555241822,2677.1286071125573,2698.6847414386757,2720.4144449111714,2742.319115101994,2764.4001608362782,2786.6590022829737,2809.097071046162,2831.715810257159,2854.5166746673017,2877.5011307415425,2900.67065675274,2924.0267428767575,2947.570891288285,2971.304616257478,2995.22944424732,3019.346914011829,3043.658576695001,3068.1659959305807,3092.870747942638,3117.7744216469364,3142.87861875312,3168.1849538677375,3193.695054598094,3219.410561656912,3245.333128967883,3271.4644237720117,3297.806126734876,3324.3599320546946,3351.1275475713155,3378.1106948760344,3405.3111094223436,3432.7305406375262,3460.3707520352004,3488.23352132871,3516.320640545493,3544.6339161423107,3573.1751691214417,3601.9462351478164,3630.9489646670518,3660.1852230244945,3689.6568905851636,3719.3658628547196,3749.3140506013438,3779.5033799786634,3809.935792649603,3840.6132459112973,3871.5377128209448,3902.7111823227383,3934.135659375755,3965.8131650829396,3997.7457368210635,4029.9354283717907,4062.3843100537392,4095.0944688556665,4128.068008570669,4161.3070499315045,4194.813730746993,4228.590206039511,4262.638648183577,4296.961247045588,4331.560210124669,4366.437762694626,4401.596147947099,4437.037627135803,4472.764479721992,4508.779003521039,4545.083514850253,4581.680348677821,4618.571858773019,4655.7604178575675,4693.248417758249,4731.038269560753,4769.132403764733,4807.533270440121,4846.243339384716,4885.265100283049,4924.601062866471,4964.253757074609,5004.22573321805,5044.519562142395,5085.137835393579,5126.08316538458,5167.3581855634,5208.965550582488,5250.907936469426,5293.188040799074,5335.808582867062,5378.772303864684,5422.081967055189,5465.740357951513,5509.7502844954415,5554.1145772382,5598.836089522486,5643.917697666003,5689.362301146471,5735.17282278806,5781.352208949439,5827.903429713208,5874.829479076986,5922.133375145914,5969.818160326825,6017.886901523867,6066.342690335802,6115.188643254807,6164.427901866934,6214.06363305417,6264.099029198114,6314.537308385285,6365.381714614103,6416.635518003553,6468.302015003491,6520.384528606639,6572.88640856233,6625.811031591967,6679.16180160615,6732.942149923667,6787.155535492116,6841.805445110439,6896.895393653112,6952.428924296275,7008.409608745552,7064.841047465831,7121.726869912778,7179.070734766296,7236.876330165845,7295.147373947643,7353.887613883764,7413.100827923194,7472.790824434837,7532.961442452409,7593.616551921397,7654.7600539479145,7716.395881049652,7778.527997408752,7841.160399126823,7904.2971144818985,7967.94220418758,8032.099761654146,8096.773913251861,8161.968818576374,8227.688670716232,8293.937696522553,8360.720156880894,8428.04034698531,8495.90259661459,8564.311270410717,8633.270768159597,8702.785525074065,8772.860012079082,8843.498736099358,8914.706240349144,8986.487104624512,9058.845945597834,9131.787417114787,9205.31621049359,9279.437054826807,9354.154717285446,9429.47400342559,9505.399757497484,9581.936862757088,9659.090241780126,9736.864856778713,9815.265709920519,9894.297843650465,9973.966341015032,10054.276325989182,10135.232963805956,10216.841461288606,10299.107067185563,10382.035072507933,10465.630810869876,10549.89965883156,10634.84703624505,10720.478406602804,10806.799277389146,10893.815200434417,10981.531772272076,11069.954634498676,11159.08947413668,11248.94202400021,11339.518063063782,11430.823416834026,11522.863957724268,11615.64560543233,11709.174327321158,11803.456138802712,11898.49710372478,11994.303334761045,12090.880993804161,12188.23629236214,12286.375491957784,12385.304904531427,12485.030892846919,12585.55987090084,12686.898304334996,12789.052710852275,12892.029660635888,12995.8357767719,13100.477735675182,13205.962267518828,13312.296156667053,13419.486242111492,13527.539417911097,13636.462633635434,13746.262894811807,13856.947263375758,13968.522858125163,14080.996855178266,14194.376488435144,14308.66905004285,14423.881890864615] 0.31126199007860056 [Infinity,Infinity,Infinity,Infinity,Infinity,Infinity,Infinity,Infinity,Infinity,Infinity,Infinity,Infinity,Infinity,Infinity,Infinity,Infinity,Infinity,Infinity,Infinity,Infinity,Infinity,Infinity,Infinity,Infinity,Infinity,Infinity,Infinity,Infinity,Infinity,Infinity,Infinity,Infinity,Infinity,Infinity,Infinity,Infinity,Infinity,Infinity,Infinity,Infinity,Infinity,Infinity,Infinity,Infinity,Infinity,Infinity,Infinity,Infinity,Infinity,Infinity,Infinity,Infinity,Infinity,Infinity,Infinity,Infinity,Infinity,Infinity,Infinity,Infinity,Infinity,Infinity,Infinity,Infinity,Infinity,Infinity,Infinity,Infinity,Infinity,Infinity,Infinity,Infinity,Infinity,Infinity,Infinity,Infinity,Infinity,Infinity,Infinity,Infinity,Infinity,Infinity,Infinity,Infinity,Infinity,Infinity,Infinity,Infinity,Infinity,Infinity,Infinity,Infinity,Infinity,Infinity,Infinity,Infinity,Infinity,Infinity,Infinity,Infinity,Infinity,Infinity,Infinity,Infinity,Infinity,Infinity,Infinity,Infinity,Infinity,Infinity,Infinity,Infinity,Infinity,Infinity,Infinity,Infinity,Infinity,Infinity,Infinity,Infinity,Infinity,Infinity,Infinity,Infinity,Infinity,Infinity,Infinity,Infinity,Infinity,Infinity,Infinity,Infinity,Infinity,Infinity,Infinity,Infinity,Infinity,Infinity,Infinity,Infinity,Infinity,Infinity,Infinity,Infinity,Infinity,Infinity,Infinity,Infinity,Infinity,Infinity,Infinity,Infinity,Infinity,Infinity,Infinity,Infinity,Infinity,Infinity,Infinity,Infinity,Infinity,Infinity,Infinity,Infinity,Infinity,Infinity,Infinity,Infinity,Infinity,Infinity,Infinity,Infinity,Infinity,Infinity,Infinity,Infinity,Infinity,Infinity,Infinity,Infinity,Infinity,Infinity,Infinity,Infinity,Infinity,Infinity,Infinity,Infinity,Infinity,Infinity,Infinity,Infinity,Infinity,Infinity,Infinity,Infinity,Infinity,Infinity,Infinity,Infinity,Infinity,Infinity,Infinity,Infinity,Infinity,Infinity,Infinity,Infinity,Infinity,Infinity,Infinity,Infinity,Infinity,Infinity,Infinity,Infinity,Infinity,Infinity,Infinity,Infinity,Infinity,Infinity,Infinity,Infinity,Infinity,Infinity,Infinity,Infinity,Infinity,Infinity,Infinity,Infinity,Infinity,Infinity,Infinity,Infinity,Infinity,Infinity,Infinity,Infinity,Infinity,Infinity,Infinity,Infinity,Infinity,Infinity,Infinity,Infinity,Infinity,Infinity,Infinity,Infinity,Infinity,Infinity,Infinity,Infinity,Infinity,Infinity,Infinity,Infinity,Infinity,Infinity,Infinity,Infinity,Infinity,Infinity,Infinity,Infinity,Infinity,Infinity,Infinity,Infinity,Infinity,Infinity,Infinity,Infinity,Infinity,Infinity,Infinity,Infinity,Infinity,Infinity,Infinity,Infinity,Infinity,Infinity,Infinity,Infinity,Infinity,Infinity,Infinity,Infinity,Infinity,Infinity,Infinity,Infinity,Infinity,Infinity,Infinity,Infinity] [0.0,0.0,0.0,0.0,0.0,0.0,0.0,0.0,0.0,0.0,0.0,0.0,0.0,0.0,0.0,0.0,0.0,0.0,0.0,0.0,0.0,0.0,0.0,0.0,0.0,0.0,0.0,0.0,0.0,0.0,0.0,0.0,0.0,0.0,0.0,0.0,0.0,0.0,0.0,0.0,0.0,0.0,0.0,0.0,0.0,0.0,0.0,0.0,0.0,0.0,0.0,0.0,0.0,0.0,0.0,0.0,0.0,0.0,0.0,0.0,0.0,0.0,0.0,0.0,0.0,0.0,0.0,0.0,0.0,0.0,0.0,0.0,0.0,0.0,0.0,0.0,0.0,0.0,0.0,0.0,0.0,0.0,0.0,0.0,0.0,0.0,0.0,0.0,0.0,0.0,0.0,0.0,0.0,0.0,0.0,0.0,0.0,0.0,0.0,0.0,0.0,0.0,0.0,0.0,0.0,0.0,0.0,0.0,0.0,0.0,0.0,0.0,0.0,0.0,0.0,0.0,0.0,0.0,0.0,0.0,0.0,0.0,0.0,0.0,0.0,0.0,0.0,0.0,0.0,0.0,0.0,0.0,0.0,0.0,0.0,0.0,0.0,0.0,0.0,0.0,0.0,0.0,0.0,0.0,0.0,0.0,0.0,0.0,0.0,0.0,0.0,0.0,0.0,0.0,0.0,0.0,0.0,0.0,0.0,0.0,0.0,0.0,0.0,0.0,0.0,0.0,0.0,0.0,0.0,0.0,0.0,0.0,0.0,0.0,0.0,0.0,0.0,0.0,0.0,0.0,0.0,0.0,0.0,0.0,0.0,0.0,0.0,0.0,0.0,0.0,0.0,0.0,0.0,0.0,0.0,0.0,0.0,0.0,0.0,0.0,0.0,0.0,0.0,0.0,0.0,0.0,0.0,0.0,0.0,0.0,0.0,0.0,0.0,0.0,0.0,0.0,0.0,0.0,0.0,0.0,0.0,0.0,0.0,0.0,0.0,0.0,0.0,0.0,0.0,0.0,0.0,0.0,0.0,0.0,0.0,0.0,0.0,0.0,0.0,0.0,0.0,0.0,0.0,0.0,0.0,0.0,0.0,0.0,0.0,0.0,0.0,0.0,0.0,0.0,0.0,0.0,0.0,0.0,0.0,0.0,0.0,0.0,0.0,0.0,0.0,0.0,0.0,0.0,0.0,0.0,0.0,0.0,0.0,0.0,0.0,0.0,0.0,0.0,0.0,0.0,0.0,0.0,0.0,0.0,0.0,0.0,0.0,0.0,0.0,0.0,0.0,0.0,0.0,0.0,0.0,0.0,0.0,0.0,0.0,0.0]
56209.41756463412 [0.0,0.0,0.0,0.0,0.0,0.0,0.0,0.0,0.0,0.0,0.0,0.0,0.0,0.0,0.0,0.0,0.0,0.0,0.0,0.0,0.0,0.0,0.0,0.0,0.0,0.0,0.0,0.0,0.0,0.0,0.0,0.0,0.0,0.0,0.0,0.0,0.0,0.0,0.0,0.0,0.0,0.0,0.0,0.0,0.0,0.0,0.0,0.0,0.0,0.0,0.0,0.0,0.0,0.0,0.0,0.0,0.0,0.0,0.0,0.0,0.0,0.0,0.0,0.0,0.0,0.0,0.0,0.0,0.0,0.0,0.0,0.0,0.0,0.0,0.0,0.0,0.0,0.0,0.0,0.0,0.0,0.0,0.0,0.0,0.0,0.0,0.0,0.0,0.0,0.0,0.0,0.0,0.0,0.0,0.0,0.0,0.0,0.0,0.0,0.0,0.0,0.0,0.0,0.0,0.0,0.0,0.0,0.0,0.0,0.0,0.0,0.0,0.0,0.0,0.0,0.0,0.0,0.0,0.0,0.0,0.0,0.0,0.0,0.0,0.0,0.0,0.0,0.0,0.0,0.0,0.0,0.0,0.0,0.0,0.0,0.0,0.0,0.0,0.0,0.0,0.0,0.0,0.0,0.0,0.0,0.0,0.0,0.0,0.0,0.0,0.0,0.0,0.0,0.0,0.0,0.0,0.0,0.0,0.0,0.0,0.0,0.0,0.0,0.0,0.0,0.0,0.0,0.0,0.0,0.0,0.0,0.0,0.0,0.0,0.0,0.0,0.0,0.0,0.0,0.0,0.0,0.0,0.0,0.0,0.0,0.0,0.0,0.0,0.0,0.0,0.0,0.0,0.0,0.0,0.0,0.0,0.0,0.0,0.0,0.0,0.0,0.0,0.0,0.0,0.0,0.0,0.0,0.0,0.0,0.0,0.0,0.0,0.0,0.0,0.0,0.0,0.0,0.0,0.0,0.0,0.0,0.0,0.0,0.0,0.0,0.0,0.0,0.0,0.0,0.0,0.0,0.0,0.0,0.0,0.0,0.0,0.0,0.0,0.0,0.0,0.0,0.0,0.0,0.0,0.0,0.0,0.0,0.0,0.0,0.0,0.0,0.0,0.0,0.0,0.0,0.0,0.0,0.0,0.0,0.0,0.0,0.0,0.0,0.0,0.0,0.0,0.0,0.0,0.0,0.0,0.0,0.0,0.0,0.0,0.0,0.0,0.0,0.0,0.0,0.0,0.0,0.0,0.0,0.0,0.0,0.0,0.0,0.0,0.0,0.0,0.0,0.0,0.0,0.0,0.0,0.0,0.0,0.0,0.0,0.0] [1311.2619900786005,1321.8202200865917,1332.463464547639,1343.19240799478,1354.0077404728797,1364.9101575830227,1375.9003605272408,1386.9790561536227,1398.1469570017646,1409.4047813486081,1420.7532532546286,1432.193102610412,1443.7250651835902,1455.3498826661717,1467.068302722235,1478.881079036026,1490.78897136042,1502.7927455657994,1514.8931736892998,1527.0910339844697,1539.3871109713293,1551.7821954868166,1564.2770847356642,1576.872582341659,1589.569498399342,1602.368649526097,1615.270858914685,1628.2769563861766,1641.3877784433362,1654.6041683244075,1667.9269760573632,1681.3570585145608,1694.895279467867,1708.5425096441993,1722.2996267815402,1736.1675156853773,1750.1470682856248,1764.2391836939755,1778.4447682617345,1792.7647356381167,1807.2000068289992,1821.7515102561672,1836.4201818170154,1851.2069649447558,1866.112810669078,1881.1386776773347,1896.285532376183,1911.5543489537563,1926.9461094423048,1942.4618037813711,1958.1024298814455,1973.8689936881608,1989.7625092469793,2005.7839987684179,2021.9344926937952,2038.215029761504,2054.626657073813,2071.1704301642176,2087.8474130653335,2104.6586783773164,2121.605307336866,2138.6883898867477,2155.9090247459117,2173.268319480143,2190.767390573309,2208.407363499154,2226.1893727937027,2244.1145621282076,2262.184084382728,2280.399101720259,2298.7607856614945,2317.2703171601615,2335.9288866789793,2354.7376942662327,2373.6979496329395,2392.810872230673,2412.077691329971,2431.4996460994216,2451.0779856853383,2470.813969292122,2490.7088662632277,2510.763956162824,2530.9805288580706,2551.359884602096,2571.9033341176064,2592.612198681206,2613.487810208354,2634.5315113390543,2655.7446555241822,2677.1286071125573,2698.6847414386757,2720.4144449111714,2742.319115101994,2764.4001608362782,2786.6590022829737,2809.097071046162,2831.715810257159,2854.5166746673017,2877.5011307415425,2900.67065675274,2924.0267428767575,2947.570891288285,2971.304616257478,2995.22944424732,3019.346914011829,3043.658576695001,3068.1659959305807,3092.870747942638,3117.7744216469364,3142.87861875312,3168.1849538677375,3193.695054598094,3219.410561656912,3245.333128967883,3271.4644237720117,3297.806126734876,3324.3599320546946,3351.1275475713155,3378.1106948760344,3405.3111094223436,3432.7305406375262,3460.3707520352004,3488.23352132871,3516.320640545493,3544.6339161423107,3573.1751691214417,3601.9462351478164,3630.9489646670518,3660.1852230244945,3689.6568905851636,3719.3658628547196,3749.3140506013438,3779.5033799786634,3809.935792649603,3840.6132459112973,3871.5377128209448,3902.7111823227383,3934.135659375755,3965.8131650829396,3997.7457368210635,4029.9354283717907,4062.3843100537392,4095.0944688556665,4128.068008570669,4161.3070499315045,4194.813730746993,4228.590206039511,4262.638648183577,4296.961247045588,4331.560210124669,4366.437762694626,4401.596147947099,4437.037627135803,4472.764479721992,4508.779003521039,4545.083514850253,4581.680348677821,4618.571858773019,4655.7604178575675,4693.248417758249,4731.038269560753,4769.132403764733,4807.533270440121,4846.243339384716,4885.265100283049,4924.601062866471,4964.253757074609,5004.22573321805,5044.519562142395,5085.137835393579,5126.08316538458,5167.3581855634,5208.965550582488,5250.907936469426,5293.188040799074,5335.808582867062,5378.772303864684,5422.081967055189,5465.740357951513,5509.7502844954415,5554.1145772382,5598.836089522486,5643.917697666003,5689.362301146471,5735.17282278806,5781.352208949439,5827.903429713208,5874.829479076986,5922.133375145914,5969.818160326825,6017.886901523867,6066.342690335802,6115.188643254807,6164.427901866934,6214.06363305417,6264.099029198114,6314.537308385285,6365.381714614103,6416.635518003553,6468.302015003491,6520.384528606639,6572.88640856233,6625.811031591967,6679.16180160615,6732.942149923667,6787.155535492116,6841.805445110439,6896.895393653112,6952.428924296275,7008.409608745552,7064.841047465831,7121.726869912778,7179.070734766296,7236.876330165845,7295.147373947643,7353.887613883764,7413.100827923194,7472.790824434837,7532.961442452409,7593.616551921397,7654.7600539479145,7716.395881049652,7778.527997408752,7841.160399126823,7904.2971144818985,7967.94220418758,8032.099761654146,8096.773913251861,8161.968818576374,8227.688670716232,8293.937696522553,8360.720156880894,8428.04034698531,8495.90259661459,8564.311270410717,8633.270768159597,8702.785525074065,8772.860012079082,8843.498736099358,8914.706240349144,8986.487104624512,9058.845945597834,9131.787417114787,9205.31621049359,9279.437054826807,9354.154717285446,9429.47400342559,9505.399757497484,9581.936862757088,9659.090241780126,9736.864856778713,9815.265709920519,9894.297843650465,9973.966341015032,10054.276325989182,10135.232963805956,10216.841461288606,10299.107067185563,10382.035072507933,10465.630810869876,10549.89965883156,10634.84703624505,10720.478406602804,10806.799277389146,10893.815200434417,10981.531772272076,11069.954634498676,11159.08947413668,11248.94202400021,11339.518063063782,11430.823416834026,11522.863957724268,11615.64560543233,11709.174327321158,11803.456138802712,11898.49710372478,11994.303334761045,12090.880993804161,12188.23629236214,12286.375491957784,12385.304904531427,12485.030892846919,12585.55987090084,12686.898304334996,12789.052710852275,12892.029660635888,12995.8357767719,13100.477735675182,13205.962267518828,13312.296156667053,13419.486242111492,13527.539417911097,13636.462633635434,13746.262894811807,13856.947263375758,13968.522858125163,14080.996855178266,14194.376488435144,14308.66905004285,14423.881890864615] 0.31126199007860056 [Infinity,Infinity,Infinity,Infinity,Infinity,Infinity,Infinity,Infinity,Infinity,Infinity,Infinity,Infinity,Infinity,Infinity,Infinity,Infinity,Infinity,Infinity,Infinity,Infinity,Infinity,Infinity,Infinity,Infinity,Infinity,Infinity,Infinity,Infinity,Infinity,Infinity,Infinity,Infinity,Infinity,Infinity,Infinity,Infinity,Infinity,Infinity,Infinity,Infinity,Infinity,Infinity,Infinity,Infinity,Infinity,Infinity,Infinity,Infinity,Infinity,Infinity,Infinity,Infinity,Infinity,Infinity,Infinity,Infinity,Infinity,Infinity,Infinity,Infinity,Infinity,Infinity,Infinity,Infinity,Infinity,Infinity,Infinity,Infinity,Infinity,Infinity,Infinity,Infinity,Infinity,Infinity,Infinity,Infinity,Infinity,Infinity,Infinity,Infinity,Infinity,Infinity,Infinity,Infinity,Infinity,Infinity,Infinity,Infinity,Infinity,Infinity,Infinity,Infinity,Infinity,Infinity,Infinity,Infinity,Infinity,Infinity,Infinity,Infinity,Infinity,Infinity,Infinity,Infinity,Infinity,Infinity,Infinity,Infinity,Infinity,Infinity,Infinity,Infinity,Infinity,Infinity,Infinity,Infinity,Infinity,Infinity,Infinity,Infinity,Infinity,Infinity,Infinity,Infinity,Infinity,Infinity,Infinity,Infinity,Infinity,Infinity,Infinity,Infinity,Infinity,Infinity,Infinity,Infinity,Infinity,Infinity,Infinity,Infinity,Infinity,Infinity,Infinity,Infinity,Infinity,Infinity,Infinity,Infinity,Infinity,Infinity,Infinity,Infinity,Infinity,Infinity,Infinity,Infinity,Infinity,Infinity,Infinity,Infinity,Infinity,Infinity,Infinity,Infinity,Infinity,Infinity,Infinity,Infinity,Infinity,Infinity,Infinity,Infinity,Infinity,Infinity,Infinity,Infinity,Infinity,Infinity,Infinity,Infinity,Infinity,Infinity,Infinity,Infinity,Infinity,Infinity,Infinity,Infinity,Infinity,Infinity,Infinity,Infinity,Infinity,Infinity,Infinity,Infinity,Infinity,Infinity,Infinity,Infinity,Infinity,Infinity,Infinity,Infinity,Infinity,Infinity,Infinity,Infinity,Infinity,Infinity,Infinity,Infinity,Infinity,Infinity,Infinity,Infinity,Infinity,Infinity,Infinity,Infinity,Infinity,Infinity,Infinity,Infinity,Infinity,Infinity,Infinity,Infinity,Infinity,Infinity,Infinity,Infinity,Infinity,Infinity,Infinity,Infinity,Infinity,Infinity,Infinity,Infinity,Infinity,Infinity,Infinity,Infinity,Infinity,Infinity,Infinity,Infinity,Infinity,Infinity,Infinity,Infinity,Infinity,Infinity,Infinity,Infinity,Infinity,Infinity,Infinity,Infinity,Infinity,Infinity,Infinity,Infinity,Infinity,Infinity,Infinity,Infinity,Infinity,Infinity,Infinity,Infinity,Infinity,Infinity,Infinity,Infinity,Infinity,Infinity,Infinity,Infinity,Infinity,Infinity,Infinity,Infinity,Infinity,Infinity,Infinity,Infinity,Infinity,Infinity,Infinity,Infinity,Infinity,Infinity,Infinity,Infinity,Infinity,Infinity,Infinity,Infinity] [0.0,0.0,0.0,0.0,0.0,0.0,0.0,0.0,0.0,0.0,0.0,0.0,0.0,0.0,0.0,0.0,0.0,0.0,0.0,0.0,0.0,0.0,0.0,0.0,0.0,0.0,0.0,0.0,0.0,0.0,0.0,0.0,0.0,0.0,0.0,0.0,0.0,0.0,0.0,0.0,0.0,0.0,0.0,0.0,0.0,0.0,0.0,0.0,0.0,0.0,0.0,0.0,0.0,0.0,0.0,0.0,0.0,0.0,0.0,0.0,0.0,0.0,0.0,0.0,0.0,0.0,0.0,0.0,0.0,0.0,0.0,0.0,0.0,0.0,0.0,0.0,0.0,0.0,0.0,0.0,0.0,0.0,0.0,0.0,0.0,0.0,0.0,0.0,0.0,0.0,0.0,0.0,0.0,0.0,0.0,0.0,0.0,0.0,0.0,0.0,0.0,0.0,0.0,0.0,0.0,0.0,0.0,0.0,0.0,0.0,0.0,0.0,0.0,0.0,0.0,0.0,0.0,0.0,0.0,0.0,0.0,0.0,0.0,0.0,0.0,0.0,0.0,0.0,0.0,0.0,0.0,0.0,0.0,0.0,0.0,0.0,0.0,0.0,0.0,0.0,0.0,0.0,0.0,0.0,0.0,0.0,0.0,0.0,0.0,0.0,0.0,0.0,0.0,0.0,0.0,0.0,0.0,0.0,0.0,0.0,0.0,0.0,0.0,0.0,0.0,0.0,0.0,0.0,0.0,0.0,0.0,0.0,0.0,0.0,0.0,0.0,0.0,0.0,0.0,0.0,0.0,0.0,0.0,0.0,0.0,0.0,0.0,0.0,0.0,0.0,0.0,0.0,0.0,0.0,0.0,0.0,0.0,0.0,0.0,0.0,0.0,0.0,0.0,0.0,0.0,0.0,0.0,0.0,0.0,0.0,0.0,0.0,0.0,0.0,0.0,0.0,0.0,0.0,0.0,0.0,0.0,0.0,0.0,0.0,0.0,0.0,0.0,0.0,0.0,0.0,0.0,0.0,0.0,0.0,0.0,0.0,0.0,0.0,0.0,0.0,0.0,0.0,0.0,0.0,0.0,0.0,0.0,0.0,0.0,0.0,0.0,0.0,0.0,0.0,0.0,0.0,0.0,0.0,0.0,0.0,0.0,0.0,0.0,0.0,0.0,0.0,0.0,0.0,0.0,0.0,0.0,0.0,0.0,0.0,0.0,0.0,0.0,0.0,0.0,0.0,0.0,0.0,0.0,0.0,0.0,0.0,0.0,0.0,0.0,0.0,0.0,0.0,0.0,0.0,0.0,0.0,0.0,0.0,0.0,0.0]
56160.19628994842 [0.0,0.0,0.0,0.0,0.0,0.0,0.0,0.0,0.0,0.0,0.0,0.0,0.0,0.0,0.0,0.0,0.0,0.0,0.0,0.0,0.0,0.0,0.0,0.0,0.0,0.0,0.0,0.0,0.0,0.0,0.0,0.0,0.0,0.0,0.0,0.0,0.0,0.0,0.0,0.0,0.0,0.0,0.0,0.0,0.0,0.0,0.0,0.0,0.0,0.0,0.0,0.0,0.0,0.0,0.0,0.0,0.0,0.0,0.0,0.0,0.0,0.0,0.0,0.0,0.0,0.0,0.0,0.0,0.0,0.0,0.0,0.0,0.0,0.0,0.0,0.0,0.0,0.0,0.0,0.0,0.0,0.0,0.0,0.0,0.0,0.0,0.0,0.0,0.0,0.0,0.0,0.0,0.0,0.0,0.0,0.0,0.0,0.0,0.0,0.0,0.0,0.0,0.0,0.0,0.0,0.0,0.0,0.0,0.0,0.0,0.0,0.0,0.0,0.0,0.0,0.0,0.0,0.0,0.0,0.0,0.0,0.0,0.0,0.0,0.0,0.0,0.0,0.0,0.0,0.0,0.0,0.0,0.0,0.0,0.0,0.0,0.0,0.0,0.0,0.0,0.0,0.0,0.0,0.0,0.0,0.0,0.0,0.0,0.0,0.0,0.0,0.0,0.0,0.0,0.0,0.0,0.0,0.0,0.0,0.0,0.0,0.0,0.0,0.0,0.0,0.0,0.0,0.0,0.0,0.0,0.0,0.0,0.0,0.0,0.0,0.0,0.0,0.0,0.0,0.0,0.0,0.0,0.0,0.0,0.0,0.0,0.0,0.0,0.0,0.0,0.0,0.0,0.0,0.0,0.0,0.0,0.0,0.0,0.0,0.0,0.0,0.0,0.0,0.0,0.0,0.0,0.0,0.0,0.0,0.0,0.0,0.0,0.0,0.0,0.0,0.0,0.0,0.0,0.0,0.0,0.0,0.0,0.0,0.0,0.0,0.0,0.0,0.0,0.0,0.0,0.0,0.0,0.0,0.0,0.0,0.0,0.0,0.0,0.0,0.0,0.0,0.0,0.0,0.0,0.0,0.0,0.0,0.0,0.0,0.0,0.0,0.0,0.0,0.0,0.0,0.0,0.0,0.0,0.0,0.0,0.0,0.0,0.0,0.0,0.0,0.0,0.0,0.0,0.0,0.0,0.0,0.0,0.0,0.0,0.0,0.0,0.0,0.0,0.0,0.0,0.0,0.0,0.0,0.0,0.0,0.0,0.0,0.0,0.0,0.0,0.0,0.0,0.0,0.0,0.0,0.0,0.0,0.0,0.0,0.0] [1311.2619900786005,1321.8202200865917,1332.463464547639,1343.19240799478,1354.0077404728797,1364.9101575830227,1375.9003605272408,1386.9790561536227,1398.1469570017646,1409.4047813486081,1420.7532532546286,1432.193102610412,1443.7250651835902,1455.3498826661717,1467.068302722235,1478.881079036026,1490.78897136042,1502.7927455657994,1514.8931736892998,1527.0910339844697,1539.3871109713293,1551.7821954868166,1564.2770847356642,1576.872582341659,1589.569498399342,1602.368649526097,1615.270858914685,1628.2769563861766,1641.3877784433362,1654.6041683244075,1667.9269760573632,1681.3570585145608,1694.895279467867,1708.5425096441993,1722.2996267815402,1736.1675156853773,1750.1470682856248,1764.2391836939755,1778.4447682617345,1792.7647356381167,1807.2000068289992,1821.7515102561672,1836.4201818170154,1851.2069649447558,1866.112810669078,1881.1386776773347,1896.285532376183,1911.5543489537563,1926.9461094423048,1942.4618037813711,1958.1024298814455,1973.8689936881608,1989.7625092469793,2005.7839987684179,2021.9344926937952,2038.215029761504,2054.626657073813,2071.1704301642176,2087.8474130653335,2104.6586783773164,2121.605307336866,2138.6883898867477,2155.9090247459117,2173.268319480143,2190.767390573309,2208.407363499154,2226.1893727937027,2244.1145621282076,2262.184084382728,2280.399101720259,2298.7607856614945,2317.2703171601615,2335.9288866789793,2354.7376942662327,2373.6979496329395,2392.810872230673,2412.077691329971,2431.4996460994216,2451.0779856853383,2470.813969292122,2490.7088662632277,2510.763956162824,2530.9805288580706,2551.359884602096,2571.9033341176064,2592.612198681206,2613.487810208354,2634.5315113390543,2655.7446555241822,2677.1286071125573,2698.6847414386757,2720.4144449111714,2742.319115101994,2764.4001608362782,2786.6590022829737,2809.097071046162,2831.715810257159,2854.5166746673017,2877.5011307415425,2900.67065675274,2924.0267428767575,2947.570891288285,2971.304616257478,2995.22944424732,3019.346914011829,3043.658576695001,3068.1659959305807,3092.870747942638,3117.7744216469364,3142.87861875312,3168.1849538677375,3193.695054598094,3219.410561656912,3245.333128967883,3271.4644237720117,3297.806126734876,3324.3599320546946,3351.1275475713155,3378.1106948760344,3405.3111094223436,3432.7305406375262,3460.3707520352004,3488.23352132871,3516.320640545493,3544.6339161423107,3573.1751691214417,3601.9462351478164,3630.9489646670518,3660.1852230244945,3689.6568905851636,3719.3658628547196,3749.3140506013438,3779.5033799786634,3809.935792649603,3840.6132459112973,3871.5377128209448,3902.7111823227383,3934.135659375755,3965.8131650829396,3997.7457368210635,4029.9354283717907,4062.3843100537392,4095.0944688556665,4128.068008570669,4161.3070499315045,4194.813730746993,4228.590206039511,4262.638648183577,4296.961247045588,4331.560210124669,4366.437762694626,4401.596147947099,4437.037627135803,4472.764479721992,4508.779003521039,4545.083514850253,4581.680348677821,4618.571858773019,4655.7604178575675,4693.248417758249,4731.038269560753,4769.132403764733,4807.533270440121,4846.243339384716,4885.265100283049,4924.601062866471,4964.253757074609,5004.22573321805,5044.519562142395,5085.137835393579,5126.08316538458,5167.3581855634,5208.965550582488,5250.907936469426,5293.188040799074,5335.808582867062,5378.772303864684,5422.081967055189,5465.740357951513,5509.7502844954415,5554.1145772382,5598.836089522486,5643.917697666003,5689.362301146471,5735.17282278806,5781.352208949439,5827.903429713208,5874.829479076986,5922.133375145914,5969.818160326825,6017.886901523867,6066.342690335802,6115.188643254807,6164.427901866934,6214.06363305417,6264.099029198114,6314.537308385285,6365.381714614103,6416.635518003553,6468.302015003491,6520.384528606639,6572.88640856233,6625.811031591967,6679.16180160615,6732.942149923667,6787.155535492116,6841.805445110439,6896.895393653112,6952.428924296275,7008.409608745552,7064.841047465831,7121.726869912778,7179.070734766296,7236.876330165845,7295.147373947643,7353.887613883764,7413.100827923194,7472.790824434837,7532.961442452409,7593.616551921397,7654.7600539479145,7716.395881049652,7778.527997408752,7841.160399126823,7904.2971144818985,7967.94220418758,8032.099761654146,8096.773913251861,8161.968818576374,8227.688670716232,8293.937696522553,8360.720156880894,8428.04034698531,8495.90259661459,8564.311270410717,8633.270768159597,8702.785525074065,8772.860012079082,8843.498736099358,8914.706240349144,8986.487104624512,9058.845945597834,9131.787417114787,9205.31621049359,9279.437054826807,9354.154717285446,9429.47400342559,9505.399757497484,9581.936862757088,9659.090241780126,9736.864856778713,9815.265709920519,9894.297843650465,9973.966341015032,10054.276325989182,10135.232963805956,10216.841461288606,10299.107067185563,10382.035072507933,10465.630810869876,10549.89965883156,10634.84703624505,10720.478406602804,10806.799277389146,10893.815200434417,10981.531772272076,11069.954634498676,11159.08947413668,11248.94202400021,11339.518063063782,11430.823416834026,11522.863957724268,11615.64560543233,11709.174327321158,11803.456138802712,11898.49710372478,11994.303334761045,12090.880993804161,12188.23629236214,12286.375491957784,12385.304904531427,12485.030892846919,12585.55987090084,12686.898304334996,12789.052710852275,12892.029660635888,12995.8357767719,13100.477735675182,13205.962267518828,13312.296156667053,13419.486242111492,13527.539417911097,13636.462633635434,13746.262894811807,13856.947263375758,13968.522858125163,14080.996855178266,14194.376488435144,14308.66905004285,14423.881890864615] 0.31126199007860056 [Infinity,Infinity,Infinity,Infinity,Infinity,Infinity,Infinity,Infinity,Infinity,Infinity,Infinity,Infinity,Infinity,Infinity,Infinity,Infinity,Infinity,Infinity,Infinity,Infinity,Infinity,Infinity,Infinity,Infinity,Infinity,Infinity,Infinity,Infinity,Infinity,Infinity,Infinity,Infinity,Infinity,Infinity,Infinity,Infinity,Infinity,Infinity,Infinity,Infinity,Infinity,Infinity,Infinity,Infinity,Infinity,Infinity,Infinity,Infinity,Infinity,Infinity,Infinity,Infinity,Infinity,Infinity,Infinity,Infinity,Infinity,Infinity,Infinity,Infinity,Infinity,Infinity,Infinity,Infinity,Infinity,Infinity,Infinity,Infinity,Infinity,Infinity,Infinity,Infinity,Infinity,Infinity,Infinity,Infinity,Infinity,Infinity,Infinity,Infinity,Infinity,Infinity,Infinity,Infinity,Infinity,Infinity,Infinity,Infinity,Infinity,Infinity,Infinity,Infinity,Infinity,Infinity,Infinity,Infinity,Infinity,Infinity,Infinity,Infinity,Infinity,Infinity,Infinity,Infinity,Infinity,Infinity,Infinity,Infinity,Infinity,Infinity,Infinity,Infinity,Infinity,Infinity,Infinity,Infinity,Infinity,Infinity,Infinity,Infinity,Infinity,Infinity,Infinity,Infinity,Infinity,Infinity,Infinity,Infinity,Infinity,Infinity,Infinity,Infinity,Infinity,Infinity,Infinity,Infinity,Infinity,Infinity,Infinity,Infinity,Infinity,Infinity,Infinity,Infinity,Infinity,Infinity,Infinity,Infinity,Infinity,Infinity,Infinity,Infinity,Infinity,Infinity,Infinity,Infinity,Infinity,Infinity,Infinity,Infinity,Infinity,Infinity,Infinity,Infinity,Infinity,Infinity,Infinity,Infinity,Infinity,Infinity,Infinity,Infinity,Infinity,Infinity,Infinity,Infinity,Infinity,Infinity,Infinity,Infinity,Infinity,Infinity,Infinity,Infinity,Infinity,Infinity,Infinity,Infinity,Infinity,Infinity,Infinity,Infinity,Infinity,Infinity,Infinity,Infinity,Infinity,Infinity,Infinity,Infinity,Infinity,Infinity,Infinity,Infinity,Infinity,Infinity,Infinity,Infinity,Infinity,Infinity,Infinity,Infinity,Infinity,Infinity,Infinity,Infinity,Infinity,Infinity,Infinity,Infinity,Infinity,Infinity,Infinity,Infinity,Infinity,Infinity,Infinity,Infinity,Infinity,Infinity,Infinity,Infinity,Infinity,Infinity,Infinity,Infinity,Infinity,Infinity,Infinity,Infinity,Infinity,Infinity,Infinity,Infinity,Infinity,Infinity,Infinity,Infinity,Infinity,Infinity,Infinity,Infinity,Infinity,Infinity,Infinity,Infinity,Infinity,Infinity,Infinity,Infinity,Infinity,Infinity,Infinity,Infinity,Infinity,Infinity,Infinity,Infinity,Infinity,Infinity,Infinity,Infinity,Infinity,Infinity,Infinity,Infinity,Infinity,Infinity,Infinity,Infinity,Infinity,Infinity,Infinity,Infinity,Infinity,Infinity,Infinity,Infinity,Infinity,Infinity,Infinity,Infinity,Infinity,Infinity,Infinity,Infinity,Infinity,Infinity,Infinity,Infinity] [0.0,0.0,0.0,0.0,0.0,0.0,0.0,0.0,0.0,0.0,0.0,0.0,0.0,0.0,0.0,0.0,0.0,0.0,0.0,0.0,0.0,0.0,0.0,0.0,0.0,0.0,0.0,0.0,0.0,0.0,0.0,0.0,0.0,0.0,0.0,0.0,0.0,0.0,0.0,0.0,0.0,0.0,0.0,0.0,0.0,0.0,0.0,0.0,0.0,0.0,0.0,0.0,0.0,0.0,0.0,0.0,0.0,0.0,0.0,0.0,0.0,0.0,0.0,0.0,0.0,0.0,0.0,0.0,0.0,0.0,0.0,0.0,0.0,0.0,0.0,0.0,0.0,0.0,0.0,0.0,0.0,0.0,0.0,0.0,0.0,0.0,0.0,0.0,0.0,0.0,0.0,0.0,0.0,0.0,0.0,0.0,0.0,0.0,0.0,0.0,0.0,0.0,0.0,0.0,0.0,0.0,0.0,0.0,0.0,0.0,0.0,0.0,0.0,0.0,0.0,0.0,0.0,0.0,0.0,0.0,0.0,0.0,0.0,0.0,0.0,0.0,0.0,0.0,0.0,0.0,0.0,0.0,0.0,0.0,0.0,0.0,0.0,0.0,0.0,0.0,0.0,0.0,0.0,0.0,0.0,0.0,0.0,0.0,0.0,0.0,0.0,0.0,0.0,0.0,0.0,0.0,0.0,0.0,0.0,0.0,0.0,0.0,0.0,0.0,0.0,0.0,0.0,0.0,0.0,0.0,0.0,0.0,0.0,0.0,0.0,0.0,0.0,0.0,0.0,0.0,0.0,0.0,0.0,0.0,0.0,0.0,0.0,0.0,0.0,0.0,0.0,0.0,0.0,0.0,0.0,0.0,0.0,0.0,0.0,0.0,0.0,0.0,0.0,0.0,0.0,0.0,0.0,0.0,0.0,0.0,0.0,0.0,0.0,0.0,0.0,0.0,0.0,0.0,0.0,0.0,0.0,0.0,0.0,0.0,0.0,0.0,0.0,0.0,0.0,0.0,0.0,0.0,0.0,0.0,0.0,0.0,0.0,0.0,0.0,0.0,0.0,0.0,0.0,0.0,0.0,0.0,0.0,0.0,0.0,0.0,0.0,0.0,0.0,0.0,0.0,0.0,0.0,0.0,0.0,0.0,0.0,0.0,0.0,0.0,0.0,0.0,0.0,0.0,0.0,0.0,0.0,0.0,0.0,0.0,0.0,0.0,0.0,0.0,0.0,0.0,0.0,0.0,0.0,0.0,0.0,0.0,0.0,0.0,0.0,0.0,0.0,0.0,0.0,0.0,0.0,0.0,0.0,0.0,0.0,0.0]
56116.5155274129 [0.0,0.0,0.0,0.0,0.0,0.0,0.0,0.0,0.0,0.0,0.0,0.0,0.0,0.0,0.0,0.0,0.0,0.0,0.0,0.0,0.0,0.0,0.0,0.0,0.0,0.0,0.0,0.0,0.0,0.0,0.0,0.0,0.0,0.0,0.0,0.0,0.0,0.0,0.0,0.0,0.0,0.0,0.0,0.0,0.0,0.0,0.0,0.0,0.0,0.0,0.0,0.0,0.0,0.0,0.0,0.0,0.0,0.0,0.0,0.0,0.0,0.0,0.0,0.0,0.0,0.0,0.0,0.0,0.0,0.0,0.0,0.0,0.0,0.0,0.0,0.0,0.0,0.0,0.0,0.0,0.0,0.0,0.0,0.0,0.0,0.0,0.0,0.0,0.0,0.0,0.0,0.0,0.0,0.0,0.0,0.0,0.0,0.0,0.0,0.0,0.0,0.0,0.0,0.0,0.0,0.0,0.0,0.0,0.0,0.0,0.0,0.0,0.0,0.0,0.0,0.0,0.0,0.0,0.0,0.0,0.0,0.0,0.0,0.0,0.0,0.0,0.0,0.0,0.0,0.0,0.0,0.0,0.0,0.0,0.0,0.0,0.0,0.0,0.0,0.0,0.0,0.0,0.0,0.0,0.0,0.0,0.0,0.0,0.0,0.0,0.0,0.0,0.0,0.0,0.0,0.0,0.0,0.0,0.0,0.0,0.0,0.0,0.0,0.0,0.0,0.0,0.0,0.0,0.0,0.0,0.0,0.0,0.0,0.0,0.0,0.0,0.0,0.0,0.0,0.0,0.0,0.0,0.0,0.0,0.0,0.0,0.0,0.0,0.0,0.0,0.0,0.0,0.0,0.0,0.0,0.0,0.0,0.0,0.0,0.0,0.0,0.0,0.0,0.0,0.0,0.0,0.0,0.0,0.0,0.0,0.0,0.0,0.0,0.0,0.0,0.0,0.0,0.0,0.0,0.0,0.0,0.0,0.0,0.0,0.0,0.0,0.0,0.0,0.0,0.0,0.0,0.0,0.0,0.0,0.0,0.0,0.0,0.0,0.0,0.0,0.0,0.0,0.0,0.0,0.0,0.0,0.0,0.0,0.0,0.0,0.0,0.0,0.0,0.0,0.0,0.0,0.0,0.0,0.0,0.0,0.0,0.0,0.0,0.0,0.0,0.0,0.0,0.0,0.0,0.0,0.0,0.0,0.0,0.0,0.0,0.0,0.0,0.0,0.0,0.0,0.0,0.0,0.0,0.0,0.0,0.0,0.0,0.0,0.0,0.0,0.0,0.0,0.0,0.0,0.0,0.0,0.0,0.0,0.0,0.0] [1311.2619900786005,1321.8202200865917,1332.463464547639,1343.19240799478,1354.0077404728797,1364.9101575830227,1375.9003605272408,1386.9790561536227,1398.1469570017646,1409.4047813486081,1420.7532532546286,1432.193102610412,1443.7250651835902,1455.3498826661717,1467.068302722235,1478.881079036026,1490.78897136042,1502.7927455657994,1514.8931736892998,1527.0910339844697,1539.3871109713293,1551.7821954868166,1564.2770847356642,1576.872582341659,1589.569498399342,1602.368649526097,1615.270858914685,1628.2769563861766,1641.3877784433362,1654.6041683244075,1667.9269760573632,1681.3570585145608,1694.895279467867,1708.5425096441993,1722.2996267815402,1736.1675156853773,1750.1470682856248,1764.2391836939755,1778.4447682617345,1792.7647356381167,1807.2000068289992,1821.7515102561672,1836.4201818170154,1851.2069649447558,1866.112810669078,1881.1386776773347,1896.285532376183,1911.5543489537563,1926.9461094423048,1942.4618037813711,1958.1024298814455,1973.8689936881608,1989.7625092469793,2005.7839987684179,2021.9344926937952,2038.215029761504,2054.626657073813,2071.1704301642176,2087.8474130653335,2104.6586783773164,2121.605307336866,2138.6883898867477,2155.9090247459117,2173.268319480143,2190.767390573309,2208.407363499154,2226.1893727937027,2244.1145621282076,2262.184084382728,2280.399101720259,2298.7607856614945,2317.2703171601615,2335.9288866789793,2354.7376942662327,2373.6979496329395,2392.810872230673,2412.077691329971,2431.4996460994216,2451.0779856853383,2470.813969292122,2490.7088662632277,2510.763956162824,2530.9805288580706,2551.359884602096,2571.9033341176064,2592.612198681206,2613.487810208354,2634.5315113390543,2655.7446555241822,2677.1286071125573,2698.6847414386757,2720.4144449111714,2742.319115101994,2764.4001608362782,2786.6590022829737,2809.097071046162,2831.715810257159,2854.5166746673017,2877.5011307415425,2900.67065675274,2924.0267428767575,2947.570891288285,2971.304616257478,2995.22944424732,3019.346914011829,3043.658576695001,3068.1659959305807,3092.870747942638,3117.7744216469364,3142.87861875312,3168.1849538677375,3193.695054598094,3219.410561656912,3245.333128967883,3271.4644237720117,3297.806126734876,3324.3599320546946,3351.1275475713155,3378.1106948760344,3405.3111094223436,3432.7305406375262,3460.3707520352004,3488.23352132871,3516.320640545493,3544.6339161423107,3573.1751691214417,3601.9462351478164,3630.9489646670518,3660.1852230244945,3689.6568905851636,3719.3658628547196,3749.3140506013438,3779.5033799786634,3809.935792649603,3840.6132459112973,3871.5377128209448,3902.7111823227383,3934.135659375755,3965.8131650829396,3997.7457368210635,4029.9354283717907,4062.3843100537392,4095.0944688556665,4128.068008570669,4161.3070499315045,4194.813730746993,4228.590206039511,4262.638648183577,4296.961247045588,4331.560210124669,4366.437762694626,4401.596147947099,4437.037627135803,4472.764479721992,4508.779003521039,4545.083514850253,4581.680348677821,4618.571858773019,4655.7604178575675,4693.248417758249,4731.038269560753,4769.132403764733,4807.533270440121,4846.243339384716,4885.265100283049,4924.601062866471,4964.253757074609,5004.22573321805,5044.519562142395,5085.137835393579,5126.08316538458,5167.3581855634,5208.965550582488,5250.907936469426,5293.188040799074,5335.808582867062,5378.772303864684,5422.081967055189,5465.740357951513,5509.7502844954415,5554.1145772382,5598.836089522486,5643.917697666003,5689.362301146471,5735.17282278806,5781.352208949439,5827.903429713208,5874.829479076986,5922.133375145914,5969.818160326825,6017.886901523867,6066.342690335802,6115.188643254807,6164.427901866934,6214.06363305417,6264.099029198114,6314.537308385285,6365.381714614103,6416.635518003553,6468.302015003491,6520.384528606639,6572.88640856233,6625.811031591967,6679.16180160615,6732.942149923667,6787.155535492116,6841.805445110439,6896.895393653112,6952.428924296275,7008.409608745552,7064.841047465831,7121.726869912778,7179.070734766296,7236.876330165845,7295.147373947643,7353.887613883764,7413.100827923194,7472.790824434837,7532.961442452409,7593.616551921397,7654.7600539479145,7716.395881049652,7778.527997408752,7841.160399126823,7904.2971144818985,7967.94220418758,8032.099761654146,8096.773913251861,8161.968818576374,8227.688670716232,8293.937696522553,8360.720156880894,8428.04034698531,8495.90259661459,8564.311270410717,8633.270768159597,8702.785525074065,8772.860012079082,8843.498736099358,8914.706240349144,8986.487104624512,9058.845945597834,9131.787417114787,9205.31621049359,9279.437054826807,9354.154717285446,9429.47400342559,9505.399757497484,9581.936862757088,9659.090241780126,9736.864856778713,9815.265709920519,9894.297843650465,9973.966341015032,10054.276325989182,10135.232963805956,10216.841461288606,10299.107067185563,10382.035072507933,10465.630810869876,10549.89965883156,10634.84703624505,10720.478406602804,10806.799277389146,10893.815200434417,10981.531772272076,11069.954634498676,11159.08947413668,11248.94202400021,11339.518063063782,11430.823416834026,11522.863957724268,11615.64560543233,11709.174327321158,11803.456138802712,11898.49710372478,11994.303334761045,12090.880993804161,12188.23629236214,12286.375491957784,12385.304904531427,12485.030892846919,12585.55987090084,12686.898304334996,12789.052710852275,12892.029660635888,12995.8357767719,13100.477735675182,13205.962267518828,13312.296156667053,13419.486242111492,13527.539417911097,13636.462633635434,13746.262894811807,13856.947263375758,13968.522858125163,14080.996855178266,14194.376488435144,14308.66905004285,14423.881890864615] 0.31126199007860056 [Infinity,Infinity,Infinity,Infinity,Infinity,Infinity,Infinity,Infinity,Infinity,Infinity,Infinity,Infinity,Infinity,Infinity,Infinity,Infinity,Infinity,Infinity,Infinity,Infinity,Infinity,Infinity,Infinity,Infinity,Infinity,Infinity,Infinity,Infinity,Infinity,Infinity,Infinity,Infinity,Infinity,Infinity,Infinity,Infinity,Infinity,Infinity,Infinity,Infinity,Infinity,Infinity,Infinity,Infinity,Infinity,Infinity,Infinity,Infinity,Infinity,Infinity,Infinity,Infinity,Infinity,Infinity,Infinity,Infinity,Infinity,Infinity,Infinity,Infinity,Infinity,Infinity,Infinity,Infinity,Infinity,Infinity,Infinity,Infinity,Infinity,Infinity,Infinity,Infinity,Infinity,Infinity,Infinity,Infinity,Infinity,Infinity,Infinity,Infinity,Infinity,Infinity,Infinity,Infinity,Infinity,Infinity,Infinity,Infinity,Infinity,Infinity,Infinity,Infinity,Infinity,Infinity,Infinity,Infinity,Infinity,Infinity,Infinity,Infinity,Infinity,Infinity,Infinity,Infinity,Infinity,Infinity,Infinity,Infinity,Infinity,Infinity,Infinity,Infinity,Infinity,Infinity,Infinity,Infinity,Infinity,Infinity,Infinity,Infinity,Infinity,Infinity,Infinity,Infinity,Infinity,Infinity,Infinity,Infinity,Infinity,Infinity,Infinity,Infinity,Infinity,Infinity,Infinity,Infinity,Infinity,Infinity,Infinity,Infinity,Infinity,Infinity,Infinity,Infinity,Infinity,Infinity,Infinity,Infinity,Infinity,Infinity,Infinity,Infinity,Infinity,Infinity,Infinity,Infinity,Infinity,Infinity,Infinity,Infinity,Infinity,Infinity,Infinity,Infinity,Infinity,Infinity,Infinity,Infinity,Infinity,Infinity,Infinity,Infinity,Infinity,Infinity,Infinity,Infinity,Infinity,Infinity,Infinity,Infinity,Infinity,Infinity,Infinity,Infinity,Infinity,Infinity,Infinity,Infinity,Infinity,Infinity,Infinity,Infinity,Infinity,Infinity,Infinity,Infinity,Infinity,Infinity,Infinity,Infinity,Infinity,Infinity,Infinity,Infinity,Infinity,Infinity,Infinity,Infinity,Infinity,Infinity,Infinity,Infinity,Infinity,Infinity,Infinity,Infinity,Infinity,Infinity,Infinity,Infinity,Infinity,Infinity,Infinity,Infinity,Infinity,Infinity,Infinity,Infinity,Infinity,Infinity,Infinity,Infinity,Infinity,Infinity,Infinity,Infinity,Infinity,Infinity,Infinity,Infinity,Infinity,Infinity,Infinity,Infinity,Infinity,Infinity,Infinity,Infinity,Infinity,Infinity,Infinity,Infinity,Infinity,Infinity,Infinity,Infinity,Infinity,Infinity,Infinity,Infinity,Infinity,Infinity,Infinity,Infinity,Infinity,Infinity,Infinity,Infinity,Infinity,Infinity,Infinity,Infinity,Infinity,Infinity,Infinity,Infinity,Infinity,Infinity,Infinity,Infinity,Infinity,Infinity,Infinity,Infinity,Infinity,Infinity,Infinity,Infinity,Infinity,Infinity,Infinity,Infinity,Infinity,Infinity,Infinity,Infinity,Infinity,Infinity,Infinity,Infinity] [0.0,0.0,0.0,0.0,0.0,0.0,0.0,0.0,0.0,0.0,0.0,0.0,0.0,0.0,0.0,0.0,0.0,0.0,0.0,0.0,0.0,0.0,0.0,0.0,0.0,0.0,0.0,0.0,0.0,0.0,0.0,0.0,0.0,0.0,0.0,0.0,0.0,0.0,0.0,0.0,0.0,0.0,0.0,0.0,0.0,0.0,0.0,0.0,0.0,0.0,0.0,0.0,0.0,0.0,0.0,0.0,0.0,0.0,0.0,0.0,0.0,0.0,0.0,0.0,0.0,0.0,0.0,0.0,0.0,0.0,0.0,0.0,0.0,0.0,0.0,0.0,0.0,0.0,0.0,0.0,0.0,0.0,0.0,0.0,0.0,0.0,0.0,0.0,0.0,0.0,0.0,0.0,0.0,0.0,0.0,0.0,0.0,0.0,0.0,0.0,0.0,0.0,0.0,0.0,0.0,0.0,0.0,0.0,0.0,0.0,0.0,0.0,0.0,0.0,0.0,0.0,0.0,0.0,0.0,0.0,0.0,0.0,0.0,0.0,0.0,0.0,0.0,0.0,0.0,0.0,0.0,0.0,0.0,0.0,0.0,0.0,0.0,0.0,0.0,0.0,0.0,0.0,0.0,0.0,0.0,0.0,0.0,0.0,0.0,0.0,0.0,0.0,0.0,0.0,0.0,0.0,0.0,0.0,0.0,0.0,0.0,0.0,0.0,0.0,0.0,0.0,0.0,0.0,0.0,0.0,0.0,0.0,0.0,0.0,0.0,0.0,0.0,0.0,0.0,0.0,0.0,0.0,0.0,0.0,0.0,0.0,0.0,0.0,0.0,0.0,0.0,0.0,0.0,0.0,0.0,0.0,0.0,0.0,0.0,0.0,0.0,0.0,0.0,0.0,0.0,0.0,0.0,0.0,0.0,0.0,0.0,0.0,0.0,0.0,0.0,0.0,0.0,0.0,0.0,0.0,0.0,0.0,0.0,0.0,0.0,0.0,0.0,0.0,0.0,0.0,0.0,0.0,0.0,0.0,0.0,0.0,0.0,0.0,0.0,0.0,0.0,0.0,0.0,0.0,0.0,0.0,0.0,0.0,0.0,0.0,0.0,0.0,0.0,0.0,0.0,0.0,0.0,0.0,0.0,0.0,0.0,0.0,0.0,0.0,0.0,0.0,0.0,0.0,0.0,0.0,0.0,0.0,0.0,0.0,0.0,0.0,0.0,0.0,0.0,0.0,0.0,0.0,0.0,0.0,0.0,0.0,0.0,0.0,0.0,0.0,0.0,0.0,0.0,0.0,0.0,0.0,0.0,0.0,0.0,0.0]
56415.6591521843 [0.0,0.0,0.0,0.0,0.0,0.0,0.0,0.0,0.0,0.0,0.0,0.0,0.0,0.0,0.0,0.0,0.0,0.0,0.0,0.0,0.0,0.0,0.0,0.0,0.0,0.0,0.0,0.0,0.0,0.0,0.0,0.0,0.0,0.0,0.0,0.0,0.0,0.0,0.0,0.0,0.0,0.0,0.0,0.0,0.0,0.0,0.0,0.0,0.0,0.0,0.0,0.0,0.0,0.0,0.0,0.0,0.0,0.0,0.0,0.0,0.0,0.0,0.0,0.0,0.0,0.0,0.0,0.0,0.0,0.0,0.0,0.0,0.0,0.0,0.0,0.0,0.0,0.0,0.0,0.0,0.0,0.0,0.0,0.0,0.0,0.0,0.0,0.0,0.0,0.0,0.0,0.0,0.0,0.0,0.0,0.0,0.0,0.0,0.0,0.0,0.0,0.0,0.0,0.0,0.0,0.0,0.0,0.0,0.0,0.0,0.0,0.0,0.0,0.0,0.0,0.0,0.0,0.0,0.0,0.0,0.0,0.0,0.0,0.0,0.0,0.0,0.0,0.0,0.0,0.0,0.0,0.0,0.0,0.0,0.0,0.0,0.0,0.0,0.0,0.0,0.0,0.0,0.0,0.0,0.0,0.0,0.0,0.0,0.0,0.0,0.0,0.0,0.0,0.0,0.0,0.0,0.0,0.0,0.0,0.0,0.0,0.0,0.0,0.0,0.0,0.0,0.0,0.0,0.0,0.0,0.0,0.0,0.0,0.0,0.0,0.0,0.0,0.0,0.0,0.0,0.0,0.0,0.0,0.0,0.0,0.0,0.0,0.0,0.0,0.0,0.0,0.0,0.0,0.0,0.0,0.0,0.0,0.0,0.0,0.0,0.0,0.0,0.0,0.0,0.0,0.0,0.0,0.0,0.0,0.0,0.0,0.0,0.0,0.0,0.0,0.0,0.0,0.0,0.0,0.0,0.0,0.0,0.0,0.0,0.0,0.0,0.0,0.0,0.0,0.0,0.0,0.0,0.0,0.0,0.0,0.0,0.0,0.0,0.0,0.0,0.0,0.0,0.0,0.0,0.0,0.0,0.0,0.0,0.0,0.0,0.0,0.0,0.0,0.0,0.0,0.0,0.0,0.0,0.0,0.0,0.0,0.0,0.0,0.0,0.0,0.0,0.0,0.0,0.0,0.0,0.0,0.0,0.0,0.0,0.0,0.0,0.0,0.0,0.0,0.0,0.0,0.0,0.0,0.0,0.0,0.0,0.0,0.0,0.0,0.0,0.0,0.0,0.0,0.0,0.0,0.0,0.0,0.0,0.0,0.0] [1311.2619900786005,1321.8202200865917,1332.463464547639,1343.19240799478,1354.0077404728797,1364.9101575830227,1375.9003605272408,1386.9790561536227,1398.1469570017646,1409.4047813486081,1420.7532532546286,1432.193102610412,1443.7250651835902,1455.3498826661717,1467.068302722235,1478.881079036026,1490.78897136042,1502.7927455657994,1514.8931736892998,1527.0910339844697,1539.3871109713293,1551.7821954868166,1564.2770847356642,1576.872582341659,1589.569498399342,1602.368649526097,1615.270858914685,1628.2769563861766,1641.3877784433362,1654.6041683244075,1667.9269760573632,1681.3570585145608,1694.895279467867,1708.5425096441993,1722.2996267815402,1736.1675156853773,1750.1470682856248,1764.2391836939755,1778.4447682617345,1792.7647356381167,1807.2000068289992,1821.7515102561672,1836.4201818170154,1851.2069649447558,1866.112810669078,1881.1386776773347,1896.285532376183,1911.5543489537563,1926.9461094423048,1942.4618037813711,1958.1024298814455,1973.8689936881608,1989.7625092469793,2005.7839987684179,2021.9344926937952,2038.215029761504,2054.626657073813,2071.1704301642176,2087.8474130653335,2104.6586783773164,2121.605307336866,2138.6883898867477,2155.9090247459117,2173.268319480143,2190.767390573309,2208.407363499154,2226.1893727937027,2244.1145621282076,2262.184084382728,2280.399101720259,2298.7607856614945,2317.2703171601615,2335.9288866789793,2354.7376942662327,2373.6979496329395,2392.810872230673,2412.077691329971,2431.4996460994216,2451.0779856853383,2470.813969292122,2490.7088662632277,2510.763956162824,2530.9805288580706,2551.359884602096,2571.9033341176064,2592.612198681206,2613.487810208354,2634.5315113390543,2655.7446555241822,2677.1286071125573,2698.6847414386757,2720.4144449111714,2742.319115101994,2764.4001608362782,2786.6590022829737,2809.097071046162,2831.715810257159,2854.5166746673017,2877.5011307415425,2900.67065675274,2924.0267428767575,2947.570891288285,2971.304616257478,2995.22944424732,3019.346914011829,3043.658576695001,3068.1659959305807,3092.870747942638,3117.7744216469364,3142.87861875312,3168.1849538677375,3193.695054598094,3219.410561656912,3245.333128967883,3271.4644237720117,3297.806126734876,3324.3599320546946,3351.1275475713155,3378.1106948760344,3405.3111094223436,3432.7305406375262,3460.3707520352004,3488.23352132871,3516.320640545493,3544.6339161423107,3573.1751691214417,3601.9462351478164,3630.9489646670518,3660.1852230244945,3689.6568905851636,3719.3658628547196,3749.3140506013438,3779.5033799786634,3809.935792649603,3840.6132459112973,3871.5377128209448,3902.7111823227383,3934.135659375755,3965.8131650829396,3997.7457368210635,4029.9354283717907,4062.3843100537392,4095.0944688556665,4128.068008570669,4161.3070499315045,4194.813730746993,4228.590206039511,4262.638648183577,4296.961247045588,4331.560210124669,4366.437762694626,4401.596147947099,4437.037627135803,4472.764479721992,4508.779003521039,4545.083514850253,4581.680348677821,4618.571858773019,4655.7604178575675,4693.248417758249,4731.038269560753,4769.132403764733,4807.533270440121,4846.243339384716,4885.265100283049,4924.601062866471,4964.253757074609,5004.22573321805,5044.519562142395,5085.137835393579,5126.08316538458,5167.3581855634,5208.965550582488,5250.907936469426,5293.188040799074,5335.808582867062,5378.772303864684,5422.081967055189,5465.740357951513,5509.7502844954415,5554.1145772382,5598.836089522486,5643.917697666003,5689.362301146471,5735.17282278806,5781.352208949439,5827.903429713208,5874.829479076986,5922.133375145914,5969.818160326825,6017.886901523867,6066.342690335802,6115.188643254807,6164.427901866934,6214.06363305417,6264.099029198114,6314.537308385285,6365.381714614103,6416.635518003553,6468.302015003491,6520.384528606639,6572.88640856233,6625.811031591967,6679.16180160615,6732.942149923667,6787.155535492116,6841.805445110439,6896.895393653112,6952.428924296275,7008.409608745552,7064.841047465831,7121.726869912778,7179.070734766296,7236.876330165845,7295.147373947643,7353.887613883764,7413.100827923194,7472.790824434837,7532.961442452409,7593.616551921397,7654.7600539479145,7716.395881049652,7778.527997408752,7841.160399126823,7904.2971144818985,7967.94220418758,8032.099761654146,8096.773913251861,8161.968818576374,8227.688670716232,8293.937696522553,8360.720156880894,8428.04034698531,8495.90259661459,8564.311270410717,8633.270768159597,8702.785525074065,8772.860012079082,8843.498736099358,8914.706240349144,8986.487104624512,9058.845945597834,9131.787417114787,9205.31621049359,9279.437054826807,9354.154717285446,9429.47400342559,9505.399757497484,9581.936862757088,9659.090241780126,9736.864856778713,9815.265709920519,9894.297843650465,9973.966341015032,10054.276325989182,10135.232963805956,10216.841461288606,10299.107067185563,10382.035072507933,10465.630810869876,10549.89965883156,10634.84703624505,10720.478406602804,10806.799277389146,10893.815200434417,10981.531772272076,11069.954634498676,11159.08947413668,11248.94202400021,11339.518063063782,11430.823416834026,11522.863957724268,11615.64560543233,11709.174327321158,11803.456138802712,11898.49710372478,11994.303334761045,12090.880993804161,12188.23629236214,12286.375491957784,12385.304904531427,12485.030892846919,12585.55987090084,12686.898304334996,12789.052710852275,12892.029660635888,12995.8357767719,13100.477735675182,13205.962267518828,13312.296156667053,13419.486242111492,13527.539417911097,13636.462633635434,13746.262894811807,13856.947263375758,13968.522858125163,14080.996855178266,14194.376488435144,14308.66905004285,14423.881890864615] 0.31126199007860056 [Infinity,Infinity,Infinity,Infinity,Infinity,Infinity,Infinity,Infinity,Infinity,Infinity,Infinity,Infinity,Infinity,Infinity,Infinity,Infinity,Infinity,Infinity,Infinity,Infinity,Infinity,Infinity,Infinity,Infinity,Infinity,Infinity,Infinity,Infinity,Infinity,Infinity,Infinity,Infinity,Infinity,Infinity,Infinity,Infinity,Infinity,Infinity,Infinity,Infinity,Infinity,Infinity,Infinity,Infinity,Infinity,Infinity,Infinity,Infinity,Infinity,Infinity,Infinity,Infinity,Infinity,Infinity,Infinity,Infinity,Infinity,Infinity,Infinity,Infinity,Infinity,Infinity,Infinity,Infinity,Infinity,Infinity,Infinity,Infinity,Infinity,Infinity,Infinity,Infinity,Infinity,Infinity,Infinity,Infinity,Infinity,Infinity,Infinity,Infinity,Infinity,Infinity,Infinity,Infinity,Infinity,Infinity,Infinity,Infinity,Infinity,Infinity,Infinity,Infinity,Infinity,Infinity,Infinity,Infinity,Infinity,Infinity,Infinity,Infinity,Infinity,Infinity,Infinity,Infinity,Infinity,Infinity,Infinity,Infinity,Infinity,Infinity,Infinity,Infinity,Infinity,Infinity,Infinity,Infinity,Infinity,Infinity,Infinity,Infinity,Infinity,Infinity,Infinity,Infinity,Infinity,Infinity,Infinity,Infinity,Infinity,Infinity,Infinity,Infinity,Infinity,Infinity,Infinity,Infinity,Infinity,Infinity,Infinity,Infinity,Infinity,Infinity,Infinity,Infinity,Infinity,Infinity,Infinity,Infinity,Infinity,Infinity,Infinity,Infinity,Infinity,Infinity,Infinity,Infinity,Infinity,Infinity,Infinity,Infinity,Infinity,Infinity,Infinity,Infinity,Infinity,Infinity,Infinity,Infinity,Infinity,Infinity,Infinity,Infinity,Infinity,Infinity,Infinity,Infinity,Infinity,Infinity,Infinity,Infinity,Infinity,Infinity,Infinity,Infinity,Infinity,Infinity,Infinity,Infinity,Infinity,Infinity,Infinity,Infinity,Infinity,Infinity,Infinity,Infinity,Infinity,Infinity,Infinity,Infinity,Infinity,Infinity,Infinity,Infinity,Infinity,Infinity,Infinity,Infinity,Infinity,Infinity,Infinity,Infinity,Infinity,Infinity,Infinity,Infinity,Infinity,Infinity,Infinity,Infinity,Infinity,Infinity,Infinity,Infinity,Infinity,Infinity,Infinity,Infinity,Infinity,Infinity,Infinity,Infinity,Infinity,Infinity,Infinity,Infinity,Infinity,Infinity,Infinity,Infinity,Infinity,Infinity,Infinity,Infinity,Infinity,Infinity,Infinity,Infinity,Infinity,Infinity,Infinity,Infinity,Infinity,Infinity,Infinity,Infinity,Infinity,Infinity,Infinity,Infinity,Infinity,Infinity,Infinity,Infinity,Infinity,Infinity,Infinity,Infinity,Infinity,Infinity,Infinity,Infinity,Infinity,Infinity,Infinity,Infinity,Infinity,Infinity,Infinity,Infinity,Infinity,Infinity,Infinity,Infinity,Infinity,Infinity,Infinity,Infinity,Infinity,Infinity,Infinity,Infinity,Infinity,Infinity,Infinity,Infinity,Infinity,Infinity,Infinity,Infinity] [0.0,0.0,0.0,0.0,0.0,0.0,0.0,0.0,0.0,0.0,0.0,0.0,0.0,0.0,0.0,0.0,0.0,0.0,0.0,0.0,0.0,0.0,0.0,0.0,0.0,0.0,0.0,0.0,0.0,0.0,0.0,0.0,0.0,0.0,0.0,0.0,0.0,0.0,0.0,0.0,0.0,0.0,0.0,0.0,0.0,0.0,0.0,0.0,0.0,0.0,0.0,0.0,0.0,0.0,0.0,0.0,0.0,0.0,0.0,0.0,0.0,0.0,0.0,0.0,0.0,0.0,0.0,0.0,0.0,0.0,0.0,0.0,0.0,0.0,0.0,0.0,0.0,0.0,0.0,0.0,0.0,0.0,0.0,0.0,0.0,0.0,0.0,0.0,0.0,0.0,0.0,0.0,0.0,0.0,0.0,0.0,0.0,0.0,0.0,0.0,0.0,0.0,0.0,0.0,0.0,0.0,0.0,0.0,0.0,0.0,0.0,0.0,0.0,0.0,0.0,0.0,0.0,0.0,0.0,0.0,0.0,0.0,0.0,0.0,0.0,0.0,0.0,0.0,0.0,0.0,0.0,0.0,0.0,0.0,0.0,0.0,0.0,0.0,0.0,0.0,0.0,0.0,0.0,0.0,0.0,0.0,0.0,0.0,0.0,0.0,0.0,0.0,0.0,0.0,0.0,0.0,0.0,0.0,0.0,0.0,0.0,0.0,0.0,0.0,0.0,0.0,0.0,0.0,0.0,0.0,0.0,0.0,0.0,0.0,0.0,0.0,0.0,0.0,0.0,0.0,0.0,0.0,0.0,0.0,0.0,0.0,0.0,0.0,0.0,0.0,0.0,0.0,0.0,0.0,0.0,0.0,0.0,0.0,0.0,0.0,0.0,0.0,0.0,0.0,0.0,0.0,0.0,0.0,0.0,0.0,0.0,0.0,0.0,0.0,0.0,0.0,0.0,0.0,0.0,0.0,0.0,0.0,0.0,0.0,0.0,0.0,0.0,0.0,0.0,0.0,0.0,0.0,0.0,0.0,0.0,0.0,0.0,0.0,0.0,0.0,0.0,0.0,0.0,0.0,0.0,0.0,0.0,0.0,0.0,0.0,0.0,0.0,0.0,0.0,0.0,0.0,0.0,0.0,0.0,0.0,0.0,0.0,0.0,0.0,0.0,0.0,0.0,0.0,0.0,0.0,0.0,0.0,0.0,0.0,0.0,0.0,0.0,0.0,0.0,0.0,0.0,0.0,0.0,0.0,0.0,0.0,0.0,0.0,0.0,0.0,0.0,0.0,0.0,0.0,0.0,0.0,0.0,0.0,0.0,0.0]
56146.9527239215 [0.0,0.0,0.0,0.0,0.0,0.0,0.0,0.0,0.0,0.0,0.0,0.0,0.0,0.0,0.0,0.0,0.0,0.0,0.0,0.0,0.0,0.0,0.0,0.0,0.0,0.0,0.0,0.0,0.0,0.0,0.0,0.0,0.0,0.0,0.0,0.0,0.0,0.0,0.0,0.0,0.0,0.0,0.0,0.0,0.0,0.0,0.0,0.0,0.0,0.0,0.0,0.0,0.0,0.0,0.0,0.0,0.0,0.0,0.0,0.0,0.0,0.0,0.0,0.0,0.0,0.0,0.0,0.0,0.0,0.0,0.0,0.0,0.0,0.0,0.0,0.0,0.0,0.0,0.0,0.0,0.0,0.0,0.0,0.0,0.0,0.0,0.0,0.0,0.0,0.0,0.0,0.0,0.0,0.0,0.0,0.0,0.0,0.0,0.0,0.0,0.0,0.0,0.0,0.0,0.0,0.0,0.0,0.0,0.0,0.0,0.0,0.0,0.0,0.0,0.0,0.0,0.0,0.0,0.0,0.0,0.0,0.0,0.0,0.0,0.0,0.0,0.0,0.0,0.0,0.0,0.0,0.0,0.0,0.0,0.0,0.0,0.0,0.0,0.0,0.0,0.0,0.0,0.0,0.0,0.0,0.0,0.0,0.0,0.0,0.0,0.0,0.0,0.0,0.0,0.0,0.0,0.0,0.0,0.0,0.0,0.0,0.0,0.0,0.0,0.0,0.0,0.0,0.0,0.0,0.0,0.0,0.0,0.0,0.0,0.0,0.0,0.0,0.0,0.0,0.0,0.0,0.0,0.0,0.0,0.0,0.0,0.0,0.0,0.0,0.0,0.0,0.0,0.0,0.0,0.0,0.0,0.0,0.0,0.0,0.0,0.0,0.0,0.0,0.0,0.0,0.0,0.0,0.0,0.0,0.0,0.0,0.0,0.0,0.0,0.0,0.0,0.0,0.0,0.0,0.0,0.0,0.0,0.0,0.0,0.0,0.0,0.0,0.0,0.0,0.0,0.0,0.0,0.0,0.0,0.0,0.0,0.0,0.0,0.0,0.0,0.0,0.0,0.0,0.0,0.0,0.0,0.0,0.0,0.0,0.0,0.0,0.0,0.0,0.0,0.0,0.0,0.0,0.0,0.0,0.0,0.0,0.0,0.0,0.0,0.0,0.0,0.0,0.0,0.0,0.0,0.0,0.0,0.0,0.0,0.0,0.0,0.0,0.0,0.0,0.0,0.0,0.0,0.0,0.0,0.0,0.0,0.0,0.0,0.0,0.0,0.0,0.0,0.0,0.0,0.0,0.0,0.0,0.0,0.0,0.0] [1311.2619900786005,1321.8202200865917,1332.463464547639,1343.19240799478,1354.0077404728797,1364.9101575830227,1375.9003605272408,1386.9790561536227,1398.1469570017646,1409.4047813486081,1420.7532532546286,1432.193102610412,1443.7250651835902,1455.3498826661717,1467.068302722235,1478.881079036026,1490.78897136042,1502.7927455657994,1514.8931736892998,1527.0910339844697,1539.3871109713293,1551.7821954868166,1564.2770847356642,1576.872582341659,1589.569498399342,1602.368649526097,1615.270858914685,1628.2769563861766,1641.3877784433362,1654.6041683244075,1667.9269760573632,1681.3570585145608,1694.895279467867,1708.5425096441993,1722.2996267815402,1736.1675156853773,1750.1470682856248,1764.2391836939755,1778.4447682617345,1792.7647356381167,1807.2000068289992,1821.7515102561672,1836.4201818170154,1851.2069649447558,1866.112810669078,1881.1386776773347,1896.285532376183,1911.5543489537563,1926.9461094423048,1942.4618037813711,1958.1024298814455,1973.8689936881608,1989.7625092469793,2005.7839987684179,2021.9344926937952,2038.215029761504,2054.626657073813,2071.1704301642176,2087.8474130653335,2104.6586783773164,2121.605307336866,2138.6883898867477,2155.9090247459117,2173.268319480143,2190.767390573309,2208.407363499154,2226.1893727937027,2244.1145621282076,2262.184084382728,2280.399101720259,2298.7607856614945,2317.2703171601615,2335.9288866789793,2354.7376942662327,2373.6979496329395,2392.810872230673,2412.077691329971,2431.4996460994216,2451.0779856853383,2470.813969292122,2490.7088662632277,2510.763956162824,2530.9805288580706,2551.359884602096,2571.9033341176064,2592.612198681206,2613.487810208354,2634.5315113390543,2655.7446555241822,2677.1286071125573,2698.6847414386757,2720.4144449111714,2742.319115101994,2764.4001608362782,2786.6590022829737,2809.097071046162,2831.715810257159,2854.5166746673017,2877.5011307415425,2900.67065675274,2924.0267428767575,2947.570891288285,2971.304616257478,2995.22944424732,3019.346914011829,3043.658576695001,3068.1659959305807,3092.870747942638,3117.7744216469364,3142.87861875312,3168.1849538677375,3193.695054598094,3219.410561656912,3245.333128967883,3271.4644237720117,3297.806126734876,3324.3599320546946,3351.1275475713155,3378.1106948760344,3405.3111094223436,3432.7305406375262,3460.3707520352004,3488.23352132871,3516.320640545493,3544.6339161423107,3573.1751691214417,3601.9462351478164,3630.9489646670518,3660.1852230244945,3689.6568905851636,3719.3658628547196,3749.3140506013438,3779.5033799786634,3809.935792649603,3840.6132459112973,3871.5377128209448,3902.7111823227383,3934.135659375755,3965.8131650829396,3997.7457368210635,4029.9354283717907,4062.3843100537392,4095.0944688556665,4128.068008570669,4161.3070499315045,4194.813730746993,4228.590206039511,4262.638648183577,4296.961247045588,4331.560210124669,4366.437762694626,4401.596147947099,4437.037627135803,4472.764479721992,4508.779003521039,4545.083514850253,4581.680348677821,4618.571858773019,4655.7604178575675,4693.248417758249,4731.038269560753,4769.132403764733,4807.533270440121,4846.243339384716,4885.265100283049,4924.601062866471,4964.253757074609,5004.22573321805,5044.519562142395,5085.137835393579,5126.08316538458,5167.3581855634,5208.965550582488,5250.907936469426,5293.188040799074,5335.808582867062,5378.772303864684,5422.081967055189,5465.740357951513,5509.7502844954415,5554.1145772382,5598.836089522486,5643.917697666003,5689.362301146471,5735.17282278806,5781.352208949439,5827.903429713208,5874.829479076986,5922.133375145914,5969.818160326825,6017.886901523867,6066.342690335802,6115.188643254807,6164.427901866934,6214.06363305417,6264.099029198114,6314.537308385285,6365.381714614103,6416.635518003553,6468.302015003491,6520.384528606639,6572.88640856233,6625.811031591967,6679.16180160615,6732.942149923667,6787.155535492116,6841.805445110439,6896.895393653112,6952.428924296275,7008.409608745552,7064.841047465831,7121.726869912778,7179.070734766296,7236.876330165845,7295.147373947643,7353.887613883764,7413.100827923194,7472.790824434837,7532.961442452409,7593.616551921397,7654.7600539479145,7716.395881049652,7778.527997408752,7841.160399126823,7904.2971144818985,7967.94220418758,8032.099761654146,8096.773913251861,8161.968818576374,8227.688670716232,8293.937696522553,8360.720156880894,8428.04034698531,8495.90259661459,8564.311270410717,8633.270768159597,8702.785525074065,8772.860012079082,8843.498736099358,8914.706240349144,8986.487104624512,9058.845945597834,9131.787417114787,9205.31621049359,9279.437054826807,9354.154717285446,9429.47400342559,9505.399757497484,9581.936862757088,9659.090241780126,9736.864856778713,9815.265709920519,9894.297843650465,9973.966341015032,10054.276325989182,10135.232963805956,10216.841461288606,10299.107067185563,10382.035072507933,10465.630810869876,10549.89965883156,10634.84703624505,10720.478406602804,10806.799277389146,10893.815200434417,10981.531772272076,11069.954634498676,11159.08947413668,11248.94202400021,11339.518063063782,11430.823416834026,11522.863957724268,11615.64560543233,11709.174327321158,11803.456138802712,11898.49710372478,11994.303334761045,12090.880993804161,12188.23629236214,12286.375491957784,12385.304904531427,12485.030892846919,12585.55987090084,12686.898304334996,12789.052710852275,12892.029660635888,12995.8357767719,13100.477735675182,13205.962267518828,13312.296156667053,13419.486242111492,13527.539417911097,13636.462633635434,13746.262894811807,13856.947263375758,13968.522858125163,14080.996855178266,14194.376488435144,14308.66905004285,14423.881890864615] 0.31126199007860056 [Infinity,Infinity,Infinity,Infinity,Infinity,Infinity,Infinity,Infinity,Infinity,Infinity,Infinity,Infinity,Infinity,Infinity,Infinity,Infinity,Infinity,Infinity,Infinity,Infinity,Infinity,Infinity,Infinity,Infinity,Infinity,Infinity,Infinity,Infinity,Infinity,Infinity,Infinity,Infinity,Infinity,Infinity,Infinity,Infinity,Infinity,Infinity,Infinity,Infinity,Infinity,Infinity,Infinity,Infinity,Infinity,Infinity,Infinity,Infinity,Infinity,Infinity,Infinity,Infinity,Infinity,Infinity,Infinity,Infinity,Infinity,Infinity,Infinity,Infinity,Infinity,Infinity,Infinity,Infinity,Infinity,Infinity,Infinity,Infinity,Infinity,Infinity,Infinity,Infinity,Infinity,Infinity,Infinity,Infinity,Infinity,Infinity,Infinity,Infinity,Infinity,Infinity,Infinity,Infinity,Infinity,Infinity,Infinity,Infinity,Infinity,Infinity,Infinity,Infinity,Infinity,Infinity,Infinity,Infinity,Infinity,Infinity,Infinity,Infinity,Infinity,Infinity,Infinity,Infinity,Infinity,Infinity,Infinity,Infinity,Infinity,Infinity,Infinity,Infinity,Infinity,Infinity,Infinity,Infinity,Infinity,Infinity,Infinity,Infinity,Infinity,Infinity,Infinity,Infinity,Infinity,Infinity,Infinity,Infinity,Infinity,Infinity,Infinity,Infinity,Infinity,Infinity,Infinity,Infinity,Infinity,Infinity,Infinity,Infinity,Infinity,Infinity,Infinity,Infinity,Infinity,Infinity,Infinity,Infinity,Infinity,Infinity,Infinity,Infinity,Infinity,Infinity,Infinity,Infinity,Infinity,Infinity,Infinity,Infinity,Infinity,Infinity,Infinity,Infinity,Infinity,Infinity,Infinity,Infinity,Infinity,Infinity,Infinity,Infinity,Infinity,Infinity,Infinity,Infinity,Infinity,Infinity,Infinity,Infinity,Infinity,Infinity,Infinity,Infinity,Infinity,Infinity,Infinity,Infinity,Infinity,Infinity,Infinity,Infinity,Infinity,Infinity,Infinity,Infinity,Infinity,Infinity,Infinity,Infinity,Infinity,Infinity,Infinity,Infinity,Infinity,Infinity,Infinity,Infinity,Infinity,Infinity,Infinity,Infinity,Infinity,Infinity,Infinity,Infinity,Infinity,Infinity,Infinity,Infinity,Infinity,Infinity,Infinity,Infinity,Infinity,Infinity,Infinity,Infinity,Infinity,Infinity,Infinity,Infinity,Infinity,Infinity,Infinity,Infinity,Infinity,Infinity,Infinity,Infinity,Infinity,Infinity,Infinity,Infinity,Infinity,Infinity,Infinity,Infinity,Infinity,Infinity,Infinity,Infinity,Infinity,Infinity,Infinity,Infinity,Infinity,Infinity,Infinity,Infinity,Infinity,Infinity,Infinity,Infinity,Infinity,Infinity,Infinity,Infinity,Infinity,Infinity,Infinity,Infinity,Infinity,Infinity,Infinity,Infinity,Infinity,Infinity,Infinity,Infinity,Infinity,Infinity,Infinity,Infinity,Infinity,Infinity,Infinity,Infinity,Infinity,Infinity,Infinity,Infinity,Infinity,Infinity,Infinity,Infinity,Infinity,Infinity,Infinity,Infinity] [0.0,0.0,0.0,0.0,0.0,0.0,0.0,0.0,0.0,0.0,0.0,0.0,0.0,0.0,0.0,0.0,0.0,0.0,0.0,0.0,0.0,0.0,0.0,0.0,0.0,0.0,0.0,0.0,0.0,0.0,0.0,0.0,0.0,0.0,0.0,0.0,0.0,0.0,0.0,0.0,0.0,0.0,0.0,0.0,0.0,0.0,0.0,0.0,0.0,0.0,0.0,0.0,0.0,0.0,0.0,0.0,0.0,0.0,0.0,0.0,0.0,0.0,0.0,0.0,0.0,0.0,0.0,0.0,0.0,0.0,0.0,0.0,0.0,0.0,0.0,0.0,0.0,0.0,0.0,0.0,0.0,0.0,0.0,0.0,0.0,0.0,0.0,0.0,0.0,0.0,0.0,0.0,0.0,0.0,0.0,0.0,0.0,0.0,0.0,0.0,0.0,0.0,0.0,0.0,0.0,0.0,0.0,0.0,0.0,0.0,0.0,0.0,0.0,0.0,0.0,0.0,0.0,0.0,0.0,0.0,0.0,0.0,0.0,0.0,0.0,0.0,0.0,0.0,0.0,0.0,0.0,0.0,0.0,0.0,0.0,0.0,0.0,0.0,0.0,0.0,0.0,0.0,0.0,0.0,0.0,0.0,0.0,0.0,0.0,0.0,0.0,0.0,0.0,0.0,0.0,0.0,0.0,0.0,0.0,0.0,0.0,0.0,0.0,0.0,0.0,0.0,0.0,0.0,0.0,0.0,0.0,0.0,0.0,0.0,0.0,0.0,0.0,0.0,0.0,0.0,0.0,0.0,0.0,0.0,0.0,0.0,0.0,0.0,0.0,0.0,0.0,0.0,0.0,0.0,0.0,0.0,0.0,0.0,0.0,0.0,0.0,0.0,0.0,0.0,0.0,0.0,0.0,0.0,0.0,0.0,0.0,0.0,0.0,0.0,0.0,0.0,0.0,0.0,0.0,0.0,0.0,0.0,0.0,0.0,0.0,0.0,0.0,0.0,0.0,0.0,0.0,0.0,0.0,0.0,0.0,0.0,0.0,0.0,0.0,0.0,0.0,0.0,0.0,0.0,0.0,0.0,0.0,0.0,0.0,0.0,0.0,0.0,0.0,0.0,0.0,0.0,0.0,0.0,0.0,0.0,0.0,0.0,0.0,0.0,0.0,0.0,0.0,0.0,0.0,0.0,0.0,0.0,0.0,0.0,0.0,0.0,0.0,0.0,0.0,0.0,0.0,0.0,0.0,0.0,0.0,0.0,0.0,0.0,0.0,0.0,0.0,0.0,0.0,0.0,0.0,0.0,0.0,0.0,0.0,0.0]
56224.6061851342 [0.0,0.0,0.0,0.0,0.0,0.0,0.0,0.0,0.0,0.0,0.0,0.0,0.0,0.0,0.0,0.0,0.0,0.0,0.0,0.0,0.0,0.0,0.0,0.0,0.0,0.0,0.0,0.0,0.0,0.0,0.0,0.0,0.0,0.0,0.0,0.0,0.0,0.0,0.0,0.0,0.0,0.0,0.0,0.0,0.0,0.0,0.0,0.0,0.0,0.0,0.0,0.0,0.0,0.0,0.0,0.0,0.0,0.0,0.0,0.0,0.0,0.0,0.0,0.0,0.0,0.0,0.0,0.0,0.0,0.0,0.0,0.0,0.0,0.0,0.0,0.0,0.0,0.0,0.0,0.0,0.0,0.0,0.0,0.0,0.0,0.0,0.0,0.0,0.0,0.0,0.0,0.0,0.0,0.0,0.0,0.0,0.0,0.0,0.0,0.0,0.0,0.0,0.0,0.0,0.0,0.0,0.0,0.0,0.0,0.0,0.0,0.0,0.0,0.0,0.0,0.0,0.0,0.0,0.0,0.0,0.0,0.0,0.0,0.0,0.0,0.0,0.0,0.0,0.0,0.0,0.0,0.0,0.0,0.0,0.0,0.0,0.0,0.0,0.0,0.0,129.51013054377052,92.46972083417151,59.85138711051807,39.81696116647885,38.26315891578467,51.11526399856794,78.53013059735062,98.2685648214218,96.04171920622501,92.92091375976166,89.28156192844429,118.84295948765113,142.24877814764915,159.19453216236107,159.68959901130222,176.16312988968122,183.27781778757063,188.0153214069937,205.16712334635244,174.48843498239125,176.08892352801254,197.5152225139614,197.44572352586772,179.76250214707684,197.09375952382214,196.77348425771967,224.48217330063494,233.18408928187628,256.97155625465126,284.6746492937156,271.40640595104895,271.54551703826354,264.4729902420038,310.9376205241226,274.41456389751454,263.20196909106915,255.6686828066584,258.7919821525763,210.7129813273008,173.6981135251744,167.35209864261728,173.79542175929097,171.54503401573203,184.71370047187975,193.26075934128482,198.1498892592447,205.91826218696306,185.1381448123547,205.1616180140223,191.2260907163363,189.91650351566082,181.97578425440548,179.18973371202338,154.40101815610973,169.88729436273616,155.14206632416048,145.38201911000195,128.49777374737135,134.79770923622237,129.56334286923885,138.2628746652734,145.84643160415723,153.43529339201407,150.92390922491467,149.84618962976785,148.80733764853147,156.9975291760727,128.10603495481737,126.71334160665205,113.11794999078002,117.3801011505667,117.02137754389614,112.35748980870643,114.9576149811419,116.65936300610443,118.97847418807198,118.74282917881203,109.67757413040196,105.4499782970515,114.81834774499177,101.19305792506057,93.8868685203223,98.64353649097573,86.46636234974473,79.28568569063283,81.94715182818325,90.43451906780284,89.74952481267944,90.13110450762349,99.76618700490472,89.70869480553553,95.57874845865112,91.47749311720612,93.20931229189708,78.83271656167848,88.46063505551878,82.48903797087678,75.64439882933388,69.27693021930978,68.10010334755077,63.91886253776332,66.13532656281883,64.07161945912465,70.92049953818417,64.8730810883829,65.18928779664441,60.425770550312414,59.55373086714666,55.161170371175096,52.707781577066314,52.42474010924613,49.429244900726516,45.91816289518764,45.599962193756326,45.89110332373181,44.3672376826884,39.58245246802172,38.73464689498658,35.634033209670264,31.08359334081752,35.11493358931343,33.949578382204656,31.467051035522605,31.148635424669422,35.77719292907855,35.2209022857079,35.370640817982334,37.792981422661924,38.408817875290254,33.76037330662526,37.07248610564008,34.22086091942106,33.17150149089076,33.58147753596573,28.141992320704723,30.26741036722661,30.706596365324696,26.486517562020488,22.830389819776997,25.78100479252958,28.053926590622215,29.413328602985867,31.866346769235655,31.6990485649414,28.73157146693075,30.600169216464273,26.255532242504888,25.03993156677705,20.96969327478,18.84620687199127,12.846588508577588,9.1743656467078,10.16394871108609,9.696974518443913,10.848472981609701,9.306865368883782,9.723359006815027,7.460258432905178,7.068521748036095,6.632171998864608] [1311.2619900786005,1321.8202200865917,1332.463464547639,1343.19240799478,1354.0077404728797,1364.9101575830227,1375.9003605272408,1386.9790561536227,1398.1469570017646,1409.4047813486081,1420.7532532546286,1432.193102610412,1443.7250651835902,1455.3498826661717,1467.068302722235,1478.881079036026,1490.78897136042,1502.7927455657994,1514.8931736892998,1527.0910339844697,1539.3871109713293,1551.7821954868166,1564.2770847356642,1576.872582341659,1589.569498399342,1602.368649526097,1615.270858914685,1628.2769563861766,1641.3877784433362,1654.6041683244075,1667.9269760573632,1681.3570585145608,1694.895279467867,1708.5425096441993,1722.2996267815402,1736.1675156853773,1750.1470682856248,1764.2391836939755,1778.4447682617345,1792.7647356381167,1807.2000068289992,1821.7515102561672,1836.4201818170154,1851.2069649447558,1866.112810669078,1881.1386776773347,1896.285532376183,1911.5543489537563,1926.9461094423048,1942.4618037813711,1958.1024298814455,1973.8689936881608,1989.7625092469793,2005.7839987684179,2021.9344926937952,2038.215029761504,2054.626657073813,2071.1704301642176,2087.8474130653335,2104.6586783773164,2121.605307336866,2138.6883898867477,2155.9090247459117,2173.268319480143,2190.767390573309,2208.407363499154,2226.1893727937027,2244.1145621282076,2262.184084382728,2280.399101720259,2298.7607856614945,2317.2703171601615,2335.9288866789793,2354.7376942662327,2373.6979496329395,2392.810872230673,2412.077691329971,2431.4996460994216,2451.0779856853383,2470.813969292122,2490.7088662632277,2510.763956162824,2530.9805288580706,2551.359884602096,2571.9033341176064,2592.612198681206,2613.487810208354,2634.5315113390543,2655.7446555241822,2677.1286071125573,2698.6847414386757,2720.4144449111714,2742.319115101994,2764.4001608362782,2786.6590022829737,2809.097071046162,2831.715810257159,2854.5166746673017,2877.5011307415425,2900.67065675274,2924.0267428767575,2947.570891288285,2971.304616257478,2995.22944424732,3019.346914011829,3043.658576695001,3068.1659959305807,3092.870747942638,3117.7744216469364,3142.87861875312,3168.1849538677375,3193.695054598094,3219.410561656912,3245.333128967883,3271.4644237720117,3297.806126734876,3324.3599320546946,3351.1275475713155,3378.1106948760344,3405.3111094223436,3432.7305406375262,3460.3707520352004,3488.23352132871,3516.320640545493,3544.6339161423107,3573.1751691214417,3601.9462351478164,3630.9489646670518,3660.1852230244945,3689.6568905851636,3719.3658628547196,3749.3140506013438,3779.5033799786634,3809.935792649603,3840.6132459112973,3871.5377128209448,3902.7111823227383,3934.135659375755,3965.8131650829396,3997.7457368210635,4029.9354283717907,4062.3843100537392,4095.0944688556665,4128.068008570669,4161.3070499315045,4194.813730746993,4228.590206039511,4262.638648183577,4296.961247045588,4331.560210124669,4366.437762694626,4401.596147947099,4437.037627135803,4472.764479721992,4508.779003521039,4545.083514850253,4581.680348677821,4618.571858773019,4655.7604178575675,4693.248417758249,4731.038269560753,4769.132403764733,4807.533270440121,4846.243339384716,4885.265100283049,4924.601062866471,4964.253757074609,5004.22573321805,5044.519562142395,5085.137835393579,5126.08316538458,5167.3581855634,5208.965550582488,5250.907936469426,5293.188040799074,5335.808582867062,5378.772303864684,5422.081967055189,5465.740357951513,5509.7502844954415,5554.1145772382,5598.836089522486,5643.917697666003,5689.362301146471,5735.17282278806,5781.352208949439,5827.903429713208,5874.829479076986,5922.133375145914,5969.818160326825,6017.886901523867,6066.342690335802,6115.188643254807,6164.427901866934,6214.06363305417,6264.099029198114,6314.537308385285,6365.381714614103,6416.635518003553,6468.302015003491,6520.384528606639,6572.88640856233,6625.811031591967,6679.16180160615,6732.942149923667,6787.155535492116,6841.805445110439,6896.895393653112,6952.428924296275,7008.409608745552,7064.841047465831,7121.726869912778,7179.070734766296,7236.876330165845,7295.147373947643,7353.887613883764,7413.100827923194,7472.790824434837,7532.961442452409,7593.616551921397,7654.7600539479145,7716.395881049652,7778.527997408752,7841.160399126823,7904.2971144818985,7967.94220418758,8032.099761654146,8096.773913251861,8161.968818576374,8227.688670716232,8293.937696522553,8360.720156880894,8428.04034698531,8495.90259661459,8564.311270410717,8633.270768159597,8702.785525074065,8772.860012079082,8843.498736099358,8914.706240349144,8986.487104624512,9058.845945597834,9131.787417114787,9205.31621049359,9279.437054826807,9354.154717285446,9429.47400342559,9505.399757497484,9581.936862757088,9659.090241780126,9736.864856778713,9815.265709920519,9894.297843650465,9973.966341015032,10054.276325989182,10135.232963805956,10216.841461288606,10299.107067185563,10382.035072507933,10465.630810869876,10549.89965883156,10634.84703624505,10720.478406602804,10806.799277389146,10893.815200434417,10981.531772272076,11069.954634498676,11159.08947413668,11248.94202400021,11339.518063063782,11430.823416834026,11522.863957724268,11615.64560543233,11709.174327321158,11803.456138802712,11898.49710372478,11994.303334761045,12090.880993804161,12188.23629236214,12286.375491957784,12385.304904531427,12485.030892846919,12585.55987090084,12686.898304334996,12789.052710852275,12892.029660635888,12995.8357767719,13100.477735675182,13205.962267518828,13312.296156667053,13419.486242111492,13527.539417911097,13636.462633635434,13746.262894811807,13856.947263375758,13968.522858125163,14080.996855178266,14194.376488435144,14308.66905004285,14423.881890864615] 0.31126199007860056 [Infinity,Infinity,Infinity,Infinity,Infinity,Infinity,Infinity,Infinity,Infinity,Infinity,Infinity,Infinity,Infinity,Infinity,Infinity,Infinity,Infinity,Infinity,Infinity,Infinity,Infinity,Infinity,Infinity,Infinity,Infinity,Infinity,Infinity,Infinity,Infinity,Infinity,Infinity,Infinity,Infinity,Infinity,Infinity,Infinity,Infinity,Infinity,Infinity,Infinity,Infinity,Infinity,Infinity,Infinity,Infinity,Infinity,Infinity,Infinity,Infinity,Infinity,Infinity,Infinity,Infinity,Infinity,Infinity,Infinity,Infinity,Infinity,Infinity,Infinity,Infinity,Infinity,Infinity,Infinity,Infinity,Infinity,Infinity,Infinity,Infinity,Infinity,Infinity,Infinity,Infinity,Infinity,Infinity,Infinity,Infinity,Infinity,Infinity,Infinity,Infinity,Infinity,Infinity,Infinity,Infinity,Infinity,Infinity,Infinity,Infinity,Infinity,Infinity,Infinity,Infinity,Infinity,Infinity,Infinity,Infinity,Infinity,Infinity,Infinity,Infinity,Infinity,Infinity,Infinity,Infinity,Infinity,Infinity,Infinity,Infinity,Infinity,Infinity,Infinity,Infinity,Infinity,Infinity,Infinity,Infinity,Infinity,Infinity,Infinity,Infinity,Infinity,Infinity,Infinity,Infinity,Infinity,Infinity,Infinity,Infinity,Infinity,Infinity,Infinity,Infinity,Infinity,Infinity,Infinity,Infinity,Infinity,Infinity,Infinity,6.810415376558099,4.727139287174145,2.866898697011399,1.9335270905319555,1.9272376811044722,2.7664281826645594,3.974254373701058,4.801366192232601,4.721746471412954,4.3550652044505345,4.652735634312435,5.922628156779155,7.419138539856138,8.36740653855733,8.77059623073247,9.052758971381824,9.42195840249403,9.614296467985062,9.35069882144068,8.858717622771987,8.647180996102792,8.923446587851481,9.380170553535901,9.716423751505506,9.96014108447812,10.246184756407017,10.701098785417452,11.443559861491092,12.37320307306434,13.003327450406065,13.022973837501691,12.934746981474124,13.31351644721158,13.83098895746949,13.806104137420908,13.2189065775466,12.49811016538079,11.687725278489232,10.445503037620997,9.01207655967537,8.402084445736936,8.87976981545706,9.42261519165941,9.483699382107039,9.553312768111622,9.855785565027464,9.973609732360345,9.782620213122222,9.725832900957467,9.846780784666919,9.590961325856274,8.921121466348314,8.388973171095895,8.19421321298339,8.20994614008101,8.089227899122202,7.494417638430534,6.736408740328177,6.260735113892268,6.276371685326188,6.750134867829695,7.343451468560204,7.793899684585317,7.949362465250992,7.835728729740526,7.527801491575614,7.061448287632059,6.578511777471474,6.289321280120989,6.083968604930879,5.868677842505205,5.868657065081409,5.9458437303240395,5.790300378734097,5.736292725204138,5.84821101595815,5.728841023338662,5.519275978671937,5.426658244880756,5.416633151571983,5.392671508043332,5.227147532375084,4.823334611082815,4.407163254237005,4.168530719598218,4.086462241016378,4.238152978539168,4.5183655938147975,4.685416561924016,4.745422844863693,4.742049618078749,4.677754493851844,4.527720488087317,4.3928629265912384,4.303920754216999,4.205823992709208,4.076054367624933,4.024066107735986,3.8481133127800904,3.5520232181149582,3.564948753144395,3.4508271635180576,3.3320827009637375,3.333580294194429,3.2825493383209716,3.1378714092008666,3.026366646056257,2.950106223668676,2.903088425847296,2.846769717072616,2.709813092243091,2.5364481373624885,2.406777759938682,2.44913966104873,2.509697913239564,2.3455554459274293,2.096273213153338,1.911042253839072,1.7285668083596857,1.740202845295914,1.7152876260042498,1.7191019721349523,1.6985567766113252,1.7115819667042156,1.7090866116134051,1.8294297124123862,1.9028819974970457,1.8595057044308263,1.8373375444252882,1.8510057529323969,1.783277668261156,1.7348199442963943,1.6611051011624045,1.617552456151392,1.4918994442560505,1.4879027804026337,1.535213123508897,1.2825865313798512,1.2854977962869814,1.3502395032082752,1.3322455634941248,1.5251436881332046,1.6406359514043825,1.592058030378507,1.4829867806536048,1.4692886087691588,1.3840839088712396,1.2407991125919913,1.0572762195430836,0.8591570278226224,0.6901856929961745,0.4739925153654695,0.5045833799025591,0.49136301998767945,0.5391150370405804,0.47598637154462164,0.48255545296728786,0.38378241631169285,0.37117655183898324,0.345385742494811] [0.0,0.0,0.0,0.0,0.0,0.0,0.0,0.0,0.0,0.0,0.0,0.0,0.0,0.0,0.0,0.0,0.0,0.0,0.0,0.0,0.0,0.0,0.0,0.0,0.0,0.0,0.0,0.0,0.0,0.0,0.0,0.0,0.0,0.0,0.0,0.0,0.0,0.0,0.0,0.0,0.0,0.0,0.0,0.0,0.0,0.0,0.0,0.0,0.0,0.0,0.0,0.0,0.0,0.0,0.0,0.0,0.0,0.0,0.0,0.0,0.0,0.0,0.0,0.0,0.0,0.0,0.0,0.0,0.0,0.0,0.0,0.0,0.0,0.0,0.0,0.0,0.0,0.0,0.0,0.0,0.0,0.0,0.0,0.0,0.0,0.0,0.0,0.0,0.0,0.0,0.0,0.0,0.0,0.0,0.0,0.0,0.0,0.0,0.0,0.0,0.0,0.0,0.0,0.0,0.0,0.0,0.0,0.0,0.0,0.0,0.0,0.0,0.0,0.0,0.0,0.0,0.0,0.0,0.0,0.0,0.0,0.0,0.0,0.0,0.0,0.0,0.0,0.0,0.0,0.0,0.0,0.0,0.0,0.0,0.0,0.0,0.0,0.0,0.0,0.0,-6.698176987391462,-2.0730649093113884,2.513413170290089,1.1464193558397362,-0.2815947063047719,-4.213299654723244,-0.9549568766705366,2.241240976769778,1.6067897779659426,5.819609670750961,-3.7731507578044137,0.3903963520680287,-6.13399264947362,-8.153598608785511,-15.722325603347196,-4.892049537955245,-5.161350262309953,-4.2706079527075484,18.153146917538844,-2.6859174730484803,3.1453036059567094,19.04629075693177,9.842312455149688,-14.565972883033256,-2.109062165740272,-8.150210870420667,10.460197592285894,4.312892052054435,9.507494793364451,24.60810028559434,10.94692920101513,12.85057740878107,-1.7973387022278093,34.317841374732865,-1.7075188509036334,-1.176162459862819,5.706479499042621,25.03747658279164,1.802920574880898,-6.543417668333004,-0.6895902721214333,-3.799974549850226,-16.907269817456168,-4.960287170261034,2.1945039790523597,1.0341779586954503,6.4460675397561635,-10.514259450089714,10.644959994872954,-5.709524977002071,-1.9027230014646237,3.553354927439198,11.410270290105474,-9.483246103558102,5.688371561115943,-6.642491658283538,-4.506333658608726,-6.230401059192184,9.583006958377018,4.035909162715095,3.260177308679482,-1.0225977670468522,-2.4427002996922678,-8.063340080105174,-6.868384965042667,-1.7486921829808089,15.768563423431505,-3.4642005946120946,0.9269160042322788,-8.561422107837558,0.00654430046260891,-0.35176375773206553,-6.559384797774354,-0.8483925935400197,1.9335085020216731,2.0142538689089777,4.166008712038806,-0.7079454430367689,-3.0831866005636157,6.485684713552108,-6.6603722358060615,-10.65608212717939,2.1768442693194427,-1.6769027349953747,-4.084928701331527,0.21790700785569794,5.671459497019473,-0.6177870636165238,-3.5772267308568275,4.857730107630855,-5.13229755603945,2.0236585816142467,0.9230833554597982,5.3520537600723115,-7.245698522661499,4.344155201334624,0.967950618378111,-4.836923325385835,-7.685336036292033,-2.9403610147483845,-7.380112525124588,-2.881216707542315,-2.5700345601501,4.2488936542956015,-0.7779056780365277,2.431859612627071,-0.1015623708127217,0.5516063937731429,-2.900598145770824,-4.227612764386006,-1.7715217356156925,-1.2997178465232528,-2.217392303586005,-3.3828310272182804,-4.302854941059461,-2.5438712358601885,-2.3430117950450424,0.5138018182051487,1.062697042476547,-3.72046356510076,0.8091810692284365,-0.432461060494391,-2.5040844967039013,-3.083003909414892,1.5954606968104508,-1.367691962539824,-2.686999131958581,0.6028673340454,1.6620669867844848,-3.25974175202268,1.40693274041696,-0.47553796650682795,-0.050600532357329295,1.2304284129378922,-1.6959965644162858,0.5093547591739372,0.0023338951467544366,0.8347869344234615,-2.8795661059626303,-1.2237852716359263,1.4090153207397198,-1.089545159678223,-0.946372258851995,-0.14211204262873836,-0.9281641461413501,1.2143970410810996,-1.426145934919904,0.2239493149372263,-0.17583111608167484,1.6630663155388248,-0.9571253513459035,-0.30548466060158996,0.07228111303490921,-0.1302858813096772,0.0661722407980918,-0.21286206200865032,0.07224994746927053,-0.21538989332867906,-0.3550092887435695,-0.2755428510316124]
56205.28512552884 [0.0,0.0,0.0,0.0,0.0,0.0,0.0,0.0,0.0,0.0,0.0,0.0,0.0,0.0,0.0,0.0,0.0,0.0,0.0,0.0,0.0,0.0,0.0,0.0,0.0,0.0,0.0,0.0,0.0,0.0,0.0,0.0,0.0,0.0,0.0,0.0,0.0,0.0,0.0,0.0,0.0,0.0,0.0,0.0,0.0,0.0,0.0,0.0,0.0,0.0,0.0,0.0,0.0,0.0,0.0,0.0,0.0,0.0,0.0,0.0,0.0,0.0,0.0,0.0,0.0,0.0,0.0,0.0,0.0,0.0,0.0,0.0,0.0,0.0,0.0,0.0,0.0,0.0,0.0,0.0,0.0,0.0,0.0,0.0,0.0,0.0,0.0,0.0,0.0,0.0,0.0,0.0,0.0,0.0,0.0,0.0,0.0,0.0,0.0,0.0,0.0,0.0,0.0,0.0,0.0,0.0,0.0,0.0,0.0,0.0,0.0,0.0,0.0,0.0,0.0,0.0,0.0,0.0,0.0,0.0,0.0,0.0,0.0,0.0,0.0,0.0,0.0,0.0,0.0,0.0,0.0,0.0,0.0,0.0,0.0,0.0,0.0,0.0,0.0,0.0,0.0,0.0,0.0,0.0,0.0,0.0,0.0,0.0,0.0,0.0,0.0,0.0,0.0,0.0,0.0,0.0,0.0,0.0,0.0,0.0,0.0,0.0,0.0,0.0,0.0,0.0,0.0,0.0,0.0,0.0,0.0,0.0,0.0,0.0,0.0,0.0,0.0,0.0,0.0,0.0,0.0,0.0,0.0,0.0,0.0,0.0,0.0,0.0,0.0,0.0,0.0,0.0,0.0,0.0,0.0,0.0,0.0,0.0,0.0,0.0,0.0,0.0,0.0,0.0,0.0,0.0,0.0,0.0,0.0,0.0,0.0,0.0,0.0,0.0,0.0,0.0,0.0,0.0,0.0,0.0,0.0,0.0,0.0,0.0,0.0,0.0,0.0,0.0,0.0,0.0,0.0,0.0,0.0,0.0,0.0,0.0,0.0,0.0,0.0,0.0,0.0,0.0,0.0,0.0,0.0,0.0,0.0,0.0,0.0,0.0,0.0,0.0,0.0,0.0,0.0,0.0,0.0,0.0,0.0,0.0,0.0,0.0,0.0,0.0,0.0,0.0,0.0,0.0,0.0,0.0,0.0,0.0,0.0,0.0,0.0,0.0,0.0,0.0,0.0,0.0,0.0,0.0,0.0,0.0,0.0,0.0,0.0,0.0,0.0,0.0,0.0,0.0,0.0,0.0,0.0,0.0,0.0,0.0,0.0,0.0] [1311.2619900786005,1321.8202200865917,1332.463464547639,1343.19240799478,1354.0077404728797,1364.9101575830227,1375.9003605272408,1386.9790561536227,1398.1469570017646,1409.4047813486081,1420.7532532546286,1432.193102610412,1443.7250651835902,1455.3498826661717,1467.068302722235,1478.881079036026,1490.78897136042,1502.7927455657994,1514.8931736892998,1527.0910339844697,1539.3871109713293,1551.7821954868166,1564.2770847356642,1576.872582341659,1589.569498399342,1602.368649526097,1615.270858914685,1628.2769563861766,1641.3877784433362,1654.6041683244075,1667.9269760573632,1681.3570585145608,1694.895279467867,1708.5425096441993,1722.2996267815402,1736.1675156853773,1750.1470682856248,1764.2391836939755,1778.4447682617345,1792.7647356381167,1807.2000068289992,1821.7515102561672,1836.4201818170154,1851.2069649447558,1866.112810669078,1881.1386776773347,1896.285532376183,1911.5543489537563,1926.9461094423048,1942.4618037813711,1958.1024298814455,1973.8689936881608,1989.7625092469793,2005.7839987684179,2021.9344926937952,2038.215029761504,2054.626657073813,2071.1704301642176,2087.8474130653335,2104.6586783773164,2121.605307336866,2138.6883898867477,2155.9090247459117,2173.268319480143,2190.767390573309,2208.407363499154,2226.1893727937027,2244.1145621282076,2262.184084382728,2280.399101720259,2298.7607856614945,2317.2703171601615,2335.9288866789793,2354.7376942662327,2373.6979496329395,2392.810872230673,2412.077691329971,2431.4996460994216,2451.0779856853383,2470.813969292122,2490.7088662632277,2510.763956162824,2530.9805288580706,2551.359884602096,2571.9033341176064,2592.612198681206,2613.487810208354,2634.5315113390543,2655.7446555241822,2677.1286071125573,2698.6847414386757,2720.4144449111714,2742.319115101994,2764.4001608362782,2786.6590022829737,2809.097071046162,2831.715810257159,2854.5166746673017,2877.5011307415425,2900.67065675274,2924.0267428767575,2947.570891288285,2971.304616257478,2995.22944424732,3019.346914011829,3043.658576695001,3068.1659959305807,3092.870747942638,3117.7744216469364,3142.87861875312,3168.1849538677375,3193.695054598094,3219.410561656912,3245.333128967883,3271.4644237720117,3297.806126734876,3324.3599320546946,3351.1275475713155,3378.1106948760344,3405.3111094223436,3432.7305406375262,3460.3707520352004,3488.23352132871,3516.320640545493,3544.6339161423107,3573.1751691214417,3601.9462351478164,3630.9489646670518,3660.1852230244945,3689.6568905851636,3719.3658628547196,3749.3140506013438,3779.5033799786634,3809.935792649603,3840.6132459112973,3871.5377128209448,3902.7111823227383,3934.135659375755,3965.8131650829396,3997.7457368210635,4029.9354283717907,4062.3843100537392,4095.0944688556665,4128.068008570669,4161.3070499315045,4194.813730746993,4228.590206039511,4262.638648183577,4296.961247045588,4331.560210124669,4366.437762694626,4401.596147947099,4437.037627135803,4472.764479721992,4508.779003521039,4545.083514850253,4581.680348677821,4618.571858773019,4655.7604178575675,4693.248417758249,4731.038269560753,4769.132403764733,4807.533270440121,4846.243339384716,4885.265100283049,4924.601062866471,4964.253757074609,5004.22573321805,5044.519562142395,5085.137835393579,5126.08316538458,5167.3581855634,5208.965550582488,5250.907936469426,5293.188040799074,5335.808582867062,5378.772303864684,5422.081967055189,5465.740357951513,5509.7502844954415,5554.1145772382,5598.836089522486,5643.917697666003,5689.362301146471,5735.17282278806,5781.352208949439,5827.903429713208,5874.829479076986,5922.133375145914,5969.818160326825,6017.886901523867,6066.342690335802,6115.188643254807,6164.427901866934,6214.06363305417,6264.099029198114,6314.537308385285,6365.381714614103,6416.635518003553,6468.302015003491,6520.384528606639,6572.88640856233,6625.811031591967,6679.16180160615,6732.942149923667,6787.155535492116,6841.805445110439,6896.895393653112,6952.428924296275,7008.409608745552,7064.841047465831,7121.726869912778,7179.070734766296,7236.876330165845,7295.147373947643,7353.887613883764,7413.100827923194,7472.790824434837,7532.961442452409,7593.616551921397,7654.7600539479145,7716.395881049652,7778.527997408752,7841.160399126823,7904.2971144818985,7967.94220418758,8032.099761654146,8096.773913251861,8161.968818576374,8227.688670716232,8293.937696522553,8360.720156880894,8428.04034698531,8495.90259661459,8564.311270410717,8633.270768159597,8702.785525074065,8772.860012079082,8843.498736099358,8914.706240349144,8986.487104624512,9058.845945597834,9131.787417114787,9205.31621049359,9279.437054826807,9354.154717285446,9429.47400342559,9505.399757497484,9581.936862757088,9659.090241780126,9736.864856778713,9815.265709920519,9894.297843650465,9973.966341015032,10054.276325989182,10135.232963805956,10216.841461288606,10299.107067185563,10382.035072507933,10465.630810869876,10549.89965883156,10634.84703624505,10720.478406602804,10806.799277389146,10893.815200434417,10981.531772272076,11069.954634498676,11159.08947413668,11248.94202400021,11339.518063063782,11430.823416834026,11522.863957724268,11615.64560543233,11709.174327321158,11803.456138802712,11898.49710372478,11994.303334761045,12090.880993804161,12188.23629236214,12286.375491957784,12385.304904531427,12485.030892846919,12585.55987090084,12686.898304334996,12789.052710852275,12892.029660635888,12995.8357767719,13100.477735675182,13205.962267518828,13312.296156667053,13419.486242111492,13527.539417911097,13636.462633635434,13746.262894811807,13856.947263375758,13968.522858125163,14080.996855178266,14194.376488435144,14308.66905004285,14423.881890864615] 0.31126199007860056 [Infinity,Infinity,Infinity,Infinity,Infinity,Infinity,Infinity,Infinity,Infinity,Infinity,Infinity,Infinity,Infinity,Infinity,Infinity,Infinity,Infinity,Infinity,Infinity,Infinity,Infinity,Infinity,Infinity,Infinity,Infinity,Infinity,Infinity,Infinity,Infinity,Infinity,Infinity,Infinity,Infinity,Infinity,Infinity,Infinity,Infinity,Infinity,Infinity,Infinity,Infinity,Infinity,Infinity,Infinity,Infinity,Infinity,Infinity,Infinity,Infinity,Infinity,Infinity,Infinity,Infinity,Infinity,Infinity,Infinity,Infinity,Infinity,Infinity,Infinity,Infinity,Infinity,Infinity,Infinity,Infinity,Infinity,Infinity,Infinity,Infinity,Infinity,Infinity,Infinity,Infinity,Infinity,Infinity,Infinity,Infinity,Infinity,Infinity,Infinity,Infinity,Infinity,Infinity,Infinity,Infinity,Infinity,Infinity,Infinity,Infinity,Infinity,Infinity,Infinity,Infinity,Infinity,Infinity,Infinity,Infinity,Infinity,Infinity,Infinity,Infinity,Infinity,Infinity,Infinity,Infinity,Infinity,Infinity,Infinity,Infinity,Infinity,Infinity,Infinity,Infinity,Infinity,Infinity,Infinity,Infinity,Infinity,Infinity,Infinity,Infinity,Infinity,Infinity,Infinity,Infinity,Infinity,Infinity,Infinity,Infinity,Infinity,Infinity,Infinity,Infinity,Infinity,Infinity,Infinity,Infinity,Infinity,Infinity,Infinity,Infinity,Infinity,Infinity,Infinity,Infinity,Infinity,Infinity,Infinity,Infinity,Infinity,Infinity,Infinity,Infinity,Infinity,Infinity,Infinity,Infinity,Infinity,Infinity,Infinity,Infinity,Infinity,Infinity,Infinity,Infinity,Infinity,Infinity,Infinity,Infinity,Infinity,Infinity,Infinity,Infinity,Infinity,Infinity,Infinity,Infinity,Infinity,Infinity,Infinity,Infinity,Infinity,Infinity,Infinity,Infinity,Infinity,Infinity,Infinity,Infinity,Infinity,Infinity,Infinity,Infinity,Infinity,Infinity,Infinity,Infinity,Infinity,Infinity,Infinity,Infinity,Infinity,Infinity,Infinity,Infinity,Infinity,Infinity,Infinity,Infinity,Infinity,Infinity,Infinity,Infinity,Infinity,Infinity,Infinity,Infinity,Infinity,Infinity,Infinity,Infinity,Infinity,Infinity,Infinity,Infinity,Infinity,Infinity,Infinity,Infinity,Infinity,Infinity,Infinity,Infinity,Infinity,Infinity,Infinity,Infinity,Infinity,Infinity,Infinity,Infinity,Infinity,Infinity,Infinity,Infinity,Infinity,Infinity,Infinity,Infinity,Infinity,Infinity,Infinity,Infinity,Infinity,Infinity,Infinity,Infinity,Infinity,Infinity,Infinity,Infinity,Infinity,Infinity,Infinity,Infinity,Infinity,Infinity,Infinity,Infinity,Infinity,Infinity,Infinity,Infinity,Infinity,Infinity,Infinity,Infinity,Infinity,Infinity,Infinity,Infinity,Infinity,Infinity,Infinity,Infinity,Infinity,Infinity,Infinity,Infinity,Infinity,Infinity,Infinity,Infinity,Infinity,Infinity,Infinity,Infinity,Infinity,Infinity,Infinity] [0.0,0.0,0.0,0.0,0.0,0.0,0.0,0.0,0.0,0.0,0.0,0.0,0.0,0.0,0.0,0.0,0.0,0.0,0.0,0.0,0.0,0.0,0.0,0.0,0.0,0.0,0.0,0.0,0.0,0.0,0.0,0.0,0.0,0.0,0.0,0.0,0.0,0.0,0.0,0.0,0.0,0.0,0.0,0.0,0.0,0.0,0.0,0.0,0.0,0.0,0.0,0.0,0.0,0.0,0.0,0.0,0.0,0.0,0.0,0.0,0.0,0.0,0.0,0.0,0.0,0.0,0.0,0.0,0.0,0.0,0.0,0.0,0.0,0.0,0.0,0.0,0.0,0.0,0.0,0.0,0.0,0.0,0.0,0.0,0.0,0.0,0.0,0.0,0.0,0.0,0.0,0.0,0.0,0.0,0.0,0.0,0.0,0.0,0.0,0.0,0.0,0.0,0.0,0.0,0.0,0.0,0.0,0.0,0.0,0.0,0.0,0.0,0.0,0.0,0.0,0.0,0.0,0.0,0.0,0.0,0.0,0.0,0.0,0.0,0.0,0.0,0.0,0.0,0.0,0.0,0.0,0.0,0.0,0.0,0.0,0.0,0.0,0.0,0.0,0.0,0.0,0.0,0.0,0.0,0.0,0.0,0.0,0.0,0.0,0.0,0.0,0.0,0.0,0.0,0.0,0.0,0.0,0.0,0.0,0.0,0.0,0.0,0.0,0.0,0.0,0.0,0.0,0.0,0.0,0.0,0.0,0.0,0.0,0.0,0.0,0.0,0.0,0.0,0.0,0.0,0.0,0.0,0.0,0.0,0.0,0.0,0.0,0.0,0.0,0.0,0.0,0.0,0.0,0.0,0.0,0.0,0.0,0.0,0.0,0.0,0.0,0.0,0.0,0.0,0.0,0.0,0.0,0.0,0.0,0.0,0.0,0.0,0.0,0.0,0.0,0.0,0.0,0.0,0.0,0.0,0.0,0.0,0.0,0.0,0.0,0.0,0.0,0.0,0.0,0.0,0.0,0.0,0.0,0.0,0.0,0.0,0.0,0.0,0.0,0.0,0.0,0.0,0.0,0.0,0.0,0.0,0.0,0.0,0.0,0.0,0.0,0.0,0.0,0.0,0.0,0.0,0.0,0.0,0.0,0.0,0.0,0.0,0.0,0.0,0.0,0.0,0.0,0.0,0.0,0.0,0.0,0.0,0.0,0.0,0.0,0.0,0.0,0.0,0.0,0.0,0.0,0.0,0.0,0.0,0.0,0.0,0.0,0.0,0.0,0.0,0.0,0.0,0.0,0.0,0.0,0.0,0.0,0.0,0.0,0.0]
56403.10962679973 [0.0,0.0,0.0,0.0,0.0,0.0,0.0,0.0,0.0,0.0,0.0,0.0,0.0,0.0,0.0,0.0,0.0,0.0,0.0,0.0,0.0,0.0,0.0,0.0,0.0,0.0,0.0,0.0,0.0,0.0,0.0,0.0,0.0,0.0,0.0,0.0,0.0,0.0,0.0,0.0,0.0,0.0,0.0,0.0,0.0,0.0,0.0,0.0,0.0,0.0,0.0,0.0,0.0,0.0,0.0,0.0,0.0,0.0,0.0,0.0,0.0,0.0,0.0,0.0,0.0,0.0,0.0,0.0,0.0,0.0,0.0,0.0,0.0,0.0,0.0,0.0,0.0,0.0,0.0,0.0,0.0,0.0,0.0,0.0,0.0,0.0,0.0,0.0,0.0,0.0,0.0,0.0,0.0,0.0,0.0,0.0,0.0,0.0,0.0,0.0,0.0,0.0,0.0,0.0,0.0,0.0,0.0,0.0,0.0,0.0,0.0,0.0,0.0,0.0,0.0,0.0,0.0,0.0,0.0,0.0,0.0,0.0,0.0,0.0,0.0,0.0,0.0,0.0,0.0,0.0,0.0,0.0,0.0,0.0,0.0,0.0,0.0,0.0,0.0,0.0,0.0,0.0,0.0,0.0,0.0,0.0,0.0,0.0,0.0,0.0,0.0,0.0,0.0,0.0,0.0,0.0,0.0,0.0,0.0,0.0,0.0,0.0,0.0,0.0,0.0,0.0,0.0,0.0,0.0,0.0,0.0,0.0,0.0,0.0,0.0,0.0,0.0,0.0,0.0,0.0,0.0,0.0,0.0,0.0,0.0,0.0,0.0,0.0,0.0,0.0,0.0,0.0,0.0,0.0,0.0,0.0,0.0,0.0,0.0,0.0,0.0,0.0,0.0,0.0,0.0,0.0,0.0,0.0,0.0,0.0,0.0,0.0,0.0,0.0,0.0,0.0,0.0,0.0,0.0,0.0,0.0,0.0,0.0,0.0,0.0,0.0,0.0,0.0,0.0,0.0,0.0,0.0,0.0,0.0,0.0,0.0,0.0,0.0,0.0,0.0,0.0,0.0,0.0,0.0,0.0,0.0,0.0,0.0,0.0,0.0,0.0,0.0,0.0,0.0,0.0,0.0,0.0,0.0,0.0,0.0,0.0,0.0,0.0,0.0,0.0,0.0,0.0,0.0,0.0,0.0,0.0,0.0,0.0,0.0,0.0,0.0,0.0,0.0,0.0,0.0,0.0,0.0,0.0,0.0,0.0,0.0,0.0,0.0,0.0,0.0,0.0,0.0,0.0,0.0,0.0,0.0,0.0,0.0,0.0,0.0] [1311.2619900786005,1321.8202200865917,1332.463464547639,1343.19240799478,1354.0077404728797,1364.9101575830227,1375.9003605272408,1386.9790561536227,1398.1469570017646,1409.4047813486081,1420.7532532546286,1432.193102610412,1443.7250651835902,1455.3498826661717,1467.068302722235,1478.881079036026,1490.78897136042,1502.7927455657994,1514.8931736892998,1527.0910339844697,1539.3871109713293,1551.7821954868166,1564.2770847356642,1576.872582341659,1589.569498399342,1602.368649526097,1615.270858914685,1628.2769563861766,1641.3877784433362,1654.6041683244075,1667.9269760573632,1681.3570585145608,1694.895279467867,1708.5425096441993,1722.2996267815402,1736.1675156853773,1750.1470682856248,1764.2391836939755,1778.4447682617345,1792.7647356381167,1807.2000068289992,1821.7515102561672,1836.4201818170154,1851.2069649447558,1866.112810669078,1881.1386776773347,1896.285532376183,1911.5543489537563,1926.9461094423048,1942.4618037813711,1958.1024298814455,1973.8689936881608,1989.7625092469793,2005.7839987684179,2021.9344926937952,2038.215029761504,2054.626657073813,2071.1704301642176,2087.8474130653335,2104.6586783773164,2121.605307336866,2138.6883898867477,2155.9090247459117,2173.268319480143,2190.767390573309,2208.407363499154,2226.1893727937027,2244.1145621282076,2262.184084382728,2280.399101720259,2298.7607856614945,2317.2703171601615,2335.9288866789793,2354.7376942662327,2373.6979496329395,2392.810872230673,2412.077691329971,2431.4996460994216,2451.0779856853383,2470.813969292122,2490.7088662632277,2510.763956162824,2530.9805288580706,2551.359884602096,2571.9033341176064,2592.612198681206,2613.487810208354,2634.5315113390543,2655.7446555241822,2677.1286071125573,2698.6847414386757,2720.4144449111714,2742.319115101994,2764.4001608362782,2786.6590022829737,2809.097071046162,2831.715810257159,2854.5166746673017,2877.5011307415425,2900.67065675274,2924.0267428767575,2947.570891288285,2971.304616257478,2995.22944424732,3019.346914011829,3043.658576695001,3068.1659959305807,3092.870747942638,3117.7744216469364,3142.87861875312,3168.1849538677375,3193.695054598094,3219.410561656912,3245.333128967883,3271.4644237720117,3297.806126734876,3324.3599320546946,3351.1275475713155,3378.1106948760344,3405.3111094223436,3432.7305406375262,3460.3707520352004,3488.23352132871,3516.320640545493,3544.6339161423107,3573.1751691214417,3601.9462351478164,3630.9489646670518,3660.1852230244945,3689.6568905851636,3719.3658628547196,3749.3140506013438,3779.5033799786634,3809.935792649603,3840.6132459112973,3871.5377128209448,3902.7111823227383,3934.135659375755,3965.8131650829396,3997.7457368210635,4029.9354283717907,4062.3843100537392,4095.0944688556665,4128.068008570669,4161.3070499315045,4194.813730746993,4228.590206039511,4262.638648183577,4296.961247045588,4331.560210124669,4366.437762694626,4401.596147947099,4437.037627135803,4472.764479721992,4508.779003521039,4545.083514850253,4581.680348677821,4618.571858773019,4655.7604178575675,4693.248417758249,4731.038269560753,4769.132403764733,4807.533270440121,4846.243339384716,4885.265100283049,4924.601062866471,4964.253757074609,5004.22573321805,5044.519562142395,5085.137835393579,5126.08316538458,5167.3581855634,5208.965550582488,5250.907936469426,5293.188040799074,5335.808582867062,5378.772303864684,5422.081967055189,5465.740357951513,5509.7502844954415,5554.1145772382,5598.836089522486,5643.917697666003,5689.362301146471,5735.17282278806,5781.352208949439,5827.903429713208,5874.829479076986,5922.133375145914,5969.818160326825,6017.886901523867,6066.342690335802,6115.188643254807,6164.427901866934,6214.06363305417,6264.099029198114,6314.537308385285,6365.381714614103,6416.635518003553,6468.302015003491,6520.384528606639,6572.88640856233,6625.811031591967,6679.16180160615,6732.942149923667,6787.155535492116,6841.805445110439,6896.895393653112,6952.428924296275,7008.409608745552,7064.841047465831,7121.726869912778,7179.070734766296,7236.876330165845,7295.147373947643,7353.887613883764,7413.100827923194,7472.790824434837,7532.961442452409,7593.616551921397,7654.7600539479145,7716.395881049652,7778.527997408752,7841.160399126823,7904.2971144818985,7967.94220418758,8032.099761654146,8096.773913251861,8161.968818576374,8227.688670716232,8293.937696522553,8360.720156880894,8428.04034698531,8495.90259661459,8564.311270410717,8633.270768159597,8702.785525074065,8772.860012079082,8843.498736099358,8914.706240349144,8986.487104624512,9058.845945597834,9131.787417114787,9205.31621049359,9279.437054826807,9354.154717285446,9429.47400342559,9505.399757497484,9581.936862757088,9659.090241780126,9736.864856778713,9815.265709920519,9894.297843650465,9973.966341015032,10054.276325989182,10135.232963805956,10216.841461288606,10299.107067185563,10382.035072507933,10465.630810869876,10549.89965883156,10634.84703624505,10720.478406602804,10806.799277389146,10893.815200434417,10981.531772272076,11069.954634498676,11159.08947413668,11248.94202400021,11339.518063063782,11430.823416834026,11522.863957724268,11615.64560543233,11709.174327321158,11803.456138802712,11898.49710372478,11994.303334761045,12090.880993804161,12188.23629236214,12286.375491957784,12385.304904531427,12485.030892846919,12585.55987090084,12686.898304334996,12789.052710852275,12892.029660635888,12995.8357767719,13100.477735675182,13205.962267518828,13312.296156667053,13419.486242111492,13527.539417911097,13636.462633635434,13746.262894811807,13856.947263375758,13968.522858125163,14080.996855178266,14194.376488435144,14308.66905004285,14423.881890864615] 0.31126199007860056 [Infinity,Infinity,Infinity,Infinity,Infinity,Infinity,Infinity,Infinity,Infinity,Infinity,Infinity,Infinity,Infinity,Infinity,Infinity,Infinity,Infinity,Infinity,Infinity,Infinity,Infinity,Infinity,Infinity,Infinity,Infinity,Infinity,Infinity,Infinity,Infinity,Infinity,Infinity,Infinity,Infinity,Infinity,Infinity,Infinity,Infinity,Infinity,Infinity,Infinity,Infinity,Infinity,Infinity,Infinity,Infinity,Infinity,Infinity,Infinity,Infinity,Infinity,Infinity,Infinity,Infinity,Infinity,Infinity,Infinity,Infinity,Infinity,Infinity,Infinity,Infinity,Infinity,Infinity,Infinity,Infinity,Infinity,Infinity,Infinity,Infinity,Infinity,Infinity,Infinity,Infinity,Infinity,Infinity,Infinity,Infinity,Infinity,Infinity,Infinity,Infinity,Infinity,Infinity,Infinity,Infinity,Infinity,Infinity,Infinity,Infinity,Infinity,Infinity,Infinity,Infinity,Infinity,Infinity,Infinity,Infinity,Infinity,Infinity,Infinity,Infinity,Infinity,Infinity,Infinity,Infinity,Infinity,Infinity,Infinity,Infinity,Infinity,Infinity,Infinity,Infinity,Infinity,Infinity,Infinity,Infinity,Infinity,Infinity,Infinity,Infinity,Infinity,Infinity,Infinity,Infinity,Infinity,Infinity,Infinity,Infinity,Infinity,Infinity,Infinity,Infinity,Infinity,Infinity,Infinity,Infinity,Infinity,Infinity,Infinity,Infinity,Infinity,Infinity,Infinity,Infinity,Infinity,Infinity,Infinity,Infinity,Infinity,Infinity,Infinity,Infinity,Infinity,Infinity,Infinity,Infinity,Infinity,Infinity,Infinity,Infinity,Infinity,Infinity,Infinity,Infinity,Infinity,Infinity,Infinity,Infinity,Infinity,Infinity,Infinity,Infinity,Infinity,Infinity,Infinity,Infinity,Infinity,Infinity,Infinity,Infinity,Infinity,Infinity,Infinity,Infinity,Infinity,Infinity,Infinity,Infinity,Infinity,Infinity,Infinity,Infinity,Infinity,Infinity,Infinity,Infinity,Infinity,Infinity,Infinity,Infinity,Infinity,Infinity,Infinity,Infinity,Infinity,Infinity,Infinity,Infinity,Infinity,Infinity,Infinity,Infinity,Infinity,Infinity,Infinity,Infinity,Infinity,Infinity,Infinity,Infinity,Infinity,Infinity,Infinity,Infinity,Infinity,Infinity,Infinity,Infinity,Infinity,Infinity,Infinity,Infinity,Infinity,Infinity,Infinity,Infinity,Infinity,Infinity,Infinity,Infinity,Infinity,Infinity,Infinity,Infinity,Infinity,Infinity,Infinity,Infinity,Infinity,Infinity,Infinity,Infinity,Infinity,Infinity,Infinity,Infinity,Infinity,Infinity,Infinity,Infinity,Infinity,Infinity,Infinity,Infinity,Infinity,Infinity,Infinity,Infinity,Infinity,Infinity,Infinity,Infinity,Infinity,Infinity,Infinity,Infinity,Infinity,Infinity,Infinity,Infinity,Infinity,Infinity,Infinity,Infinity,Infinity,Infinity,Infinity,Infinity,Infinity,Infinity,Infinity,Infinity,Infinity,Infinity,Infinity,Infinity,Infinity,Infinity,Infinity] [0.0,0.0,0.0,0.0,0.0,0.0,0.0,0.0,0.0,0.0,0.0,0.0,0.0,0.0,0.0,0.0,0.0,0.0,0.0,0.0,0.0,0.0,0.0,0.0,0.0,0.0,0.0,0.0,0.0,0.0,0.0,0.0,0.0,0.0,0.0,0.0,0.0,0.0,0.0,0.0,0.0,0.0,0.0,0.0,0.0,0.0,0.0,0.0,0.0,0.0,0.0,0.0,0.0,0.0,0.0,0.0,0.0,0.0,0.0,0.0,0.0,0.0,0.0,0.0,0.0,0.0,0.0,0.0,0.0,0.0,0.0,0.0,0.0,0.0,0.0,0.0,0.0,0.0,0.0,0.0,0.0,0.0,0.0,0.0,0.0,0.0,0.0,0.0,0.0,0.0,0.0,0.0,0.0,0.0,0.0,0.0,0.0,0.0,0.0,0.0,0.0,0.0,0.0,0.0,0.0,0.0,0.0,0.0,0.0,0.0,0.0,0.0,0.0,0.0,0.0,0.0,0.0,0.0,0.0,0.0,0.0,0.0,0.0,0.0,0.0,0.0,0.0,0.0,0.0,0.0,0.0,0.0,0.0,0.0,0.0,0.0,0.0,0.0,0.0,0.0,0.0,0.0,0.0,0.0,0.0,0.0,0.0,0.0,0.0,0.0,0.0,0.0,0.0,0.0,0.0,0.0,0.0,0.0,0.0,0.0,0.0,0.0,0.0,0.0,0.0,0.0,0.0,0.0,0.0,0.0,0.0,0.0,0.0,0.0,0.0,0.0,0.0,0.0,0.0,0.0,0.0,0.0,0.0,0.0,0.0,0.0,0.0,0.0,0.0,0.0,0.0,0.0,0.0,0.0,0.0,0.0,0.0,0.0,0.0,0.0,0.0,0.0,0.0,0.0,0.0,0.0,0.0,0.0,0.0,0.0,0.0,0.0,0.0,0.0,0.0,0.0,0.0,0.0,0.0,0.0,0.0,0.0,0.0,0.0,0.0,0.0,0.0,0.0,0.0,0.0,0.0,0.0,0.0,0.0,0.0,0.0,0.0,0.0,0.0,0.0,0.0,0.0,0.0,0.0,0.0,0.0,0.0,0.0,0.0,0.0,0.0,0.0,0.0,0.0,0.0,0.0,0.0,0.0,0.0,0.0,0.0,0.0,0.0,0.0,0.0,0.0,0.0,0.0,0.0,0.0,0.0,0.0,0.0,0.0,0.0,0.0,0.0,0.0,0.0,0.0,0.0,0.0,0.0,0.0,0.0,0.0,0.0,0.0,0.0,0.0,0.0,0.0,0.0,0.0,0.0,0.0,0.0,0.0,0.0,0.0]
56170.549734838976 [0.0,0.0,0.0,0.0,0.0,0.0,0.0,0.0,0.0,0.0,0.0,0.0,0.0,0.0,0.0,0.0,0.0,0.0,0.0,0.0,0.0,0.0,0.0,0.0,0.0,0.0,0.0,0.0,0.0,0.0,0.0,0.0,0.0,0.0,0.0,0.0,0.0,0.0,0.0,0.0,0.0,0.0,0.0,0.0,0.0,0.0,0.0,0.0,0.0,0.0,0.0,0.0,0.0,0.0,0.0,0.0,0.0,0.0,0.0,0.0,0.0,0.0,0.0,0.0,0.0,0.0,0.0,0.0,0.0,0.0,0.0,0.0,0.0,0.0,0.0,0.0,0.0,0.0,0.0,0.0,0.0,0.0,0.0,0.0,0.0,0.0,0.0,0.0,0.0,0.0,0.0,0.0,0.0,0.0,0.0,0.0,0.0,0.0,0.0,0.0,0.0,0.0,0.0,0.0,0.0,0.0,0.0,0.0,0.0,0.0,0.0,0.0,0.0,0.0,0.0,0.0,0.0,0.0,0.0,0.0,0.0,0.0,0.0,0.0,0.0,0.0,0.0,0.0,0.0,0.0,0.0,0.0,0.0,0.0,0.0,0.0,0.0,0.0,0.0,0.0,0.0,0.0,0.0,0.0,0.0,0.0,0.0,0.0,0.0,0.0,0.0,0.0,0.0,0.0,0.0,0.0,0.0,0.0,0.0,0.0,0.0,0.0,0.0,0.0,0.0,0.0,0.0,0.0,0.0,0.0,0.0,0.0,0.0,0.0,0.0,0.0,0.0,0.0,0.0,0.0,0.0,0.0,0.0,0.0,0.0,0.0,0.0,0.0,0.0,0.0,0.0,0.0,0.0,0.0,0.0,0.0,0.0,0.0,0.0,0.0,0.0,0.0,0.0,0.0,0.0,0.0,0.0,0.0,0.0,0.0,0.0,0.0,0.0,0.0,0.0,0.0,0.0,0.0,0.0,0.0,0.0,0.0,0.0,0.0,0.0,0.0,0.0,0.0,0.0,0.0,0.0,0.0,0.0,0.0,0.0,0.0,0.0,0.0,0.0,0.0,0.0,0.0,0.0,0.0,0.0,0.0,0.0,0.0,0.0,0.0,0.0,0.0,0.0,0.0,0.0,0.0,0.0,0.0,0.0,0.0,0.0,0.0,0.0,0.0,0.0,0.0,0.0,0.0,0.0,0.0,0.0,0.0,0.0,0.0,0.0,0.0,0.0,0.0,0.0,0.0,0.0,0.0,0.0,0.0,0.0,0.0,0.0,0.0,0.0,0.0,0.0,0.0,0.0,0.0,0.0,0.0,0.0,0.0,0.0,0.0] [1311.2619900786005,1321.8202200865917,1332.463464547639,1343.19240799478,1354.0077404728797,1364.9101575830227,1375.9003605272408,1386.9790561536227,1398.1469570017646,1409.4047813486081,1420.7532532546286,1432.193102610412,1443.7250651835902,1455.3498826661717,1467.068302722235,1478.881079036026,1490.78897136042,1502.7927455657994,1514.8931736892998,1527.0910339844697,1539.3871109713293,1551.7821954868166,1564.2770847356642,1576.872582341659,1589.569498399342,1602.368649526097,1615.270858914685,1628.2769563861766,1641.3877784433362,1654.6041683244075,1667.9269760573632,1681.3570585145608,1694.895279467867,1708.5425096441993,1722.2996267815402,1736.1675156853773,1750.1470682856248,1764.2391836939755,1778.4447682617345,1792.7647356381167,1807.2000068289992,1821.7515102561672,1836.4201818170154,1851.2069649447558,1866.112810669078,1881.1386776773347,1896.285532376183,1911.5543489537563,1926.9461094423048,1942.4618037813711,1958.1024298814455,1973.8689936881608,1989.7625092469793,2005.7839987684179,2021.9344926937952,2038.215029761504,2054.626657073813,2071.1704301642176,2087.8474130653335,2104.6586783773164,2121.605307336866,2138.6883898867477,2155.9090247459117,2173.268319480143,2190.767390573309,2208.407363499154,2226.1893727937027,2244.1145621282076,2262.184084382728,2280.399101720259,2298.7607856614945,2317.2703171601615,2335.9288866789793,2354.7376942662327,2373.6979496329395,2392.810872230673,2412.077691329971,2431.4996460994216,2451.0779856853383,2470.813969292122,2490.7088662632277,2510.763956162824,2530.9805288580706,2551.359884602096,2571.9033341176064,2592.612198681206,2613.487810208354,2634.5315113390543,2655.7446555241822,2677.1286071125573,2698.6847414386757,2720.4144449111714,2742.319115101994,2764.4001608362782,2786.6590022829737,2809.097071046162,2831.715810257159,2854.5166746673017,2877.5011307415425,2900.67065675274,2924.0267428767575,2947.570891288285,2971.304616257478,2995.22944424732,3019.346914011829,3043.658576695001,3068.1659959305807,3092.870747942638,3117.7744216469364,3142.87861875312,3168.1849538677375,3193.695054598094,3219.410561656912,3245.333128967883,3271.4644237720117,3297.806126734876,3324.3599320546946,3351.1275475713155,3378.1106948760344,3405.3111094223436,3432.7305406375262,3460.3707520352004,3488.23352132871,3516.320640545493,3544.6339161423107,3573.1751691214417,3601.9462351478164,3630.9489646670518,3660.1852230244945,3689.6568905851636,3719.3658628547196,3749.3140506013438,3779.5033799786634,3809.935792649603,3840.6132459112973,3871.5377128209448,3902.7111823227383,3934.135659375755,3965.8131650829396,3997.7457368210635,4029.9354283717907,4062.3843100537392,4095.0944688556665,4128.068008570669,4161.3070499315045,4194.813730746993,4228.590206039511,4262.638648183577,4296.961247045588,4331.560210124669,4366.437762694626,4401.596147947099,4437.037627135803,4472.764479721992,4508.779003521039,4545.083514850253,4581.680348677821,4618.571858773019,4655.7604178575675,4693.248417758249,4731.038269560753,4769.132403764733,4807.533270440121,4846.243339384716,4885.265100283049,4924.601062866471,4964.253757074609,5004.22573321805,5044.519562142395,5085.137835393579,5126.08316538458,5167.3581855634,5208.965550582488,5250.907936469426,5293.188040799074,5335.808582867062,5378.772303864684,5422.081967055189,5465.740357951513,5509.7502844954415,5554.1145772382,5598.836089522486,5643.917697666003,5689.362301146471,5735.17282278806,5781.352208949439,5827.903429713208,5874.829479076986,5922.133375145914,5969.818160326825,6017.886901523867,6066.342690335802,6115.188643254807,6164.427901866934,6214.06363305417,6264.099029198114,6314.537308385285,6365.381714614103,6416.635518003553,6468.302015003491,6520.384528606639,6572.88640856233,6625.811031591967,6679.16180160615,6732.942149923667,6787.155535492116,6841.805445110439,6896.895393653112,6952.428924296275,7008.409608745552,7064.841047465831,7121.726869912778,7179.070734766296,7236.876330165845,7295.147373947643,7353.887613883764,7413.100827923194,7472.790824434837,7532.961442452409,7593.616551921397,7654.7600539479145,7716.395881049652,7778.527997408752,7841.160399126823,7904.2971144818985,7967.94220418758,8032.099761654146,8096.773913251861,8161.968818576374,8227.688670716232,8293.937696522553,8360.720156880894,8428.04034698531,8495.90259661459,8564.311270410717,8633.270768159597,8702.785525074065,8772.860012079082,8843.498736099358,8914.706240349144,8986.487104624512,9058.845945597834,9131.787417114787,9205.31621049359,9279.437054826807,9354.154717285446,9429.47400342559,9505.399757497484,9581.936862757088,9659.090241780126,9736.864856778713,9815.265709920519,9894.297843650465,9973.966341015032,10054.276325989182,10135.232963805956,10216.841461288606,10299.107067185563,10382.035072507933,10465.630810869876,10549.89965883156,10634.84703624505,10720.478406602804,10806.799277389146,10893.815200434417,10981.531772272076,11069.954634498676,11159.08947413668,11248.94202400021,11339.518063063782,11430.823416834026,11522.863957724268,11615.64560543233,11709.174327321158,11803.456138802712,11898.49710372478,11994.303334761045,12090.880993804161,12188.23629236214,12286.375491957784,12385.304904531427,12485.030892846919,12585.55987090084,12686.898304334996,12789.052710852275,12892.029660635888,12995.8357767719,13100.477735675182,13205.962267518828,13312.296156667053,13419.486242111492,13527.539417911097,13636.462633635434,13746.262894811807,13856.947263375758,13968.522858125163,14080.996855178266,14194.376488435144,14308.66905004285,14423.881890864615] 0.31126199007860056 [Infinity,Infinity,Infinity,Infinity,Infinity,Infinity,Infinity,Infinity,Infinity,Infinity,Infinity,Infinity,Infinity,Infinity,Infinity,Infinity,Infinity,Infinity,Infinity,Infinity,Infinity,Infinity,Infinity,Infinity,Infinity,Infinity,Infinity,Infinity,Infinity,Infinity,Infinity,Infinity,Infinity,Infinity,Infinity,Infinity,Infinity,Infinity,Infinity,Infinity,Infinity,Infinity,Infinity,Infinity,Infinity,Infinity,Infinity,Infinity,Infinity,Infinity,Infinity,Infinity,Infinity,Infinity,Infinity,Infinity,Infinity,Infinity,Infinity,Infinity,Infinity,Infinity,Infinity,Infinity,Infinity,Infinity,Infinity,Infinity,Infinity,Infinity,Infinity,Infinity,Infinity,Infinity,Infinity,Infinity,Infinity,Infinity,Infinity,Infinity,Infinity,Infinity,Infinity,Infinity,Infinity,Infinity,Infinity,Infinity,Infinity,Infinity,Infinity,Infinity,Infinity,Infinity,Infinity,Infinity,Infinity,Infinity,Infinity,Infinity,Infinity,Infinity,Infinity,Infinity,Infinity,Infinity,Infinity,Infinity,Infinity,Infinity,Infinity,Infinity,Infinity,Infinity,Infinity,Infinity,Infinity,Infinity,Infinity,Infinity,Infinity,Infinity,Infinity,Infinity,Infinity,Infinity,Infinity,Infinity,Infinity,Infinity,Infinity,Infinity,Infinity,Infinity,Infinity,Infinity,Infinity,Infinity,Infinity,Infinity,Infinity,Infinity,Infinity,Infinity,Infinity,Infinity,Infinity,Infinity,Infinity,Infinity,Infinity,Infinity,Infinity,Infinity,Infinity,Infinity,Infinity,Infinity,Infinity,Infinity,Infinity,Infinity,Infinity,Infinity,Infinity,Infinity,Infinity,Infinity,Infinity,Infinity,Infinity,Infinity,Infinity,Infinity,Infinity,Infinity,Infinity,Infinity,Infinity,Infinity,Infinity,Infinity,Infinity,Infinity,Infinity,Infinity,Infinity,Infinity,Infinity,Infinity,Infinity,Infinity,Infinity,Infinity,Infinity,Infinity,Infinity,Infinity,Infinity,Infinity,Infinity,Infinity,Infinity,Infinity,Infinity,Infinity,Infinity,Infinity,Infinity,Infinity,Infinity,Infinity,Infinity,Infinity,Infinity,Infinity,Infinity,Infinity,Infinity,Infinity,Infinity,Infinity,Infinity,Infinity,Infinity,Infinity,Infinity,Infinity,Infinity,Infinity,Infinity,Infinity,Infinity,Infinity,Infinity,Infinity,Infinity,Infinity,Infinity,Infinity,Infinity,Infinity,Infinity,Infinity,Infinity,Infinity,Infinity,Infinity,Infinity,Infinity,Infinity,Infinity,Infinity,Infinity,Infinity,Infinity,Infinity,Infinity,Infinity,Infinity,Infinity,Infinity,Infinity,Infinity,Infinity,Infinity,Infinity,Infinity,Infinity,Infinity,Infinity,Infinity,Infinity,Infinity,Infinity,Infinity,Infinity,Infinity,Infinity,Infinity,Infinity,Infinity,Infinity,Infinity,Infinity,Infinity,Infinity,Infinity,Infinity,Infinity,Infinity,Infinity,Infinity,Infinity,Infinity,Infinity,Infinity,Infinity,Infinity,Infinity] [0.0,0.0,0.0,0.0,0.0,0.0,0.0,0.0,0.0,0.0,0.0,0.0,0.0,0.0,0.0,0.0,0.0,0.0,0.0,0.0,0.0,0.0,0.0,0.0,0.0,0.0,0.0,0.0,0.0,0.0,0.0,0.0,0.0,0.0,0.0,0.0,0.0,0.0,0.0,0.0,0.0,0.0,0.0,0.0,0.0,0.0,0.0,0.0,0.0,0.0,0.0,0.0,0.0,0.0,0.0,0.0,0.0,0.0,0.0,0.0,0.0,0.0,0.0,0.0,0.0,0.0,0.0,0.0,0.0,0.0,0.0,0.0,0.0,0.0,0.0,0.0,0.0,0.0,0.0,0.0,0.0,0.0,0.0,0.0,0.0,0.0,0.0,0.0,0.0,0.0,0.0,0.0,0.0,0.0,0.0,0.0,0.0,0.0,0.0,0.0,0.0,0.0,0.0,0.0,0.0,0.0,0.0,0.0,0.0,0.0,0.0,0.0,0.0,0.0,0.0,0.0,0.0,0.0,0.0,0.0,0.0,0.0,0.0,0.0,0.0,0.0,0.0,0.0,0.0,0.0,0.0,0.0,0.0,0.0,0.0,0.0,0.0,0.0,0.0,0.0,0.0,0.0,0.0,0.0,0.0,0.0,0.0,0.0,0.0,0.0,0.0,0.0,0.0,0.0,0.0,0.0,0.0,0.0,0.0,0.0,0.0,0.0,0.0,0.0,0.0,0.0,0.0,0.0,0.0,0.0,0.0,0.0,0.0,0.0,0.0,0.0,0.0,0.0,0.0,0.0,0.0,0.0,0.0,0.0,0.0,0.0,0.0,0.0,0.0,0.0,0.0,0.0,0.0,0.0,0.0,0.0,0.0,0.0,0.0,0.0,0.0,0.0,0.0,0.0,0.0,0.0,0.0,0.0,0.0,0.0,0.0,0.0,0.0,0.0,0.0,0.0,0.0,0.0,0.0,0.0,0.0,0.0,0.0,0.0,0.0,0.0,0.0,0.0,0.0,0.0,0.0,0.0,0.0,0.0,0.0,0.0,0.0,0.0,0.0,0.0,0.0,0.0,0.0,0.0,0.0,0.0,0.0,0.0,0.0,0.0,0.0,0.0,0.0,0.0,0.0,0.0,0.0,0.0,0.0,0.0,0.0,0.0,0.0,0.0,0.0,0.0,0.0,0.0,0.0,0.0,0.0,0.0,0.0,0.0,0.0,0.0,0.0,0.0,0.0,0.0,0.0,0.0,0.0,0.0,0.0,0.0,0.0,0.0,0.0,0.0,0.0,0.0,0.0,0.0,0.0,0.0,0.0,0.0,0.0,0.0]
56406.744225901966 [0.0,0.0,0.0,0.0,0.0,0.0,0.0,0.0,0.0,0.0,0.0,0.0,0.0,0.0,0.0,0.0,0.0,0.0,0.0,0.0,0.0,0.0,0.0,0.0,0.0,0.0,0.0,0.0,0.0,0.0,0.0,0.0,0.0,0.0,0.0,0.0,0.0,0.0,0.0,0.0,0.0,0.0,0.0,0.0,0.0,0.0,0.0,0.0,0.0,0.0,0.0,0.0,0.0,0.0,0.0,0.0,0.0,0.0,0.0,0.0,0.0,0.0,0.0,0.0,0.0,0.0,0.0,0.0,0.0,0.0,0.0,0.0,0.0,0.0,0.0,0.0,0.0,0.0,0.0,0.0,0.0,0.0,0.0,0.0,0.0,0.0,0.0,0.0,0.0,0.0,0.0,0.0,0.0,0.0,0.0,0.0,0.0,0.0,0.0,0.0,0.0,0.0,0.0,0.0,0.0,0.0,0.0,0.0,0.0,0.0,0.0,0.0,0.0,0.0,0.0,0.0,0.0,0.0,0.0,0.0,0.0,0.0,0.0,0.0,0.0,0.0,0.0,0.0,0.0,0.0,0.0,0.0,0.0,0.0,0.0,0.0,0.0,0.0,0.0,0.0,0.0,0.0,0.0,0.0,0.0,0.0,0.0,0.0,0.0,0.0,0.0,0.0,0.0,0.0,0.0,0.0,0.0,0.0,0.0,0.0,0.0,0.0,0.0,0.0,0.0,0.0,0.0,0.0,0.0,0.0,0.0,0.0,0.0,0.0,0.0,0.0,0.0,0.0,0.0,0.0,0.0,0.0,0.0,0.0,0.0,0.0,0.0,0.0,0.0,0.0,0.0,0.0,0.0,0.0,0.0,0.0,0.0,0.0,0.0,0.0,0.0,0.0,0.0,0.0,0.0,0.0,0.0,0.0,0.0,0.0,0.0,0.0,0.0,0.0,0.0,0.0,0.0,0.0,0.0,0.0,0.0,0.0,0.0,0.0,0.0,0.0,0.0,0.0,0.0,0.0,0.0,0.0,0.0,0.0,0.0,0.0,0.0,0.0,0.0,0.0,0.0,0.0,0.0,0.0,0.0,0.0,0.0,0.0,0.0,0.0,0.0,0.0,0.0,0.0,0.0,0.0,0.0,0.0,0.0,0.0,0.0,0.0,0.0,0.0,0.0,0.0,0.0,0.0,0.0,0.0,0.0,0.0,0.0,0.0,0.0,0.0,0.0,0.0,0.0,0.0,0.0,0.0,0.0,0.0,0.0,0.0,0.0,0.0,0.0,0.0,0.0,0.0,0.0,0.0,0.0,0.0,0.0,0.0,0.0,0.0] [1311.2619900786005,1321.8202200865917,1332.463464547639,1343.19240799478,1354.0077404728797,1364.9101575830227,1375.9003605272408,1386.9790561536227,1398.1469570017646,1409.4047813486081,1420.7532532546286,1432.193102610412,1443.7250651835902,1455.3498826661717,1467.068302722235,1478.881079036026,1490.78897136042,1502.7927455657994,1514.8931736892998,1527.0910339844697,1539.3871109713293,1551.7821954868166,1564.2770847356642,1576.872582341659,1589.569498399342,1602.368649526097,1615.270858914685,1628.2769563861766,1641.3877784433362,1654.6041683244075,1667.9269760573632,1681.3570585145608,1694.895279467867,1708.5425096441993,1722.2996267815402,1736.1675156853773,1750.1470682856248,1764.2391836939755,1778.4447682617345,1792.7647356381167,1807.2000068289992,1821.7515102561672,1836.4201818170154,1851.2069649447558,1866.112810669078,1881.1386776773347,1896.285532376183,1911.5543489537563,1926.9461094423048,1942.4618037813711,1958.1024298814455,1973.8689936881608,1989.7625092469793,2005.7839987684179,2021.9344926937952,2038.215029761504,2054.626657073813,2071.1704301642176,2087.8474130653335,2104.6586783773164,2121.605307336866,2138.6883898867477,2155.9090247459117,2173.268319480143,2190.767390573309,2208.407363499154,2226.1893727937027,2244.1145621282076,2262.184084382728,2280.399101720259,2298.7607856614945,2317.2703171601615,2335.9288866789793,2354.7376942662327,2373.6979496329395,2392.810872230673,2412.077691329971,2431.4996460994216,2451.0779856853383,2470.813969292122,2490.7088662632277,2510.763956162824,2530.9805288580706,2551.359884602096,2571.9033341176064,2592.612198681206,2613.487810208354,2634.5315113390543,2655.7446555241822,2677.1286071125573,2698.6847414386757,2720.4144449111714,2742.319115101994,2764.4001608362782,2786.6590022829737,2809.097071046162,2831.715810257159,2854.5166746673017,2877.5011307415425,2900.67065675274,2924.0267428767575,2947.570891288285,2971.304616257478,2995.22944424732,3019.346914011829,3043.658576695001,3068.1659959305807,3092.870747942638,3117.7744216469364,3142.87861875312,3168.1849538677375,3193.695054598094,3219.410561656912,3245.333128967883,3271.4644237720117,3297.806126734876,3324.3599320546946,3351.1275475713155,3378.1106948760344,3405.3111094223436,3432.7305406375262,3460.3707520352004,3488.23352132871,3516.320640545493,3544.6339161423107,3573.1751691214417,3601.9462351478164,3630.9489646670518,3660.1852230244945,3689.6568905851636,3719.3658628547196,3749.3140506013438,3779.5033799786634,3809.935792649603,3840.6132459112973,3871.5377128209448,3902.7111823227383,3934.135659375755,3965.8131650829396,3997.7457368210635,4029.9354283717907,4062.3843100537392,4095.0944688556665,4128.068008570669,4161.3070499315045,4194.813730746993,4228.590206039511,4262.638648183577,4296.961247045588,4331.560210124669,4366.437762694626,4401.596147947099,4437.037627135803,4472.764479721992,4508.779003521039,4545.083514850253,4581.680348677821,4618.571858773019,4655.7604178575675,4693.248417758249,4731.038269560753,4769.132403764733,4807.533270440121,4846.243339384716,4885.265100283049,4924.601062866471,4964.253757074609,5004.22573321805,5044.519562142395,5085.137835393579,5126.08316538458,5167.3581855634,5208.965550582488,5250.907936469426,5293.188040799074,5335.808582867062,5378.772303864684,5422.081967055189,5465.740357951513,5509.7502844954415,5554.1145772382,5598.836089522486,5643.917697666003,5689.362301146471,5735.17282278806,5781.352208949439,5827.903429713208,5874.829479076986,5922.133375145914,5969.818160326825,6017.886901523867,6066.342690335802,6115.188643254807,6164.427901866934,6214.06363305417,6264.099029198114,6314.537308385285,6365.381714614103,6416.635518003553,6468.302015003491,6520.384528606639,6572.88640856233,6625.811031591967,6679.16180160615,6732.942149923667,6787.155535492116,6841.805445110439,6896.895393653112,6952.428924296275,7008.409608745552,7064.841047465831,7121.726869912778,7179.070734766296,7236.876330165845,7295.147373947643,7353.887613883764,7413.100827923194,7472.790824434837,7532.961442452409,7593.616551921397,7654.7600539479145,7716.395881049652,7778.527997408752,7841.160399126823,7904.2971144818985,7967.94220418758,8032.099761654146,8096.773913251861,8161.968818576374,8227.688670716232,8293.937696522553,8360.720156880894,8428.04034698531,8495.90259661459,8564.311270410717,8633.270768159597,8702.785525074065,8772.860012079082,8843.498736099358,8914.706240349144,8986.487104624512,9058.845945597834,9131.787417114787,9205.31621049359,9279.437054826807,9354.154717285446,9429.47400342559,9505.399757497484,9581.936862757088,9659.090241780126,9736.864856778713,9815.265709920519,9894.297843650465,9973.966341015032,10054.276325989182,10135.232963805956,10216.841461288606,10299.107067185563,10382.035072507933,10465.630810869876,10549.89965883156,10634.84703624505,10720.478406602804,10806.799277389146,10893.815200434417,10981.531772272076,11069.954634498676,11159.08947413668,11248.94202400021,11339.518063063782,11430.823416834026,11522.863957724268,11615.64560543233,11709.174327321158,11803.456138802712,11898.49710372478,11994.303334761045,12090.880993804161,12188.23629236214,12286.375491957784,12385.304904531427,12485.030892846919,12585.55987090084,12686.898304334996,12789.052710852275,12892.029660635888,12995.8357767719,13100.477735675182,13205.962267518828,13312.296156667053,13419.486242111492,13527.539417911097,13636.462633635434,13746.262894811807,13856.947263375758,13968.522858125163,14080.996855178266,14194.376488435144,14308.66905004285,14423.881890864615] 0.31126199007860056 [Infinity,Infinity,Infinity,Infinity,Infinity,Infinity,Infinity,Infinity,Infinity,Infinity,Infinity,Infinity,Infinity,Infinity,Infinity,Infinity,Infinity,Infinity,Infinity,Infinity,Infinity,Infinity,Infinity,Infinity,Infinity,Infinity,Infinity,Infinity,Infinity,Infinity,Infinity,Infinity,Infinity,Infinity,Infinity,Infinity,Infinity,Infinity,Infinity,Infinity,Infinity,Infinity,Infinity,Infinity,Infinity,Infinity,Infinity,Infinity,Infinity,Infinity,Infinity,Infinity,Infinity,Infinity,Infinity,Infinity,Infinity,Infinity,Infinity,Infinity,Infinity,Infinity,Infinity,Infinity,Infinity,Infinity,Infinity,Infinity,Infinity,Infinity,Infinity,Infinity,Infinity,Infinity,Infinity,Infinity,Infinity,Infinity,Infinity,Infinity,Infinity,Infinity,Infinity,Infinity,Infinity,Infinity,Infinity,Infinity,Infinity,Infinity,Infinity,Infinity,Infinity,Infinity,Infinity,Infinity,Infinity,Infinity,Infinity,Infinity,Infinity,Infinity,Infinity,Infinity,Infinity,Infinity,Infinity,Infinity,Infinity,Infinity,Infinity,Infinity,Infinity,Infinity,Infinity,Infinity,Infinity,Infinity,Infinity,Infinity,Infinity,Infinity,Infinity,Infinity,Infinity,Infinity,Infinity,Infinity,Infinity,Infinity,Infinity,Infinity,Infinity,Infinity,Infinity,Infinity,Infinity,Infinity,Infinity,Infinity,Infinity,Infinity,Infinity,Infinity,Infinity,Infinity,Infinity,Infinity,Infinity,Infinity,Infinity,Infinity,Infinity,Infinity,Infinity,Infinity,Infinity,Infinity,Infinity,Infinity,Infinity,Infinity,Infinity,Infinity,Infinity,Infinity,Infinity,Infinity,Infinity,Infinity,Infinity,Infinity,Infinity,Infinity,Infinity,Infinity,Infinity,Infinity,Infinity,Infinity,Infinity,Infinity,Infinity,Infinity,Infinity,Infinity,Infinity,Infinity,Infinity,Infinity,Infinity,Infinity,Infinity,Infinity,Infinity,Infinity,Infinity,Infinity,Infinity,Infinity,Infinity,Infinity,Infinity,Infinity,Infinity,Infinity,Infinity,Infinity,Infinity,Infinity,Infinity,Infinity,Infinity,Infinity,Infinity,Infinity,Infinity,Infinity,Infinity,Infinity,Infinity,Infinity,Infinity,Infinity,Infinity,Infinity,Infinity,Infinity,Infinity,Infinity,Infinity,Infinity,Infinity,Infinity,Infinity,Infinity,Infinity,Infinity,Infinity,Infinity,Infinity,Infinity,Infinity,Infinity,Infinity,Infinity,Infinity,Infinity,Infinity,Infinity,Infinity,Infinity,Infinity,Infinity,Infinity,Infinity,Infinity,Infinity,Infinity,Infinity,Infinity,Infinity,Infinity,Infinity,Infinity,Infinity,Infinity,Infinity,Infinity,Infinity,Infinity,Infinity,Infinity,Infinity,Infinity,Infinity,Infinity,Infinity,Infinity,Infinity,Infinity,Infinity,Infinity,Infinity,Infinity,Infinity,Infinity,Infinity,Infinity,Infinity,Infinity,Infinity,Infinity,Infinity,Infinity,Infinity,Infinity,Infinity,Infinity,Infinity] [0.0,0.0,0.0,0.0,0.0,0.0,0.0,0.0,0.0,0.0,0.0,0.0,0.0,0.0,0.0,0.0,0.0,0.0,0.0,0.0,0.0,0.0,0.0,0.0,0.0,0.0,0.0,0.0,0.0,0.0,0.0,0.0,0.0,0.0,0.0,0.0,0.0,0.0,0.0,0.0,0.0,0.0,0.0,0.0,0.0,0.0,0.0,0.0,0.0,0.0,0.0,0.0,0.0,0.0,0.0,0.0,0.0,0.0,0.0,0.0,0.0,0.0,0.0,0.0,0.0,0.0,0.0,0.0,0.0,0.0,0.0,0.0,0.0,0.0,0.0,0.0,0.0,0.0,0.0,0.0,0.0,0.0,0.0,0.0,0.0,0.0,0.0,0.0,0.0,0.0,0.0,0.0,0.0,0.0,0.0,0.0,0.0,0.0,0.0,0.0,0.0,0.0,0.0,0.0,0.0,0.0,0.0,0.0,0.0,0.0,0.0,0.0,0.0,0.0,0.0,0.0,0.0,0.0,0.0,0.0,0.0,0.0,0.0,0.0,0.0,0.0,0.0,0.0,0.0,0.0,0.0,0.0,0.0,0.0,0.0,0.0,0.0,0.0,0.0,0.0,0.0,0.0,0.0,0.0,0.0,0.0,0.0,0.0,0.0,0.0,0.0,0.0,0.0,0.0,0.0,0.0,0.0,0.0,0.0,0.0,0.0,0.0,0.0,0.0,0.0,0.0,0.0,0.0,0.0,0.0,0.0,0.0,0.0,0.0,0.0,0.0,0.0,0.0,0.0,0.0,0.0,0.0,0.0,0.0,0.0,0.0,0.0,0.0,0.0,0.0,0.0,0.0,0.0,0.0,0.0,0.0,0.0,0.0,0.0,0.0,0.0,0.0,0.0,0.0,0.0,0.0,0.0,0.0,0.0,0.0,0.0,0.0,0.0,0.0,0.0,0.0,0.0,0.0,0.0,0.0,0.0,0.0,0.0,0.0,0.0,0.0,0.0,0.0,0.0,0.0,0.0,0.0,0.0,0.0,0.0,0.0,0.0,0.0,0.0,0.0,0.0,0.0,0.0,0.0,0.0,0.0,0.0,0.0,0.0,0.0,0.0,0.0,0.0,0.0,0.0,0.0,0.0,0.0,0.0,0.0,0.0,0.0,0.0,0.0,0.0,0.0,0.0,0.0,0.0,0.0,0.0,0.0,0.0,0.0,0.0,0.0,0.0,0.0,0.0,0.0,0.0,0.0,0.0,0.0,0.0,0.0,0.0,0.0,0.0,0.0,0.0,0.0,0.0,0.0,0.0,0.0,0.0,0.0,0.0,0.0]
56308.20673533254 [0.0,0.0,0.0,0.0,0.0,0.0,0.0,0.0,0.0,0.0,0.0,0.0,0.0,0.0,0.0,0.0,0.0,0.0,0.0,0.0,0.0,0.0,0.0,0.0,0.0,0.0,0.0,0.0,0.0,0.0,0.0,0.0,0.0,0.0,0.0,0.0,0.0,0.0,0.0,0.0,0.0,0.0,0.0,0.0,0.0,0.0,0.0,0.0,0.0,0.0,0.0,0.0,0.0,0.0,0.0,0.0,0.0,0.0,0.0,0.0,0.0,0.0,0.0,0.0,0.0,0.0,0.0,0.0,0.0,0.0,0.0,0.0,0.0,0.0,0.0,0.0,0.0,0.0,0.0,0.0,0.0,0.0,0.0,0.0,0.0,0.0,0.0,0.0,0.0,0.0,0.0,0.0,0.0,0.0,0.0,0.0,0.0,0.0,0.0,0.0,0.0,0.0,0.0,0.0,0.0,0.0,0.0,0.0,0.0,0.0,0.0,0.0,0.0,0.0,0.0,0.0,0.0,0.0,0.0,0.0,0.0,0.0,0.0,0.0,0.0,0.0,0.0,0.0,0.0,0.0,0.0,0.0,0.0,0.0,0.0,0.0,0.0,0.0,0.0,0.0,0.0,0.0,0.0,0.0,0.0,0.0,0.0,0.0,0.0,0.0,0.0,0.0,0.0,0.0,0.0,0.0,0.0,0.0,0.0,0.0,0.0,0.0,0.0,0.0,0.0,0.0,0.0,0.0,0.0,0.0,0.0,0.0,0.0,0.0,0.0,0.0,0.0,0.0,0.0,0.0,0.0,0.0,0.0,0.0,0.0,0.0,0.0,0.0,0.0,0.0,0.0,0.0,0.0,0.0,0.0,0.0,0.0,0.0,0.0,0.0,0.0,0.0,0.0,0.0,0.0,0.0,0.0,0.0,0.0,0.0,0.0,0.0,0.0,0.0,0.0,0.0,0.0,0.0,0.0,0.0,0.0,0.0,0.0,0.0,0.0,0.0,0.0,0.0,0.0,0.0,0.0,0.0,0.0,0.0,0.0,0.0,0.0,0.0,0.0,0.0,0.0,0.0,0.0,0.0,0.0,0.0,0.0,0.0,0.0,0.0,0.0,0.0,0.0,0.0,0.0,0.0,0.0,0.0,0.0,0.0,0.0,0.0,0.0,0.0,0.0,0.0,0.0,0.0,0.0,0.0,0.0,0.0,0.0,0.0,0.0,0.0,0.0,0.0,0.0,0.0,0.0,0.0,0.0,0.0,0.0,0.0,0.0,0.0,0.0,0.0,0.0,0.0,0.0,0.0,0.0,0.0,0.0,0.0,0.0,0.0] [1311.2619900786005,1321.8202200865917,1332.463464547639,1343.19240799478,1354.0077404728797,1364.9101575830227,1375.9003605272408,1386.9790561536227,1398.1469570017646,1409.4047813486081,1420.7532532546286,1432.193102610412,1443.7250651835902,1455.3498826661717,1467.068302722235,1478.881079036026,1490.78897136042,1502.7927455657994,1514.8931736892998,1527.0910339844697,1539.3871109713293,1551.7821954868166,1564.2770847356642,1576.872582341659,1589.569498399342,1602.368649526097,1615.270858914685,1628.2769563861766,1641.3877784433362,1654.6041683244075,1667.9269760573632,1681.3570585145608,1694.895279467867,1708.5425096441993,1722.2996267815402,1736.1675156853773,1750.1470682856248,1764.2391836939755,1778.4447682617345,1792.7647356381167,1807.2000068289992,1821.7515102561672,1836.4201818170154,1851.2069649447558,1866.112810669078,1881.1386776773347,1896.285532376183,1911.5543489537563,1926.9461094423048,1942.4618037813711,1958.1024298814455,1973.8689936881608,1989.7625092469793,2005.7839987684179,2021.9344926937952,2038.215029761504,2054.626657073813,2071.1704301642176,2087.8474130653335,2104.6586783773164,2121.605307336866,2138.6883898867477,2155.9090247459117,2173.268319480143,2190.767390573309,2208.407363499154,2226.1893727937027,2244.1145621282076,2262.184084382728,2280.399101720259,2298.7607856614945,2317.2703171601615,2335.9288866789793,2354.7376942662327,2373.6979496329395,2392.810872230673,2412.077691329971,2431.4996460994216,2451.0779856853383,2470.813969292122,2490.7088662632277,2510.763956162824,2530.9805288580706,2551.359884602096,2571.9033341176064,2592.612198681206,2613.487810208354,2634.5315113390543,2655.7446555241822,2677.1286071125573,2698.6847414386757,2720.4144449111714,2742.319115101994,2764.4001608362782,2786.6590022829737,2809.097071046162,2831.715810257159,2854.5166746673017,2877.5011307415425,2900.67065675274,2924.0267428767575,2947.570891288285,2971.304616257478,2995.22944424732,3019.346914011829,3043.658576695001,3068.1659959305807,3092.870747942638,3117.7744216469364,3142.87861875312,3168.1849538677375,3193.695054598094,3219.410561656912,3245.333128967883,3271.4644237720117,3297.806126734876,3324.3599320546946,3351.1275475713155,3378.1106948760344,3405.3111094223436,3432.7305406375262,3460.3707520352004,3488.23352132871,3516.320640545493,3544.6339161423107,3573.1751691214417,3601.9462351478164,3630.9489646670518,3660.1852230244945,3689.6568905851636,3719.3658628547196,3749.3140506013438,3779.5033799786634,3809.935792649603,3840.6132459112973,3871.5377128209448,3902.7111823227383,3934.135659375755,3965.8131650829396,3997.7457368210635,4029.9354283717907,4062.3843100537392,4095.0944688556665,4128.068008570669,4161.3070499315045,4194.813730746993,4228.590206039511,4262.638648183577,4296.961247045588,4331.560210124669,4366.437762694626,4401.596147947099,4437.037627135803,4472.764479721992,4508.779003521039,4545.083514850253,4581.680348677821,4618.571858773019,4655.7604178575675,4693.248417758249,4731.038269560753,4769.132403764733,4807.533270440121,4846.243339384716,4885.265100283049,4924.601062866471,4964.253757074609,5004.22573321805,5044.519562142395,5085.137835393579,5126.08316538458,5167.3581855634,5208.965550582488,5250.907936469426,5293.188040799074,5335.808582867062,5378.772303864684,5422.081967055189,5465.740357951513,5509.7502844954415,5554.1145772382,5598.836089522486,5643.917697666003,5689.362301146471,5735.17282278806,5781.352208949439,5827.903429713208,5874.829479076986,5922.133375145914,5969.818160326825,6017.886901523867,6066.342690335802,6115.188643254807,6164.427901866934,6214.06363305417,6264.099029198114,6314.537308385285,6365.381714614103,6416.635518003553,6468.302015003491,6520.384528606639,6572.88640856233,6625.811031591967,6679.16180160615,6732.942149923667,6787.155535492116,6841.805445110439,6896.895393653112,6952.428924296275,7008.409608745552,7064.841047465831,7121.726869912778,7179.070734766296,7236.876330165845,7295.147373947643,7353.887613883764,7413.100827923194,7472.790824434837,7532.961442452409,7593.616551921397,7654.7600539479145,7716.395881049652,7778.527997408752,7841.160399126823,7904.2971144818985,7967.94220418758,8032.099761654146,8096.773913251861,8161.968818576374,8227.688670716232,8293.937696522553,8360.720156880894,8428.04034698531,8495.90259661459,8564.311270410717,8633.270768159597,8702.785525074065,8772.860012079082,8843.498736099358,8914.706240349144,8986.487104624512,9058.845945597834,9131.787417114787,9205.31621049359,9279.437054826807,9354.154717285446,9429.47400342559,9505.399757497484,9581.936862757088,9659.090241780126,9736.864856778713,9815.265709920519,9894.297843650465,9973.966341015032,10054.276325989182,10135.232963805956,10216.841461288606,10299.107067185563,10382.035072507933,10465.630810869876,10549.89965883156,10634.84703624505,10720.478406602804,10806.799277389146,10893.815200434417,10981.531772272076,11069.954634498676,11159.08947413668,11248.94202400021,11339.518063063782,11430.823416834026,11522.863957724268,11615.64560543233,11709.174327321158,11803.456138802712,11898.49710372478,11994.303334761045,12090.880993804161,12188.23629236214,12286.375491957784,12385.304904531427,12485.030892846919,12585.55987090084,12686.898304334996,12789.052710852275,12892.029660635888,12995.8357767719,13100.477735675182,13205.962267518828,13312.296156667053,13419.486242111492,13527.539417911097,13636.462633635434,13746.262894811807,13856.947263375758,13968.522858125163,14080.996855178266,14194.376488435144,14308.66905004285,14423.881890864615] 0.31126199007860056 [Infinity,Infinity,Infinity,Infinity,Infinity,Infinity,Infinity,Infinity,Infinity,Infinity,Infinity,Infinity,Infinity,Infinity,Infinity,Infinity,Infinity,Infinity,Infinity,Infinity,Infinity,Infinity,Infinity,Infinity,Infinity,Infinity,Infinity,Infinity,Infinity,Infinity,Infinity,Infinity,Infinity,Infinity,Infinity,Infinity,Infinity,Infinity,Infinity,Infinity,Infinity,Infinity,Infinity,Infinity,Infinity,Infinity,Infinity,Infinity,Infinity,Infinity,Infinity,Infinity,Infinity,Infinity,Infinity,Infinity,Infinity,Infinity,Infinity,Infinity,Infinity,Infinity,Infinity,Infinity,Infinity,Infinity,Infinity,Infinity,Infinity,Infinity,Infinity,Infinity,Infinity,Infinity,Infinity,Infinity,Infinity,Infinity,Infinity,Infinity,Infinity,Infinity,Infinity,Infinity,Infinity,Infinity,Infinity,Infinity,Infinity,Infinity,Infinity,Infinity,Infinity,Infinity,Infinity,Infinity,Infinity,Infinity,Infinity,Infinity,Infinity,Infinity,Infinity,Infinity,Infinity,Infinity,Infinity,Infinity,Infinity,Infinity,Infinity,Infinity,Infinity,Infinity,Infinity,Infinity,Infinity,Infinity,Infinity,Infinity,Infinity,Infinity,Infinity,Infinity,Infinity,Infinity,Infinity,Infinity,Infinity,Infinity,Infinity,Infinity,Infinity,Infinity,Infinity,Infinity,Infinity,Infinity,Infinity,Infinity,Infinity,Infinity,Infinity,Infinity,Infinity,Infinity,Infinity,Infinity,Infinity,Infinity,Infinity,Infinity,Infinity,Infinity,Infinity,Infinity,Infinity,Infinity,Infinity,Infinity,Infinity,Infinity,Infinity,Infinity,Infinity,Infinity,Infinity,Infinity,Infinity,Infinity,Infinity,Infinity,Infinity,Infinity,Infinity,Infinity,Infinity,Infinity,Infinity,Infinity,Infinity,Infinity,Infinity,Infinity,Infinity,Infinity,Infinity,Infinity,Infinity,Infinity,Infinity,Infinity,Infinity,Infinity,Infinity,Infinity,Infinity,Infinity,Infinity,Infinity,Infinity,Infinity,Infinity,Infinity,Infinity,Infinity,Infinity,Infinity,Infinity,Infinity,Infinity,Infinity,Infinity,Infinity,Infinity,Infinity,Infinity,Infinity,Infinity,Infinity,Infinity,Infinity,Infinity,Infinity,Infinity,Infinity,Infinity,Infinity,Infinity,Infinity,Infinity,Infinity,Infinity,Infinity,Infinity,Infinity,Infinity,Infinity,Infinity,Infinity,Infinity,Infinity,Infinity,Infinity,Infinity,Infinity,Infinity,Infinity,Infinity,Infinity,Infinity,Infinity,Infinity,Infinity,Infinity,Infinity,Infinity,Infinity,Infinity,Infinity,Infinity,Infinity,Infinity,Infinity,Infinity,Infinity,Infinity,Infinity,Infinity,Infinity,Infinity,Infinity,Infinity,Infinity,Infinity,Infinity,Infinity,Infinity,Infinity,Infinity,Infinity,Infinity,Infinity,Infinity,Infinity,Infinity,Infinity,Infinity,Infinity,Infinity,Infinity,Infinity,Infinity,Infinity,Infinity,Infinity,Infinity,Infinity,Infinity,Infinity] [0.0,0.0,0.0,0.0,0.0,0.0,0.0,0.0,0.0,0.0,0.0,0.0,0.0,0.0,0.0,0.0,0.0,0.0,0.0,0.0,0.0,0.0,0.0,0.0,0.0,0.0,0.0,0.0,0.0,0.0,0.0,0.0,0.0,0.0,0.0,0.0,0.0,0.0,0.0,0.0,0.0,0.0,0.0,0.0,0.0,0.0,0.0,0.0,0.0,0.0,0.0,0.0,0.0,0.0,0.0,0.0,0.0,0.0,0.0,0.0,0.0,0.0,0.0,0.0,0.0,0.0,0.0,0.0,0.0,0.0,0.0,0.0,0.0,0.0,0.0,0.0,0.0,0.0,0.0,0.0,0.0,0.0,0.0,0.0,0.0,0.0,0.0,0.0,0.0,0.0,0.0,0.0,0.0,0.0,0.0,0.0,0.0,0.0,0.0,0.0,0.0,0.0,0.0,0.0,0.0,0.0,0.0,0.0,0.0,0.0,0.0,0.0,0.0,0.0,0.0,0.0,0.0,0.0,0.0,0.0,0.0,0.0,0.0,0.0,0.0,0.0,0.0,0.0,0.0,0.0,0.0,0.0,0.0,0.0,0.0,0.0,0.0,0.0,0.0,0.0,0.0,0.0,0.0,0.0,0.0,0.0,0.0,0.0,0.0,0.0,0.0,0.0,0.0,0.0,0.0,0.0,0.0,0.0,0.0,0.0,0.0,0.0,0.0,0.0,0.0,0.0,0.0,0.0,0.0,0.0,0.0,0.0,0.0,0.0,0.0,0.0,0.0,0.0,0.0,0.0,0.0,0.0,0.0,0.0,0.0,0.0,0.0,0.0,0.0,0.0,0.0,0.0,0.0,0.0,0.0,0.0,0.0,0.0,0.0,0.0,0.0,0.0,0.0,0.0,0.0,0.0,0.0,0.0,0.0,0.0,0.0,0.0,0.0,0.0,0.0,0.0,0.0,0.0,0.0,0.0,0.0,0.0,0.0,0.0,0.0,0.0,0.0,0.0,0.0,0.0,0.0,0.0,0.0,0.0,0.0,0.0,0.0,0.0,0.0,0.0,0.0,0.0,0.0,0.0,0.0,0.0,0.0,0.0,0.0,0.0,0.0,0.0,0.0,0.0,0.0,0.0,0.0,0.0,0.0,0.0,0.0,0.0,0.0,0.0,0.0,0.0,0.0,0.0,0.0,0.0,0.0,0.0,0.0,0.0,0.0,0.0,0.0,0.0,0.0,0.0,0.0,0.0,0.0,0.0,0.0,0.0,0.0,0.0,0.0,0.0,0.0,0.0,0.0,0.0,0.0,0.0,0.0,0.0,0.0,0.0]
56154.10147273653 [0.0,0.0,0.0,0.0,0.0,0.0,0.0,0.0,0.0,0.0,0.0,0.0,0.0,0.0,0.0,0.0,0.0,0.0,0.0,0.0,0.0,0.0,0.0,0.0,0.0,0.0,0.0,0.0,0.0,0.0,0.0,0.0,0.0,0.0,0.0,0.0,0.0,0.0,0.0,0.0,0.0,0.0,0.0,0.0,0.0,0.0,0.0,0.0,0.0,0.0,0.0,0.0,0.0,0.0,0.0,0.0,0.0,0.0,0.0,0.0,0.0,0.0,0.0,0.0,0.0,0.0,0.0,0.0,0.0,0.0,0.0,0.0,0.0,0.0,0.0,0.0,0.0,0.0,0.0,0.0,0.0,0.0,0.0,0.0,0.0,0.0,0.0,0.0,0.0,0.0,0.0,0.0,0.0,0.0,0.0,0.0,0.0,0.0,0.0,0.0,0.0,0.0,0.0,0.0,0.0,0.0,0.0,0.0,0.0,0.0,0.0,0.0,0.0,0.0,0.0,0.0,0.0,0.0,0.0,0.0,0.0,0.0,0.0,0.0,0.0,0.0,0.0,0.0,0.0,0.0,0.0,0.0,0.0,0.0,0.0,0.0,0.0,0.0,0.0,0.0,0.0,0.0,0.0,0.0,0.0,0.0,0.0,0.0,0.0,0.0,0.0,0.0,0.0,0.0,0.0,0.0,0.0,0.0,0.0,0.0,0.0,0.0,0.0,0.0,0.0,0.0,0.0,0.0,0.0,0.0,0.0,0.0,0.0,0.0,0.0,0.0,0.0,0.0,0.0,0.0,0.0,0.0,0.0,0.0,0.0,0.0,0.0,0.0,0.0,0.0,0.0,0.0,0.0,0.0,0.0,0.0,0.0,0.0,0.0,0.0,0.0,0.0,0.0,0.0,0.0,0.0,0.0,0.0,0.0,0.0,0.0,0.0,0.0,0.0,0.0,0.0,0.0,0.0,0.0,0.0,0.0,0.0,0.0,0.0,0.0,0.0,0.0,0.0,0.0,0.0,0.0,0.0,0.0,0.0,0.0,0.0,0.0,0.0,0.0,0.0,0.0,0.0,0.0,0.0,0.0,0.0,0.0,0.0,0.0,0.0,0.0,0.0,0.0,0.0,0.0,0.0,0.0,0.0,0.0,0.0,0.0,0.0,0.0,0.0,0.0,0.0,0.0,0.0,0.0,0.0,0.0,0.0,0.0,0.0,0.0,0.0,0.0,0.0,0.0,0.0,0.0,0.0,0.0,0.0,0.0,0.0,0.0,0.0,0.0,0.0,0.0,0.0,0.0,0.0,0.0,0.0,0.0,0.0,0.0,0.0] [1311.2619900786005,1321.8202200865917,1332.463464547639,1343.19240799478,1354.0077404728797,1364.9101575830227,1375.9003605272408,1386.9790561536227,1398.1469570017646,1409.4047813486081,1420.7532532546286,1432.193102610412,1443.7250651835902,1455.3498826661717,1467.068302722235,1478.881079036026,1490.78897136042,1502.7927455657994,1514.8931736892998,1527.0910339844697,1539.3871109713293,1551.7821954868166,1564.2770847356642,1576.872582341659,1589.569498399342,1602.368649526097,1615.270858914685,1628.2769563861766,1641.3877784433362,1654.6041683244075,1667.9269760573632,1681.3570585145608,1694.895279467867,1708.5425096441993,1722.2996267815402,1736.1675156853773,1750.1470682856248,1764.2391836939755,1778.4447682617345,1792.7647356381167,1807.2000068289992,1821.7515102561672,1836.4201818170154,1851.2069649447558,1866.112810669078,1881.1386776773347,1896.285532376183,1911.5543489537563,1926.9461094423048,1942.4618037813711,1958.1024298814455,1973.8689936881608,1989.7625092469793,2005.7839987684179,2021.9344926937952,2038.215029761504,2054.626657073813,2071.1704301642176,2087.8474130653335,2104.6586783773164,2121.605307336866,2138.6883898867477,2155.9090247459117,2173.268319480143,2190.767390573309,2208.407363499154,2226.1893727937027,2244.1145621282076,2262.184084382728,2280.399101720259,2298.7607856614945,2317.2703171601615,2335.9288866789793,2354.7376942662327,2373.6979496329395,2392.810872230673,2412.077691329971,2431.4996460994216,2451.0779856853383,2470.813969292122,2490.7088662632277,2510.763956162824,2530.9805288580706,2551.359884602096,2571.9033341176064,2592.612198681206,2613.487810208354,2634.5315113390543,2655.7446555241822,2677.1286071125573,2698.6847414386757,2720.4144449111714,2742.319115101994,2764.4001608362782,2786.6590022829737,2809.097071046162,2831.715810257159,2854.5166746673017,2877.5011307415425,2900.67065675274,2924.0267428767575,2947.570891288285,2971.304616257478,2995.22944424732,3019.346914011829,3043.658576695001,3068.1659959305807,3092.870747942638,3117.7744216469364,3142.87861875312,3168.1849538677375,3193.695054598094,3219.410561656912,3245.333128967883,3271.4644237720117,3297.806126734876,3324.3599320546946,3351.1275475713155,3378.1106948760344,3405.3111094223436,3432.7305406375262,3460.3707520352004,3488.23352132871,3516.320640545493,3544.6339161423107,3573.1751691214417,3601.9462351478164,3630.9489646670518,3660.1852230244945,3689.6568905851636,3719.3658628547196,3749.3140506013438,3779.5033799786634,3809.935792649603,3840.6132459112973,3871.5377128209448,3902.7111823227383,3934.135659375755,3965.8131650829396,3997.7457368210635,4029.9354283717907,4062.3843100537392,4095.0944688556665,4128.068008570669,4161.3070499315045,4194.813730746993,4228.590206039511,4262.638648183577,4296.961247045588,4331.560210124669,4366.437762694626,4401.596147947099,4437.037627135803,4472.764479721992,4508.779003521039,4545.083514850253,4581.680348677821,4618.571858773019,4655.7604178575675,4693.248417758249,4731.038269560753,4769.132403764733,4807.533270440121,4846.243339384716,4885.265100283049,4924.601062866471,4964.253757074609,5004.22573321805,5044.519562142395,5085.137835393579,5126.08316538458,5167.3581855634,5208.965550582488,5250.907936469426,5293.188040799074,5335.808582867062,5378.772303864684,5422.081967055189,5465.740357951513,5509.7502844954415,5554.1145772382,5598.836089522486,5643.917697666003,5689.362301146471,5735.17282278806,5781.352208949439,5827.903429713208,5874.829479076986,5922.133375145914,5969.818160326825,6017.886901523867,6066.342690335802,6115.188643254807,6164.427901866934,6214.06363305417,6264.099029198114,6314.537308385285,6365.381714614103,6416.635518003553,6468.302015003491,6520.384528606639,6572.88640856233,6625.811031591967,6679.16180160615,6732.942149923667,6787.155535492116,6841.805445110439,6896.895393653112,6952.428924296275,7008.409608745552,7064.841047465831,7121.726869912778,7179.070734766296,7236.876330165845,7295.147373947643,7353.887613883764,7413.100827923194,7472.790824434837,7532.961442452409,7593.616551921397,7654.7600539479145,7716.395881049652,7778.527997408752,7841.160399126823,7904.2971144818985,7967.94220418758,8032.099761654146,8096.773913251861,8161.968818576374,8227.688670716232,8293.937696522553,8360.720156880894,8428.04034698531,8495.90259661459,8564.311270410717,8633.270768159597,8702.785525074065,8772.860012079082,8843.498736099358,8914.706240349144,8986.487104624512,9058.845945597834,9131.787417114787,9205.31621049359,9279.437054826807,9354.154717285446,9429.47400342559,9505.399757497484,9581.936862757088,9659.090241780126,9736.864856778713,9815.265709920519,9894.297843650465,9973.966341015032,10054.276325989182,10135.232963805956,10216.841461288606,10299.107067185563,10382.035072507933,10465.630810869876,10549.89965883156,10634.84703624505,10720.478406602804,10806.799277389146,10893.815200434417,10981.531772272076,11069.954634498676,11159.08947413668,11248.94202400021,11339.518063063782,11430.823416834026,11522.863957724268,11615.64560543233,11709.174327321158,11803.456138802712,11898.49710372478,11994.303334761045,12090.880993804161,12188.23629236214,12286.375491957784,12385.304904531427,12485.030892846919,12585.55987090084,12686.898304334996,12789.052710852275,12892.029660635888,12995.8357767719,13100.477735675182,13205.962267518828,13312.296156667053,13419.486242111492,13527.539417911097,13636.462633635434,13746.262894811807,13856.947263375758,13968.522858125163,14080.996855178266,14194.376488435144,14308.66905004285,14423.881890864615] 0.31126199007860056 [Infinity,Infinity,Infinity,Infinity,Infinity,Infinity,Infinity,Infinity,Infinity,Infinity,Infinity,Infinity,Infinity,Infinity,Infinity,Infinity,Infinity,Infinity,Infinity,Infinity,Infinity,Infinity,Infinity,Infinity,Infinity,Infinity,Infinity,Infinity,Infinity,Infinity,Infinity,Infinity,Infinity,Infinity,Infinity,Infinity,Infinity,Infinity,Infinity,Infinity,Infinity,Infinity,Infinity,Infinity,Infinity,Infinity,Infinity,Infinity,Infinity,Infinity,Infinity,Infinity,Infinity,Infinity,Infinity,Infinity,Infinity,Infinity,Infinity,Infinity,Infinity,Infinity,Infinity,Infinity,Infinity,Infinity,Infinity,Infinity,Infinity,Infinity,Infinity,Infinity,Infinity,Infinity,Infinity,Infinity,Infinity,Infinity,Infinity,Infinity,Infinity,Infinity,Infinity,Infinity,Infinity,Infinity,Infinity,Infinity,Infinity,Infinity,Infinity,Infinity,Infinity,Infinity,Infinity,Infinity,Infinity,Infinity,Infinity,Infinity,Infinity,Infinity,Infinity,Infinity,Infinity,Infinity,Infinity,Infinity,Infinity,Infinity,Infinity,Infinity,Infinity,Infinity,Infinity,Infinity,Infinity,Infinity,Infinity,Infinity,Infinity,Infinity,Infinity,Infinity,Infinity,Infinity,Infinity,Infinity,Infinity,Infinity,Infinity,Infinity,Infinity,Infinity,Infinity,Infinity,Infinity,Infinity,Infinity,Infinity,Infinity,Infinity,Infinity,Infinity,Infinity,Infinity,Infinity,Infinity,Infinity,Infinity,Infinity,Infinity,Infinity,Infinity,Infinity,Infinity,Infinity,Infinity,Infinity,Infinity,Infinity,Infinity,Infinity,Infinity,Infinity,Infinity,Infinity,Infinity,Infinity,Infinity,Infinity,Infinity,Infinity,Infinity,Infinity,Infinity,Infinity,Infinity,Infinity,Infinity,Infinity,Infinity,Infinity,Infinity,Infinity,Infinity,Infinity,Infinity,Infinity,Infinity,Infinity,Infinity,Infinity,Infinity,Infinity,Infinity,Infinity,Infinity,Infinity,Infinity,Infinity,Infinity,Infinity,Infinity,Infinity,Infinity,Infinity,Infinity,Infinity,Infinity,Infinity,Infinity,Infinity,Infinity,Infinity,Infinity,Infinity,Infinity,Infinity,Infinity,Infinity,Infinity,Infinity,Infinity,Infinity,Infinity,Infinity,Infinity,Infinity,Infinity,Infinity,Infinity,Infinity,Infinity,Infinity,Infinity,Infinity,Infinity,Infinity,Infinity,Infinity,Infinity,Infinity,Infinity,Infinity,Infinity,Infinity,Infinity,Infinity,Infinity,Infinity,Infinity,Infinity,Infinity,Infinity,Infinity,Infinity,Infinity,Infinity,Infinity,Infinity,Infinity,Infinity,Infinity,Infinity,Infinity,Infinity,Infinity,Infinity,Infinity,Infinity,Infinity,Infinity,Infinity,Infinity,Infinity,Infinity,Infinity,Infinity,Infinity,Infinity,Infinity,Infinity,Infinity,Infinity,Infinity,Infinity,Infinity,Infinity,Infinity,Infinity,Infinity,Infinity,Infinity,Infinity,Infinity,Infinity,Infinity,Infinity,Infinity] [0.0,0.0,0.0,0.0,0.0,0.0,0.0,0.0,0.0,0.0,0.0,0.0,0.0,0.0,0.0,0.0,0.0,0.0,0.0,0.0,0.0,0.0,0.0,0.0,0.0,0.0,0.0,0.0,0.0,0.0,0.0,0.0,0.0,0.0,0.0,0.0,0.0,0.0,0.0,0.0,0.0,0.0,0.0,0.0,0.0,0.0,0.0,0.0,0.0,0.0,0.0,0.0,0.0,0.0,0.0,0.0,0.0,0.0,0.0,0.0,0.0,0.0,0.0,0.0,0.0,0.0,0.0,0.0,0.0,0.0,0.0,0.0,0.0,0.0,0.0,0.0,0.0,0.0,0.0,0.0,0.0,0.0,0.0,0.0,0.0,0.0,0.0,0.0,0.0,0.0,0.0,0.0,0.0,0.0,0.0,0.0,0.0,0.0,0.0,0.0,0.0,0.0,0.0,0.0,0.0,0.0,0.0,0.0,0.0,0.0,0.0,0.0,0.0,0.0,0.0,0.0,0.0,0.0,0.0,0.0,0.0,0.0,0.0,0.0,0.0,0.0,0.0,0.0,0.0,0.0,0.0,0.0,0.0,0.0,0.0,0.0,0.0,0.0,0.0,0.0,0.0,0.0,0.0,0.0,0.0,0.0,0.0,0.0,0.0,0.0,0.0,0.0,0.0,0.0,0.0,0.0,0.0,0.0,0.0,0.0,0.0,0.0,0.0,0.0,0.0,0.0,0.0,0.0,0.0,0.0,0.0,0.0,0.0,0.0,0.0,0.0,0.0,0.0,0.0,0.0,0.0,0.0,0.0,0.0,0.0,0.0,0.0,0.0,0.0,0.0,0.0,0.0,0.0,0.0,0.0,0.0,0.0,0.0,0.0,0.0,0.0,0.0,0.0,0.0,0.0,0.0,0.0,0.0,0.0,0.0,0.0,0.0,0.0,0.0,0.0,0.0,0.0,0.0,0.0,0.0,0.0,0.0,0.0,0.0,0.0,0.0,0.0,0.0,0.0,0.0,0.0,0.0,0.0,0.0,0.0,0.0,0.0,0.0,0.0,0.0,0.0,0.0,0.0,0.0,0.0,0.0,0.0,0.0,0.0,0.0,0.0,0.0,0.0,0.0,0.0,0.0,0.0,0.0,0.0,0.0,0.0,0.0,0.0,0.0,0.0,0.0,0.0,0.0,0.0,0.0,0.0,0.0,0.0,0.0,0.0,0.0,0.0,0.0,0.0,0.0,0.0,0.0,0.0,0.0,0.0,0.0,0.0,0.0,0.0,0.0,0.0,0.0,0.0,0.0,0.0,0.0,0.0,0.0,0.0,0.0]
56356.41446005043 [0.0,0.0,0.0,0.0,0.0,0.0,0.0,0.0,0.0,0.0,0.0,0.0,0.0,0.0,0.0,0.0,0.0,0.0,0.0,0.0,0.0,0.0,0.0,0.0,0.0,0.0,0.0,0.0,0.0,0.0,0.0,0.0,0.0,0.0,0.0,0.0,0.0,0.0,0.0,0.0,0.0,0.0,0.0,0.0,0.0,0.0,0.0,0.0,0.0,0.0,0.0,0.0,0.0,0.0,0.0,0.0,0.0,0.0,0.0,0.0,0.0,0.0,0.0,0.0,0.0,0.0,0.0,0.0,0.0,0.0,0.0,0.0,0.0,0.0,0.0,0.0,0.0,0.0,0.0,0.0,0.0,0.0,0.0,0.0,0.0,0.0,0.0,0.0,0.0,0.0,0.0,0.0,0.0,0.0,0.0,0.0,0.0,0.0,0.0,0.0,0.0,0.0,0.0,0.0,0.0,0.0,0.0,0.0,0.0,0.0,0.0,0.0,0.0,0.0,0.0,0.0,0.0,0.0,0.0,0.0,0.0,0.0,0.0,0.0,0.0,0.0,0.0,0.0,0.0,0.0,0.0,0.0,0.0,0.0,0.0,0.0,0.0,0.0,0.0,0.0,0.0,0.0,0.0,0.0,0.0,0.0,0.0,0.0,0.0,0.0,0.0,0.0,0.0,0.0,0.0,0.0,0.0,0.0,0.0,0.0,0.0,0.0,0.0,0.0,0.0,0.0,0.0,0.0,0.0,0.0,0.0,0.0,0.0,0.0,0.0,0.0,0.0,0.0,0.0,0.0,0.0,0.0,0.0,0.0,0.0,0.0,0.0,0.0,0.0,0.0,0.0,0.0,0.0,0.0,0.0,0.0,0.0,0.0,0.0,0.0,0.0,0.0,0.0,0.0,0.0,0.0,0.0,0.0,0.0,0.0,0.0,0.0,0.0,0.0,0.0,0.0,0.0,0.0,0.0,0.0,0.0,0.0,0.0,0.0,0.0,0.0,0.0,0.0,0.0,0.0,0.0,0.0,0.0,0.0,0.0,0.0,0.0,0.0,0.0,0.0,0.0,0.0,0.0,0.0,0.0,0.0,0.0,0.0,0.0,0.0,0.0,0.0,0.0,0.0,0.0,0.0,0.0,0.0,0.0,0.0,0.0,0.0,0.0,0.0,0.0,0.0,0.0,0.0,0.0,0.0,0.0,0.0,0.0,0.0,0.0,0.0,0.0,0.0,0.0,0.0,0.0,0.0,0.0,0.0,0.0,0.0,0.0,0.0,0.0,0.0,0.0,0.0,0.0,0.0,0.0,0.0,0.0,0.0,0.0,0.0] [1311.2619900786005,1321.8202200865917,1332.463464547639,1343.19240799478,1354.0077404728797,1364.9101575830227,1375.9003605272408,1386.9790561536227,1398.1469570017646,1409.4047813486081,1420.7532532546286,1432.193102610412,1443.7250651835902,1455.3498826661717,1467.068302722235,1478.881079036026,1490.78897136042,1502.7927455657994,1514.8931736892998,1527.0910339844697,1539.3871109713293,1551.7821954868166,1564.2770847356642,1576.872582341659,1589.569498399342,1602.368649526097,1615.270858914685,1628.2769563861766,1641.3877784433362,1654.6041683244075,1667.9269760573632,1681.3570585145608,1694.895279467867,1708.5425096441993,1722.2996267815402,1736.1675156853773,1750.1470682856248,1764.2391836939755,1778.4447682617345,1792.7647356381167,1807.2000068289992,1821.7515102561672,1836.4201818170154,1851.2069649447558,1866.112810669078,1881.1386776773347,1896.285532376183,1911.5543489537563,1926.9461094423048,1942.4618037813711,1958.1024298814455,1973.8689936881608,1989.7625092469793,2005.7839987684179,2021.9344926937952,2038.215029761504,2054.626657073813,2071.1704301642176,2087.8474130653335,2104.6586783773164,2121.605307336866,2138.6883898867477,2155.9090247459117,2173.268319480143,2190.767390573309,2208.407363499154,2226.1893727937027,2244.1145621282076,2262.184084382728,2280.399101720259,2298.7607856614945,2317.2703171601615,2335.9288866789793,2354.7376942662327,2373.6979496329395,2392.810872230673,2412.077691329971,2431.4996460994216,2451.0779856853383,2470.813969292122,2490.7088662632277,2510.763956162824,2530.9805288580706,2551.359884602096,2571.9033341176064,2592.612198681206,2613.487810208354,2634.5315113390543,2655.7446555241822,2677.1286071125573,2698.6847414386757,2720.4144449111714,2742.319115101994,2764.4001608362782,2786.6590022829737,2809.097071046162,2831.715810257159,2854.5166746673017,2877.5011307415425,2900.67065675274,2924.0267428767575,2947.570891288285,2971.304616257478,2995.22944424732,3019.346914011829,3043.658576695001,3068.1659959305807,3092.870747942638,3117.7744216469364,3142.87861875312,3168.1849538677375,3193.695054598094,3219.410561656912,3245.333128967883,3271.4644237720117,3297.806126734876,3324.3599320546946,3351.1275475713155,3378.1106948760344,3405.3111094223436,3432.7305406375262,3460.3707520352004,3488.23352132871,3516.320640545493,3544.6339161423107,3573.1751691214417,3601.9462351478164,3630.9489646670518,3660.1852230244945,3689.6568905851636,3719.3658628547196,3749.3140506013438,3779.5033799786634,3809.935792649603,3840.6132459112973,3871.5377128209448,3902.7111823227383,3934.135659375755,3965.8131650829396,3997.7457368210635,4029.9354283717907,4062.3843100537392,4095.0944688556665,4128.068008570669,4161.3070499315045,4194.813730746993,4228.590206039511,4262.638648183577,4296.961247045588,4331.560210124669,4366.437762694626,4401.596147947099,4437.037627135803,4472.764479721992,4508.779003521039,4545.083514850253,4581.680348677821,4618.571858773019,4655.7604178575675,4693.248417758249,4731.038269560753,4769.132403764733,4807.533270440121,4846.243339384716,4885.265100283049,4924.601062866471,4964.253757074609,5004.22573321805,5044.519562142395,5085.137835393579,5126.08316538458,5167.3581855634,5208.965550582488,5250.907936469426,5293.188040799074,5335.808582867062,5378.772303864684,5422.081967055189,5465.740357951513,5509.7502844954415,5554.1145772382,5598.836089522486,5643.917697666003,5689.362301146471,5735.17282278806,5781.352208949439,5827.903429713208,5874.829479076986,5922.133375145914,5969.818160326825,6017.886901523867,6066.342690335802,6115.188643254807,6164.427901866934,6214.06363305417,6264.099029198114,6314.537308385285,6365.381714614103,6416.635518003553,6468.302015003491,6520.384528606639,6572.88640856233,6625.811031591967,6679.16180160615,6732.942149923667,6787.155535492116,6841.805445110439,6896.895393653112,6952.428924296275,7008.409608745552,7064.841047465831,7121.726869912778,7179.070734766296,7236.876330165845,7295.147373947643,7353.887613883764,7413.100827923194,7472.790824434837,7532.961442452409,7593.616551921397,7654.7600539479145,7716.395881049652,7778.527997408752,7841.160399126823,7904.2971144818985,7967.94220418758,8032.099761654146,8096.773913251861,8161.968818576374,8227.688670716232,8293.937696522553,8360.720156880894,8428.04034698531,8495.90259661459,8564.311270410717,8633.270768159597,8702.785525074065,8772.860012079082,8843.498736099358,8914.706240349144,8986.487104624512,9058.845945597834,9131.787417114787,9205.31621049359,9279.437054826807,9354.154717285446,9429.47400342559,9505.399757497484,9581.936862757088,9659.090241780126,9736.864856778713,9815.265709920519,9894.297843650465,9973.966341015032,10054.276325989182,10135.232963805956,10216.841461288606,10299.107067185563,10382.035072507933,10465.630810869876,10549.89965883156,10634.84703624505,10720.478406602804,10806.799277389146,10893.815200434417,10981.531772272076,11069.954634498676,11159.08947413668,11248.94202400021,11339.518063063782,11430.823416834026,11522.863957724268,11615.64560543233,11709.174327321158,11803.456138802712,11898.49710372478,11994.303334761045,12090.880993804161,12188.23629236214,12286.375491957784,12385.304904531427,12485.030892846919,12585.55987090084,12686.898304334996,12789.052710852275,12892.029660635888,12995.8357767719,13100.477735675182,13205.962267518828,13312.296156667053,13419.486242111492,13527.539417911097,13636.462633635434,13746.262894811807,13856.947263375758,13968.522858125163,14080.996855178266,14194.376488435144,14308.66905004285,14423.881890864615] 0.31126199007860056 [Infinity,Infinity,Infinity,Infinity,Infinity,Infinity,Infinity,Infinity,Infinity,Infinity,Infinity,Infinity,Infinity,Infinity,Infinity,Infinity,Infinity,Infinity,Infinity,Infinity,Infinity,Infinity,Infinity,Infinity,Infinity,Infinity,Infinity,Infinity,Infinity,Infinity,Infinity,Infinity,Infinity,Infinity,Infinity,Infinity,Infinity,Infinity,Infinity,Infinity,Infinity,Infinity,Infinity,Infinity,Infinity,Infinity,Infinity,Infinity,Infinity,Infinity,Infinity,Infinity,Infinity,Infinity,Infinity,Infinity,Infinity,Infinity,Infinity,Infinity,Infinity,Infinity,Infinity,Infinity,Infinity,Infinity,Infinity,Infinity,Infinity,Infinity,Infinity,Infinity,Infinity,Infinity,Infinity,Infinity,Infinity,Infinity,Infinity,Infinity,Infinity,Infinity,Infinity,Infinity,Infinity,Infinity,Infinity,Infinity,Infinity,Infinity,Infinity,Infinity,Infinity,Infinity,Infinity,Infinity,Infinity,Infinity,Infinity,Infinity,Infinity,Infinity,Infinity,Infinity,Infinity,Infinity,Infinity,Infinity,Infinity,Infinity,Infinity,Infinity,Infinity,Infinity,Infinity,Infinity,Infinity,Infinity,Infinity,Infinity,Infinity,Infinity,Infinity,Infinity,Infinity,Infinity,Infinity,Infinity,Infinity,Infinity,Infinity,Infinity,Infinity,Infinity,Infinity,Infinity,Infinity,Infinity,Infinity,Infinity,Infinity,Infinity,Infinity,Infinity,Infinity,Infinity,Infinity,Infinity,Infinity,Infinity,Infinity,Infinity,Infinity,Infinity,Infinity,Infinity,Infinity,Infinity,Infinity,Infinity,Infinity,Infinity,Infinity,Infinity,Infinity,Infinity,Infinity,Infinity,Infinity,Infinity,Infinity,Infinity,Infinity,Infinity,Infinity,Infinity,Infinity,Infinity,Infinity,Infinity,Infinity,Infinity,Infinity,Infinity,Infinity,Infinity,Infinity,Infinity,Infinity,Infinity,Infinity,Infinity,Infinity,Infinity,Infinity,Infinity,Infinity,Infinity,Infinity,Infinity,Infinity,Infinity,Infinity,Infinity,Infinity,Infinity,Infinity,Infinity,Infinity,Infinity,Infinity,Infinity,Infinity,Infinity,Infinity,Infinity,Infinity,Infinity,Infinity,Infinity,Infinity,Infinity,Infinity,Infinity,Infinity,Infinity,Infinity,Infinity,Infinity,Infinity,Infinity,Infinity,Infinity,Infinity,Infinity,Infinity,Infinity,Infinity,Infinity,Infinity,Infinity,Infinity,Infinity,Infinity,Infinity,Infinity,Infinity,Infinity,Infinity,Infinity,Infinity,Infinity,Infinity,Infinity,Infinity,Infinity,Infinity,Infinity,Infinity,Infinity,Infinity,Infinity,Infinity,Infinity,Infinity,Infinity,Infinity,Infinity,Infinity,Infinity,Infinity,Infinity,Infinity,Infinity,Infinity,Infinity,Infinity,Infinity,Infinity,Infinity,Infinity,Infinity,Infinity,Infinity,Infinity,Infinity,Infinity,Infinity,Infinity,Infinity,Infinity,Infinity,Infinity,Infinity,Infinity,Infinity,Infinity,Infinity,Infinity,Infinity] [0.0,0.0,0.0,0.0,0.0,0.0,0.0,0.0,0.0,0.0,0.0,0.0,0.0,0.0,0.0,0.0,0.0,0.0,0.0,0.0,0.0,0.0,0.0,0.0,0.0,0.0,0.0,0.0,0.0,0.0,0.0,0.0,0.0,0.0,0.0,0.0,0.0,0.0,0.0,0.0,0.0,0.0,0.0,0.0,0.0,0.0,0.0,0.0,0.0,0.0,0.0,0.0,0.0,0.0,0.0,0.0,0.0,0.0,0.0,0.0,0.0,0.0,0.0,0.0,0.0,0.0,0.0,0.0,0.0,0.0,0.0,0.0,0.0,0.0,0.0,0.0,0.0,0.0,0.0,0.0,0.0,0.0,0.0,0.0,0.0,0.0,0.0,0.0,0.0,0.0,0.0,0.0,0.0,0.0,0.0,0.0,0.0,0.0,0.0,0.0,0.0,0.0,0.0,0.0,0.0,0.0,0.0,0.0,0.0,0.0,0.0,0.0,0.0,0.0,0.0,0.0,0.0,0.0,0.0,0.0,0.0,0.0,0.0,0.0,0.0,0.0,0.0,0.0,0.0,0.0,0.0,0.0,0.0,0.0,0.0,0.0,0.0,0.0,0.0,0.0,0.0,0.0,0.0,0.0,0.0,0.0,0.0,0.0,0.0,0.0,0.0,0.0,0.0,0.0,0.0,0.0,0.0,0.0,0.0,0.0,0.0,0.0,0.0,0.0,0.0,0.0,0.0,0.0,0.0,0.0,0.0,0.0,0.0,0.0,0.0,0.0,0.0,0.0,0.0,0.0,0.0,0.0,0.0,0.0,0.0,0.0,0.0,0.0,0.0,0.0,0.0,0.0,0.0,0.0,0.0,0.0,0.0,0.0,0.0,0.0,0.0,0.0,0.0,0.0,0.0,0.0,0.0,0.0,0.0,0.0,0.0,0.0,0.0,0.0,0.0,0.0,0.0,0.0,0.0,0.0,0.0,0.0,0.0,0.0,0.0,0.0,0.0,0.0,0.0,0.0,0.0,0.0,0.0,0.0,0.0,0.0,0.0,0.0,0.0,0.0,0.0,0.0,0.0,0.0,0.0,0.0,0.0,0.0,0.0,0.0,0.0,0.0,0.0,0.0,0.0,0.0,0.0,0.0,0.0,0.0,0.0,0.0,0.0,0.0,0.0,0.0,0.0,0.0,0.0,0.0,0.0,0.0,0.0,0.0,0.0,0.0,0.0,0.0,0.0,0.0,0.0,0.0,0.0,0.0,0.0,0.0,0.0,0.0,0.0,0.0,0.0,0.0,0.0,0.0,0.0,0.0,0.0,0.0,0.0,0.0]
56145.23338612782 [0.0,0.0,0.0,0.0,0.0,0.0,0.0,0.0,0.0,0.0,0.0,0.0,0.0,0.0,0.0,0.0,0.0,0.0,0.0,0.0,0.0,0.0,0.0,0.0,0.0,0.0,0.0,0.0,0.0,0.0,0.0,0.0,0.0,0.0,0.0,0.0,0.0,0.0,0.0,0.0,0.0,0.0,0.0,0.0,0.0,0.0,0.0,0.0,0.0,0.0,0.0,0.0,0.0,0.0,0.0,0.0,0.0,0.0,0.0,0.0,0.0,0.0,0.0,0.0,0.0,0.0,0.0,0.0,0.0,0.0,0.0,0.0,0.0,0.0,0.0,0.0,0.0,0.0,0.0,0.0,0.0,0.0,0.0,0.0,0.0,0.0,0.0,0.0,0.0,0.0,0.0,0.0,0.0,0.0,0.0,0.0,0.0,0.0,0.0,0.0,0.0,0.0,0.0,0.0,0.0,0.0,0.0,0.0,0.0,0.0,0.0,0.0,0.0,0.0,0.0,0.0,0.0,0.0,0.0,0.0,0.0,0.0,0.0,0.0,0.0,0.0,0.0,0.0,0.0,0.0,0.0,0.0,0.0,0.0,0.0,0.0,0.0,0.0,0.0,0.0,0.0,0.0,0.0,0.0,0.0,0.0,0.0,0.0,0.0,0.0,0.0,0.0,0.0,0.0,0.0,0.0,0.0,0.0,0.0,0.0,0.0,0.0,0.0,0.0,0.0,0.0,0.0,0.0,0.0,0.0,0.0,0.0,0.0,0.0,0.0,0.0,0.0,0.0,0.0,0.0,0.0,0.0,0.0,0.0,0.0,0.0,0.0,0.0,0.0,0.0,0.0,0.0,0.0,0.0,0.0,0.0,0.0,0.0,0.0,0.0,0.0,0.0,0.0,0.0,0.0,0.0,0.0,0.0,0.0,0.0,0.0,0.0,0.0,0.0,0.0,0.0,0.0,0.0,0.0,0.0,0.0,0.0,0.0,0.0,0.0,0.0,0.0,0.0,0.0,0.0,0.0,0.0,0.0,0.0,0.0,0.0,0.0,0.0,0.0,0.0,0.0,0.0,0.0,0.0,0.0,0.0,0.0,0.0,0.0,0.0,0.0,0.0,0.0,0.0,0.0,0.0,0.0,0.0,0.0,0.0,0.0,0.0,0.0,0.0,0.0,0.0,0.0,0.0,0.0,0.0,0.0,0.0,0.0,0.0,0.0,0.0,0.0,0.0,0.0,0.0,0.0,0.0,0.0,0.0,0.0,0.0,0.0,0.0,0.0,0.0,0.0,0.0,0.0,0.0,0.0,0.0,0.0,0.0,0.0,0.0] [1311.2619900786005,1321.8202200865917,1332.463464547639,1343.19240799478,1354.0077404728797,1364.9101575830227,1375.9003605272408,1386.9790561536227,1398.1469570017646,1409.4047813486081,1420.7532532546286,1432.193102610412,1443.7250651835902,1455.3498826661717,1467.068302722235,1478.881079036026,1490.78897136042,1502.7927455657994,1514.8931736892998,1527.0910339844697,1539.3871109713293,1551.7821954868166,1564.2770847356642,1576.872582341659,1589.569498399342,1602.368649526097,1615.270858914685,1628.2769563861766,1641.3877784433362,1654.6041683244075,1667.9269760573632,1681.3570585145608,1694.895279467867,1708.5425096441993,1722.2996267815402,1736.1675156853773,1750.1470682856248,1764.2391836939755,1778.4447682617345,1792.7647356381167,1807.2000068289992,1821.7515102561672,1836.4201818170154,1851.2069649447558,1866.112810669078,1881.1386776773347,1896.285532376183,1911.5543489537563,1926.9461094423048,1942.4618037813711,1958.1024298814455,1973.8689936881608,1989.7625092469793,2005.7839987684179,2021.9344926937952,2038.215029761504,2054.626657073813,2071.1704301642176,2087.8474130653335,2104.6586783773164,2121.605307336866,2138.6883898867477,2155.9090247459117,2173.268319480143,2190.767390573309,2208.407363499154,2226.1893727937027,2244.1145621282076,2262.184084382728,2280.399101720259,2298.7607856614945,2317.2703171601615,2335.9288866789793,2354.7376942662327,2373.6979496329395,2392.810872230673,2412.077691329971,2431.4996460994216,2451.0779856853383,2470.813969292122,2490.7088662632277,2510.763956162824,2530.9805288580706,2551.359884602096,2571.9033341176064,2592.612198681206,2613.487810208354,2634.5315113390543,2655.7446555241822,2677.1286071125573,2698.6847414386757,2720.4144449111714,2742.319115101994,2764.4001608362782,2786.6590022829737,2809.097071046162,2831.715810257159,2854.5166746673017,2877.5011307415425,2900.67065675274,2924.0267428767575,2947.570891288285,2971.304616257478,2995.22944424732,3019.346914011829,3043.658576695001,3068.1659959305807,3092.870747942638,3117.7744216469364,3142.87861875312,3168.1849538677375,3193.695054598094,3219.410561656912,3245.333128967883,3271.4644237720117,3297.806126734876,3324.3599320546946,3351.1275475713155,3378.1106948760344,3405.3111094223436,3432.7305406375262,3460.3707520352004,3488.23352132871,3516.320640545493,3544.6339161423107,3573.1751691214417,3601.9462351478164,3630.9489646670518,3660.1852230244945,3689.6568905851636,3719.3658628547196,3749.3140506013438,3779.5033799786634,3809.935792649603,3840.6132459112973,3871.5377128209448,3902.7111823227383,3934.135659375755,3965.8131650829396,3997.7457368210635,4029.9354283717907,4062.3843100537392,4095.0944688556665,4128.068008570669,4161.3070499315045,4194.813730746993,4228.590206039511,4262.638648183577,4296.961247045588,4331.560210124669,4366.437762694626,4401.596147947099,4437.037627135803,4472.764479721992,4508.779003521039,4545.083514850253,4581.680348677821,4618.571858773019,4655.7604178575675,4693.248417758249,4731.038269560753,4769.132403764733,4807.533270440121,4846.243339384716,4885.265100283049,4924.601062866471,4964.253757074609,5004.22573321805,5044.519562142395,5085.137835393579,5126.08316538458,5167.3581855634,5208.965550582488,5250.907936469426,5293.188040799074,5335.808582867062,5378.772303864684,5422.081967055189,5465.740357951513,5509.7502844954415,5554.1145772382,5598.836089522486,5643.917697666003,5689.362301146471,5735.17282278806,5781.352208949439,5827.903429713208,5874.829479076986,5922.133375145914,5969.818160326825,6017.886901523867,6066.342690335802,6115.188643254807,6164.427901866934,6214.06363305417,6264.099029198114,6314.537308385285,6365.381714614103,6416.635518003553,6468.302015003491,6520.384528606639,6572.88640856233,6625.811031591967,6679.16180160615,6732.942149923667,6787.155535492116,6841.805445110439,6896.895393653112,6952.428924296275,7008.409608745552,7064.841047465831,7121.726869912778,7179.070734766296,7236.876330165845,7295.147373947643,7353.887613883764,7413.100827923194,7472.790824434837,7532.961442452409,7593.616551921397,7654.7600539479145,7716.395881049652,7778.527997408752,7841.160399126823,7904.2971144818985,7967.94220418758,8032.099761654146,8096.773913251861,8161.968818576374,8227.688670716232,8293.937696522553,8360.720156880894,8428.04034698531,8495.90259661459,8564.311270410717,8633.270768159597,8702.785525074065,8772.860012079082,8843.498736099358,8914.706240349144,8986.487104624512,9058.845945597834,9131.787417114787,9205.31621049359,9279.437054826807,9354.154717285446,9429.47400342559,9505.399757497484,9581.936862757088,9659.090241780126,9736.864856778713,9815.265709920519,9894.297843650465,9973.966341015032,10054.276325989182,10135.232963805956,10216.841461288606,10299.107067185563,10382.035072507933,10465.630810869876,10549.89965883156,10634.84703624505,10720.478406602804,10806.799277389146,10893.815200434417,10981.531772272076,11069.954634498676,11159.08947413668,11248.94202400021,11339.518063063782,11430.823416834026,11522.863957724268,11615.64560543233,11709.174327321158,11803.456138802712,11898.49710372478,11994.303334761045,12090.880993804161,12188.23629236214,12286.375491957784,12385.304904531427,12485.030892846919,12585.55987090084,12686.898304334996,12789.052710852275,12892.029660635888,12995.8357767719,13100.477735675182,13205.962267518828,13312.296156667053,13419.486242111492,13527.539417911097,13636.462633635434,13746.262894811807,13856.947263375758,13968.522858125163,14080.996855178266,14194.376488435144,14308.66905004285,14423.881890864615] 0.31126199007860056 [Infinity,Infinity,Infinity,Infinity,Infinity,Infinity,Infinity,Infinity,Infinity,Infinity,Infinity,Infinity,Infinity,Infinity,Infinity,Infinity,Infinity,Infinity,Infinity,Infinity,Infinity,Infinity,Infinity,Infinity,Infinity,Infinity,Infinity,Infinity,Infinity,Infinity,Infinity,Infinity,Infinity,Infinity,Infinity,Infinity,Infinity,Infinity,Infinity,Infinity,Infinity,Infinity,Infinity,Infinity,Infinity,Infinity,Infinity,Infinity,Infinity,Infinity,Infinity,Infinity,Infinity,Infinity,Infinity,Infinity,Infinity,Infinity,Infinity,Infinity,Infinity,Infinity,Infinity,Infinity,Infinity,Infinity,Infinity,Infinity,Infinity,Infinity,Infinity,Infinity,Infinity,Infinity,Infinity,Infinity,Infinity,Infinity,Infinity,Infinity,Infinity,Infinity,Infinity,Infinity,Infinity,Infinity,Infinity,Infinity,Infinity,Infinity,Infinity,Infinity,Infinity,Infinity,Infinity,Infinity,Infinity,Infinity,Infinity,Infinity,Infinity,Infinity,Infinity,Infinity,Infinity,Infinity,Infinity,Infinity,Infinity,Infinity,Infinity,Infinity,Infinity,Infinity,Infinity,Infinity,Infinity,Infinity,Infinity,Infinity,Infinity,Infinity,Infinity,Infinity,Infinity,Infinity,Infinity,Infinity,Infinity,Infinity,Infinity,Infinity,Infinity,Infinity,Infinity,Infinity,Infinity,Infinity,Infinity,Infinity,Infinity,Infinity,Infinity,Infinity,Infinity,Infinity,Infinity,Infinity,Infinity,Infinity,Infinity,Infinity,Infinity,Infinity,Infinity,Infinity,Infinity,Infinity,Infinity,Infinity,Infinity,Infinity,Infinity,Infinity,Infinity,Infinity,Infinity,Infinity,Infinity,Infinity,Infinity,Infinity,Infinity,Infinity,Infinity,Infinity,Infinity,Infinity,Infinity,Infinity,Infinity,Infinity,Infinity,Infinity,Infinity,Infinity,Infinity,Infinity,Infinity,Infinity,Infinity,Infinity,Infinity,Infinity,Infinity,Infinity,Infinity,Infinity,Infinity,Infinity,Infinity,Infinity,Infinity,Infinity,Infinity,Infinity,Infinity,Infinity,Infinity,Infinity,Infinity,Infinity,Infinity,Infinity,Infinity,Infinity,Infinity,Infinity,Infinity,Infinity,Infinity,Infinity,Infinity,Infinity,Infinity,Infinity,Infinity,Infinity,Infinity,Infinity,Infinity,Infinity,Infinity,Infinity,Infinity,Infinity,Infinity,Infinity,Infinity,Infinity,Infinity,Infinity,Infinity,Infinity,Infinity,Infinity,Infinity,Infinity,Infinity,Infinity,Infinity,Infinity,Infinity,Infinity,Infinity,Infinity,Infinity,Infinity,Infinity,Infinity,Infinity,Infinity,Infinity,Infinity,Infinity,Infinity,Infinity,Infinity,Infinity,Infinity,Infinity,Infinity,Infinity,Infinity,Infinity,Infinity,Infinity,Infinity,Infinity,Infinity,Infinity,Infinity,Infinity,Infinity,Infinity,Infinity,Infinity,Infinity,Infinity,Infinity,Infinity,Infinity,Infinity,Infinity,Infinity,Infinity,Infinity,Infinity,Infinity,Infinity] [0.0,0.0,0.0,0.0,0.0,0.0,0.0,0.0,0.0,0.0,0.0,0.0,0.0,0.0,0.0,0.0,0.0,0.0,0.0,0.0,0.0,0.0,0.0,0.0,0.0,0.0,0.0,0.0,0.0,0.0,0.0,0.0,0.0,0.0,0.0,0.0,0.0,0.0,0.0,0.0,0.0,0.0,0.0,0.0,0.0,0.0,0.0,0.0,0.0,0.0,0.0,0.0,0.0,0.0,0.0,0.0,0.0,0.0,0.0,0.0,0.0,0.0,0.0,0.0,0.0,0.0,0.0,0.0,0.0,0.0,0.0,0.0,0.0,0.0,0.0,0.0,0.0,0.0,0.0,0.0,0.0,0.0,0.0,0.0,0.0,0.0,0.0,0.0,0.0,0.0,0.0,0.0,0.0,0.0,0.0,0.0,0.0,0.0,0.0,0.0,0.0,0.0,0.0,0.0,0.0,0.0,0.0,0.0,0.0,0.0,0.0,0.0,0.0,0.0,0.0,0.0,0.0,0.0,0.0,0.0,0.0,0.0,0.0,0.0,0.0,0.0,0.0,0.0,0.0,0.0,0.0,0.0,0.0,0.0,0.0,0.0,0.0,0.0,0.0,0.0,0.0,0.0,0.0,0.0,0.0,0.0,0.0,0.0,0.0,0.0,0.0,0.0,0.0,0.0,0.0,0.0,0.0,0.0,0.0,0.0,0.0,0.0,0.0,0.0,0.0,0.0,0.0,0.0,0.0,0.0,0.0,0.0,0.0,0.0,0.0,0.0,0.0,0.0,0.0,0.0,0.0,0.0,0.0,0.0,0.0,0.0,0.0,0.0,0.0,0.0,0.0,0.0,0.0,0.0,0.0,0.0,0.0,0.0,0.0,0.0,0.0,0.0,0.0,0.0,0.0,0.0,0.0,0.0,0.0,0.0,0.0,0.0,0.0,0.0,0.0,0.0,0.0,0.0,0.0,0.0,0.0,0.0,0.0,0.0,0.0,0.0,0.0,0.0,0.0,0.0,0.0,0.0,0.0,0.0,0.0,0.0,0.0,0.0,0.0,0.0,0.0,0.0,0.0,0.0,0.0,0.0,0.0,0.0,0.0,0.0,0.0,0.0,0.0,0.0,0.0,0.0,0.0,0.0,0.0,0.0,0.0,0.0,0.0,0.0,0.0,0.0,0.0,0.0,0.0,0.0,0.0,0.0,0.0,0.0,0.0,0.0,0.0,0.0,0.0,0.0,0.0,0.0,0.0,0.0,0.0,0.0,0.0,0.0,0.0,0.0,0.0,0.0,0.0,0.0,0.0,0.0,0.0,0.0,0.0,0.0]
56293.03343756414 [0.0,0.0,0.0,0.0,0.0,0.0,0.0,0.0,0.0,0.0,0.0,0.0,0.0,0.0,0.0,0.0,0.0,0.0,0.0,0.0,0.0,0.0,0.0,0.0,0.0,0.0,0.0,0.0,0.0,0.0,0.0,0.0,0.0,0.0,0.0,0.0,0.0,0.0,0.0,0.0,0.0,0.0,0.0,0.0,0.0,0.0,0.0,0.0,0.0,0.0,0.0,0.0,0.0,0.0,0.0,0.0,0.0,0.0,0.0,0.0,0.0,0.0,0.0,0.0,0.0,0.0,0.0,0.0,0.0,0.0,0.0,0.0,0.0,0.0,0.0,0.0,0.0,0.0,0.0,0.0,0.0,0.0,0.0,0.0,0.0,0.0,0.0,0.0,0.0,0.0,0.0,0.0,0.0,0.0,0.0,0.0,0.0,0.0,0.0,0.0,0.0,0.0,0.0,0.0,0.0,0.0,0.0,0.0,0.0,0.0,0.0,0.0,0.0,0.0,0.0,0.0,0.0,0.0,0.0,0.0,0.0,0.0,0.0,0.0,0.0,0.0,0.0,0.0,0.0,0.0,0.0,0.0,0.0,0.0,0.0,0.0,0.0,0.0,0.0,0.0,1.6601290983842303,1.3992088710580224,1.5339064138141512,2.8771868922222152,4.1469890789294706,5.459106963819736,7.1010773528832845,7.182003090486075,4.7875043040926215,3.3764019103998626,4.378523966833875,7.908144313315086,11.759100280818434,13.040542921686201,14.204466717771055,18.444212045427452,23.27032209157131,28.17806898248599,28.51354423521424,29.790229377784822,35.068056506063364,33.02647871211367,44.47916930273071,44.168069931323544,41.4037164105627,32.404659231336375,17.779178247960548,16.76227501572684,30.664017867870367,55.874323178443866,59.01970951688105,60.031080802870264,64.79148000855456,58.86408407315908,49.16781115193093,47.016513368392076,43.67605647166157,42.60391810812464,48.31921509786524,48.3061549755557,48.30085704746009,53.513609188934375,51.76019212014373,51.41894950577671,44.90206074227055,34.037145131987906,32.55758581832593,39.301881096614416,56.58758385407659,77.94325442585331,93.17739028804151,95.24397319756035,90.73279298061384,55.45758646872252,46.286396801009055,49.80624160781745,48.60945489090433,53.724102108440015,75.66455139916499,86.90820308452588,77.02788633566287,60.10792372441686,46.16105412995888,48.977151291812014,50.40361812459396,46.80274713523981,63.12466292266326,76.61062543220129,84.58571506207073,97.93875990029328,93.57621775115958,128.97373590693422,145.3374425116744,143.52242594451462,139.80485783215335,123.19180293727872,88.90077779163109,79.63762118067727,99.46977782867972,118.0440454020401,119.28926720775829,110.86201009859165,95.21756177573756,74.11982315799669,63.15171947036305,59.52328079639973,66.31938131621592,74.85542358758562,73.18387478423766,59.004646722754174,66.13076933602618,83.49344560342195,98.6853637941732,107.86867279491524,123.39805564797264,112.61068838833961,93.31167428716891,64.84838781947123,50.503032180799416,54.240870106684014,52.44481672914226,48.87268962487355,45.4527646303356,39.452505982894785,42.702617909434686,46.381248019928826,53.372570226010524,57.88462904482793,58.85568507216544,67.01412743860583,75.32718755776226,61.91001914768145,55.16499343395983,58.11053306602913,74.91280348726359,73.25431050046826,77.07200918476805,63.07286865025895,44.646736359729175,40.08952076084833,35.942611789417604,28.65807147796844,14.820205533824062,9.73319808512442,14.746665423791367,20.029256336895642,48.67348870070265,67.1280299803521,65.70514414440369,74.68213253143351,71.84131241891363,68.24998270251228,61.500483679963736,51.546880135982626,49.192705239855655,41.344547656433946,43.54794471544206,44.00379181583401,32.92437213622657,33.619550285689925,46.29419616997464,39.869173145426224,47.99341504213711,38.67738327625518,39.134042227645644,41.5126100574474,51.97105906529918,64.82083717614374,47.99436081657805,40.64817787770388,35.3583897304685,28.565994148381797,33.0645716406251,37.10110406125794,32.329318059001935,24.644980379046014,24.78119702828215,29.909874173652877,29.67667234080118,24.61398045794821] [1311.2619900786005,1321.8202200865917,1332.463464547639,1343.19240799478,1354.0077404728797,1364.9101575830227,1375.9003605272408,1386.9790561536227,1398.1469570017646,1409.4047813486081,1420.7532532546286,1432.193102610412,1443.7250651835902,1455.3498826661717,1467.068302722235,1478.881079036026,1490.78897136042,1502.7927455657994,1514.8931736892998,1527.0910339844697,1539.3871109713293,1551.7821954868166,1564.2770847356642,1576.872582341659,1589.569498399342,1602.368649526097,1615.270858914685,1628.2769563861766,1641.3877784433362,1654.6041683244075,1667.9269760573632,1681.3570585145608,1694.895279467867,1708.5425096441993,1722.2996267815402,1736.1675156853773,1750.1470682856248,1764.2391836939755,1778.4447682617345,1792.7647356381167,1807.2000068289992,1821.7515102561672,1836.4201818170154,1851.2069649447558,1866.112810669078,1881.1386776773347,1896.285532376183,1911.5543489537563,1926.9461094423048,1942.4618037813711,1958.1024298814455,1973.8689936881608,1989.7625092469793,2005.7839987684179,2021.9344926937952,2038.215029761504,2054.626657073813,2071.1704301642176,2087.8474130653335,2104.6586783773164,2121.605307336866,2138.6883898867477,2155.9090247459117,2173.268319480143,2190.767390573309,2208.407363499154,2226.1893727937027,2244.1145621282076,2262.184084382728,2280.399101720259,2298.7607856614945,2317.2703171601615,2335.9288866789793,2354.7376942662327,2373.6979496329395,2392.810872230673,2412.077691329971,2431.4996460994216,2451.0779856853383,2470.813969292122,2490.7088662632277,2510.763956162824,2530.9805288580706,2551.359884602096,2571.9033341176064,2592.612198681206,2613.487810208354,2634.5315113390543,2655.7446555241822,2677.1286071125573,2698.6847414386757,2720.4144449111714,2742.319115101994,2764.4001608362782,2786.6590022829737,2809.097071046162,2831.715810257159,2854.5166746673017,2877.5011307415425,2900.67065675274,2924.0267428767575,2947.570891288285,2971.304616257478,2995.22944424732,3019.346914011829,3043.658576695001,3068.1659959305807,3092.870747942638,3117.7744216469364,3142.87861875312,3168.1849538677375,3193.695054598094,3219.410561656912,3245.333128967883,3271.4644237720117,3297.806126734876,3324.3599320546946,3351.1275475713155,3378.1106948760344,3405.3111094223436,3432.7305406375262,3460.3707520352004,3488.23352132871,3516.320640545493,3544.6339161423107,3573.1751691214417,3601.9462351478164,3630.9489646670518,3660.1852230244945,3689.6568905851636,3719.3658628547196,3749.3140506013438,3779.5033799786634,3809.935792649603,3840.6132459112973,3871.5377128209448,3902.7111823227383,3934.135659375755,3965.8131650829396,3997.7457368210635,4029.9354283717907,4062.3843100537392,4095.0944688556665,4128.068008570669,4161.3070499315045,4194.813730746993,4228.590206039511,4262.638648183577,4296.961247045588,4331.560210124669,4366.437762694626,4401.596147947099,4437.037627135803,4472.764479721992,4508.779003521039,4545.083514850253,4581.680348677821,4618.571858773019,4655.7604178575675,4693.248417758249,4731.038269560753,4769.132403764733,4807.533270440121,4846.243339384716,4885.265100283049,4924.601062866471,4964.253757074609,5004.22573321805,5044.519562142395,5085.137835393579,5126.08316538458,5167.3581855634,5208.965550582488,5250.907936469426,5293.188040799074,5335.808582867062,5378.772303864684,5422.081967055189,5465.740357951513,5509.7502844954415,5554.1145772382,5598.836089522486,5643.917697666003,5689.362301146471,5735.17282278806,5781.352208949439,5827.903429713208,5874.829479076986,5922.133375145914,5969.818160326825,6017.886901523867,6066.342690335802,6115.188643254807,6164.427901866934,6214.06363305417,6264.099029198114,6314.537308385285,6365.381714614103,6416.635518003553,6468.302015003491,6520.384528606639,6572.88640856233,6625.811031591967,6679.16180160615,6732.942149923667,6787.155535492116,6841.805445110439,6896.895393653112,6952.428924296275,7008.409608745552,7064.841047465831,7121.726869912778,7179.070734766296,7236.876330165845,7295.147373947643,7353.887613883764,7413.100827923194,7472.790824434837,7532.961442452409,7593.616551921397,7654.7600539479145,7716.395881049652,7778.527997408752,7841.160399126823,7904.2971144818985,7967.94220418758,8032.099761654146,8096.773913251861,8161.968818576374,8227.688670716232,8293.937696522553,8360.720156880894,8428.04034698531,8495.90259661459,8564.311270410717,8633.270768159597,8702.785525074065,8772.860012079082,8843.498736099358,8914.706240349144,8986.487104624512,9058.845945597834,9131.787417114787,9205.31621049359,9279.437054826807,9354.154717285446,9429.47400342559,9505.399757497484,9581.936862757088,9659.090241780126,9736.864856778713,9815.265709920519,9894.297843650465,9973.966341015032,10054.276325989182,10135.232963805956,10216.841461288606,10299.107067185563,10382.035072507933,10465.630810869876,10549.89965883156,10634.84703624505,10720.478406602804,10806.799277389146,10893.815200434417,10981.531772272076,11069.954634498676,11159.08947413668,11248.94202400021,11339.518063063782,11430.823416834026,11522.863957724268,11615.64560543233,11709.174327321158,11803.456138802712,11898.49710372478,11994.303334761045,12090.880993804161,12188.23629236214,12286.375491957784,12385.304904531427,12485.030892846919,12585.55987090084,12686.898304334996,12789.052710852275,12892.029660635888,12995.8357767719,13100.477735675182,13205.962267518828,13312.296156667053,13419.486242111492,13527.539417911097,13636.462633635434,13746.262894811807,13856.947263375758,13968.522858125163,14080.996855178266,14194.376488435144,14308.66905004285,14423.881890864615] 0.31126199007860056 [Infinity,Infinity,Infinity,Infinity,Infinity,Infinity,Infinity,Infinity,Infinity,Infinity,Infinity,Infinity,Infinity,Infinity,Infinity,Infinity,Infinity,Infinity,Infinity,Infinity,Infinity,Infinity,Infinity,Infinity,Infinity,Infinity,Infinity,Infinity,Infinity,Infinity,Infinity,Infinity,Infinity,Infinity,Infinity,Infinity,Infinity,Infinity,Infinity,Infinity,Infinity,Infinity,Infinity,Infinity,Infinity,Infinity,Infinity,Infinity,Infinity,Infinity,Infinity,Infinity,Infinity,Infinity,Infinity,Infinity,Infinity,Infinity,Infinity,Infinity,Infinity,Infinity,Infinity,Infinity,Infinity,Infinity,Infinity,Infinity,Infinity,Infinity,Infinity,Infinity,Infinity,Infinity,Infinity,Infinity,Infinity,Infinity,Infinity,Infinity,Infinity,Infinity,Infinity,Infinity,Infinity,Infinity,Infinity,Infinity,Infinity,Infinity,Infinity,Infinity,Infinity,Infinity,Infinity,Infinity,Infinity,Infinity,Infinity,Infinity,Infinity,Infinity,Infinity,Infinity,Infinity,Infinity,Infinity,Infinity,Infinity,Infinity,Infinity,Infinity,Infinity,Infinity,Infinity,Infinity,Infinity,Infinity,Infinity,Infinity,Infinity,Infinity,Infinity,Infinity,Infinity,Infinity,Infinity,Infinity,Infinity,Infinity,Infinity,Infinity,Infinity,Infinity,Infinity,Infinity,Infinity,Infinity,Infinity,Infinity,0.08775915817377132,0.06562085471090735,0.07901595702968486,0.13421770132809374,0.21258524110221028,0.29232385585009635,0.34432014352438733,0.3342421340176004,0.24857084245042751,0.17094074140801885,0.2136203248493696,0.3977898769220906,0.5965961216035127,0.6865619282878355,0.7221694469823021,0.855740787559839,1.14097685653554,1.4196855455319317,1.5243449146836217,1.5121347624360215,1.5641369803163623,1.7625375053697294,2.0200877306112885,2.211359729149291,2.1256426127952572,1.5532888203396509,0.838568593846986,0.7777068061824441,1.6383516632279949,2.7134382600903106,3.349002512623084,3.5168887970868186,3.337438074372552,2.9600852419408925,2.5490624582266377,2.2352289459870267,2.12163876779588,2.182111909744022,2.2615826649589215,2.3215728799866815,2.483048412597145,2.725077375632387,2.7853024836862805,2.5361367384703004,2.126799140375801,1.7555238386424563,1.6549530125429694,1.9840072034614162,2.7697517122755433,3.862752889560943,4.8818883032602995,5.262693447383746,4.35279477689925,2.839082147083098,2.285731278861659,2.4653636506348593,2.4498443934067327,2.73453707992219,3.724170002584136,4.2473286527391565,3.7292228985877616,2.9419389991900027,2.4107529867284336,2.3121136769162467,2.4430592043658934,2.646056382340439,3.20649947954558,4.000118267982645,4.480317235810634,4.611561659757965,4.761040774743675,5.637803718237567,6.919680222536772,7.5775740591845615,7.311413919251332,6.206090442209927,4.719121545414923,4.079171300839131,4.801182648412239,5.834775334290255,6.184793814393225,5.55712720474682,4.623085798997938,3.799577289940087,3.31485239221942,3.2649607665904945,3.445248139379494,3.637003718914452,3.6489244311990086,3.24163842749473,3.1936489919986473,4.107921712463867,5.296383811426906,6.1621027469320016,6.292202199457098,5.590993610427704,4.400630869961481,3.181178735645037,2.5184291119398092,2.485093384394067,2.445525366071843,2.409931565520776,2.295887055200765,2.120145985710183,2.066213626602117,2.2430940819298315,2.66134059135201,2.88883644697362,2.895447231950875,3.175116341963925,3.558947017288888,3.0948170322431285,2.863498818900494,3.1286688700410914,3.6164184447365235,3.918433069550184,3.680045752775115,3.0222719024890052,2.4158298636181152,2.0507838206329283,1.9114412546923585,1.4332001798351839,0.648544476190952,0.45918744113469706,0.7635489515819182,1.0577427064530676,2.3081156720585154,3.178664612354787,3.225020363009828,3.4614971812606457,3.640687850296532,3.6100839939970344,3.226807000607831,2.6124495731728357,2.268067586629917,2.141466887165933,2.2951489562109706,1.9797293733185577,1.8969181982253331,1.8654527229667703,2.153107575983268,2.212914784142735,2.1591081591016126,1.9188037600289285,1.843719518993709,2.224945125475709,2.8508912834610776,2.9818790500441583,2.4741269266841415,1.995797171204791,1.7167474897818544,1.5380688536428355,1.808136992024376,1.9164059959210427,1.6185509453478484,1.250429765162895,1.3486595853278958,1.5272003303276416,1.4821944954218402,1.3068434250531904] [0.0,0.0,0.0,0.0,0.0,0.0,0.0,0.0,0.0,0.0,0.0,0.0,0.0,0.0,0.0,0.0,0.0,0.0,0.0,0.0,0.0,0.0,0.0,0.0,0.0,0.0,0.0,0.0,0.0,0.0,0.0,0.0,0.0,0.0,0.0,0.0,0.0,0.0,0.0,0.0,0.0,0.0,0.0,0.0,0.0,0.0,0.0,0.0,0.0,0.0,0.0,0.0,0.0,0.0,0.0,0.0,0.0,0.0,0.0,0.0,0.0,0.0,0.0,0.0,0.0,0.0,0.0,0.0,0.0,0.0,0.0,0.0,0.0,0.0,0.0,0.0,0.0,0.0,0.0,0.0,0.0,0.0,0.0,0.0,0.0,0.0,0.0,0.0,0.0,0.0,0.0,0.0,0.0,0.0,0.0,0.0,0.0,0.0,0.0,0.0,0.0,0.0,0.0,0.0,0.0,0.0,0.0,0.0,0.0,0.0,0.0,0.0,0.0,0.0,0.0,0.0,0.0,0.0,0.0,0.0,0.0,0.0,0.0,0.0,0.0,0.0,0.0,0.0,0.0,0.0,0.0,0.0,0.0,0.0,0.0,0.0,0.0,0.0,0.0,0.0,-0.0950540650911962,0.08679177683987535,-0.04641272677954622,0.19283286566034052,-0.10471574311473517,-0.3873701531821911,0.21467448239553863,0.4971604101340671,-0.18391254491592834,-0.042412917760514195,0.10611746984648317,-0.047653225126726706,-0.17282215125182115,-0.6906956440705081,-0.238922221874987,1.3293962942306725,0.450784960860508,-0.215641928152645,-1.9733540584581901,-0.452465870935608,3.785316899736123,-2.224271395280914,4.0774146905049395,-0.05912465166228186,-1.1091358453424467,1.3388828245433593,1.0078063710208276,1.208138892077955,-2.1030153966895315,1.6055579766376555,-7.960340735580633,-10.306695138866107,-1.9572814788964792,-0.3376207656587761,-1.8134380126018284,2.311934448651541,1.2432811157439583,-1.0383200867557958,3.087561798686806,1.874697375822066,-1.3601112044828148,-0.9879383237133719,-3.945857553581881,0.6962147363706955,2.3660779347545375,-1.0733316408612184,-0.5414744325334523,-0.37826297261390973,1.1925496085657261,0.6881966346344457,-4.460375777164491,-10.00989575011457,3.6768974426288246,-1.3240564729394384,0.571771223775875,0.4989685951202583,-0.38743297723032805,-0.9666394900037878,1.1811513474822644,1.9616300297427531,2.443428363907646,1.269143740616803,-2.054005604609791,2.7348777534870776,1.5424340372760934,-6.1183805115689704,-1.0053266682483475,-3.3917399274516162,-5.0206296541419375,5.707526705133983,-1.6445977437139097,16.217661542182896,6.943838060938965,-8.029055239176603,-6.423420552873285,-0.9300059069198123,-5.481653116667386,-1.9458048361053502,3.4461248604349355,1.3485387162350138,-4.406609080106201,-0.2805339963447432,2.755845795778814,-1.8717226408050427,-3.1453283740253526,-5.7759345354101574,-2.5855814713739496,2.1153492092965758,0.2053861602574939,-5.828121827140423,2.2577894960532356,1.3350113541446178,-7.242312434364924,-15.373382143724777,-2.4459883411693144,0.7908161797855366,5.299056887939289,1.2248131065704853,0.13444994200322694,4.539002418802679,3.534309407705398,0.6740583144580401,-0.4649764736796994,-2.950413731308877,1.3783453773923457,1.5193663813321956,0.14575839897032483,0.10790010535553032,0.9467404331479412,3.5118005993273256,4.148247211984503,0.013678502818886707,-2.1049829440500507,-4.462844334792702,2.5844345925331154,-5.114350890535426,3.471094129265753,2.627430600478844,-3.669860912633129,-0.9261556518102374,-2.2862133044295674,-0.0059321187352349945,1.8493160100050232,0.5494492624304778,-0.524313607846997,-1.1255977921657103,2.5111752595323393,3.554737733256359,1.2047368842071255,5.452188906220601,-0.972444587017012,-3.9516971774283984,-3.0356563321928847,-0.7021113274740828,3.8313535072573153,-1.484790086884718,-2.35503440877736,4.409204349462861,-5.01399182828009,-3.6895041736454797,3.2320446503092737,-4.389122537428471,4.811251860104851,0.3013080756766074,2.2596518477714636,-2.9862924520667793,-5.0467666039223715,5.183256175260578,-1.4881777171047728,0.732234453608056,1.0234399348314123,-2.195382924474913,-3.0981681998624224,-1.2270158571629133,-0.04170084795503344,-0.3636149242118862,-2.191994678275767,-0.6341324328999518,0.03278243236437477,-1.5228880431156004]
56329.78806908957 [0.0,0.0,0.0,0.0,0.0,0.0,0.0,0.0,0.0,0.0,0.0,0.0,0.0,0.0,0.0,0.0,0.0,0.0,0.0,0.0,0.0,0.0,0.0,0.0,0.0,0.0,0.0,0.0,0.0,0.0,0.0,0.0,0.0,0.0,0.0,0.0,0.0,0.0,0.0,0.0,0.0,0.0,0.0,0.0,0.0,0.0,0.0,0.0,0.0,0.0,0.0,0.0,0.0,0.0,0.0,0.0,0.0,0.0,0.0,0.0,0.0,0.0,0.0,0.0,0.0,0.0,0.0,0.0,0.0,0.0,0.0,0.0,0.0,0.0,0.0,0.0,0.0,0.0,0.0,0.0,0.0,0.0,0.0,0.0,0.0,0.0,0.0,0.0,0.0,0.0,0.0,0.0,0.0,0.0,0.0,0.0,0.0,0.0,0.0,0.0,0.0,0.0,0.0,0.0,0.0,0.0,0.0,0.0,0.0,0.0,0.0,0.0,0.0,0.0,0.0,0.0,0.0,0.0,0.0,0.0,0.0,0.0,0.0,0.0,0.0,0.0,0.0,0.0,0.0,0.0,0.0,0.0,0.0,0.0,0.0,0.0,0.0,0.0,0.0,0.0,0.0,0.0,0.0,0.0,0.0,0.0,0.0,0.0,0.0,0.0,0.0,0.0,0.0,0.0,0.0,0.0,0.0,0.0,0.0,0.0,0.0,0.0,0.0,0.0,0.0,0.0,0.0,0.0,0.0,0.0,0.0,0.0,0.0,0.0,0.0,0.0,0.0,0.0,0.0,0.0,0.0,0.0,0.0,0.0,0.0,0.0,0.0,0.0,0.0,0.0,0.0,0.0,0.0,0.0,0.0,0.0,0.0,0.0,0.0,0.0,0.0,0.0,0.0,0.0,0.0,0.0,0.0,0.0,0.0,0.0,0.0,0.0,0.0,0.0,0.0,0.0,0.0,0.0,0.0,0.0,0.0,0.0,0.0,0.0,0.0,0.0,0.0,0.0,0.0,0.0,0.0,0.0,0.0,0.0,0.0,0.0,0.0,0.0,0.0,0.0,0.0,0.0,0.0,0.0,0.0,0.0,0.0,0.0,0.0,0.0,0.0,0.0,0.0,0.0,0.0,0.0,0.0,0.0,0.0,0.0,0.0,0.0,0.0,0.0,0.0,0.0,0.0,0.0,0.0,0.0,0.0,0.0,0.0,0.0,0.0,0.0,0.0,0.0,0.0,0.0,0.0,0.0,0.0,0.0,0.0,0.0,0.0,0.0,0.0,0.0,0.0,0.0,0.0,0.0,0.0,0.0,0.0,0.0,0.0,0.0] [1311.2619900786005,1321.8202200865917,1332.463464547639,1343.19240799478,1354.0077404728797,1364.9101575830227,1375.9003605272408,1386.9790561536227,1398.1469570017646,1409.4047813486081,1420.7532532546286,1432.193102610412,1443.7250651835902,1455.3498826661717,1467.068302722235,1478.881079036026,1490.78897136042,1502.7927455657994,1514.8931736892998,1527.0910339844697,1539.3871109713293,1551.7821954868166,1564.2770847356642,1576.872582341659,1589.569498399342,1602.368649526097,1615.270858914685,1628.2769563861766,1641.3877784433362,1654.6041683244075,1667.9269760573632,1681.3570585145608,1694.895279467867,1708.5425096441993,1722.2996267815402,1736.1675156853773,1750.1470682856248,1764.2391836939755,1778.4447682617345,1792.7647356381167,1807.2000068289992,1821.7515102561672,1836.4201818170154,1851.2069649447558,1866.112810669078,1881.1386776773347,1896.285532376183,1911.5543489537563,1926.9461094423048,1942.4618037813711,1958.1024298814455,1973.8689936881608,1989.7625092469793,2005.7839987684179,2021.9344926937952,2038.215029761504,2054.626657073813,2071.1704301642176,2087.8474130653335,2104.6586783773164,2121.605307336866,2138.6883898867477,2155.9090247459117,2173.268319480143,2190.767390573309,2208.407363499154,2226.1893727937027,2244.1145621282076,2262.184084382728,2280.399101720259,2298.7607856614945,2317.2703171601615,2335.9288866789793,2354.7376942662327,2373.6979496329395,2392.810872230673,2412.077691329971,2431.4996460994216,2451.0779856853383,2470.813969292122,2490.7088662632277,2510.763956162824,2530.9805288580706,2551.359884602096,2571.9033341176064,2592.612198681206,2613.487810208354,2634.5315113390543,2655.7446555241822,2677.1286071125573,2698.6847414386757,2720.4144449111714,2742.319115101994,2764.4001608362782,2786.6590022829737,2809.097071046162,2831.715810257159,2854.5166746673017,2877.5011307415425,2900.67065675274,2924.0267428767575,2947.570891288285,2971.304616257478,2995.22944424732,3019.346914011829,3043.658576695001,3068.1659959305807,3092.870747942638,3117.7744216469364,3142.87861875312,3168.1849538677375,3193.695054598094,3219.410561656912,3245.333128967883,3271.4644237720117,3297.806126734876,3324.3599320546946,3351.1275475713155,3378.1106948760344,3405.3111094223436,3432.7305406375262,3460.3707520352004,3488.23352132871,3516.320640545493,3544.6339161423107,3573.1751691214417,3601.9462351478164,3630.9489646670518,3660.1852230244945,3689.6568905851636,3719.3658628547196,3749.3140506013438,3779.5033799786634,3809.935792649603,3840.6132459112973,3871.5377128209448,3902.7111823227383,3934.135659375755,3965.8131650829396,3997.7457368210635,4029.9354283717907,4062.3843100537392,4095.0944688556665,4128.068008570669,4161.3070499315045,4194.813730746993,4228.590206039511,4262.638648183577,4296.961247045588,4331.560210124669,4366.437762694626,4401.596147947099,4437.037627135803,4472.764479721992,4508.779003521039,4545.083514850253,4581.680348677821,4618.571858773019,4655.7604178575675,4693.248417758249,4731.038269560753,4769.132403764733,4807.533270440121,4846.243339384716,4885.265100283049,4924.601062866471,4964.253757074609,5004.22573321805,5044.519562142395,5085.137835393579,5126.08316538458,5167.3581855634,5208.965550582488,5250.907936469426,5293.188040799074,5335.808582867062,5378.772303864684,5422.081967055189,5465.740357951513,5509.7502844954415,5554.1145772382,5598.836089522486,5643.917697666003,5689.362301146471,5735.17282278806,5781.352208949439,5827.903429713208,5874.829479076986,5922.133375145914,5969.818160326825,6017.886901523867,6066.342690335802,6115.188643254807,6164.427901866934,6214.06363305417,6264.099029198114,6314.537308385285,6365.381714614103,6416.635518003553,6468.302015003491,6520.384528606639,6572.88640856233,6625.811031591967,6679.16180160615,6732.942149923667,6787.155535492116,6841.805445110439,6896.895393653112,6952.428924296275,7008.409608745552,7064.841047465831,7121.726869912778,7179.070734766296,7236.876330165845,7295.147373947643,7353.887613883764,7413.100827923194,7472.790824434837,7532.961442452409,7593.616551921397,7654.7600539479145,7716.395881049652,7778.527997408752,7841.160399126823,7904.2971144818985,7967.94220418758,8032.099761654146,8096.773913251861,8161.968818576374,8227.688670716232,8293.937696522553,8360.720156880894,8428.04034698531,8495.90259661459,8564.311270410717,8633.270768159597,8702.785525074065,8772.860012079082,8843.498736099358,8914.706240349144,8986.487104624512,9058.845945597834,9131.787417114787,9205.31621049359,9279.437054826807,9354.154717285446,9429.47400342559,9505.399757497484,9581.936862757088,9659.090241780126,9736.864856778713,9815.265709920519,9894.297843650465,9973.966341015032,10054.276325989182,10135.232963805956,10216.841461288606,10299.107067185563,10382.035072507933,10465.630810869876,10549.89965883156,10634.84703624505,10720.478406602804,10806.799277389146,10893.815200434417,10981.531772272076,11069.954634498676,11159.08947413668,11248.94202400021,11339.518063063782,11430.823416834026,11522.863957724268,11615.64560543233,11709.174327321158,11803.456138802712,11898.49710372478,11994.303334761045,12090.880993804161,12188.23629236214,12286.375491957784,12385.304904531427,12485.030892846919,12585.55987090084,12686.898304334996,12789.052710852275,12892.029660635888,12995.8357767719,13100.477735675182,13205.962267518828,13312.296156667053,13419.486242111492,13527.539417911097,13636.462633635434,13746.262894811807,13856.947263375758,13968.522858125163,14080.996855178266,14194.376488435144,14308.66905004285,14423.881890864615] 0.31126199007860056 [Infinity,Infinity,Infinity,Infinity,Infinity,Infinity,Infinity,Infinity,Infinity,Infinity,Infinity,Infinity,Infinity,Infinity,Infinity,Infinity,Infinity,Infinity,Infinity,Infinity,Infinity,Infinity,Infinity,Infinity,Infinity,Infinity,Infinity,Infinity,Infinity,Infinity,Infinity,Infinity,Infinity,Infinity,Infinity,Infinity,Infinity,Infinity,Infinity,Infinity,Infinity,Infinity,Infinity,Infinity,Infinity,Infinity,Infinity,Infinity,Infinity,Infinity,Infinity,Infinity,Infinity,Infinity,Infinity,Infinity,Infinity,Infinity,Infinity,Infinity,Infinity,Infinity,Infinity,Infinity,Infinity,Infinity,Infinity,Infinity,Infinity,Infinity,Infinity,Infinity,Infinity,Infinity,Infinity,Infinity,Infinity,Infinity,Infinity,Infinity,Infinity,Infinity,Infinity,Infinity,Infinity,Infinity,Infinity,Infinity,Infinity,Infinity,Infinity,Infinity,Infinity,Infinity,Infinity,Infinity,Infinity,Infinity,Infinity,Infinity,Infinity,Infinity,Infinity,Infinity,Infinity,Infinity,Infinity,Infinity,Infinity,Infinity,Infinity,Infinity,Infinity,Infinity,Infinity,Infinity,Infinity,Infinity,Infinity,Infinity,Infinity,Infinity,Infinity,Infinity,Infinity,Infinity,Infinity,Infinity,Infinity,Infinity,Infinity,Infinity,Infinity,Infinity,Infinity,Infinity,Infinity,Infinity,Infinity,Infinity,Infinity,Infinity,Infinity,Infinity,Infinity,Infinity,Infinity,Infinity,Infinity,Infinity,Infinity,Infinity,Infinity,Infinity,Infinity,Infinity,Infinity,Infinity,Infinity,Infinity,Infinity,Infinity,Infinity,Infinity,Infinity,Infinity,Infinity,Infinity,Infinity,Infinity,Infinity,Infinity,Infinity,Infinity,Infinity,Infinity,Infinity,Infinity,Infinity,Infinity,Infinity,Infinity,Infinity,Infinity,Infinity,Infinity,Infinity,Infinity,Infinity,Infinity,Infinity,Infinity,Infinity,Infinity,Infinity,Infinity,Infinity,Infinity,Infinity,Infinity,Infinity,Infinity,Infinity,Infinity,Infinity,Infinity,Infinity,Infinity,Infinity,Infinity,Infinity,Infinity,Infinity,Infinity,Infinity,Infinity,Infinity,Infinity,Infinity,Infinity,Infinity,Infinity,Infinity,Infinity,Infinity,Infinity,Infinity,Infinity,Infinity,Infinity,Infinity,Infinity,Infinity,Infinity,Infinity,Infinity,Infinity,Infinity,Infinity,Infinity,Infinity,Infinity,Infinity,Infinity,Infinity,Infinity,Infinity,Infinity,Infinity,Infinity,Infinity,Infinity,Infinity,Infinity,Infinity,Infinity,Infinity,Infinity,Infinity,Infinity,Infinity,Infinity,Infinity,Infinity,Infinity,Infinity,Infinity,Infinity,Infinity,Infinity,Infinity,Infinity,Infinity,Infinity,Infinity,Infinity,Infinity,Infinity,Infinity,Infinity,Infinity,Infinity,Infinity,Infinity,Infinity,Infinity,Infinity,Infinity,Infinity,Infinity,Infinity,Infinity,Infinity,Infinity,Infinity,Infinity,Infinity,Infinity,Infinity,Infinity] [0.0,0.0,0.0,0.0,0.0,0.0,0.0,0.0,0.0,0.0,0.0,0.0,0.0,0.0,0.0,0.0,0.0,0.0,0.0,0.0,0.0,0.0,0.0,0.0,0.0,0.0,0.0,0.0,0.0,0.0,0.0,0.0,0.0,0.0,0.0,0.0,0.0,0.0,0.0,0.0,0.0,0.0,0.0,0.0,0.0,0.0,0.0,0.0,0.0,0.0,0.0,0.0,0.0,0.0,0.0,0.0,0.0,0.0,0.0,0.0,0.0,0.0,0.0,0.0,0.0,0.0,0.0,0.0,0.0,0.0,0.0,0.0,0.0,0.0,0.0,0.0,0.0,0.0,0.0,0.0,0.0,0.0,0.0,0.0,0.0,0.0,0.0,0.0,0.0,0.0,0.0,0.0,0.0,0.0,0.0,0.0,0.0,0.0,0.0,0.0,0.0,0.0,0.0,0.0,0.0,0.0,0.0,0.0,0.0,0.0,0.0,0.0,0.0,0.0,0.0,0.0,0.0,0.0,0.0,0.0,0.0,0.0,0.0,0.0,0.0,0.0,0.0,0.0,0.0,0.0,0.0,0.0,0.0,0.0,0.0,0.0,0.0,0.0,0.0,0.0,0.0,0.0,0.0,0.0,0.0,0.0,0.0,0.0,0.0,0.0,0.0,0.0,0.0,0.0,0.0,0.0,0.0,0.0,0.0,0.0,0.0,0.0,0.0,0.0,0.0,0.0,0.0,0.0,0.0,0.0,0.0,0.0,0.0,0.0,0.0,0.0,0.0,0.0,0.0,0.0,0.0,0.0,0.0,0.0,0.0,0.0,0.0,0.0,0.0,0.0,0.0,0.0,0.0,0.0,0.0,0.0,0.0,0.0,0.0,0.0,0.0,0.0,0.0,0.0,0.0,0.0,0.0,0.0,0.0,0.0,0.0,0.0,0.0,0.0,0.0,0.0,0.0,0.0,0.0,0.0,0.0,0.0,0.0,0.0,0.0,0.0,0.0,0.0,0.0,0.0,0.0,0.0,0.0,0.0,0.0,0.0,0.0,0.0,0.0,0.0,0.0,0.0,0.0,0.0,0.0,0.0,0.0,0.0,0.0,0.0,0.0,0.0,0.0,0.0,0.0,0.0,0.0,0.0,0.0,0.0,0.0,0.0,0.0,0.0,0.0,0.0,0.0,0.0,0.0,0.0,0.0,0.0,0.0,0.0,0.0,0.0,0.0,0.0,0.0,0.0,0.0,0.0,0.0,0.0,0.0,0.0,0.0,0.0,0.0,0.0,0.0,0.0,0.0,0.0,0.0,0.0,0.0,0.0,0.0,0.0]
56216.20602090003 [0.0,0.0,0.0,0.0,0.0,0.0,0.0,0.0,0.0,0.0,0.0,0.0,0.0,0.0,0.0,0.0,0.0,0.0,0.0,0.0,0.0,0.0,0.0,0.0,0.0,0.0,0.0,0.0,0.0,0.0,0.0,0.0,0.0,0.0,0.0,0.0,0.0,0.0,0.0,0.0,0.0,0.0,0.0,0.0,0.0,0.0,0.0,0.0,0.0,0.0,0.0,0.0,0.0,0.0,0.0,0.0,0.0,0.0,0.0,0.0,0.0,0.0,0.0,0.0,0.0,0.0,0.0,0.0,0.0,0.0,0.0,0.0,0.0,0.0,0.0,0.0,0.0,0.0,0.0,0.0,0.0,0.0,0.0,0.0,0.0,0.0,0.0,0.0,0.0,0.0,0.0,0.0,0.0,0.0,0.0,0.0,0.0,0.0,0.0,0.0,0.0,0.0,0.0,0.0,0.0,0.0,0.0,0.0,0.0,0.0,0.0,0.0,0.0,0.0,0.0,0.0,0.0,0.0,0.0,0.0,0.0,0.0,0.0,0.0,0.0,0.0,0.0,0.0,0.0,0.0,0.0,0.0,0.0,0.0,0.0,0.0,0.0,0.0,0.0,0.0,1.3382317777627981,0.43170366367975294,-0.15644306816051454,-0.2884389683144084,-0.06189575343403078,0.32240906273266634,0.7859618504903867,0.944798853639397,0.8853193859237564,0.6683569561101739,0.6384406537946592,0.9609997169126667,1.3952940666045768,1.5367038613501212,1.6460943910150758,1.5960867734296027,1.7176372343496384,1.9872817729191279,1.5481188742510164,1.4080364351485428,1.4263756036530377,2.0906170970259024,3.00127789128136,2.6864055479427402,2.56473251627666,2.233863600646851,2.4796378571174014,2.8307849884949436,2.8070103156742463,3.0229597295919413,2.8798628755502103,3.0078635971935785,3.081670102699876,3.1395299439294595,3.342626117464297,3.0961671822957,2.7198022608792747,2.4349209320481586,2.5687102975338467,2.1257102393096803,2.1124966595593047,2.1567520288468476,2.3501385441302842,2.351241201522491,2.194020008633279,2.246419477469479,2.4696584617926742,1.869458565523308,1.9879237541494048,2.1224763327056557,2.2471867482357633,2.041396809609788,1.9189142621716144,1.9751166017469324,2.0346016997869367,1.77860559734338,1.8558350686992306,1.6044485588314361,1.594669926491234,1.5932471435838724,1.782124260842462,1.8024286865079793,1.773694524387605,1.860740274766383,1.715993166938383,1.613797424821725,1.6519706654863897,1.6837183301294576,1.435286929618132,1.5587741832070445,1.381463797941625,1.35877268494888,1.3945059257129722,1.2644141307082046,1.3376058127069792,1.4077434958455077,1.5035745375173537,1.2469819734907868,1.4347003309432595,1.3828374011551445,1.5193371628929178,1.3639431112004876,1.2356220402569469,0.8717909702156676,0.9559364790667422,1.0235506730768071,1.1418231637160396,1.1334716483143668,1.2331813211030154,1.1629708083765566,1.1704921481421162,1.304952319439844,1.0627182626387983,1.1283337233621453,1.2022216058238897,1.142399593738324,1.1634884733522535,1.0118260219875697,1.0534818500111818,0.995006024070369,1.047999121140239,0.9485520379953746,0.8402838074675278,0.9602382763077698,0.9009203063871196,0.8364721364944695,0.818789195365668,0.8814489936935667,0.775307442814108,0.7388268535286587,0.741063355317112,0.6392969775407903,0.6313316696391373,0.6109568038729978,0.7179492172999064,0.6244439636105784,0.48339823645473784,0.4503856118134174,0.3660568504130542,0.4351589162749106,0.38058069386392157,0.4280460697407085,0.4041368838447602,0.3677302274561193,0.4223792152623195,0.471911831323244,0.49880925409308063,0.48899209034739166,0.4429394471955195,0.4771412030933634,0.4847986068100437,0.41545262624417506,0.40222010568441446,0.38776270320118733,0.36162485386954013,0.3388188290202637,0.3173200087524116,0.2816208576345119,0.32787480952868037,0.3549855472608652,0.3142790960830812,0.3952690819747624,0.41481669548297273,0.4391860731777004,0.39049532131237347,0.38792505663443966,0.36833169237663016,0.31774836987201194,0.28047874201742745,0.2005803344069999,0.13917406775235538,0.06918574910112057,0.08762847686974433,0.07914750911555919,0.11577408726742032,0.06826079798211981,0.07346236308983618,0.043044379915966845,0.04587118589967054,0.03501793784092612] [1311.2619900786005,1321.8202200865917,1332.463464547639,1343.19240799478,1354.0077404728797,1364.9101575830227,1375.9003605272408,1386.9790561536227,1398.1469570017646,1409.4047813486081,1420.7532532546286,1432.193102610412,1443.7250651835902,1455.3498826661717,1467.068302722235,1478.881079036026,1490.78897136042,1502.7927455657994,1514.8931736892998,1527.0910339844697,1539.3871109713293,1551.7821954868166,1564.2770847356642,1576.872582341659,1589.569498399342,1602.368649526097,1615.270858914685,1628.2769563861766,1641.3877784433362,1654.6041683244075,1667.9269760573632,1681.3570585145608,1694.895279467867,1708.5425096441993,1722.2996267815402,1736.1675156853773,1750.1470682856248,1764.2391836939755,1778.4447682617345,1792.7647356381167,1807.2000068289992,1821.7515102561672,1836.4201818170154,1851.2069649447558,1866.112810669078,1881.1386776773347,1896.285532376183,1911.5543489537563,1926.9461094423048,1942.4618037813711,1958.1024298814455,1973.8689936881608,1989.7625092469793,2005.7839987684179,2021.9344926937952,2038.215029761504,2054.626657073813,2071.1704301642176,2087.8474130653335,2104.6586783773164,2121.605307336866,2138.6883898867477,2155.9090247459117,2173.268319480143,2190.767390573309,2208.407363499154,2226.1893727937027,2244.1145621282076,2262.184084382728,2280.399101720259,2298.7607856614945,2317.2703171601615,2335.9288866789793,2354.7376942662327,2373.6979496329395,2392.810872230673,2412.077691329971,2431.4996460994216,2451.0779856853383,2470.813969292122,2490.7088662632277,2510.763956162824,2530.9805288580706,2551.359884602096,2571.9033341176064,2592.612198681206,2613.487810208354,2634.5315113390543,2655.7446555241822,2677.1286071125573,2698.6847414386757,2720.4144449111714,2742.319115101994,2764.4001608362782,2786.6590022829737,2809.097071046162,2831.715810257159,2854.5166746673017,2877.5011307415425,2900.67065675274,2924.0267428767575,2947.570891288285,2971.304616257478,2995.22944424732,3019.346914011829,3043.658576695001,3068.1659959305807,3092.870747942638,3117.7744216469364,3142.87861875312,3168.1849538677375,3193.695054598094,3219.410561656912,3245.333128967883,3271.4644237720117,3297.806126734876,3324.3599320546946,3351.1275475713155,3378.1106948760344,3405.3111094223436,3432.7305406375262,3460.3707520352004,3488.23352132871,3516.320640545493,3544.6339161423107,3573.1751691214417,3601.9462351478164,3630.9489646670518,3660.1852230244945,3689.6568905851636,3719.3658628547196,3749.3140506013438,3779.5033799786634,3809.935792649603,3840.6132459112973,3871.5377128209448,3902.7111823227383,3934.135659375755,3965.8131650829396,3997.7457368210635,4029.9354283717907,4062.3843100537392,4095.0944688556665,4128.068008570669,4161.3070499315045,4194.813730746993,4228.590206039511,4262.638648183577,4296.961247045588,4331.560210124669,4366.437762694626,4401.596147947099,4437.037627135803,4472.764479721992,4508.779003521039,4545.083514850253,4581.680348677821,4618.571858773019,4655.7604178575675,4693.248417758249,4731.038269560753,4769.132403764733,4807.533270440121,4846.243339384716,4885.265100283049,4924.601062866471,4964.253757074609,5004.22573321805,5044.519562142395,5085.137835393579,5126.08316538458,5167.3581855634,5208.965550582488,5250.907936469426,5293.188040799074,5335.808582867062,5378.772303864684,5422.081967055189,5465.740357951513,5509.7502844954415,5554.1145772382,5598.836089522486,5643.917697666003,5689.362301146471,5735.17282278806,5781.352208949439,5827.903429713208,5874.829479076986,5922.133375145914,5969.818160326825,6017.886901523867,6066.342690335802,6115.188643254807,6164.427901866934,6214.06363305417,6264.099029198114,6314.537308385285,6365.381714614103,6416.635518003553,6468.302015003491,6520.384528606639,6572.88640856233,6625.811031591967,6679.16180160615,6732.942149923667,6787.155535492116,6841.805445110439,6896.895393653112,6952.428924296275,7008.409608745552,7064.841047465831,7121.726869912778,7179.070734766296,7236.876330165845,7295.147373947643,7353.887613883764,7413.100827923194,7472.790824434837,7532.961442452409,7593.616551921397,7654.7600539479145,7716.395881049652,7778.527997408752,7841.160399126823,7904.2971144818985,7967.94220418758,8032.099761654146,8096.773913251861,8161.968818576374,8227.688670716232,8293.937696522553,8360.720156880894,8428.04034698531,8495.90259661459,8564.311270410717,8633.270768159597,8702.785525074065,8772.860012079082,8843.498736099358,8914.706240349144,8986.487104624512,9058.845945597834,9131.787417114787,9205.31621049359,9279.437054826807,9354.154717285446,9429.47400342559,9505.399757497484,9581.936862757088,9659.090241780126,9736.864856778713,9815.265709920519,9894.297843650465,9973.966341015032,10054.276325989182,10135.232963805956,10216.841461288606,10299.107067185563,10382.035072507933,10465.630810869876,10549.89965883156,10634.84703624505,10720.478406602804,10806.799277389146,10893.815200434417,10981.531772272076,11069.954634498676,11159.08947413668,11248.94202400021,11339.518063063782,11430.823416834026,11522.863957724268,11615.64560543233,11709.174327321158,11803.456138802712,11898.49710372478,11994.303334761045,12090.880993804161,12188.23629236214,12286.375491957784,12385.304904531427,12485.030892846919,12585.55987090084,12686.898304334996,12789.052710852275,12892.029660635888,12995.8357767719,13100.477735675182,13205.962267518828,13312.296156667053,13419.486242111492,13527.539417911097,13636.462633635434,13746.262894811807,13856.947263375758,13968.522858125163,14080.996855178266,14194.376488435144,14308.66905004285,14423.881890864615] 0.31126199007860056 [Infinity,Infinity,Infinity,Infinity,Infinity,Infinity,Infinity,Infinity,Infinity,Infinity,Infinity,Infinity,Infinity,Infinity,Infinity,Infinity,Infinity,Infinity,Infinity,Infinity,Infinity,Infinity,Infinity,Infinity,Infinity,Infinity,Infinity,Infinity,Infinity,Infinity,Infinity,Infinity,Infinity,Infinity,Infinity,Infinity,Infinity,Infinity,Infinity,Infinity,Infinity,Infinity,Infinity,Infinity,Infinity,Infinity,Infinity,Infinity,Infinity,Infinity,Infinity,Infinity,Infinity,Infinity,Infinity,Infinity,Infinity,Infinity,Infinity,Infinity,Infinity,Infinity,Infinity,Infinity,Infinity,Infinity,Infinity,Infinity,Infinity,Infinity,Infinity,Infinity,Infinity,Infinity,Infinity,Infinity,Infinity,Infinity,Infinity,Infinity,Infinity,Infinity,Infinity,Infinity,Infinity,Infinity,Infinity,Infinity,Infinity,Infinity,Infinity,Infinity,Infinity,Infinity,Infinity,Infinity,Infinity,Infinity,Infinity,Infinity,Infinity,Infinity,Infinity,Infinity,Infinity,Infinity,Infinity,Infinity,Infinity,Infinity,Infinity,Infinity,Infinity,Infinity,Infinity,Infinity,Infinity,Infinity,Infinity,Infinity,Infinity,Infinity,Infinity,Infinity,Infinity,Infinity,Infinity,Infinity,Infinity,Infinity,Infinity,Infinity,Infinity,Infinity,Infinity,Infinity,Infinity,Infinity,Infinity,Infinity,0.06360948378159373,0.022299643054141765,0.007659794981414662,0.014188560465822444,0.0030960092711511183,0.01723480878855526,0.03774075717905753,0.04876723388533984,0.04355381079148056,0.03344360730421532,0.03391024739470625,0.050592427779766413,0.06979529677879617,0.07866595916671465,0.07864378601906706,0.08009560197752887,0.0868525748993576,0.09000077887189119,0.0806033562747798,0.06869997810215567,0.0755285937061277,0.10473935722071659,0.13205436771533186,0.13630440748874226,0.126855349626517,0.12277123433658199,0.12848998812619378,0.13633892466795824,0.1411097312960676,0.1429371724304136,0.14315117160988639,0.14497698128306175,0.15109003412011027,0.15681438198333786,0.15502401963127233,0.14656592716542127,0.13785096142193792,0.1299911273091346,0.11877821557314923,0.10673332714192327,0.1055067729863911,0.11557273916053798,0.11925328164104798,0.11102894312638145,0.10859879291930412,0.11741479592960635,0.11770859411458685,0.10465457610142312,0.10079112954018513,0.11036486868619055,0.11070183144482923,0.09845682088597936,0.09335205231222778,0.09724353034480268,0.09811334704977966,0.09398536202299265,0.08831931010308222,0.08265369836069696,0.0785452501493985,0.07918926089711512,0.08491914934021016,0.09125061481616809,0.0947467958381947,0.09390152256093237,0.09128513452749921,0.08917881874808949,0.08551650634509392,0.08025901014383302,0.07581872946713963,0.07159130223376046,0.06787454773594823,0.06925795688629184,0.07195529179601226,0.06882418358291431,0.06808328551477229,0.07133829242727957,0.06918415098854547,0.06639659837030182,0.0671932879145491,0.06680595960337346,0.06633537718519825,0.06551337423310347,0.05895289630366901,0.05204681233390459,0.05046799968651015,0.05308026507764235,0.05729610978078233,0.06011276517804789,0.059967130136317645,0.05952847780703492,0.05913573725670028,0.05842915731036806,0.0584471683669888,0.05761396396666736,0.05674408492081954,0.05663849801505945,0.054829962439796875,0.05506569195655164,0.0522030058549236,0.04723526381100119,0.05205940229848244,0.047731147420568755,0.0437851369716041,0.046824317549089785,0.04669107767525964,0.04195656867367702,0.04302833176324194,0.04131580091057867,0.0401987542195419,0.04124210909533291,0.03611490117747797,0.03342237963042445,0.03203308311057092,0.030723709059714933,0.03279111940353756,0.029820869580558247,0.023949665832981838,0.022118742175343608,0.018852199511419913,0.02071261286631589,0.019947218818248288,0.020538831200460253,0.02063070096692868,0.020639134275089666,0.02053951596327645,0.023017894343903403,0.023929688059417597,0.023479014229756363,0.023262017319044242,0.023643901876840193,0.022507911474934007,0.02148576668342372,0.020556267622066672,0.020212239684187873,0.017769146844708324,0.017731629063725014,0.018046397554241977,0.013514506052713288,0.01485849869092567,0.016215572842803665,0.016134787284970822,0.019781048917638926,0.021687636651304232,0.020834963210943313,0.018808269371701616,0.01883800540875593,0.01781156228562782,0.016262570372178375,0.013527460413024352,0.01007812462427061,0.007298623679752406,0.003669873375093236,0.004544357207162796,0.004276150653764745,0.005604088510181281,0.0038595081808567014,0.0038144434341111423,0.0022891334194423013,0.002289024899188422,0.0019107361066927244] [0.0,0.0,0.0,0.0,0.0,0.0,0.0,0.0,0.0,0.0,0.0,0.0,0.0,0.0,0.0,0.0,0.0,0.0,0.0,0.0,0.0,0.0,0.0,0.0,0.0,0.0,0.0,0.0,0.0,0.0,0.0,0.0,0.0,0.0,0.0,0.0,0.0,0.0,0.0,0.0,0.0,0.0,0.0,0.0,0.0,0.0,0.0,0.0,0.0,0.0,0.0,0.0,0.0,0.0,0.0,0.0,0.0,0.0,0.0,0.0,0.0,0.0,0.0,0.0,0.0,0.0,0.0,0.0,0.0,0.0,0.0,0.0,0.0,0.0,0.0,0.0,0.0,0.0,0.0,0.0,0.0,0.0,0.0,0.0,0.0,0.0,0.0,0.0,0.0,0.0,0.0,0.0,0.0,0.0,0.0,0.0,0.0,0.0,0.0,0.0,0.0,0.0,0.0,0.0,0.0,0.0,0.0,0.0,0.0,0.0,0.0,0.0,0.0,0.0,0.0,0.0,0.0,0.0,0.0,0.0,0.0,0.0,0.0,0.0,0.0,0.0,0.0,0.0,0.0,0.0,0.0,0.0,0.0,0.0,0.0,0.0,0.0,0.0,0.0,0.0,0.06604210213092372,-0.014289197403082363,-0.0032471685322212904,-0.0046677589979594964,2.4431988991589792e-05,-0.02228711303843884,0.031146706909235992,-0.030545824067399932,0.0142431700941451,-0.0005151899741324647,-0.03976429409946576,-0.05084883868266154,-0.0006118689713468641,-0.03661532198417177,0.07321867063373451,-0.005825266120974497,-0.01941426363751362,0.18726619548130413,-0.06394825124457978,0.03403687310542949,-0.08419627046951626,-0.004170047388429272,0.36019053697472286,-0.03968260183210507,0.027625523746319547,-0.2215610860847892,-0.09016190540647435,0.10400649513577845,-0.015184310247105794,0.16421628098366922,0.016839443352482553,0.1083239715323434,0.05986942029767087,0.003242304262702285,0.24214572483885058,0.16484863898727475,-0.03721696755948363,-0.16490161413453314,0.1931459860708621,-0.008956303528785141,0.002361199831482598,-0.15470275436391198,-0.034927088690675234,0.130662338994862,0.022044150247196637,-0.10187644112264792,0.11548657950093702,-0.22363295650515438,-0.027898836654297637,-0.08482104101815514,0.03315011933917841,0.07226039189020074,0.05187321592705891,0.030245994850878595,0.07233475879134353,-0.10110164311647302,0.08944886663758614,-0.04862540838250313,0.023764923503263962,0.009461925641570298,0.0837412740382585,-0.02258360981538234,-0.12124139237628886,-0.017290176452264484,-0.10970952361160134,-0.16977895014006467,-0.0583594614154888,0.07853812725279713,-0.08108765972466066,0.1269481385318351,0.023972843222660713,-0.026386452776956813,-0.04459991020727319,-0.11206954095008163,-0.024059897588466467,-0.01902235270008368,0.1198915177464444,-0.08094999391524967,0.09083457265227772,0.04671820908767548,0.1926296191889527,0.053675626538418474,0.05656411418356658,-0.1691452764624242,-0.053423514663460736,-0.03805462847603981,-0.004099031899607039,-0.06878365524659105,0.03383871837666239,-0.027598747764141663,-0.012222596991889373,0.13636917323248277,-0.10622510470097761,-0.023945555971201897,0.06733990740749886,0.009629633437135054,0.06688922455631592,-0.08948781714346327,0.009421732912709774,0.0503007478503452,0.00681107517059026,-0.00607091041600053,-0.03541893196455419,0.023751925325974158,-0.03290124711807303,-0.0026592369790707678,-0.041777439899170814,0.05513297548199336,-0.028667641576729994,-0.08601532837799941,0.018765331767552608,-0.029150615067698702,-0.009329992572281016,-0.00351737732130086,0.06212682922915512,0.028026571999413538,0.00440491979510104,0.008010768306545263,-0.010987139815344079,0.020906658948592814,-0.018363682501044223,0.01726944573150346,-0.008477135493813383,-0.04505245804567401,0.011588895996790456,0.011553944445175922,0.02021549290472867,0.01941180575226443,-0.022300899185365358,0.0042631655565595495,0.034640377311363595,-0.014262707424299359,-0.008905246756918946,-0.01648209048257013,0.006241916975373648,-0.015813752254236545,-0.04360794233242791,0.011330736580246126,0.030704835710166956,0.030674090404791923,-0.00841664961633528,-0.00035189637801615395,-0.01893603754311189,0.02248680895883414,0.014329933878341127,0.011164948459321008,0.012100446664073783,-0.0075030375715555535,0.009929533756940412,-0.0009821580784122976,-0.006798405842692729,-0.004211718400744143,-0.003258667273511593,-0.006375503959735692,0.003692317063794712,-0.008929365635014215,-0.0028265055923866597,-0.0027382884728791783,9.068791590210345e-05,-0.00319678429292837]
56326.66653574456 [0.0,0.0,0.0,0.0,0.0,0.0,0.0,0.0,0.0,0.0,0.0,0.0,0.0,0.0,0.0,0.0,0.0,0.0,0.0,0.0,0.0,0.0,0.0,0.0,0.0,0.0,0.0,0.0,0.0,0.0,0.0,0.0,0.0,0.0,0.0,0.0,0.0,0.0,0.0,0.0,0.0,0.0,0.0,0.0,0.0,0.0,0.0,0.0,0.0,0.0,0.0,0.0,0.0,0.0,0.0,0.0,0.0,0.0,0.0,0.0,0.0,0.0,0.0,0.0,0.0,0.0,0.0,0.0,0.0,0.0,0.0,0.0,0.0,0.0,0.0,0.0,0.0,0.0,0.0,0.0,0.0,0.0,0.0,0.0,0.0,0.0,0.0,0.0,0.0,0.0,0.0,0.0,0.0,0.0,0.0,0.0,0.0,0.0,0.0,0.0,0.0,0.0,0.0,0.0,0.0,0.0,0.0,0.0,0.0,0.0,0.0,0.0,0.0,0.0,0.0,0.0,0.0,0.0,0.0,0.0,0.0,0.0,0.0,0.0,0.0,0.0,0.0,0.0,0.0,0.0,0.0,0.0,0.0,0.0,0.0,0.0,0.0,0.0,0.0,0.0,0.0,0.0,0.0,0.0,0.0,0.0,0.0,0.0,0.0,0.0,0.0,0.0,0.0,0.0,0.0,0.0,0.0,0.0,0.0,0.0,0.0,0.0,0.0,0.0,0.0,0.0,0.0,0.0,0.0,0.0,0.0,0.0,0.0,0.0,0.0,0.0,0.0,0.0,0.0,0.0,0.0,0.0,0.0,0.0,0.0,0.0,0.0,0.0,0.0,0.0,0.0,0.0,0.0,0.0,0.0,0.0,0.0,0.0,0.0,0.0,0.0,0.0,0.0,0.0,0.0,0.0,0.0,0.0,0.0,0.0,0.0,0.0,0.0,0.0,0.0,0.0,0.0,0.0,0.0,0.0,0.0,0.0,0.0,0.0,0.0,0.0,0.0,0.0,0.0,0.0,0.0,0.0,0.0,0.0,0.0,0.0,0.0,0.0,0.0,0.0,0.0,0.0,0.0,0.0,0.0,0.0,0.0,0.0,0.0,0.0,0.0,0.0,0.0,0.0,0.0,0.0,0.0,0.0,0.0,0.0,0.0,0.0,0.0,0.0,0.0,0.0,0.0,0.0,0.0,0.0,0.0,0.0,0.0,0.0,0.0,0.0,0.0,0.0,0.0,0.0,0.0,0.0,0.0,0.0,0.0,0.0,0.0,0.0,0.0,0.0,0.0,0.0,0.0,0.0,0.0,0.0,0.0,0.0,0.0,0.0] [1311.2619900786005,1321.8202200865917,1332.463464547639,1343.19240799478,1354.0077404728797,1364.9101575830227,1375.9003605272408,1386.9790561536227,1398.1469570017646,1409.4047813486081,1420.7532532546286,1432.193102610412,1443.7250651835902,1455.3498826661717,1467.068302722235,1478.881079036026,1490.78897136042,1502.7927455657994,1514.8931736892998,1527.0910339844697,1539.3871109713293,1551.7821954868166,1564.2770847356642,1576.872582341659,1589.569498399342,1602.368649526097,1615.270858914685,1628.2769563861766,1641.3877784433362,1654.6041683244075,1667.9269760573632,1681.3570585145608,1694.895279467867,1708.5425096441993,1722.2996267815402,1736.1675156853773,1750.1470682856248,1764.2391836939755,1778.4447682617345,1792.7647356381167,1807.2000068289992,1821.7515102561672,1836.4201818170154,1851.2069649447558,1866.112810669078,1881.1386776773347,1896.285532376183,1911.5543489537563,1926.9461094423048,1942.4618037813711,1958.1024298814455,1973.8689936881608,1989.7625092469793,2005.7839987684179,2021.9344926937952,2038.215029761504,2054.626657073813,2071.1704301642176,2087.8474130653335,2104.6586783773164,2121.605307336866,2138.6883898867477,2155.9090247459117,2173.268319480143,2190.767390573309,2208.407363499154,2226.1893727937027,2244.1145621282076,2262.184084382728,2280.399101720259,2298.7607856614945,2317.2703171601615,2335.9288866789793,2354.7376942662327,2373.6979496329395,2392.810872230673,2412.077691329971,2431.4996460994216,2451.0779856853383,2470.813969292122,2490.7088662632277,2510.763956162824,2530.9805288580706,2551.359884602096,2571.9033341176064,2592.612198681206,2613.487810208354,2634.5315113390543,2655.7446555241822,2677.1286071125573,2698.6847414386757,2720.4144449111714,2742.319115101994,2764.4001608362782,2786.6590022829737,2809.097071046162,2831.715810257159,2854.5166746673017,2877.5011307415425,2900.67065675274,2924.0267428767575,2947.570891288285,2971.304616257478,2995.22944424732,3019.346914011829,3043.658576695001,3068.1659959305807,3092.870747942638,3117.7744216469364,3142.87861875312,3168.1849538677375,3193.695054598094,3219.410561656912,3245.333128967883,3271.4644237720117,3297.806126734876,3324.3599320546946,3351.1275475713155,3378.1106948760344,3405.3111094223436,3432.7305406375262,3460.3707520352004,3488.23352132871,3516.320640545493,3544.6339161423107,3573.1751691214417,3601.9462351478164,3630.9489646670518,3660.1852230244945,3689.6568905851636,3719.3658628547196,3749.3140506013438,3779.5033799786634,3809.935792649603,3840.6132459112973,3871.5377128209448,3902.7111823227383,3934.135659375755,3965.8131650829396,3997.7457368210635,4029.9354283717907,4062.3843100537392,4095.0944688556665,4128.068008570669,4161.3070499315045,4194.813730746993,4228.590206039511,4262.638648183577,4296.961247045588,4331.560210124669,4366.437762694626,4401.596147947099,4437.037627135803,4472.764479721992,4508.779003521039,4545.083514850253,4581.680348677821,4618.571858773019,4655.7604178575675,4693.248417758249,4731.038269560753,4769.132403764733,4807.533270440121,4846.243339384716,4885.265100283049,4924.601062866471,4964.253757074609,5004.22573321805,5044.519562142395,5085.137835393579,5126.08316538458,5167.3581855634,5208.965550582488,5250.907936469426,5293.188040799074,5335.808582867062,5378.772303864684,5422.081967055189,5465.740357951513,5509.7502844954415,5554.1145772382,5598.836089522486,5643.917697666003,5689.362301146471,5735.17282278806,5781.352208949439,5827.903429713208,5874.829479076986,5922.133375145914,5969.818160326825,6017.886901523867,6066.342690335802,6115.188643254807,6164.427901866934,6214.06363305417,6264.099029198114,6314.537308385285,6365.381714614103,6416.635518003553,6468.302015003491,6520.384528606639,6572.88640856233,6625.811031591967,6679.16180160615,6732.942149923667,6787.155535492116,6841.805445110439,6896.895393653112,6952.428924296275,7008.409608745552,7064.841047465831,7121.726869912778,7179.070734766296,7236.876330165845,7295.147373947643,7353.887613883764,7413.100827923194,7472.790824434837,7532.961442452409,7593.616551921397,7654.7600539479145,7716.395881049652,7778.527997408752,7841.160399126823,7904.2971144818985,7967.94220418758,8032.099761654146,8096.773913251861,8161.968818576374,8227.688670716232,8293.937696522553,8360.720156880894,8428.04034698531,8495.90259661459,8564.311270410717,8633.270768159597,8702.785525074065,8772.860012079082,8843.498736099358,8914.706240349144,8986.487104624512,9058.845945597834,9131.787417114787,9205.31621049359,9279.437054826807,9354.154717285446,9429.47400342559,9505.399757497484,9581.936862757088,9659.090241780126,9736.864856778713,9815.265709920519,9894.297843650465,9973.966341015032,10054.276325989182,10135.232963805956,10216.841461288606,10299.107067185563,10382.035072507933,10465.630810869876,10549.89965883156,10634.84703624505,10720.478406602804,10806.799277389146,10893.815200434417,10981.531772272076,11069.954634498676,11159.08947413668,11248.94202400021,11339.518063063782,11430.823416834026,11522.863957724268,11615.64560543233,11709.174327321158,11803.456138802712,11898.49710372478,11994.303334761045,12090.880993804161,12188.23629236214,12286.375491957784,12385.304904531427,12485.030892846919,12585.55987090084,12686.898304334996,12789.052710852275,12892.029660635888,12995.8357767719,13100.477735675182,13205.962267518828,13312.296156667053,13419.486242111492,13527.539417911097,13636.462633635434,13746.262894811807,13856.947263375758,13968.522858125163,14080.996855178266,14194.376488435144,14308.66905004285,14423.881890864615] 0.31126199007860056 [Infinity,Infinity,Infinity,Infinity,Infinity,Infinity,Infinity,Infinity,Infinity,Infinity,Infinity,Infinity,Infinity,Infinity,Infinity,Infinity,Infinity,Infinity,Infinity,Infinity,Infinity,Infinity,Infinity,Infinity,Infinity,Infinity,Infinity,Infinity,Infinity,Infinity,Infinity,Infinity,Infinity,Infinity,Infinity,Infinity,Infinity,Infinity,Infinity,Infinity,Infinity,Infinity,Infinity,Infinity,Infinity,Infinity,Infinity,Infinity,Infinity,Infinity,Infinity,Infinity,Infinity,Infinity,Infinity,Infinity,Infinity,Infinity,Infinity,Infinity,Infinity,Infinity,Infinity,Infinity,Infinity,Infinity,Infinity,Infinity,Infinity,Infinity,Infinity,Infinity,Infinity,Infinity,Infinity,Infinity,Infinity,Infinity,Infinity,Infinity,Infinity,Infinity,Infinity,Infinity,Infinity,Infinity,Infinity,Infinity,Infinity,Infinity,Infinity,Infinity,Infinity,Infinity,Infinity,Infinity,Infinity,Infinity,Infinity,Infinity,Infinity,Infinity,Infinity,Infinity,Infinity,Infinity,Infinity,Infinity,Infinity,Infinity,Infinity,Infinity,Infinity,Infinity,Infinity,Infinity,Infinity,Infinity,Infinity,Infinity,Infinity,Infinity,Infinity,Infinity,Infinity,Infinity,Infinity,Infinity,Infinity,Infinity,Infinity,Infinity,Infinity,Infinity,Infinity,Infinity,Infinity,Infinity,Infinity,Infinity,Infinity,Infinity,Infinity,Infinity,Infinity,Infinity,Infinity,Infinity,Infinity,Infinity,Infinity,Infinity,Infinity,Infinity,Infinity,Infinity,Infinity,Infinity,Infinity,Infinity,Infinity,Infinity,Infinity,Infinity,Infinity,Infinity,Infinity,Infinity,Infinity,Infinity,Infinity,Infinity,Infinity,Infinity,Infinity,Infinity,Infinity,Infinity,Infinity,Infinity,Infinity,Infinity,Infinity,Infinity,Infinity,Infinity,Infinity,Infinity,Infinity,Infinity,Infinity,Infinity,Infinity,Infinity,Infinity,Infinity,Infinity,Infinity,Infinity,Infinity,Infinity,Infinity,Infinity,Infinity,Infinity,Infinity,Infinity,Infinity,Infinity,Infinity,Infinity,Infinity,Infinity,Infinity,Infinity,Infinity,Infinity,Infinity,Infinity,Infinity,Infinity,Infinity,Infinity,Infinity,Infinity,Infinity,Infinity,Infinity,Infinity,Infinity,Infinity,Infinity,Infinity,Infinity,Infinity,Infinity,Infinity,Infinity,Infinity,Infinity,Infinity,Infinity,Infinity,Infinity,Infinity,Infinity,Infinity,Infinity,Infinity,Infinity,Infinity,Infinity,Infinity,Infinity,Infinity,Infinity,Infinity,Infinity,Infinity,Infinity,Infinity,Infinity,Infinity,Infinity,Infinity,Infinity,Infinity,Infinity,Infinity,Infinity,Infinity,Infinity,Infinity,Infinity,Infinity,Infinity,Infinity,Infinity,Infinity,Infinity,Infinity,Infinity,Infinity,Infinity,Infinity,Infinity,Infinity,Infinity,Infinity,Infinity,Infinity,Infinity,Infinity,Infinity,Infinity,Infinity,Infinity,Infinity,Infinity,Infinity] [0.0,0.0,0.0,0.0,0.0,0.0,0.0,0.0,0.0,0.0,0.0,0.0,0.0,0.0,0.0,0.0,0.0,0.0,0.0,0.0,0.0,0.0,0.0,0.0,0.0,0.0,0.0,0.0,0.0,0.0,0.0,0.0,0.0,0.0,0.0,0.0,0.0,0.0,0.0,0.0,0.0,0.0,0.0,0.0,0.0,0.0,0.0,0.0,0.0,0.0,0.0,0.0,0.0,0.0,0.0,0.0,0.0,0.0,0.0,0.0,0.0,0.0,0.0,0.0,0.0,0.0,0.0,0.0,0.0,0.0,0.0,0.0,0.0,0.0,0.0,0.0,0.0,0.0,0.0,0.0,0.0,0.0,0.0,0.0,0.0,0.0,0.0,0.0,0.0,0.0,0.0,0.0,0.0,0.0,0.0,0.0,0.0,0.0,0.0,0.0,0.0,0.0,0.0,0.0,0.0,0.0,0.0,0.0,0.0,0.0,0.0,0.0,0.0,0.0,0.0,0.0,0.0,0.0,0.0,0.0,0.0,0.0,0.0,0.0,0.0,0.0,0.0,0.0,0.0,0.0,0.0,0.0,0.0,0.0,0.0,0.0,0.0,0.0,0.0,0.0,0.0,0.0,0.0,0.0,0.0,0.0,0.0,0.0,0.0,0.0,0.0,0.0,0.0,0.0,0.0,0.0,0.0,0.0,0.0,0.0,0.0,0.0,0.0,0.0,0.0,0.0,0.0,0.0,0.0,0.0,0.0,0.0,0.0,0.0,0.0,0.0,0.0,0.0,0.0,0.0,0.0,0.0,0.0,0.0,0.0,0.0,0.0,0.0,0.0,0.0,0.0,0.0,0.0,0.0,0.0,0.0,0.0,0.0,0.0,0.0,0.0,0.0,0.0,0.0,0.0,0.0,0.0,0.0,0.0,0.0,0.0,0.0,0.0,0.0,0.0,0.0,0.0,0.0,0.0,0.0,0.0,0.0,0.0,0.0,0.0,0.0,0.0,0.0,0.0,0.0,0.0,0.0,0.0,0.0,0.0,0.0,0.0,0.0,0.0,0.0,0.0,0.0,0.0,0.0,0.0,0.0,0.0,0.0,0.0,0.0,0.0,0.0,0.0,0.0,0.0,0.0,0.0,0.0,0.0,0.0,0.0,0.0,0.0,0.0,0.0,0.0,0.0,0.0,0.0,0.0,0.0,0.0,0.0,0.0,0.0,0.0,0.0,0.0,0.0,0.0,0.0,0.0,0.0,0.0,0.0,0.0,0.0,0.0,0.0,0.0,0.0,0.0,0.0,0.0,0.0,0.0,0.0,0.0,0.0,0.0]
56077.56901440556 [0.0,0.0,0.0,0.0,0.0,0.0,0.0,0.0,0.0,0.0,0.0,0.0,0.0,0.0,0.0,0.0,0.0,0.0,0.0,0.0,0.0,0.0,0.0,0.0,0.0,0.0,0.0,0.0,0.0,0.0,0.0,0.0,0.0,0.0,0.0,0.0,0.0,0.0,0.0,0.0,0.0,0.0,0.0,0.0,0.0,0.0,0.0,0.0,0.0,0.0,0.0,0.0,0.0,0.0,0.0,0.0,0.0,0.0,0.0,0.0,0.0,0.0,0.0,0.0,0.0,0.0,0.0,0.0,0.0,0.0,0.0,0.0,0.0,0.0,0.0,0.0,0.0,0.0,0.0,0.0,0.0,0.0,0.0,0.0,0.0,0.0,0.0,0.0,0.0,0.0,0.0,0.0,0.0,0.0,0.0,0.0,0.0,0.0,0.0,0.0,0.0,0.0,0.0,0.0,0.0,0.0,0.0,0.0,0.0,0.0,0.0,0.0,0.0,0.0,0.0,0.0,0.0,0.0,0.0,0.0,0.0,0.0,0.0,0.0,0.0,0.0,0.0,0.0,0.0,0.0,0.0,0.0,0.0,0.0,0.0,0.0,0.0,0.0,0.0,0.0,0.0,0.0,0.0,0.0,0.0,0.0,0.0,0.0,0.0,0.0,0.0,0.0,0.0,0.0,0.0,0.0,0.0,0.0,0.0,0.0,0.0,0.0,0.0,0.0,0.0,0.0,0.0,0.0,0.0,0.0,0.0,0.0,0.0,0.0,0.0,0.0,0.0,0.0,0.0,0.0,0.0,0.0,0.0,0.0,0.0,0.0,0.0,0.0,0.0,0.0,0.0,0.0,0.0,0.0,0.0,0.0,0.0,0.0,0.0,0.0,0.0,0.0,0.0,0.0,0.0,0.0,0.0,0.0,0.0,0.0,0.0,0.0,0.0,0.0,0.0,0.0,0.0,0.0,0.0,0.0,0.0,0.0,0.0,0.0,0.0,0.0,0.0,0.0,0.0,0.0,0.0,0.0,0.0,0.0,0.0,0.0,0.0,0.0,0.0,0.0,0.0,0.0,0.0,0.0,0.0,0.0,0.0,0.0,0.0,0.0,0.0,0.0,0.0,0.0,0.0,0.0,0.0,0.0,0.0,0.0,0.0,0.0,0.0,0.0,0.0,0.0,0.0,0.0,0.0,0.0,0.0,0.0,0.0,0.0,0.0,0.0,0.0,0.0,0.0,0.0,0.0,0.0,0.0,0.0,0.0,0.0,0.0,0.0,0.0,0.0,0.0,0.0,0.0,0.0,0.0,0.0,0.0,0.0,0.0,0.0] [1311.2619900786005,1321.8202200865917,1332.463464547639,1343.19240799478,1354.0077404728797,1364.9101575830227,1375.9003605272408,1386.9790561536227,1398.1469570017646,1409.4047813486081,1420.7532532546286,1432.193102610412,1443.7250651835902,1455.3498826661717,1467.068302722235,1478.881079036026,1490.78897136042,1502.7927455657994,1514.8931736892998,1527.0910339844697,1539.3871109713293,1551.7821954868166,1564.2770847356642,1576.872582341659,1589.569498399342,1602.368649526097,1615.270858914685,1628.2769563861766,1641.3877784433362,1654.6041683244075,1667.9269760573632,1681.3570585145608,1694.895279467867,1708.5425096441993,1722.2996267815402,1736.1675156853773,1750.1470682856248,1764.2391836939755,1778.4447682617345,1792.7647356381167,1807.2000068289992,1821.7515102561672,1836.4201818170154,1851.2069649447558,1866.112810669078,1881.1386776773347,1896.285532376183,1911.5543489537563,1926.9461094423048,1942.4618037813711,1958.1024298814455,1973.8689936881608,1989.7625092469793,2005.7839987684179,2021.9344926937952,2038.215029761504,2054.626657073813,2071.1704301642176,2087.8474130653335,2104.6586783773164,2121.605307336866,2138.6883898867477,2155.9090247459117,2173.268319480143,2190.767390573309,2208.407363499154,2226.1893727937027,2244.1145621282076,2262.184084382728,2280.399101720259,2298.7607856614945,2317.2703171601615,2335.9288866789793,2354.7376942662327,2373.6979496329395,2392.810872230673,2412.077691329971,2431.4996460994216,2451.0779856853383,2470.813969292122,2490.7088662632277,2510.763956162824,2530.9805288580706,2551.359884602096,2571.9033341176064,2592.612198681206,2613.487810208354,2634.5315113390543,2655.7446555241822,2677.1286071125573,2698.6847414386757,2720.4144449111714,2742.319115101994,2764.4001608362782,2786.6590022829737,2809.097071046162,2831.715810257159,2854.5166746673017,2877.5011307415425,2900.67065675274,2924.0267428767575,2947.570891288285,2971.304616257478,2995.22944424732,3019.346914011829,3043.658576695001,3068.1659959305807,3092.870747942638,3117.7744216469364,3142.87861875312,3168.1849538677375,3193.695054598094,3219.410561656912,3245.333128967883,3271.4644237720117,3297.806126734876,3324.3599320546946,3351.1275475713155,3378.1106948760344,3405.3111094223436,3432.7305406375262,3460.3707520352004,3488.23352132871,3516.320640545493,3544.6339161423107,3573.1751691214417,3601.9462351478164,3630.9489646670518,3660.1852230244945,3689.6568905851636,3719.3658628547196,3749.3140506013438,3779.5033799786634,3809.935792649603,3840.6132459112973,3871.5377128209448,3902.7111823227383,3934.135659375755,3965.8131650829396,3997.7457368210635,4029.9354283717907,4062.3843100537392,4095.0944688556665,4128.068008570669,4161.3070499315045,4194.813730746993,4228.590206039511,4262.638648183577,4296.961247045588,4331.560210124669,4366.437762694626,4401.596147947099,4437.037627135803,4472.764479721992,4508.779003521039,4545.083514850253,4581.680348677821,4618.571858773019,4655.7604178575675,4693.248417758249,4731.038269560753,4769.132403764733,4807.533270440121,4846.243339384716,4885.265100283049,4924.601062866471,4964.253757074609,5004.22573321805,5044.519562142395,5085.137835393579,5126.08316538458,5167.3581855634,5208.965550582488,5250.907936469426,5293.188040799074,5335.808582867062,5378.772303864684,5422.081967055189,5465.740357951513,5509.7502844954415,5554.1145772382,5598.836089522486,5643.917697666003,5689.362301146471,5735.17282278806,5781.352208949439,5827.903429713208,5874.829479076986,5922.133375145914,5969.818160326825,6017.886901523867,6066.342690335802,6115.188643254807,6164.427901866934,6214.06363305417,6264.099029198114,6314.537308385285,6365.381714614103,6416.635518003553,6468.302015003491,6520.384528606639,6572.88640856233,6625.811031591967,6679.16180160615,6732.942149923667,6787.155535492116,6841.805445110439,6896.895393653112,6952.428924296275,7008.409608745552,7064.841047465831,7121.726869912778,7179.070734766296,7236.876330165845,7295.147373947643,7353.887613883764,7413.100827923194,7472.790824434837,7532.961442452409,7593.616551921397,7654.7600539479145,7716.395881049652,7778.527997408752,7841.160399126823,7904.2971144818985,7967.94220418758,8032.099761654146,8096.773913251861,8161.968818576374,8227.688670716232,8293.937696522553,8360.720156880894,8428.04034698531,8495.90259661459,8564.311270410717,8633.270768159597,8702.785525074065,8772.860012079082,8843.498736099358,8914.706240349144,8986.487104624512,9058.845945597834,9131.787417114787,9205.31621049359,9279.437054826807,9354.154717285446,9429.47400342559,9505.399757497484,9581.936862757088,9659.090241780126,9736.864856778713,9815.265709920519,9894.297843650465,9973.966341015032,10054.276325989182,10135.232963805956,10216.841461288606,10299.107067185563,10382.035072507933,10465.630810869876,10549.89965883156,10634.84703624505,10720.478406602804,10806.799277389146,10893.815200434417,10981.531772272076,11069.954634498676,11159.08947413668,11248.94202400021,11339.518063063782,11430.823416834026,11522.863957724268,11615.64560543233,11709.174327321158,11803.456138802712,11898.49710372478,11994.303334761045,12090.880993804161,12188.23629236214,12286.375491957784,12385.304904531427,12485.030892846919,12585.55987090084,12686.898304334996,12789.052710852275,12892.029660635888,12995.8357767719,13100.477735675182,13205.962267518828,13312.296156667053,13419.486242111492,13527.539417911097,13636.462633635434,13746.262894811807,13856.947263375758,13968.522858125163,14080.996855178266,14194.376488435144,14308.66905004285,14423.881890864615] 0.31126199007860056 [Infinity,Infinity,Infinity,Infinity,Infinity,Infinity,Infinity,Infinity,Infinity,Infinity,Infinity,Infinity,Infinity,Infinity,Infinity,Infinity,Infinity,Infinity,Infinity,Infinity,Infinity,Infinity,Infinity,Infinity,Infinity,Infinity,Infinity,Infinity,Infinity,Infinity,Infinity,Infinity,Infinity,Infinity,Infinity,Infinity,Infinity,Infinity,Infinity,Infinity,Infinity,Infinity,Infinity,Infinity,Infinity,Infinity,Infinity,Infinity,Infinity,Infinity,Infinity,Infinity,Infinity,Infinity,Infinity,Infinity,Infinity,Infinity,Infinity,Infinity,Infinity,Infinity,Infinity,Infinity,Infinity,Infinity,Infinity,Infinity,Infinity,Infinity,Infinity,Infinity,Infinity,Infinity,Infinity,Infinity,Infinity,Infinity,Infinity,Infinity,Infinity,Infinity,Infinity,Infinity,Infinity,Infinity,Infinity,Infinity,Infinity,Infinity,Infinity,Infinity,Infinity,Infinity,Infinity,Infinity,Infinity,Infinity,Infinity,Infinity,Infinity,Infinity,Infinity,Infinity,Infinity,Infinity,Infinity,Infinity,Infinity,Infinity,Infinity,Infinity,Infinity,Infinity,Infinity,Infinity,Infinity,Infinity,Infinity,Infinity,Infinity,Infinity,Infinity,Infinity,Infinity,Infinity,Infinity,Infinity,Infinity,Infinity,Infinity,Infinity,Infinity,Infinity,Infinity,Infinity,Infinity,Infinity,Infinity,Infinity,Infinity,Infinity,Infinity,Infinity,Infinity,Infinity,Infinity,Infinity,Infinity,Infinity,Infinity,Infinity,Infinity,Infinity,Infinity,Infinity,Infinity,Infinity,Infinity,Infinity,Infinity,Infinity,Infinity,Infinity,Infinity,Infinity,Infinity,Infinity,Infinity,Infinity,Infinity,Infinity,Infinity,Infinity,Infinity,Infinity,Infinity,Infinity,Infinity,Infinity,Infinity,Infinity,Infinity,Infinity,Infinity,Infinity,Infinity,Infinity,Infinity,Infinity,Infinity,Infinity,Infinity,Infinity,Infinity,Infinity,Infinity,Infinity,Infinity,Infinity,Infinity,Infinity,Infinity,Infinity,Infinity,Infinity,Infinity,Infinity,Infinity,Infinity,Infinity,Infinity,Infinity,Infinity,Infinity,Infinity,Infinity,Infinity,Infinity,Infinity,Infinity,Infinity,Infinity,Infinity,Infinity,Infinity,Infinity,Infinity,Infinity,Infinity,Infinity,Infinity,Infinity,Infinity,Infinity,Infinity,Infinity,Infinity,Infinity,Infinity,Infinity,Infinity,Infinity,Infinity,Infinity,Infinity,Infinity,Infinity,Infinity,Infinity,Infinity,Infinity,Infinity,Infinity,Infinity,Infinity,Infinity,Infinity,Infinity,Infinity,Infinity,Infinity,Infinity,Infinity,Infinity,Infinity,Infinity,Infinity,Infinity,Infinity,Infinity,Infinity,Infinity,Infinity,Infinity,Infinity,Infinity,Infinity,Infinity,Infinity,Infinity,Infinity,Infinity,Infinity,Infinity,Infinity,Infinity,Infinity,Infinity,Infinity,Infinity,Infinity,Infinity,Infinity,Infinity,Infinity,Infinity,Infinity,Infinity,Infinity] [0.0,0.0,0.0,0.0,0.0,0.0,0.0,0.0,0.0,0.0,0.0,0.0,0.0,0.0,0.0,0.0,0.0,0.0,0.0,0.0,0.0,0.0,0.0,0.0,0.0,0.0,0.0,0.0,0.0,0.0,0.0,0.0,0.0,0.0,0.0,0.0,0.0,0.0,0.0,0.0,0.0,0.0,0.0,0.0,0.0,0.0,0.0,0.0,0.0,0.0,0.0,0.0,0.0,0.0,0.0,0.0,0.0,0.0,0.0,0.0,0.0,0.0,0.0,0.0,0.0,0.0,0.0,0.0,0.0,0.0,0.0,0.0,0.0,0.0,0.0,0.0,0.0,0.0,0.0,0.0,0.0,0.0,0.0,0.0,0.0,0.0,0.0,0.0,0.0,0.0,0.0,0.0,0.0,0.0,0.0,0.0,0.0,0.0,0.0,0.0,0.0,0.0,0.0,0.0,0.0,0.0,0.0,0.0,0.0,0.0,0.0,0.0,0.0,0.0,0.0,0.0,0.0,0.0,0.0,0.0,0.0,0.0,0.0,0.0,0.0,0.0,0.0,0.0,0.0,0.0,0.0,0.0,0.0,0.0,0.0,0.0,0.0,0.0,0.0,0.0,0.0,0.0,0.0,0.0,0.0,0.0,0.0,0.0,0.0,0.0,0.0,0.0,0.0,0.0,0.0,0.0,0.0,0.0,0.0,0.0,0.0,0.0,0.0,0.0,0.0,0.0,0.0,0.0,0.0,0.0,0.0,0.0,0.0,0.0,0.0,0.0,0.0,0.0,0.0,0.0,0.0,0.0,0.0,0.0,0.0,0.0,0.0,0.0,0.0,0.0,0.0,0.0,0.0,0.0,0.0,0.0,0.0,0.0,0.0,0.0,0.0,0.0,0.0,0.0,0.0,0.0,0.0,0.0,0.0,0.0,0.0,0.0,0.0,0.0,0.0,0.0,0.0,0.0,0.0,0.0,0.0,0.0,0.0,0.0,0.0,0.0,0.0,0.0,0.0,0.0,0.0,0.0,0.0,0.0,0.0,0.0,0.0,0.0,0.0,0.0,0.0,0.0,0.0,0.0,0.0,0.0,0.0,0.0,0.0,0.0,0.0,0.0,0.0,0.0,0.0,0.0,0.0,0.0,0.0,0.0,0.0,0.0,0.0,0.0,0.0,0.0,0.0,0.0,0.0,0.0,0.0,0.0,0.0,0.0,0.0,0.0,0.0,0.0,0.0,0.0,0.0,0.0,0.0,0.0,0.0,0.0,0.0,0.0,0.0,0.0,0.0,0.0,0.0,0.0,0.0,0.0,0.0,0.0,0.0,0.0]
56207.15589315756 [0.0,0.0,0.0,0.0,0.0,0.0,0.0,0.0,0.0,0.0,0.0,0.0,0.0,0.0,0.0,0.0,0.0,0.0,0.0,0.0,0.0,0.0,0.0,0.0,0.0,0.0,0.0,0.0,0.0,0.0,0.0,0.0,0.0,0.0,0.0,0.0,0.0,0.0,0.0,0.0,0.0,0.0,0.0,0.0,0.0,0.0,0.0,0.0,0.0,0.0,0.0,0.0,0.0,0.0,0.0,0.0,0.0,0.0,0.0,0.0,0.0,0.0,0.0,0.0,0.0,0.0,0.0,0.0,0.0,0.0,0.0,0.0,0.0,0.0,0.0,0.0,0.0,0.0,0.0,0.0,0.0,0.0,0.0,0.0,0.0,0.0,0.0,0.0,0.0,0.0,0.0,0.0,0.0,0.0,0.0,0.0,0.0,0.0,0.0,0.0,0.0,0.0,0.0,0.0,0.0,0.0,0.0,0.0,0.0,0.0,0.0,0.0,0.0,0.0,0.0,0.0,0.0,0.0,0.0,0.0,0.0,0.0,0.0,0.0,0.0,0.0,0.0,0.0,0.0,0.0,0.0,0.0,0.0,0.0,0.0,0.0,0.0,0.0,0.0,0.0,0.0,0.0,0.0,0.0,0.0,0.0,0.0,0.0,0.0,0.0,0.0,0.0,0.0,0.0,0.0,0.0,0.0,0.0,0.0,0.0,0.0,0.0,0.0,0.0,0.0,0.0,0.0,0.0,0.0,0.0,0.0,0.0,0.0,0.0,0.0,0.0,0.0,0.0,0.0,0.0,0.0,0.0,0.0,0.0,0.0,0.0,0.0,0.0,0.0,0.0,0.0,0.0,0.0,0.0,0.0,0.0,0.0,0.0,0.0,0.0,0.0,0.0,0.0,0.0,0.0,0.0,0.0,0.0,0.0,0.0,0.0,0.0,0.0,0.0,0.0,0.0,0.0,0.0,0.0,0.0,0.0,0.0,0.0,0.0,0.0,0.0,0.0,0.0,0.0,0.0,0.0,0.0,0.0,0.0,0.0,0.0,0.0,0.0,0.0,0.0,0.0,0.0,0.0,0.0,0.0,0.0,0.0,0.0,0.0,0.0,0.0,0.0,0.0,0.0,0.0,0.0,0.0,0.0,0.0,0.0,0.0,0.0,0.0,0.0,0.0,0.0,0.0,0.0,0.0,0.0,0.0,0.0,0.0,0.0,0.0,0.0,0.0,0.0,0.0,0.0,0.0,0.0,0.0,0.0,0.0,0.0,0.0,0.0,0.0,0.0,0.0,0.0,0.0,0.0,0.0,0.0,0.0,0.0,0.0,0.0] [1311.2619900786005,1321.8202200865917,1332.463464547639,1343.19240799478,1354.0077404728797,1364.9101575830227,1375.9003605272408,1386.9790561536227,1398.1469570017646,1409.4047813486081,1420.7532532546286,1432.193102610412,1443.7250651835902,1455.3498826661717,1467.068302722235,1478.881079036026,1490.78897136042,1502.7927455657994,1514.8931736892998,1527.0910339844697,1539.3871109713293,1551.7821954868166,1564.2770847356642,1576.872582341659,1589.569498399342,1602.368649526097,1615.270858914685,1628.2769563861766,1641.3877784433362,1654.6041683244075,1667.9269760573632,1681.3570585145608,1694.895279467867,1708.5425096441993,1722.2996267815402,1736.1675156853773,1750.1470682856248,1764.2391836939755,1778.4447682617345,1792.7647356381167,1807.2000068289992,1821.7515102561672,1836.4201818170154,1851.2069649447558,1866.112810669078,1881.1386776773347,1896.285532376183,1911.5543489537563,1926.9461094423048,1942.4618037813711,1958.1024298814455,1973.8689936881608,1989.7625092469793,2005.7839987684179,2021.9344926937952,2038.215029761504,2054.626657073813,2071.1704301642176,2087.8474130653335,2104.6586783773164,2121.605307336866,2138.6883898867477,2155.9090247459117,2173.268319480143,2190.767390573309,2208.407363499154,2226.1893727937027,2244.1145621282076,2262.184084382728,2280.399101720259,2298.7607856614945,2317.2703171601615,2335.9288866789793,2354.7376942662327,2373.6979496329395,2392.810872230673,2412.077691329971,2431.4996460994216,2451.0779856853383,2470.813969292122,2490.7088662632277,2510.763956162824,2530.9805288580706,2551.359884602096,2571.9033341176064,2592.612198681206,2613.487810208354,2634.5315113390543,2655.7446555241822,2677.1286071125573,2698.6847414386757,2720.4144449111714,2742.319115101994,2764.4001608362782,2786.6590022829737,2809.097071046162,2831.715810257159,2854.5166746673017,2877.5011307415425,2900.67065675274,2924.0267428767575,2947.570891288285,2971.304616257478,2995.22944424732,3019.346914011829,3043.658576695001,3068.1659959305807,3092.870747942638,3117.7744216469364,3142.87861875312,3168.1849538677375,3193.695054598094,3219.410561656912,3245.333128967883,3271.4644237720117,3297.806126734876,3324.3599320546946,3351.1275475713155,3378.1106948760344,3405.3111094223436,3432.7305406375262,3460.3707520352004,3488.23352132871,3516.320640545493,3544.6339161423107,3573.1751691214417,3601.9462351478164,3630.9489646670518,3660.1852230244945,3689.6568905851636,3719.3658628547196,3749.3140506013438,3779.5033799786634,3809.935792649603,3840.6132459112973,3871.5377128209448,3902.7111823227383,3934.135659375755,3965.8131650829396,3997.7457368210635,4029.9354283717907,4062.3843100537392,4095.0944688556665,4128.068008570669,4161.3070499315045,4194.813730746993,4228.590206039511,4262.638648183577,4296.961247045588,4331.560210124669,4366.437762694626,4401.596147947099,4437.037627135803,4472.764479721992,4508.779003521039,4545.083514850253,4581.680348677821,4618.571858773019,4655.7604178575675,4693.248417758249,4731.038269560753,4769.132403764733,4807.533270440121,4846.243339384716,4885.265100283049,4924.601062866471,4964.253757074609,5004.22573321805,5044.519562142395,5085.137835393579,5126.08316538458,5167.3581855634,5208.965550582488,5250.907936469426,5293.188040799074,5335.808582867062,5378.772303864684,5422.081967055189,5465.740357951513,5509.7502844954415,5554.1145772382,5598.836089522486,5643.917697666003,5689.362301146471,5735.17282278806,5781.352208949439,5827.903429713208,5874.829479076986,5922.133375145914,5969.818160326825,6017.886901523867,6066.342690335802,6115.188643254807,6164.427901866934,6214.06363305417,6264.099029198114,6314.537308385285,6365.381714614103,6416.635518003553,6468.302015003491,6520.384528606639,6572.88640856233,6625.811031591967,6679.16180160615,6732.942149923667,6787.155535492116,6841.805445110439,6896.895393653112,6952.428924296275,7008.409608745552,7064.841047465831,7121.726869912778,7179.070734766296,7236.876330165845,7295.147373947643,7353.887613883764,7413.100827923194,7472.790824434837,7532.961442452409,7593.616551921397,7654.7600539479145,7716.395881049652,7778.527997408752,7841.160399126823,7904.2971144818985,7967.94220418758,8032.099761654146,8096.773913251861,8161.968818576374,8227.688670716232,8293.937696522553,8360.720156880894,8428.04034698531,8495.90259661459,8564.311270410717,8633.270768159597,8702.785525074065,8772.860012079082,8843.498736099358,8914.706240349144,8986.487104624512,9058.845945597834,9131.787417114787,9205.31621049359,9279.437054826807,9354.154717285446,9429.47400342559,9505.399757497484,9581.936862757088,9659.090241780126,9736.864856778713,9815.265709920519,9894.297843650465,9973.966341015032,10054.276325989182,10135.232963805956,10216.841461288606,10299.107067185563,10382.035072507933,10465.630810869876,10549.89965883156,10634.84703624505,10720.478406602804,10806.799277389146,10893.815200434417,10981.531772272076,11069.954634498676,11159.08947413668,11248.94202400021,11339.518063063782,11430.823416834026,11522.863957724268,11615.64560543233,11709.174327321158,11803.456138802712,11898.49710372478,11994.303334761045,12090.880993804161,12188.23629236214,12286.375491957784,12385.304904531427,12485.030892846919,12585.55987090084,12686.898304334996,12789.052710852275,12892.029660635888,12995.8357767719,13100.477735675182,13205.962267518828,13312.296156667053,13419.486242111492,13527.539417911097,13636.462633635434,13746.262894811807,13856.947263375758,13968.522858125163,14080.996855178266,14194.376488435144,14308.66905004285,14423.881890864615] 0.31126199007860056 [Infinity,Infinity,Infinity,Infinity,Infinity,Infinity,Infinity,Infinity,Infinity,Infinity,Infinity,Infinity,Infinity,Infinity,Infinity,Infinity,Infinity,Infinity,Infinity,Infinity,Infinity,Infinity,Infinity,Infinity,Infinity,Infinity,Infinity,Infinity,Infinity,Infinity,Infinity,Infinity,Infinity,Infinity,Infinity,Infinity,Infinity,Infinity,Infinity,Infinity,Infinity,Infinity,Infinity,Infinity,Infinity,Infinity,Infinity,Infinity,Infinity,Infinity,Infinity,Infinity,Infinity,Infinity,Infinity,Infinity,Infinity,Infinity,Infinity,Infinity,Infinity,Infinity,Infinity,Infinity,Infinity,Infinity,Infinity,Infinity,Infinity,Infinity,Infinity,Infinity,Infinity,Infinity,Infinity,Infinity,Infinity,Infinity,Infinity,Infinity,Infinity,Infinity,Infinity,Infinity,Infinity,Infinity,Infinity,Infinity,Infinity,Infinity,Infinity,Infinity,Infinity,Infinity,Infinity,Infinity,Infinity,Infinity,Infinity,Infinity,Infinity,Infinity,Infinity,Infinity,Infinity,Infinity,Infinity,Infinity,Infinity,Infinity,Infinity,Infinity,Infinity,Infinity,Infinity,Infinity,Infinity,Infinity,Infinity,Infinity,Infinity,Infinity,Infinity,Infinity,Infinity,Infinity,Infinity,Infinity,Infinity,Infinity,Infinity,Infinity,Infinity,Infinity,Infinity,Infinity,Infinity,Infinity,Infinity,Infinity,Infinity,Infinity,Infinity,Infinity,Infinity,Infinity,Infinity,Infinity,Infinity,Infinity,Infinity,Infinity,Infinity,Infinity,Infinity,Infinity,Infinity,Infinity,Infinity,Infinity,Infinity,Infinity,Infinity,Infinity,Infinity,Infinity,Infinity,Infinity,Infinity,Infinity,Infinity,Infinity,Infinity,Infinity,Infinity,Infinity,Infinity,Infinity,Infinity,Infinity,Infinity,Infinity,Infinity,Infinity,Infinity,Infinity,Infinity,Infinity,Infinity,Infinity,Infinity,Infinity,Infinity,Infinity,Infinity,Infinity,Infinity,Infinity,Infinity,Infinity,Infinity,Infinity,Infinity,Infinity,Infinity,Infinity,Infinity,Infinity,Infinity,Infinity,Infinity,Infinity,Infinity,Infinity,Infinity,Infinity,Infinity,Infinity,Infinity,Infinity,Infinity,Infinity,Infinity,Infinity,Infinity,Infinity,Infinity,Infinity,Infinity,Infinity,Infinity,Infinity,Infinity,Infinity,Infinity,Infinity,Infinity,Infinity,Infinity,Infinity,Infinity,Infinity,Infinity,Infinity,Infinity,Infinity,Infinity,Infinity,Infinity,Infinity,Infinity,Infinity,Infinity,Infinity,Infinity,Infinity,Infinity,Infinity,Infinity,Infinity,Infinity,Infinity,Infinity,Infinity,Infinity,Infinity,Infinity,Infinity,Infinity,Infinity,Infinity,Infinity,Infinity,Infinity,Infinity,Infinity,Infinity,Infinity,Infinity,Infinity,Infinity,Infinity,Infinity,Infinity,Infinity,Infinity,Infinity,Infinity,Infinity,Infinity,Infinity,Infinity,Infinity,Infinity,Infinity,Infinity,Infinity,Infinity,Infinity,Infinity] [0.0,0.0,0.0,0.0,0.0,0.0,0.0,0.0,0.0,0.0,0.0,0.0,0.0,0.0,0.0,0.0,0.0,0.0,0.0,0.0,0.0,0.0,0.0,0.0,0.0,0.0,0.0,0.0,0.0,0.0,0.0,0.0,0.0,0.0,0.0,0.0,0.0,0.0,0.0,0.0,0.0,0.0,0.0,0.0,0.0,0.0,0.0,0.0,0.0,0.0,0.0,0.0,0.0,0.0,0.0,0.0,0.0,0.0,0.0,0.0,0.0,0.0,0.0,0.0,0.0,0.0,0.0,0.0,0.0,0.0,0.0,0.0,0.0,0.0,0.0,0.0,0.0,0.0,0.0,0.0,0.0,0.0,0.0,0.0,0.0,0.0,0.0,0.0,0.0,0.0,0.0,0.0,0.0,0.0,0.0,0.0,0.0,0.0,0.0,0.0,0.0,0.0,0.0,0.0,0.0,0.0,0.0,0.0,0.0,0.0,0.0,0.0,0.0,0.0,0.0,0.0,0.0,0.0,0.0,0.0,0.0,0.0,0.0,0.0,0.0,0.0,0.0,0.0,0.0,0.0,0.0,0.0,0.0,0.0,0.0,0.0,0.0,0.0,0.0,0.0,0.0,0.0,0.0,0.0,0.0,0.0,0.0,0.0,0.0,0.0,0.0,0.0,0.0,0.0,0.0,0.0,0.0,0.0,0.0,0.0,0.0,0.0,0.0,0.0,0.0,0.0,0.0,0.0,0.0,0.0,0.0,0.0,0.0,0.0,0.0,0.0,0.0,0.0,0.0,0.0,0.0,0.0,0.0,0.0,0.0,0.0,0.0,0.0,0.0,0.0,0.0,0.0,0.0,0.0,0.0,0.0,0.0,0.0,0.0,0.0,0.0,0.0,0.0,0.0,0.0,0.0,0.0,0.0,0.0,0.0,0.0,0.0,0.0,0.0,0.0,0.0,0.0,0.0,0.0,0.0,0.0,0.0,0.0,0.0,0.0,0.0,0.0,0.0,0.0,0.0,0.0,0.0,0.0,0.0,0.0,0.0,0.0,0.0,0.0,0.0,0.0,0.0,0.0,0.0,0.0,0.0,0.0,0.0,0.0,0.0,0.0,0.0,0.0,0.0,0.0,0.0,0.0,0.0,0.0,0.0,0.0,0.0,0.0,0.0,0.0,0.0,0.0,0.0,0.0,0.0,0.0,0.0,0.0,0.0,0.0,0.0,0.0,0.0,0.0,0.0,0.0,0.0,0.0,0.0,0.0,0.0,0.0,0.0,0.0,0.0,0.0,0.0,0.0,0.0,0.0,0.0,0.0,0.0,0.0,0.0]
56257.9076262253 [0.0,0.0,0.0,0.0,0.0,0.0,0.0,0.0,0.0,0.0,0.0,0.0,0.0,0.0,0.0,0.0,0.0,0.0,0.0,0.0,0.0,0.0,0.0,0.0,0.0,0.0,0.0,0.0,0.0,0.0,0.0,0.0,0.0,0.0,0.0,0.0,0.0,0.0,0.0,0.0,0.0,0.0,0.0,0.0,0.0,0.0,0.0,0.0,0.0,0.0,0.0,0.0,0.0,0.0,0.0,0.0,0.0,0.0,0.0,0.0,0.0,0.0,0.0,0.0,0.0,0.0,0.0,0.0,0.0,0.0,0.0,0.0,0.0,0.0,0.0,0.0,0.0,0.0,0.0,0.0,0.0,0.0,0.0,0.0,0.0,0.0,0.0,0.0,0.0,0.0,0.0,0.0,0.0,0.0,0.0,0.0,0.0,0.0,0.0,0.0,0.0,0.0,0.0,0.0,0.0,0.0,0.0,0.0,0.0,0.0,0.0,0.0,0.0,0.0,0.0,0.0,0.0,0.0,0.0,0.0,0.0,0.0,0.0,0.0,0.0,0.0,0.0,0.0,0.0,0.0,0.0,0.0,0.0,0.0,0.0,0.0,0.0,0.0,0.0,0.0,66.00011974218356,49.2547744025727,41.509124374865785,42.402265002821416,40.80957353069488,65.81039608889216,95.60240140490075,126.56094892397253,156.05686157659738,161.6539573331376,133.88589746458737,107.1858225678756,80.66450504940427,87.20945316879954,106.85428481977522,153.05316125973698,223.6230645174784,261.8674633785353,260.6159673037868,279.73792734804096,293.50087457091075,304.967431587913,349.78346571910384,346.61518498001766,254.5876910704624,224.41905050039915,190.37877021562713,223.48412473099677,343.0956912214902,474.3518633397643,551.2138349357796,560.7521517290864,512.2595159184406,421.4359642840321,420.49076621571066,406.78758186187554,433.8999290178216,468.2222611075282,453.2894940807226,473.577872582872,417.403247178198,432.944455242824,403.7215443857586,299.32972347354297,249.54498576505753,278.2869385971826,307.40771860918437,398.6327534521361,516.8380376414784,619.3430081184781,663.7612533738936,614.5579309806272,468.19913457570897,337.87824329540814,294.880682876188,292.54726312342564,256.16777356135367,293.99596889945406,328.5287702437119,335.964881950553,249.35867042258894,273.17477039723383,295.765879081955,323.02339919253336,384.50539560862575,482.5183847068987,497.3212216310409,464.5372313802058,427.73202155582567,402.9802393765706,399.4056009457133,381.9634165953151,373.5181425163569,326.628013910248,274.7495885910199,260.0785609352346,225.87130646694936,209.19079569674614,240.20489308868918,275.8446649120796,348.54144238180436,421.7751188268277,309.6459083704285,292.50923454181594,270.5506147561939,190.2596744159267,125.40033400372288,161.88750145750683,193.08414797282765,220.66998340690938,223.04678237742434,239.52071243210383,209.66629499938188,216.61196014583874,209.77982534130953,188.69366544206207,172.12696485920745,148.68062701774167,120.90157644904085,110.76477641931693,117.62706641332402,119.29547769052755,113.18898366891453,94.50648594674023,84.5362567352018,92.432665654721,88.6421500065669,90.87567029957593,91.80473320660894,73.54977248431204,65.15990573936776,63.69065256544506,67.49076078690904,62.32250933074843,49.02227989528014,52.805842427806056,63.591502704279165,66.81034793932041,62.15190023700872,61.93417672143829,52.933358029848804,37.42301032120717,18.225858961145953,29.61252763913353,38.53190948951571,53.867646081071115,74.87107605513626,106.99889755575911,110.25895935796099,121.57773100250526,119.0443236155213,116.29156650929922,82.07244922454433,72.29040440202024,68.65545492926633,63.04062451817953,54.329081617372594,51.78887431981842,44.06918356655662,41.61194554494514,34.995811253241975,34.260299742513624,32.8945259023677,31.086887352028292,32.58751759606753,35.89127644452326,24.952184376298522,22.10429947166277,21.83289304728034,17.91485398733244,15.742958504643623,17.296394241778106,17.623936674852857,19.74067503181384,17.4621977260325,16.241810144197878,18.850370633408296,9.863576329098816,11.825980159195081,6.60961555132577] [1311.2619900786005,1321.8202200865917,1332.463464547639,1343.19240799478,1354.0077404728797,1364.9101575830227,1375.9003605272408,1386.9790561536227,1398.1469570017646,1409.4047813486081,1420.7532532546286,1432.193102610412,1443.7250651835902,1455.3498826661717,1467.068302722235,1478.881079036026,1490.78897136042,1502.7927455657994,1514.8931736892998,1527.0910339844697,1539.3871109713293,1551.7821954868166,1564.2770847356642,1576.872582341659,1589.569498399342,1602.368649526097,1615.270858914685,1628.2769563861766,1641.3877784433362,1654.6041683244075,1667.9269760573632,1681.3570585145608,1694.895279467867,1708.5425096441993,1722.2996267815402,1736.1675156853773,1750.1470682856248,1764.2391836939755,1778.4447682617345,1792.7647356381167,1807.2000068289992,1821.7515102561672,1836.4201818170154,1851.2069649447558,1866.112810669078,1881.1386776773347,1896.285532376183,1911.5543489537563,1926.9461094423048,1942.4618037813711,1958.1024298814455,1973.8689936881608,1989.7625092469793,2005.7839987684179,2021.9344926937952,2038.215029761504,2054.626657073813,2071.1704301642176,2087.8474130653335,2104.6586783773164,2121.605307336866,2138.6883898867477,2155.9090247459117,2173.268319480143,2190.767390573309,2208.407363499154,2226.1893727937027,2244.1145621282076,2262.184084382728,2280.399101720259,2298.7607856614945,2317.2703171601615,2335.9288866789793,2354.7376942662327,2373.6979496329395,2392.810872230673,2412.077691329971,2431.4996460994216,2451.0779856853383,2470.813969292122,2490.7088662632277,2510.763956162824,2530.9805288580706,2551.359884602096,2571.9033341176064,2592.612198681206,2613.487810208354,2634.5315113390543,2655.7446555241822,2677.1286071125573,2698.6847414386757,2720.4144449111714,2742.319115101994,2764.4001608362782,2786.6590022829737,2809.097071046162,2831.715810257159,2854.5166746673017,2877.5011307415425,2900.67065675274,2924.0267428767575,2947.570891288285,2971.304616257478,2995.22944424732,3019.346914011829,3043.658576695001,3068.1659959305807,3092.870747942638,3117.7744216469364,3142.87861875312,3168.1849538677375,3193.695054598094,3219.410561656912,3245.333128967883,3271.4644237720117,3297.806126734876,3324.3599320546946,3351.1275475713155,3378.1106948760344,3405.3111094223436,3432.7305406375262,3460.3707520352004,3488.23352132871,3516.320640545493,3544.6339161423107,3573.1751691214417,3601.9462351478164,3630.9489646670518,3660.1852230244945,3689.6568905851636,3719.3658628547196,3749.3140506013438,3779.5033799786634,3809.935792649603,3840.6132459112973,3871.5377128209448,3902.7111823227383,3934.135659375755,3965.8131650829396,3997.7457368210635,4029.9354283717907,4062.3843100537392,4095.0944688556665,4128.068008570669,4161.3070499315045,4194.813730746993,4228.590206039511,4262.638648183577,4296.961247045588,4331.560210124669,4366.437762694626,4401.596147947099,4437.037627135803,4472.764479721992,4508.779003521039,4545.083514850253,4581.680348677821,4618.571858773019,4655.7604178575675,4693.248417758249,4731.038269560753,4769.132403764733,4807.533270440121,4846.243339384716,4885.265100283049,4924.601062866471,4964.253757074609,5004.22573321805,5044.519562142395,5085.137835393579,5126.08316538458,5167.3581855634,5208.965550582488,5250.907936469426,5293.188040799074,5335.808582867062,5378.772303864684,5422.081967055189,5465.740357951513,5509.7502844954415,5554.1145772382,5598.836089522486,5643.917697666003,5689.362301146471,5735.17282278806,5781.352208949439,5827.903429713208,5874.829479076986,5922.133375145914,5969.818160326825,6017.886901523867,6066.342690335802,6115.188643254807,6164.427901866934,6214.06363305417,6264.099029198114,6314.537308385285,6365.381714614103,6416.635518003553,6468.302015003491,6520.384528606639,6572.88640856233,6625.811031591967,6679.16180160615,6732.942149923667,6787.155535492116,6841.805445110439,6896.895393653112,6952.428924296275,7008.409608745552,7064.841047465831,7121.726869912778,7179.070734766296,7236.876330165845,7295.147373947643,7353.887613883764,7413.100827923194,7472.790824434837,7532.961442452409,7593.616551921397,7654.7600539479145,7716.395881049652,7778.527997408752,7841.160399126823,7904.2971144818985,7967.94220418758,8032.099761654146,8096.773913251861,8161.968818576374,8227.688670716232,8293.937696522553,8360.720156880894,8428.04034698531,8495.90259661459,8564.311270410717,8633.270768159597,8702.785525074065,8772.860012079082,8843.498736099358,8914.706240349144,8986.487104624512,9058.845945597834,9131.787417114787,9205.31621049359,9279.437054826807,9354.154717285446,9429.47400342559,9505.399757497484,9581.936862757088,9659.090241780126,9736.864856778713,9815.265709920519,9894.297843650465,9973.966341015032,10054.276325989182,10135.232963805956,10216.841461288606,10299.107067185563,10382.035072507933,10465.630810869876,10549.89965883156,10634.84703624505,10720.478406602804,10806.799277389146,10893.815200434417,10981.531772272076,11069.954634498676,11159.08947413668,11248.94202400021,11339.518063063782,11430.823416834026,11522.863957724268,11615.64560543233,11709.174327321158,11803.456138802712,11898.49710372478,11994.303334761045,12090.880993804161,12188.23629236214,12286.375491957784,12385.304904531427,12485.030892846919,12585.55987090084,12686.898304334996,12789.052710852275,12892.029660635888,12995.8357767719,13100.477735675182,13205.962267518828,13312.296156667053,13419.486242111492,13527.539417911097,13636.462633635434,13746.262894811807,13856.947263375758,13968.522858125163,14080.996855178266,14194.376488435144,14308.66905004285,14423.881890864615] 0.31126199007860056 [Infinity,Infinity,Infinity,Infinity,Infinity,Infinity,Infinity,Infinity,Infinity,Infinity,Infinity,Infinity,Infinity,Infinity,Infinity,Infinity,Infinity,Infinity,Infinity,Infinity,Infinity,Infinity,Infinity,Infinity,Infinity,Infinity,Infinity,Infinity,Infinity,Infinity,Infinity,Infinity,Infinity,Infinity,Infinity,Infinity,Infinity,Infinity,Infinity,Infinity,Infinity,Infinity,Infinity,Infinity,Infinity,Infinity,Infinity,Infinity,Infinity,Infinity,Infinity,Infinity,Infinity,Infinity,Infinity,Infinity,Infinity,Infinity,Infinity,Infinity,Infinity,Infinity,Infinity,Infinity,Infinity,Infinity,Infinity,Infinity,Infinity,Infinity,Infinity,Infinity,Infinity,Infinity,Infinity,Infinity,Infinity,Infinity,Infinity,Infinity,Infinity,Infinity,Infinity,Infinity,Infinity,Infinity,Infinity,Infinity,Infinity,Infinity,Infinity,Infinity,Infinity,Infinity,Infinity,Infinity,Infinity,Infinity,Infinity,Infinity,Infinity,Infinity,Infinity,Infinity,Infinity,Infinity,Infinity,Infinity,Infinity,Infinity,Infinity,Infinity,Infinity,Infinity,Infinity,Infinity,Infinity,Infinity,Infinity,Infinity,Infinity,Infinity,Infinity,Infinity,Infinity,Infinity,Infinity,Infinity,Infinity,Infinity,Infinity,Infinity,Infinity,Infinity,Infinity,Infinity,Infinity,Infinity,Infinity,Infinity,3.2761885015228636,2.664763899648764,2.1200254099874796,1.8694758100608528,2.1801266109847544,3.2879081748129275,4.930265639582608,6.504024242054227,7.448986732727794,7.548341042012657,6.681565386876355,5.1615155012457405,3.9845839278430946,4.132580485948084,5.610627839335177,7.893375562666894,10.399795648383336,12.472855025900358,13.53303965823218,14.015377126952007,14.914573295075149,16.38292665253762,17.15134152322511,16.08206585845089,13.565757723557422,10.56044482280834,8.868258584934226,10.979382688985782,17.241022905031862,24.134910322297195,28.288022271531553,28.675999563351024,25.210671422967522,20.666692169233848,18.8558287518647,19.842631450161882,21.118517137279206,21.71640926912266,22.27469798314133,22.878778662245757,22.7966037764833,21.4577483370482,18.668631736843906,15.10418763633606,12.879974783388036,13.272701359979218,15.81195524299886,19.938598291937566,25.208193847025047,30.14404111295886,31.930781872757514,29.444667974003686,23.658195811989412,17.44641900383773,14.619808649122888,14.279690642495439,13.75904040477256,14.430566917591857,17.086299910328666,17.178073354135435,13.768961445961153,12.639933090395449,14.369391064257538,15.709094391043939,18.094626950661247,22.60521803387559,25.10908996488732,24.340468735054355,22.644193432245093,20.912022946948184,19.320932347561506,17.930525241704196,16.72517393633648,15.610912876861903,14.380374490483414,12.9738872929537,11.62322040837113,10.971277936473667,11.881674372564662,14.929680109242351,17.98385698618064,18.631252937106137,16.48124235239549,14.664611706347793,13.40201570633117,8.85192941370032,6.148879093304155,7.785839880915672,10.686812471186494,11.960096979738152,11.791316675788803,11.521607101182974,11.340798062803065,11.174767411887984,10.622621770009337,9.420019726820634,8.014631010631636,6.999494633454465,6.175315185546669,5.55175673927282,5.751471952853124,5.550962620039735,5.22374262526925,5.15976684896974,5.043386186889918,4.766975263719217,4.593614242928259,4.653133821099377,4.426012067185036,3.8047882968161586,3.387254839675925,3.2546587601707997,3.388227991095648,3.2237936608641826,2.6758090070997262,2.6689942360222387,3.1902227478777823,3.3591732413450983,3.2682409625771576,3.0408227470572844,2.526459402406925,1.9004717083888827,0.9760720557709532,1.5470516957780645,1.9312628978150677,2.675521523101425,3.869729128543459,5.069577310077767,5.7762698986102725,6.254029871082016,6.332858974993491,5.73619044838949,4.48610085770881,3.83566794674825,3.4683117939027577,2.9788997259435783,2.722294262286776,2.2626975768256674,2.2096716939718934,2.0865375531733377,1.8405763289002475,1.8830175056787155,1.7622140114779672,1.7066179131386676,1.6865171558450167,1.6830458350039728,1.3005560416511306,1.105183163464252,1.0198202275386739,0.8769417448407208,0.7527607417495319,0.8161592309667505,0.9062511821770771,0.9851250110608035,0.8431173671313168,0.7626339489919292,0.9536111695367773,0.4965175480021952,0.6079128165644339,0.31759701311722777] [0.0,0.0,0.0,0.0,0.0,0.0,0.0,0.0,0.0,0.0,0.0,0.0,0.0,0.0,0.0,0.0,0.0,0.0,0.0,0.0,0.0,0.0,0.0,0.0,0.0,0.0,0.0,0.0,0.0,0.0,0.0,0.0,0.0,0.0,0.0,0.0,0.0,0.0,0.0,0.0,0.0,0.0,0.0,0.0,0.0,0.0,0.0,0.0,0.0,0.0,0.0,0.0,0.0,0.0,0.0,0.0,0.0,0.0,0.0,0.0,0.0,0.0,0.0,0.0,0.0,0.0,0.0,0.0,0.0,0.0,0.0,0.0,0.0,0.0,0.0,0.0,0.0,0.0,0.0,0.0,0.0,0.0,0.0,0.0,0.0,0.0,0.0,0.0,0.0,0.0,0.0,0.0,0.0,0.0,0.0,0.0,0.0,0.0,0.0,0.0,0.0,0.0,0.0,0.0,0.0,0.0,0.0,0.0,0.0,0.0,0.0,0.0,0.0,0.0,0.0,0.0,0.0,0.0,0.0,0.0,0.0,0.0,0.0,0.0,0.0,0.0,0.0,0.0,0.0,0.0,0.0,0.0,0.0,0.0,0.0,0.0,0.0,0.0,0.0,0.0,0.47634971172628965,-4.040503590402587,-0.8913838248838003,5.01274880160436,-2.792958689000209,0.05223259263361813,-3.002911386751409,-3.5195359171120084,7.077126922041507,10.687136492884456,0.25458972706026567,3.955512542960795,0.9728264925423772,4.557843449837853,-5.358271966928322,-4.814349993600901,15.627151549811678,12.410362860528139,-10.044825860856797,-0.5696151909991525,-4.7905913305922425,-22.691101462839402,6.756635254601659,24.973867810999874,-16.727463400686037,13.210154044232384,13.013598516942611,3.896470951281159,-1.7247668791470097,-8.346343106179596,-14.546610494851521,-12.767839537934076,8.046087459090101,8.102120899355095,43.37419117841668,9.934952858637915,11.529586272237491,33.894075725074984,7.795534417896048,16.00229933795678,-38.52882835146795,3.7894885018599846,30.34890964888047,-2.7540292531782558,-8.054509902703193,12.83291139759826,-8.831386250792837,-0.13921238661523616,12.674160700977495,16.462185859300938,25.145615918743424,25.664571500553492,-4.964781664079301,-11.050136781346437,2.484509893730263,6.953450273516851,-19.01303453409753,5.384630547616921,-13.197227962861394,-7.596585132155698,-26.020558496634123,20.376108589324865,8.378057796804242,8.841511371654565,22.61285659540081,30.414024029386912,-4.860577666705525,-22.2721433208813,-25.151847089076192,-15.26021956239309,12.98695399448312,23.35291176123122,39.0146637896273,14.409756373009952,-12.857901218648353,0.600815076160594,-6.593101700473248,-10.234763032727207,2.57140563739593,-22.748937272767435,-11.135697341808457,49.15006008470494,-19.978938677481334,-0.7829995851399343,2.5103006295704833,13.2210861419203,2.422752137639789,6.170703839193393,-20.652101450902222,-18.531956187853655,-12.779551138351739,9.088570408444369,-17.14966625667945,-6.8833880919209385,-2.6726100588772015,0.293270905649392,11.83434464657476,8.690734348652363,-2.6047272618925312,-0.27035836613946373,2.5976273562615417,8.276225289732844,8.714131163529526,-8.68885103265457,-16.33146700259655,-2.9068396196633257,-3.230134851998286,-2.187006122411613,3.2844918629082267,-2.545993452011135,-2.585191054150745,-1.4025226379709337,-0.2737990350039214,-2.1533638865352147,-4.493900246714383,-0.5740422926387192,-0.21295225327648626,-0.37311688758156575,-3.212919014534436,1.1177217802926052,2.4041699817103046,-0.5864238465704859,-1.2955821542731134,-1.3285062764277609,-0.09334846678563959,0.3572156190426117,-2.5235065157329206,5.607351354203791,-5.266438614244465,-3.5028664191350583,-7.612855884348531,1.5677575415094231,-7.649567929631865,-4.422954532944762,-0.7107809487888209,3.4626299993079632,-0.11680362836293143,6.534922783305072,-0.12425031288125052,-0.11880551852161889,-1.8157153247629771,-3.4000503710606838,-2.3497543271916483,-3.0454709107450584,-1.1428255208328104,2.2303597444438044,-1.0589364567240913,0.0006362023777320782,1.436488496506864,0.3760190905180214,0.687743669652985,0.9732096224430967,-0.5010869686886874,0.03817481059776949,0.5998503834061643,0.9891311643592952,-0.22185275732724985,-0.06677463094508845,-0.33227617209359483,0.2576752889812142]
56283.260334634426 [0.0,0.0,0.0,0.0,0.0,0.0,0.0,0.0,0.0,0.0,0.0,0.0,0.0,0.0,0.0,0.0,0.0,0.0,0.0,0.0,0.0,0.0,0.0,0.0,0.0,0.0,0.0,0.0,0.0,0.0,0.0,0.0,0.0,0.0,0.0,0.0,0.0,0.0,0.0,0.0,0.0,0.0,0.0,0.0,0.0,0.0,0.0,0.0,0.0,0.0,0.0,0.0,0.0,0.0,0.0,0.0,0.0,0.0,0.0,0.0,0.0,0.0,0.0,0.0,0.0,0.0,0.0,0.0,0.0,0.0,0.0,0.0,0.0,0.0,0.0,0.0,0.0,0.0,0.0,0.0,0.0,0.0,0.0,0.0,0.0,0.0,0.0,0.0,0.0,0.0,0.0,0.0,0.0,0.0,0.0,0.0,0.0,0.0,0.0,0.0,0.0,0.0,0.0,0.0,0.0,0.0,0.0,0.0,0.0,0.0,0.0,0.0,0.0,0.0,0.0,0.0,0.0,0.0,0.0,0.0,0.0,0.0,0.0,0.0,0.0,0.0,0.0,0.0,0.0,0.0,0.0,0.0,0.0,0.0,0.0,0.0,0.0,0.0,0.0,0.0,2.692922796889606,1.828658404257493,3.174153528564911,7.128260045221584,9.148192629870596,11.49468263463054,9.046325444635496,7.538802095471847,5.969982243307584,5.479762848875831,8.924650940787002,14.724112182867067,19.547063974281322,19.129978703696032,20.204767701736593,22.18578687630552,30.184381965621437,34.9124470386924,39.001355281950495,40.22053698013568,38.78942658820786,47.070968232543,53.095004895884095,50.49462706434865,49.7751004084907,38.452429459193944,28.620676329616746,27.40822131086286,38.98993244306979,65.6840713514326,79.97832260972547,89.53984069102574,86.58450602981584,82.83501057807021,75.47806560526658,56.55421009027427,60.925196141309804,60.597917728565356,60.362844425240986,65.81987835684347,66.24074620034109,76.34327596638099,77.06378995999502,73.72185418154922,60.516481259211034,52.78785216118188,48.77240340804614,54.19508271005083,85.1322095161863,99.48604324751398,136.7624953623953,143.4264556329344,108.22396461185527,75.36903889206847,64.9900046228828,71.12246155249046,76.21518724417074,80.919794381145,121.12126506593084,120.62670707541777,111.95476921243386,88.53107513547496,72.9994111541897,65.38203735995275,77.48592503153921,70.23424946377894,94.78594454221454,114.44717200615322,130.69226924457035,138.4878577297768,141.99682633443942,165.98045438512446,227.76826404249215,228.17486333996675,228.39612540246335,191.38209171697815,168.71765098454156,123.39996263896221,150.10486480492355,168.92499807165132,155.45806857074362,153.2587796118167,138.21162714206932,109.22824702564661,97.04875505618766,97.04620295608046,105.74243420554866,104.96444237697335,107.83422558666075,103.7543726729078,107.55451744746706,142.25258963806832,167.15731100186076,188.98920643550622,195.58454575138686,183.15375250580493,129.9009502897883,103.47605500559779,92.39597708777315,92.8444527822572,80.43454091871837,85.91497630730332,84.59341782916125,74.57432688742185,70.14533351520066,68.92360682549925,76.24093660629828,90.30585964603205,87.92055016387943,93.960843881869,116.25885557726731,94.05456753986714,89.1722498569833,101.64997066051716,115.27202461176269,116.46960440327327,98.16329189770593,84.14889046738237,66.09263667698025,62.94104347396016,61.7130512276563,48.44862818887843,19.405653389596186,16.577522050918553,21.003139305779378,30.31637922927153,65.17872563490974,99.51154001662312,105.86444346166685,114.85059038079149,115.85029534070523,119.90226699626362,101.57880767835407,91.27625400029945,71.53981674528347,69.38791315378187,70.06275439643679,64.93095747964949,48.75389461001329,48.58693053395429,61.13595396116309,58.71210654447476,47.305448876545604,47.63790530137676,53.14022053481898,69.9319260184315,67.2074695806875,63.229958319360065,63.43464258300947,51.709788089388596,45.5147982264545,50.23047279067271,55.689276418226164,49.03089207752903,39.917478276025236,29.660295216865983,27.793584733346776,29.235142666184093,32.302146882226744,30.722220276062483] [1311.2619900786005,1321.8202200865917,1332.463464547639,1343.19240799478,1354.0077404728797,1364.9101575830227,1375.9003605272408,1386.9790561536227,1398.1469570017646,1409.4047813486081,1420.7532532546286,1432.193102610412,1443.7250651835902,1455.3498826661717,1467.068302722235,1478.881079036026,1490.78897136042,1502.7927455657994,1514.8931736892998,1527.0910339844697,1539.3871109713293,1551.7821954868166,1564.2770847356642,1576.872582341659,1589.569498399342,1602.368649526097,1615.270858914685,1628.2769563861766,1641.3877784433362,1654.6041683244075,1667.9269760573632,1681.3570585145608,1694.895279467867,1708.5425096441993,1722.2996267815402,1736.1675156853773,1750.1470682856248,1764.2391836939755,1778.4447682617345,1792.7647356381167,1807.2000068289992,1821.7515102561672,1836.4201818170154,1851.2069649447558,1866.112810669078,1881.1386776773347,1896.285532376183,1911.5543489537563,1926.9461094423048,1942.4618037813711,1958.1024298814455,1973.8689936881608,1989.7625092469793,2005.7839987684179,2021.9344926937952,2038.215029761504,2054.626657073813,2071.1704301642176,2087.8474130653335,2104.6586783773164,2121.605307336866,2138.6883898867477,2155.9090247459117,2173.268319480143,2190.767390573309,2208.407363499154,2226.1893727937027,2244.1145621282076,2262.184084382728,2280.399101720259,2298.7607856614945,2317.2703171601615,2335.9288866789793,2354.7376942662327,2373.6979496329395,2392.810872230673,2412.077691329971,2431.4996460994216,2451.0779856853383,2470.813969292122,2490.7088662632277,2510.763956162824,2530.9805288580706,2551.359884602096,2571.9033341176064,2592.612198681206,2613.487810208354,2634.5315113390543,2655.7446555241822,2677.1286071125573,2698.6847414386757,2720.4144449111714,2742.319115101994,2764.4001608362782,2786.6590022829737,2809.097071046162,2831.715810257159,2854.5166746673017,2877.5011307415425,2900.67065675274,2924.0267428767575,2947.570891288285,2971.304616257478,2995.22944424732,3019.346914011829,3043.658576695001,3068.1659959305807,3092.870747942638,3117.7744216469364,3142.87861875312,3168.1849538677375,3193.695054598094,3219.410561656912,3245.333128967883,3271.4644237720117,3297.806126734876,3324.3599320546946,3351.1275475713155,3378.1106948760344,3405.3111094223436,3432.7305406375262,3460.3707520352004,3488.23352132871,3516.320640545493,3544.6339161423107,3573.1751691214417,3601.9462351478164,3630.9489646670518,3660.1852230244945,3689.6568905851636,3719.3658628547196,3749.3140506013438,3779.5033799786634,3809.935792649603,3840.6132459112973,3871.5377128209448,3902.7111823227383,3934.135659375755,3965.8131650829396,3997.7457368210635,4029.9354283717907,4062.3843100537392,4095.0944688556665,4128.068008570669,4161.3070499315045,4194.813730746993,4228.590206039511,4262.638648183577,4296.961247045588,4331.560210124669,4366.437762694626,4401.596147947099,4437.037627135803,4472.764479721992,4508.779003521039,4545.083514850253,4581.680348677821,4618.571858773019,4655.7604178575675,4693.248417758249,4731.038269560753,4769.132403764733,4807.533270440121,4846.243339384716,4885.265100283049,4924.601062866471,4964.253757074609,5004.22573321805,5044.519562142395,5085.137835393579,5126.08316538458,5167.3581855634,5208.965550582488,5250.907936469426,5293.188040799074,5335.808582867062,5378.772303864684,5422.081967055189,5465.740357951513,5509.7502844954415,5554.1145772382,5598.836089522486,5643.917697666003,5689.362301146471,5735.17282278806,5781.352208949439,5827.903429713208,5874.829479076986,5922.133375145914,5969.818160326825,6017.886901523867,6066.342690335802,6115.188643254807,6164.427901866934,6214.06363305417,6264.099029198114,6314.537308385285,6365.381714614103,6416.635518003553,6468.302015003491,6520.384528606639,6572.88640856233,6625.811031591967,6679.16180160615,6732.942149923667,6787.155535492116,6841.805445110439,6896.895393653112,6952.428924296275,7008.409608745552,7064.841047465831,7121.726869912778,7179.070734766296,7236.876330165845,7295.147373947643,7353.887613883764,7413.100827923194,7472.790824434837,7532.961442452409,7593.616551921397,7654.7600539479145,7716.395881049652,7778.527997408752,7841.160399126823,7904.2971144818985,7967.94220418758,8032.099761654146,8096.773913251861,8161.968818576374,8227.688670716232,8293.937696522553,8360.720156880894,8428.04034698531,8495.90259661459,8564.311270410717,8633.270768159597,8702.785525074065,8772.860012079082,8843.498736099358,8914.706240349144,8986.487104624512,9058.845945597834,9131.787417114787,9205.31621049359,9279.437054826807,9354.154717285446,9429.47400342559,9505.399757497484,9581.936862757088,9659.090241780126,9736.864856778713,9815.265709920519,9894.297843650465,9973.966341015032,10054.276325989182,10135.232963805956,10216.841461288606,10299.107067185563,10382.035072507933,10465.630810869876,10549.89965883156,10634.84703624505,10720.478406602804,10806.799277389146,10893.815200434417,10981.531772272076,11069.954634498676,11159.08947413668,11248.94202400021,11339.518063063782,11430.823416834026,11522.863957724268,11615.64560543233,11709.174327321158,11803.456138802712,11898.49710372478,11994.303334761045,12090.880993804161,12188.23629236214,12286.375491957784,12385.304904531427,12485.030892846919,12585.55987090084,12686.898304334996,12789.052710852275,12892.029660635888,12995.8357767719,13100.477735675182,13205.962267518828,13312.296156667053,13419.486242111492,13527.539417911097,13636.462633635434,13746.262894811807,13856.947263375758,13968.522858125163,14080.996855178266,14194.376488435144,14308.66905004285,14423.881890864615] 0.31126199007860056 [Infinity,Infinity,Infinity,Infinity,Infinity,Infinity,Infinity,Infinity,Infinity,Infinity,Infinity,Infinity,Infinity,Infinity,Infinity,Infinity,Infinity,Infinity,Infinity,Infinity,Infinity,Infinity,Infinity,Infinity,Infinity,Infinity,Infinity,Infinity,Infinity,Infinity,Infinity,Infinity,Infinity,Infinity,Infinity,Infinity,Infinity,Infinity,Infinity,Infinity,Infinity,Infinity,Infinity,Infinity,Infinity,Infinity,Infinity,Infinity,Infinity,Infinity,Infinity,Infinity,Infinity,Infinity,Infinity,Infinity,Infinity,Infinity,Infinity,Infinity,Infinity,Infinity,Infinity,Infinity,Infinity,Infinity,Infinity,Infinity,Infinity,Infinity,Infinity,Infinity,Infinity,Infinity,Infinity,Infinity,Infinity,Infinity,Infinity,Infinity,Infinity,Infinity,Infinity,Infinity,Infinity,Infinity,Infinity,Infinity,Infinity,Infinity,Infinity,Infinity,Infinity,Infinity,Infinity,Infinity,Infinity,Infinity,Infinity,Infinity,Infinity,Infinity,Infinity,Infinity,Infinity,Infinity,Infinity,Infinity,Infinity,Infinity,Infinity,Infinity,Infinity,Infinity,Infinity,Infinity,Infinity,Infinity,Infinity,Infinity,Infinity,Infinity,Infinity,Infinity,Infinity,Infinity,Infinity,Infinity,Infinity,Infinity,Infinity,Infinity,Infinity,Infinity,Infinity,Infinity,Infinity,Infinity,Infinity,Infinity,0.1298931078312089,0.0884232748941459,0.1585336488025613,0.33684152631984143,0.5082487867195773,0.5559205954080373,0.48118143230043653,0.3655053763418954,0.2886502932700828,0.2993053702080434,0.43811869787197155,0.6815186862848273,0.9034534279182301,0.9868543082464022,1.006181286986163,1.1417061552835475,1.4564235651837423,1.761479467265356,1.8602236764455902,1.8510533340583268,1.9948448539268444,2.358648392323265,2.6812016530634066,2.70806049388321,2.4205124144714336,1.890074242419243,1.4057449450284165,1.4346195790628624,2.1296882021284427,3.0694288786457298,3.8338088851759173,4.268819470768888,4.301215910479345,4.023001407685378,3.6020539962953633,3.2091756708575048,3.0123685031890663,3.0255647481658707,3.1072797112073665,3.2012746420805422,3.372008446634582,3.59356032236654,3.684238309504397,3.512638174857635,3.065163560149644,2.51866651984665,2.358189434159411,2.8575840022871413,3.8927571342929794,5.2098737161969595,6.4179704920913965,6.851558394582898,5.678606901691186,3.8130294616447875,3.304307944462132,3.7770628800305333,3.9125779597809824,4.345933097043309,5.61848852345843,6.1970902348927925,5.387316041985382,4.336361114737722,3.6737928748414013,3.4555958278491588,3.50601209436631,3.784590109493808,4.751533882725948,5.993086843100771,6.351710462026658,6.332473705458158,6.950663156464532,8.67655629856372,10.622658855006353,11.266361043358147,10.79238801368734,9.500422502273583,7.521982474253645,6.4606194064890845,7.039874890982934,7.825464108369377,8.154055763032872,7.798131838465123,6.698135554519571,5.645965230627599,5.232213313443576,5.236282803269422,5.204304114397381,5.102057292618334,5.16449318691779,5.092569938390911,5.435511939456971,6.6565906206183865,8.116456038558383,9.138167702806104,9.432425427808324,8.68171079838542,6.535010573053941,5.146231948924053,4.8686385302958,4.6057014370295235,4.182519601327568,4.1835136717693135,4.018256017117881,3.518439358029648,3.32967508440219,3.6495733674001913,4.177162734274149,4.263368854226201,4.27536692572353,4.988739003078434,5.547882970711396,4.439320940520417,4.31799984581273,5.13197627207047,5.81212885555262,5.8646860368321985,5.2287523226642865,4.289985289929209,3.5781769685543963,3.115495544306909,2.957208720539181,2.2355823831183423,1.0231624911433284,0.7680281148701826,1.0613281515289514,1.46594132717639,3.3317255938680908,5.005006948115317,5.20761086729621,5.391458089322585,5.8053609334170115,5.602658189450283,4.986671353358156,4.236234186695149,3.619379899316917,3.5115094179080786,3.3039723892487225,2.9994631511014167,2.528398132422555,2.66047637418846,2.94629644816603,2.9577439988134073,2.410802672258949,2.3894460547793566,2.7752044303889996,3.466999693566956,3.743190772593534,3.379086203349948,2.999823485770616,2.536182126497031,2.339835904577567,2.3325918870448605,2.784023289821225,2.46324276118798,1.9915846035763476,1.4647225428246802,1.4738593934537558,1.6378548837379625,1.694741713124581,1.466280143674211] [0.0,0.0,0.0,0.0,0.0,0.0,0.0,0.0,0.0,0.0,0.0,0.0,0.0,0.0,0.0,0.0,0.0,0.0,0.0,0.0,0.0,0.0,0.0,0.0,0.0,0.0,0.0,0.0,0.0,0.0,0.0,0.0,0.0,0.0,0.0,0.0,0.0,0.0,0.0,0.0,0.0,0.0,0.0,0.0,0.0,0.0,0.0,0.0,0.0,0.0,0.0,0.0,0.0,0.0,0.0,0.0,0.0,0.0,0.0,0.0,0.0,0.0,0.0,0.0,0.0,0.0,0.0,0.0,0.0,0.0,0.0,0.0,0.0,0.0,0.0,0.0,0.0,0.0,0.0,0.0,0.0,0.0,0.0,0.0,0.0,0.0,0.0,0.0,0.0,0.0,0.0,0.0,0.0,0.0,0.0,0.0,0.0,0.0,0.0,0.0,0.0,0.0,0.0,0.0,0.0,0.0,0.0,0.0,0.0,0.0,0.0,0.0,0.0,0.0,0.0,0.0,0.0,0.0,0.0,0.0,0.0,0.0,0.0,0.0,0.0,0.0,0.0,0.0,0.0,0.0,0.0,0.0,0.0,0.0,0.0,0.0,0.0,0.0,0.0,0.0,0.09506064026542833,0.060192906374574764,0.003480552513685182,0.39142951882475513,-1.0167831045209503,0.3762707264697925,-0.5773032013732342,0.22869456863393864,0.1969763779059282,-0.506344555285036,0.16227698334757,1.0937384571705224,1.4779954159167203,-0.6071074612320128,0.08114196201333153,-0.6483362293654255,1.055910661946592,-0.317142306614721,1.7968817530386878,3.1994702989691426,-1.107470490329029,-0.10199961392230518,-0.5290281653840331,-3.666582813315549,1.364852119062029,0.6509446108090837,0.5057774290484149,-1.2841702703943876,-3.603831599499056,4.295493778518013,3.3021449062071255,4.163451275647979,0.5601878202289384,2.3749824243626567,3.436985679359317,-7.629303326875826,0.6778260775284762,0.08662276524793568,-1.7827497989063419,1.7943855152326296,-1.1994227323505353,4.472069519050178,3.3790237699070746,3.4690906843965155,-0.7867899437818483,2.414521764248887,1.6086147248579126,-2.9565973356919923,7.277066830326704,-4.711431076425212,8.40308552056736,6.395287741276442,-5.348173421968449,-0.8915503408272781,-1.09615426635984,-4.418796048120205,-2.0363719514489103,-5.998867559721179,8.751494596762262,-3.315097622438092,4.208448372726222,1.8038528407205243,-0.47644634263831925,-3.729879197030426,7.365683144213003,-5.457552726097217,-0.2447331123044197,-5.414564855862198,3.6580600040372038,11.838383620613651,2.98356320514878,-7.550671586149919,15.31508694236506,2.84764247280382,12.548365128716563,1.3736416715065154,18.27800149946867,-5.812425490819479,9.307366985264867,12.41571590426379,-7.623046689913818,-2.70385715748578,4.2489160516779005,-3.6910575869053694,-7.595511212683856,-7.679453109307978,1.6563519176010406,2.9232965246066644,4.54436184830496,1.9029739050895917,-1.1557213416723677,9.120777225700571,4.828190230693115,6.225852379384135,6.936037195220378,9.519536538096537,-0.79926117129052,0.5514160271167168,-4.97679351814286,0.7304240416667414,-3.215851107832998,2.2447028719170583,4.228297486803632,4.205539726828884,3.551831827156866,-4.06786052250458,-7.3023180791846976,5.038482561508027,2.4132116494088334,-5.813936179699679,5.301196163039391,5.268148729458801,2.8122529407286865,-0.9895547808922537,-0.9705524992897099,-0.824116333370713,-6.411754555579804,-1.6508153312018097,-5.470902694107673,0.6311325878219713,2.568876816872689,3.736980526511578,-1.057596433270384,1.2169597535149017,-0.22342372479965072,0.9975526857437307,-1.455786242452076,-0.5885989456832156,1.7122261157426513,7.021428594339777,-0.25692332763498854,7.849103207257947,1.8453806111909332,6.551570266396465,-0.8477812410548624,-0.8422752043797094,3.9833066114623406,4.941694457621163,-1.814068038437809,-4.622596949814907,2.2100249978424884,-0.4427734317933877,-0.9106045686333715,-0.1510157942103706,-2.36386807296101,0.5919321470923841,-7.656345871183171,-4.3517657476388925,3.438172867597153,0.9861455594479871,-1.2819198650968353,3.5786350497754946,0.008810621801664892,-0.2339631462305656,0.0857862044982816,0.3658443603723767,-1.683603135728339,-3.5219550085751576,-1.5926873802648762,1.3966174025782638]
56274.26646763225 [0.0,0.0,0.0,0.0,0.0,0.0,0.0,0.0,0.0,0.0,0.0,0.0,0.0,0.0,0.0,0.0,0.0,0.0,0.0,0.0,0.0,0.0,0.0,0.0,0.0,0.0,0.0,0.0,0.0,0.0,0.0,0.0,0.0,0.0,0.0,0.0,0.0,0.0,0.0,0.0,0.0,0.0,0.0,0.0,0.0,0.0,0.0,0.0,0.0,0.0,0.0,0.0,0.0,0.0,0.0,0.0,0.0,0.0,0.0,0.0,0.0,0.0,0.0,0.0,0.0,0.0,0.0,0.0,0.0,0.0,0.0,0.0,0.0,0.0,0.0,0.0,0.0,0.0,0.0,0.0,0.0,0.0,0.0,0.0,0.0,0.0,0.0,0.0,0.0,0.0,0.0,0.0,0.0,0.0,0.0,0.0,0.0,0.0,0.0,0.0,0.0,0.0,0.0,0.0,0.0,0.0,0.0,0.0,0.0,0.0,0.0,0.0,0.0,0.0,0.0,0.0,0.0,0.0,0.0,0.0,0.0,0.0,0.0,0.0,0.0,0.0,0.0,0.0,0.0,0.0,0.0,0.0,0.0,0.0,0.0,0.0,0.0,0.0,0.0,0.0,11.469939018317742,5.187972598074396,6.267503017825272,14.094774867438655,18.715386546430892,15.471657800359676,3.246717682988366,-7.9705502154255825,-9.3554766899112,-0.8915237869208089,9.13874474142106,18.23982977637179,26.407769718308703,29.319328696158244,30.957907458996477,37.147803210897884,45.52785230777519,51.30511037179675,56.2908250918005,57.56376386648895,66.41543200568623,69.97628622980558,83.28746271756593,89.47232955189287,75.5804672765601,54.34875059991751,52.9393602040139,55.676619239484026,78.74133489715231,123.85404821400306,135.5135805867761,146.46897224968504,146.66601105414014,136.82247874366482,112.88336802910703,103.25584147832309,96.12607100496112,92.69075489147396,93.16976779491257,106.3326337048205,102.31836339076348,117.73120736967911,109.76702617450303,109.2913104781828,85.85384746194474,82.92708738926193,69.68668883058007,84.26882382854063,134.02295665325005,172.22749448592998,216.65834145080916,246.56436614326452,199.50054390975103,121.67869613188789,96.77324184608854,113.27181877991815,118.64578534651888,123.36472726947626,193.06613952007302,203.6064996809124,162.06133512360378,130.26956763706374,111.35802362130032,105.30814587248749,107.24507235525947,115.04777870500925,158.4848824841306,203.71335447958282,222.77618399548825,207.275102039478,248.52892835523699,289.2994763431405,271.77010299365026,257.09451119386335,229.26267564929393,213.6619777698008,177.47494948854467,149.8527286036686,145.40651878219268,183.9403135918493,255.27811869943062,255.06543284675405,187.56918729136652,153.8200140819122,146.0110375319276,131.46147694747418,127.52370376254997,133.11872527429855,132.0870538346725,139.50525723737354,153.3523883456946,202.7709517677852,242.3364726888986,226.1633317089734,231.73930586974885,196.3994967085855,149.4994890024534,118.75977687309752,104.1604291090814,93.58778771588783,90.02714851865407,90.41698343896994,88.58882368340714,81.79919766687911,77.65391076868467,77.91155559143797,95.17579105536639,93.33094970603966,100.30457956106166,110.2878527629187,115.02061753082131,95.13086539429342,92.49705162178623,101.1229779641087,109.59562605769709,103.21264111004749,96.05314361227971,86.53732698970157,76.38566855156559,59.7018846204267,55.64897965329807,43.61817987815845,19.263073851665304,16.22100163325535,22.06037215675486,35.57380785906707,62.3688439179884,94.27261704926859,105.1637983350527,128.33768866808452,128.3056233119163,135.4890947477364,115.91531131154295,103.42342119768486,86.69524743281026,90.19677965259474,77.34503254897076,73.7789087133896,50.66988287157287,54.57711408288561,55.39569870914666,50.44194753222161,51.34883866306154,52.29388751564129,55.44928615846909,51.92050322953907,50.666609552509286,45.65460081485692,36.800059522991944,33.209684854756816,33.705395448904326,32.371648013949695,35.43145054407801,36.08588385893195,35.058208796858736,34.78053146630618,35.085568159543385,35.249790715684355,31.32696738055688,25.608582849467002] [1311.2619900786005,1321.8202200865917,1332.463464547639,1343.19240799478,1354.0077404728797,1364.9101575830227,1375.9003605272408,1386.9790561536227,1398.1469570017646,1409.4047813486081,1420.7532532546286,1432.193102610412,1443.7250651835902,1455.3498826661717,1467.068302722235,1478.881079036026,1490.78897136042,1502.7927455657994,1514.8931736892998,1527.0910339844697,1539.3871109713293,1551.7821954868166,1564.2770847356642,1576.872582341659,1589.569498399342,1602.368649526097,1615.270858914685,1628.2769563861766,1641.3877784433362,1654.6041683244075,1667.9269760573632,1681.3570585145608,1694.895279467867,1708.5425096441993,1722.2996267815402,1736.1675156853773,1750.1470682856248,1764.2391836939755,1778.4447682617345,1792.7647356381167,1807.2000068289992,1821.7515102561672,1836.4201818170154,1851.2069649447558,1866.112810669078,1881.1386776773347,1896.285532376183,1911.5543489537563,1926.9461094423048,1942.4618037813711,1958.1024298814455,1973.8689936881608,1989.7625092469793,2005.7839987684179,2021.9344926937952,2038.215029761504,2054.626657073813,2071.1704301642176,2087.8474130653335,2104.6586783773164,2121.605307336866,2138.6883898867477,2155.9090247459117,2173.268319480143,2190.767390573309,2208.407363499154,2226.1893727937027,2244.1145621282076,2262.184084382728,2280.399101720259,2298.7607856614945,2317.2703171601615,2335.9288866789793,2354.7376942662327,2373.6979496329395,2392.810872230673,2412.077691329971,2431.4996460994216,2451.0779856853383,2470.813969292122,2490.7088662632277,2510.763956162824,2530.9805288580706,2551.359884602096,2571.9033341176064,2592.612198681206,2613.487810208354,2634.5315113390543,2655.7446555241822,2677.1286071125573,2698.6847414386757,2720.4144449111714,2742.319115101994,2764.4001608362782,2786.6590022829737,2809.097071046162,2831.715810257159,2854.5166746673017,2877.5011307415425,2900.67065675274,2924.0267428767575,2947.570891288285,2971.304616257478,2995.22944424732,3019.346914011829,3043.658576695001,3068.1659959305807,3092.870747942638,3117.7744216469364,3142.87861875312,3168.1849538677375,3193.695054598094,3219.410561656912,3245.333128967883,3271.4644237720117,3297.806126734876,3324.3599320546946,3351.1275475713155,3378.1106948760344,3405.3111094223436,3432.7305406375262,3460.3707520352004,3488.23352132871,3516.320640545493,3544.6339161423107,3573.1751691214417,3601.9462351478164,3630.9489646670518,3660.1852230244945,3689.6568905851636,3719.3658628547196,3749.3140506013438,3779.5033799786634,3809.935792649603,3840.6132459112973,3871.5377128209448,3902.7111823227383,3934.135659375755,3965.8131650829396,3997.7457368210635,4029.9354283717907,4062.3843100537392,4095.0944688556665,4128.068008570669,4161.3070499315045,4194.813730746993,4228.590206039511,4262.638648183577,4296.961247045588,4331.560210124669,4366.437762694626,4401.596147947099,4437.037627135803,4472.764479721992,4508.779003521039,4545.083514850253,4581.680348677821,4618.571858773019,4655.7604178575675,4693.248417758249,4731.038269560753,4769.132403764733,4807.533270440121,4846.243339384716,4885.265100283049,4924.601062866471,4964.253757074609,5004.22573321805,5044.519562142395,5085.137835393579,5126.08316538458,5167.3581855634,5208.965550582488,5250.907936469426,5293.188040799074,5335.808582867062,5378.772303864684,5422.081967055189,5465.740357951513,5509.7502844954415,5554.1145772382,5598.836089522486,5643.917697666003,5689.362301146471,5735.17282278806,5781.352208949439,5827.903429713208,5874.829479076986,5922.133375145914,5969.818160326825,6017.886901523867,6066.342690335802,6115.188643254807,6164.427901866934,6214.06363305417,6264.099029198114,6314.537308385285,6365.381714614103,6416.635518003553,6468.302015003491,6520.384528606639,6572.88640856233,6625.811031591967,6679.16180160615,6732.942149923667,6787.155535492116,6841.805445110439,6896.895393653112,6952.428924296275,7008.409608745552,7064.841047465831,7121.726869912778,7179.070734766296,7236.876330165845,7295.147373947643,7353.887613883764,7413.100827923194,7472.790824434837,7532.961442452409,7593.616551921397,7654.7600539479145,7716.395881049652,7778.527997408752,7841.160399126823,7904.2971144818985,7967.94220418758,8032.099761654146,8096.773913251861,8161.968818576374,8227.688670716232,8293.937696522553,8360.720156880894,8428.04034698531,8495.90259661459,8564.311270410717,8633.270768159597,8702.785525074065,8772.860012079082,8843.498736099358,8914.706240349144,8986.487104624512,9058.845945597834,9131.787417114787,9205.31621049359,9279.437054826807,9354.154717285446,9429.47400342559,9505.399757497484,9581.936862757088,9659.090241780126,9736.864856778713,9815.265709920519,9894.297843650465,9973.966341015032,10054.276325989182,10135.232963805956,10216.841461288606,10299.107067185563,10382.035072507933,10465.630810869876,10549.89965883156,10634.84703624505,10720.478406602804,10806.799277389146,10893.815200434417,10981.531772272076,11069.954634498676,11159.08947413668,11248.94202400021,11339.518063063782,11430.823416834026,11522.863957724268,11615.64560543233,11709.174327321158,11803.456138802712,11898.49710372478,11994.303334761045,12090.880993804161,12188.23629236214,12286.375491957784,12385.304904531427,12485.030892846919,12585.55987090084,12686.898304334996,12789.052710852275,12892.029660635888,12995.8357767719,13100.477735675182,13205.962267518828,13312.296156667053,13419.486242111492,13527.539417911097,13636.462633635434,13746.262894811807,13856.947263375758,13968.522858125163,14080.996855178266,14194.376488435144,14308.66905004285,14423.881890864615] 0.31126199007860056 [Infinity,Infinity,Infinity,Infinity,Infinity,Infinity,Infinity,Infinity,Infinity,Infinity,Infinity,Infinity,Infinity,Infinity,Infinity,Infinity,Infinity,Infinity,Infinity,Infinity,Infinity,Infinity,Infinity,Infinity,Infinity,Infinity,Infinity,Infinity,Infinity,Infinity,Infinity,Infinity,Infinity,Infinity,Infinity,Infinity,Infinity,Infinity,Infinity,Infinity,Infinity,Infinity,Infinity,Infinity,Infinity,Infinity,Infinity,Infinity,Infinity,Infinity,Infinity,Infinity,Infinity,Infinity,Infinity,Infinity,Infinity,Infinity,Infinity,Infinity,Infinity,Infinity,Infinity,Infinity,Infinity,Infinity,Infinity,Infinity,Infinity,Infinity,Infinity,Infinity,Infinity,Infinity,Infinity,Infinity,Infinity,Infinity,Infinity,Infinity,Infinity,Infinity,Infinity,Infinity,Infinity,Infinity,Infinity,Infinity,Infinity,Infinity,Infinity,Infinity,Infinity,Infinity,Infinity,Infinity,Infinity,Infinity,Infinity,Infinity,Infinity,Infinity,Infinity,Infinity,Infinity,Infinity,Infinity,Infinity,Infinity,Infinity,Infinity,Infinity,Infinity,Infinity,Infinity,Infinity,Infinity,Infinity,Infinity,Infinity,Infinity,Infinity,Infinity,Infinity,Infinity,Infinity,Infinity,Infinity,Infinity,Infinity,Infinity,Infinity,Infinity,Infinity,Infinity,Infinity,Infinity,Infinity,Infinity,Infinity,0.586990174621472,0.2578504813816158,0.30046860270419773,0.706567143056697,1.0229637766396134,0.7992016979046179,0.1577865883613248,0.3891186514370658,0.420517889566984,0.04675561185509015,0.4703142658108724,0.9377967109028603,1.2836039109977155,1.4620015501483827,1.585022805730099,1.8534609821274213,2.3310959650094163,2.788367941472127,2.9876664141289586,3.0477078799768527,3.283316341486806,3.766114496836605,4.156265129443217,4.127330079732859,3.673664566421671,2.9161458987020286,2.3158546616145688,2.611931227637308,4.004032647996226,5.70903633759599,6.95991668346673,7.499843671688557,7.240846543595993,6.495132382322071,5.740913584402188,5.215342774258735,4.98316149351852,4.992971289698933,5.080456509590542,5.2016076117904495,5.47512261561326,5.825359953119412,5.853722734502264,5.359494820280003,4.545429293433237,3.773671726371126,3.608572422257479,4.433880562360125,6.293517880678294,8.859514628763806,11.316311184306855,12.285512148572352,10.052495768449988,6.330028515381559,5.084537213398589,5.74052064900814,5.923136868150463,6.753362453749707,9.133530919700796,10.11488783782591,8.435657245367064,6.440717656439956,5.3183296156613284,5.035319779489754,5.206148488494406,5.788762472112322,7.80953573222123,10.36545312919722,10.939073710911016,10.82394933067703,11.869193263299184,13.458389142624068,14.389064955412906,13.680494691599813,12.106961750787423,10.287186438783658,8.239194775202538,6.971833763679588,7.392693365817509,9.431221795153924,11.625813075499106,12.10354090534594,9.850523583690617,7.561240138627764,7.031950045255437,6.8878133221427165,6.532185869841125,6.265792591209173,6.544295219037801,6.701100456079873,7.812475928285157,10.046056043845656,10.90283657036333,11.299252741799009,11.183229651778134,9.729935479770404,7.729217769303434,6.032391823499604,5.027140016543635,4.5757972384467465,4.3355531749582354,4.333906117804231,4.17862760018531,3.8492905052484305,3.849759287086859,4.306776544793218,4.528595018390752,4.602692226773473,4.9671778154346145,5.464569425103648,5.388354295978243,4.773111642031279,4.892319586123428,5.211184691807011,5.198111649907815,4.966631297539571,4.599651969704022,4.1881854416025766,3.7980248267447587,3.1572384051391094,2.711066848141767,2.152343682649152,0.9303820183115168,0.8669740838419859,1.026051247604895,1.6535904442389797,3.2408216320632923,4.8473137564638,5.614606241862243,6.212443604634967,6.611535442685044,6.308832344042037,5.790108112534978,5.069089115156743,4.519904799731235,4.43595934695312,3.7571126132367745,3.503616541640177,2.599141456631815,2.882426074658423,2.7503416014919555,2.5749451085857165,2.4386898577131797,2.5907762746811063,2.6407105128999757,2.533246685187246,2.4933135745529396,2.319287124229257,1.8798144132137327,1.661382328842461,1.6280158369601,1.6180812832165987,1.7857570407824823,1.940062163116321,1.9854665682955683,1.842565775388374,1.717819909419002,1.6597164171023873,1.6232213536525983,1.3207708418423816] [0.0,0.0,0.0,0.0,0.0,0.0,0.0,0.0,0.0,0.0,0.0,0.0,0.0,0.0,0.0,0.0,0.0,0.0,0.0,0.0,0.0,0.0,0.0,0.0,0.0,0.0,0.0,0.0,0.0,0.0,0.0,0.0,0.0,0.0,0.0,0.0,0.0,0.0,0.0,0.0,0.0,0.0,0.0,0.0,0.0,0.0,0.0,0.0,0.0,0.0,0.0,0.0,0.0,0.0,0.0,0.0,0.0,0.0,0.0,0.0,0.0,0.0,0.0,0.0,0.0,0.0,0.0,0.0,0.0,0.0,0.0,0.0,0.0,0.0,0.0,0.0,0.0,0.0,0.0,0.0,0.0,0.0,0.0,0.0,0.0,0.0,0.0,0.0,0.0,0.0,0.0,0.0,0.0,0.0,0.0,0.0,0.0,0.0,0.0,0.0,0.0,0.0,0.0,0.0,0.0,0.0,0.0,0.0,0.0,0.0,0.0,0.0,0.0,0.0,0.0,0.0,0.0,0.0,0.0,0.0,0.0,0.0,0.0,0.0,0.0,0.0,0.0,0.0,0.0,0.0,0.0,0.0,0.0,0.0,0.0,0.0,0.0,0.0,0.0,0.0,-0.2698644741116979,0.030962970442079588,0.25813096374131705,-0.036567993695284406,-1.7438889863613773,-0.5123761577326835,0.09098591576187037,-0.18817718668426583,-0.9451188985715201,0.04358845018099396,-0.2675405747963871,-0.5161044416854175,0.7356914983543921,0.07929769319059014,-0.7425486556055041,0.07858356834945666,-1.0940669924131328,-4.462248457645786,-3.462503190778666,-3.3903937330481093,0.7491051759501045,-5.346003706926519,0.16216012870158653,6.9257279572356945,2.1071759481266863,-3.9741673741230636,6.622266971722526,3.437994686737866,-1.3393180627722072,9.673321462083258,-3.6847530825585033,-3.527901184086098,1.8490801822203053,6.919831097223401,-1.9349036589367274,-1.0510140068516087,-3.5371588654092756,-7.168670902504696,-8.43936239689827,2.300481469011499,-7.184088921501709,1.2240083072908696,-7.307428515542247,2.1014140725827417,-5.054738406720003,7.453652861839404,-2.484759614569517,-4.408787418661868,8.15259903968415,-4.962798089346142,-9.667882235327925,0.8541231718174987,-1.549371459248737,-4.921874175743296,-4.917502421883241,-1.538594200244648,0.1830479835096031,-11.702521805517884,10.395521126057092,1.3087429243942188,-6.651809783737504,1.455214508264625,4.991431308073739,4.601750282692407,3.1221025853713504,-0.7274707372371887,2.2941678397060086,-3.5957081043615853,3.9947097772679245,-9.203884574062586,11.14506308925329,20.13169349065914,-16.011196114607856,-16.515382638132923,-12.876559366454561,7.918248994127647,12.691053984493914,10.416053330076831,-2.4473485341574843,-4.684122311229165,22.76185718944851,12.994614739835265,-9.44128438244582,2.595211309356924,5.3720366268188675,-6.294789495380154,-3.1200136342725306,7.802873450115076,1.2011494539164935,5.483248115776089,-2.897130220008534,1.8498308908720544,24.27974128163198,0.17827687299322542,8.074712834186167,1.8007871131774318,-5.084866383615265,-1.8880595968945657,3.617628778208704,2.071842946952905,3.3160850194893574,3.738861082885306,5.016271679700941,4.813387561910498,0.6587250269474915,-8.223975304426391,4.6038906875513455,1.2771051705701901,0.9610232523693658,0.996464260845734,7.253531611256447,-0.33136744633215487,-5.349340100682331,-3.1007158720315235,5.633393059540788,3.880015159256061,4.06010421819927,2.773618157650031,0.42517201667041465,-3.4428834823554864,1.427642690462732,0.5713062251754146,0.6554334854349707,-1.1184800435843663,1.5393472046569543,2.5019989742874773,-2.4475887232774465,-2.6736580800074012,-7.128326502192162,4.088816575385172,-3.925085541784611,9.31244786689565,0.11314906084340427,2.041638894550001,-3.7028485618144487,1.4775927135323395,2.202780284235278,3.706577880586052,-1.3129462610634335,-3.0714074102828515,0.3888666793075473,-1.0569546394927192,2.575041508797946,0.47836202201916295,2.6350759004695785,1.2555695257941493,0.800338061450493,-0.7311416697282206,-0.7962287412827105,-0.017961722092400635,1.1450787097023278,0.010022349617719339,-0.2836902715716366,-2.7153594033944763,-4.651122569052632,-2.0707840414613035,0.7291699711633416,2.05546237363661,-1.1374596924950853,-0.8068339873806282]
56101.460725731966 [0.0,0.0,0.0,0.0,0.0,0.0,0.0,0.0,0.0,0.0,0.0,0.0,0.0,0.0,0.0,0.0,0.0,0.0,0.0,0.0,0.0,0.0,0.0,0.0,0.0,0.0,0.0,0.0,0.0,0.0,0.0,0.0,0.0,0.0,0.0,0.0,0.0,0.0,0.0,0.0,0.0,0.0,0.0,0.0,0.0,0.0,0.0,0.0,0.0,0.0,0.0,0.0,0.0,0.0,0.0,0.0,0.0,0.0,0.0,0.0,0.0,0.0,0.0,0.0,0.0,0.0,0.0,0.0,0.0,0.0,0.0,0.0,0.0,0.0,0.0,0.0,0.0,0.0,0.0,0.0,0.0,0.0,0.0,0.0,0.0,0.0,0.0,0.0,0.0,0.0,0.0,0.0,0.0,0.0,0.0,0.0,0.0,0.0,0.0,0.0,0.0,0.0,0.0,0.0,0.0,0.0,0.0,0.0,0.0,0.0,0.0,0.0,0.0,0.0,0.0,0.0,0.0,0.0,0.0,0.0,0.0,0.0,0.0,0.0,0.0,0.0,0.0,0.0,0.0,0.0,0.0,0.0,0.0,0.0,0.0,0.0,0.0,0.0,0.0,0.0,0.0,0.0,0.0,0.0,0.0,0.0,0.0,0.0,0.0,0.0,0.0,0.0,0.0,0.0,0.0,0.0,0.0,0.0,0.0,0.0,0.0,0.0,0.0,0.0,0.0,0.0,0.0,0.0,0.0,0.0,0.0,0.0,0.0,0.0,0.0,0.0,0.0,0.0,0.0,0.0,0.0,0.0,0.0,0.0,0.0,0.0,0.0,0.0,0.0,0.0,0.0,0.0,0.0,0.0,0.0,0.0,0.0,0.0,0.0,0.0,0.0,0.0,0.0,0.0,0.0,0.0,0.0,0.0,0.0,0.0,0.0,0.0,0.0,0.0,0.0,0.0,0.0,0.0,0.0,0.0,0.0,0.0,0.0,0.0,0.0,0.0,0.0,0.0,0.0,0.0,0.0,0.0,0.0,0.0,0.0,0.0,0.0,0.0,0.0,0.0,0.0,0.0,0.0,0.0,0.0,0.0,0.0,0.0,0.0,0.0,0.0,0.0,0.0,0.0,0.0,0.0,0.0,0.0,0.0,0.0,0.0,0.0,0.0,0.0,0.0,0.0,0.0,0.0,0.0,0.0,0.0,0.0,0.0,0.0,0.0,0.0,0.0,0.0,0.0,0.0,0.0,0.0,0.0,0.0,0.0,0.0,0.0,0.0,0.0,0.0,0.0,0.0,0.0,0.0,0.0,0.0,0.0,0.0,0.0,0.0] [1311.2619900786005,1321.8202200865917,1332.463464547639,1343.19240799478,1354.0077404728797,1364.9101575830227,1375.9003605272408,1386.9790561536227,1398.1469570017646,1409.4047813486081,1420.7532532546286,1432.193102610412,1443.7250651835902,1455.3498826661717,1467.068302722235,1478.881079036026,1490.78897136042,1502.7927455657994,1514.8931736892998,1527.0910339844697,1539.3871109713293,1551.7821954868166,1564.2770847356642,1576.872582341659,1589.569498399342,1602.368649526097,1615.270858914685,1628.2769563861766,1641.3877784433362,1654.6041683244075,1667.9269760573632,1681.3570585145608,1694.895279467867,1708.5425096441993,1722.2996267815402,1736.1675156853773,1750.1470682856248,1764.2391836939755,1778.4447682617345,1792.7647356381167,1807.2000068289992,1821.7515102561672,1836.4201818170154,1851.2069649447558,1866.112810669078,1881.1386776773347,1896.285532376183,1911.5543489537563,1926.9461094423048,1942.4618037813711,1958.1024298814455,1973.8689936881608,1989.7625092469793,2005.7839987684179,2021.9344926937952,2038.215029761504,2054.626657073813,2071.1704301642176,2087.8474130653335,2104.6586783773164,2121.605307336866,2138.6883898867477,2155.9090247459117,2173.268319480143,2190.767390573309,2208.407363499154,2226.1893727937027,2244.1145621282076,2262.184084382728,2280.399101720259,2298.7607856614945,2317.2703171601615,2335.9288866789793,2354.7376942662327,2373.6979496329395,2392.810872230673,2412.077691329971,2431.4996460994216,2451.0779856853383,2470.813969292122,2490.7088662632277,2510.763956162824,2530.9805288580706,2551.359884602096,2571.9033341176064,2592.612198681206,2613.487810208354,2634.5315113390543,2655.7446555241822,2677.1286071125573,2698.6847414386757,2720.4144449111714,2742.319115101994,2764.4001608362782,2786.6590022829737,2809.097071046162,2831.715810257159,2854.5166746673017,2877.5011307415425,2900.67065675274,2924.0267428767575,2947.570891288285,2971.304616257478,2995.22944424732,3019.346914011829,3043.658576695001,3068.1659959305807,3092.870747942638,3117.7744216469364,3142.87861875312,3168.1849538677375,3193.695054598094,3219.410561656912,3245.333128967883,3271.4644237720117,3297.806126734876,3324.3599320546946,3351.1275475713155,3378.1106948760344,3405.3111094223436,3432.7305406375262,3460.3707520352004,3488.23352132871,3516.320640545493,3544.6339161423107,3573.1751691214417,3601.9462351478164,3630.9489646670518,3660.1852230244945,3689.6568905851636,3719.3658628547196,3749.3140506013438,3779.5033799786634,3809.935792649603,3840.6132459112973,3871.5377128209448,3902.7111823227383,3934.135659375755,3965.8131650829396,3997.7457368210635,4029.9354283717907,4062.3843100537392,4095.0944688556665,4128.068008570669,4161.3070499315045,4194.813730746993,4228.590206039511,4262.638648183577,4296.961247045588,4331.560210124669,4366.437762694626,4401.596147947099,4437.037627135803,4472.764479721992,4508.779003521039,4545.083514850253,4581.680348677821,4618.571858773019,4655.7604178575675,4693.248417758249,4731.038269560753,4769.132403764733,4807.533270440121,4846.243339384716,4885.265100283049,4924.601062866471,4964.253757074609,5004.22573321805,5044.519562142395,5085.137835393579,5126.08316538458,5167.3581855634,5208.965550582488,5250.907936469426,5293.188040799074,5335.808582867062,5378.772303864684,5422.081967055189,5465.740357951513,5509.7502844954415,5554.1145772382,5598.836089522486,5643.917697666003,5689.362301146471,5735.17282278806,5781.352208949439,5827.903429713208,5874.829479076986,5922.133375145914,5969.818160326825,6017.886901523867,6066.342690335802,6115.188643254807,6164.427901866934,6214.06363305417,6264.099029198114,6314.537308385285,6365.381714614103,6416.635518003553,6468.302015003491,6520.384528606639,6572.88640856233,6625.811031591967,6679.16180160615,6732.942149923667,6787.155535492116,6841.805445110439,6896.895393653112,6952.428924296275,7008.409608745552,7064.841047465831,7121.726869912778,7179.070734766296,7236.876330165845,7295.147373947643,7353.887613883764,7413.100827923194,7472.790824434837,7532.961442452409,7593.616551921397,7654.7600539479145,7716.395881049652,7778.527997408752,7841.160399126823,7904.2971144818985,7967.94220418758,8032.099761654146,8096.773913251861,8161.968818576374,8227.688670716232,8293.937696522553,8360.720156880894,8428.04034698531,8495.90259661459,8564.311270410717,8633.270768159597,8702.785525074065,8772.860012079082,8843.498736099358,8914.706240349144,8986.487104624512,9058.845945597834,9131.787417114787,9205.31621049359,9279.437054826807,9354.154717285446,9429.47400342559,9505.399757497484,9581.936862757088,9659.090241780126,9736.864856778713,9815.265709920519,9894.297843650465,9973.966341015032,10054.276325989182,10135.232963805956,10216.841461288606,10299.107067185563,10382.035072507933,10465.630810869876,10549.89965883156,10634.84703624505,10720.478406602804,10806.799277389146,10893.815200434417,10981.531772272076,11069.954634498676,11159.08947413668,11248.94202400021,11339.518063063782,11430.823416834026,11522.863957724268,11615.64560543233,11709.174327321158,11803.456138802712,11898.49710372478,11994.303334761045,12090.880993804161,12188.23629236214,12286.375491957784,12385.304904531427,12485.030892846919,12585.55987090084,12686.898304334996,12789.052710852275,12892.029660635888,12995.8357767719,13100.477735675182,13205.962267518828,13312.296156667053,13419.486242111492,13527.539417911097,13636.462633635434,13746.262894811807,13856.947263375758,13968.522858125163,14080.996855178266,14194.376488435144,14308.66905004285,14423.881890864615] 0.31126199007860056 [Infinity,Infinity,Infinity,Infinity,Infinity,Infinity,Infinity,Infinity,Infinity,Infinity,Infinity,Infinity,Infinity,Infinity,Infinity,Infinity,Infinity,Infinity,Infinity,Infinity,Infinity,Infinity,Infinity,Infinity,Infinity,Infinity,Infinity,Infinity,Infinity,Infinity,Infinity,Infinity,Infinity,Infinity,Infinity,Infinity,Infinity,Infinity,Infinity,Infinity,Infinity,Infinity,Infinity,Infinity,Infinity,Infinity,Infinity,Infinity,Infinity,Infinity,Infinity,Infinity,Infinity,Infinity,Infinity,Infinity,Infinity,Infinity,Infinity,Infinity,Infinity,Infinity,Infinity,Infinity,Infinity,Infinity,Infinity,Infinity,Infinity,Infinity,Infinity,Infinity,Infinity,Infinity,Infinity,Infinity,Infinity,Infinity,Infinity,Infinity,Infinity,Infinity,Infinity,Infinity,Infinity,Infinity,Infinity,Infinity,Infinity,Infinity,Infinity,Infinity,Infinity,Infinity,Infinity,Infinity,Infinity,Infinity,Infinity,Infinity,Infinity,Infinity,Infinity,Infinity,Infinity,Infinity,Infinity,Infinity,Infinity,Infinity,Infinity,Infinity,Infinity,Infinity,Infinity,Infinity,Infinity,Infinity,Infinity,Infinity,Infinity,Infinity,Infinity,Infinity,Infinity,Infinity,Infinity,Infinity,Infinity,Infinity,Infinity,Infinity,Infinity,Infinity,Infinity,Infinity,Infinity,Infinity,Infinity,Infinity,Infinity,Infinity,Infinity,Infinity,Infinity,Infinity,Infinity,Infinity,Infinity,Infinity,Infinity,Infinity,Infinity,Infinity,Infinity,Infinity,Infinity,Infinity,Infinity,Infinity,Infinity,Infinity,Infinity,Infinity,Infinity,Infinity,Infinity,Infinity,Infinity,Infinity,Infinity,Infinity,Infinity,Infinity,Infinity,Infinity,Infinity,Infinity,Infinity,Infinity,Infinity,Infinity,Infinity,Infinity,Infinity,Infinity,Infinity,Infinity,Infinity,Infinity,Infinity,Infinity,Infinity,Infinity,Infinity,Infinity,Infinity,Infinity,Infinity,Infinity,Infinity,Infinity,Infinity,Infinity,Infinity,Infinity,Infinity,Infinity,Infinity,Infinity,Infinity,Infinity,Infinity,Infinity,Infinity,Infinity,Infinity,Infinity,Infinity,Infinity,Infinity,Infinity,Infinity,Infinity,Infinity,Infinity,Infinity,Infinity,Infinity,Infinity,Infinity,Infinity,Infinity,Infinity,Infinity,Infinity,Infinity,Infinity,Infinity,Infinity,Infinity,Infinity,Infinity,Infinity,Infinity,Infinity,Infinity,Infinity,Infinity,Infinity,Infinity,Infinity,Infinity,Infinity,Infinity,Infinity,Infinity,Infinity,Infinity,Infinity,Infinity,Infinity,Infinity,Infinity,Infinity,Infinity,Infinity,Infinity,Infinity,Infinity,Infinity,Infinity,Infinity,Infinity,Infinity,Infinity,Infinity,Infinity,Infinity,Infinity,Infinity,Infinity,Infinity,Infinity,Infinity,Infinity,Infinity,Infinity,Infinity,Infinity,Infinity,Infinity,Infinity,Infinity,Infinity,Infinity,Infinity,Infinity,Infinity,Infinity] [0.0,0.0,0.0,0.0,0.0,0.0,0.0,0.0,0.0,0.0,0.0,0.0,0.0,0.0,0.0,0.0,0.0,0.0,0.0,0.0,0.0,0.0,0.0,0.0,0.0,0.0,0.0,0.0,0.0,0.0,0.0,0.0,0.0,0.0,0.0,0.0,0.0,0.0,0.0,0.0,0.0,0.0,0.0,0.0,0.0,0.0,0.0,0.0,0.0,0.0,0.0,0.0,0.0,0.0,0.0,0.0,0.0,0.0,0.0,0.0,0.0,0.0,0.0,0.0,0.0,0.0,0.0,0.0,0.0,0.0,0.0,0.0,0.0,0.0,0.0,0.0,0.0,0.0,0.0,0.0,0.0,0.0,0.0,0.0,0.0,0.0,0.0,0.0,0.0,0.0,0.0,0.0,0.0,0.0,0.0,0.0,0.0,0.0,0.0,0.0,0.0,0.0,0.0,0.0,0.0,0.0,0.0,0.0,0.0,0.0,0.0,0.0,0.0,0.0,0.0,0.0,0.0,0.0,0.0,0.0,0.0,0.0,0.0,0.0,0.0,0.0,0.0,0.0,0.0,0.0,0.0,0.0,0.0,0.0,0.0,0.0,0.0,0.0,0.0,0.0,0.0,0.0,0.0,0.0,0.0,0.0,0.0,0.0,0.0,0.0,0.0,0.0,0.0,0.0,0.0,0.0,0.0,0.0,0.0,0.0,0.0,0.0,0.0,0.0,0.0,0.0,0.0,0.0,0.0,0.0,0.0,0.0,0.0,0.0,0.0,0.0,0.0,0.0,0.0,0.0,0.0,0.0,0.0,0.0,0.0,0.0,0.0,0.0,0.0,0.0,0.0,0.0,0.0,0.0,0.0,0.0,0.0,0.0,0.0,0.0,0.0,0.0,0.0,0.0,0.0,0.0,0.0,0.0,0.0,0.0,0.0,0.0,0.0,0.0,0.0,0.0,0.0,0.0,0.0,0.0,0.0,0.0,0.0,0.0,0.0,0.0,0.0,0.0,0.0,0.0,0.0,0.0,0.0,0.0,0.0,0.0,0.0,0.0,0.0,0.0,0.0,0.0,0.0,0.0,0.0,0.0,0.0,0.0,0.0,0.0,0.0,0.0,0.0,0.0,0.0,0.0,0.0,0.0,0.0,0.0,0.0,0.0,0.0,0.0,0.0,0.0,0.0,0.0,0.0,0.0,0.0,0.0,0.0,0.0,0.0,0.0,0.0,0.0,0.0,0.0,0.0,0.0,0.0,0.0,0.0,0.0,0.0,0.0,0.0,0.0,0.0,0.0,0.0,0.0,0.0,0.0,0.0,0.0,0.0,0.0]
56282.62206266563 [0.0,0.0,0.0,0.0,0.0,0.0,0.0,0.0,0.0,0.0,0.0,0.0,0.0,0.0,0.0,0.0,0.0,0.0,0.0,0.0,0.0,0.0,0.0,0.0,0.0,0.0,0.0,0.0,0.0,0.0,0.0,0.0,0.0,0.0,0.0,0.0,0.0,0.0,0.0,0.0,0.0,0.0,0.0,0.0,0.0,0.0,0.0,0.0,0.0,0.0,0.0,0.0,0.0,0.0,0.0,0.0,0.0,0.0,0.0,0.0,0.0,0.0,0.0,0.0,0.0,0.0,0.0,0.0,0.0,0.0,0.0,0.0,0.0,0.0,0.0,0.0,0.0,0.0,0.0,0.0,0.0,0.0,0.0,0.0,0.0,0.0,0.0,0.0,0.0,0.0,0.0,0.0,0.0,0.0,0.0,0.0,0.0,0.0,0.0,0.0,0.0,0.0,0.0,0.0,0.0,0.0,0.0,0.0,0.0,0.0,0.0,0.0,0.0,0.0,0.0,0.0,0.0,0.0,0.0,0.0,0.0,0.0,0.0,0.0,0.0,0.0,0.0,0.0,0.0,0.0,0.0,0.0,0.0,0.0,0.0,0.0,0.0,0.0,0.0,0.0,2.7700733870298184,1.942521568660169,3.2608097532487346,6.899462081529135,10.532976073238565,11.560928844802852,9.624922488945861,6.362865977523878,5.200062100339972,4.893688097563296,8.8685918741264,14.524870090792932,17.294505019908215,22.09949223188552,20.53586232222192,25.755303224150055,31.02240435740866,35.75520928599777,39.57121492522203,37.84535768272706,44.629391842408616,44.8925253331152,54.80973916529762,55.24437894801405,50.553783868744915,42.20867487507528,29.941799029856682,30.176415373150775,42.76558615400159,66.92325481015808,78.3914073109936,81.2190301504134,86.65448932247995,81.32262603972876,73.36018964889716,70.64094610606561,63.74299644338484,59.33197522045449,59.49054127552832,68.70506465501256,68.8820384057143,70.69721547060328,81.80697600302727,79.00971434212485,61.279069456437725,52.63783223266097,48.319412335015826,59.803213497891726,80.0992846496957,107.80527173032709,126.71020894697021,140.22460106760838,129.04099097906936,79.66857210765598,71.8549456455028,78.53972364929983,77.69297874450294,79.44060679121542,110.49551196617671,132.652437375206,107.50229715528408,87.74040740430996,74.23885373350662,73.90506068916478,73.26275030062578,81.63047845924321,105.59542731995526,113.89911470024542,124.8463080870731,132.220216647734,160.40144729794338,184.27374850745676,216.72208110395252,224.71783997257947,221.1099188699408,175.61566650108944,154.92477649879834,130.63540434143815,146.65133622668012,161.84244669408488,156.34380727702543,165.76236894544382,126.29598424888933,121.59700835290258,113.64159482577259,106.57564977860366,105.70344814579413,95.8663526845062,98.65088972971022,102.6229740706558,104.03332535497762,131.46996815710014,162.71702624740269,177.2191722895927,193.2002518028999,188.0120325711706,127.61157871235157,107.53441406020826,106.27687983092034,106.10630296649549,85.5976167560664,78.20365797825308,84.9106513124108,67.56609275930683,68.41584636185999,71.85218838667944,88.72096864484503,98.05837642939734,86.32243041353128,99.31369897468007,110.54121639191875,95.30308330212128,87.39420034080104,98.36993875371053,116.46875829131123,117.45643505895225,117.34486338890119,99.1523064245836,71.13696422855506,58.48478877143291,56.653485734200196,43.924095703091474,19.416101150994336,14.578020330664621,21.02710077021155,30.370788075607724,65.76380265890772,101.9512686289148,113.07123142723354,98.39022159141354,119.6696912474861,109.70845449664476,109.50997164599737,89.69057721139953,78.24084666848117,76.14243677342823,70.79224239403773,60.24958592821044,51.545616976124805,57.036313248886856,59.56798566219943,57.73942040705047,51.61380779687497,44.106641831945865,53.7040128576133,70.69549638125359,73.9658260938159,75.57137112264365,60.14195162015174,55.84925993050321,42.15982407008689,42.28669814748727,53.71254415389435,53.51608567351771,36.38660417448993,26.75690411352816,28.984523693011788,34.783108877760405,32.647560529154646,31.862341098543258] [1311.2619900786005,1321.8202200865917,1332.463464547639,1343.19240799478,1354.0077404728797,1364.9101575830227,1375.9003605272408,1386.9790561536227,1398.1469570017646,1409.4047813486081,1420.7532532546286,1432.193102610412,1443.7250651835902,1455.3498826661717,1467.068302722235,1478.881079036026,1490.78897136042,1502.7927455657994,1514.8931736892998,1527.0910339844697,1539.3871109713293,1551.7821954868166,1564.2770847356642,1576.872582341659,1589.569498399342,1602.368649526097,1615.270858914685,1628.2769563861766,1641.3877784433362,1654.6041683244075,1667.9269760573632,1681.3570585145608,1694.895279467867,1708.5425096441993,1722.2996267815402,1736.1675156853773,1750.1470682856248,1764.2391836939755,1778.4447682617345,1792.7647356381167,1807.2000068289992,1821.7515102561672,1836.4201818170154,1851.2069649447558,1866.112810669078,1881.1386776773347,1896.285532376183,1911.5543489537563,1926.9461094423048,1942.4618037813711,1958.1024298814455,1973.8689936881608,1989.7625092469793,2005.7839987684179,2021.9344926937952,2038.215029761504,2054.626657073813,2071.1704301642176,2087.8474130653335,2104.6586783773164,2121.605307336866,2138.6883898867477,2155.9090247459117,2173.268319480143,2190.767390573309,2208.407363499154,2226.1893727937027,2244.1145621282076,2262.184084382728,2280.399101720259,2298.7607856614945,2317.2703171601615,2335.9288866789793,2354.7376942662327,2373.6979496329395,2392.810872230673,2412.077691329971,2431.4996460994216,2451.0779856853383,2470.813969292122,2490.7088662632277,2510.763956162824,2530.9805288580706,2551.359884602096,2571.9033341176064,2592.612198681206,2613.487810208354,2634.5315113390543,2655.7446555241822,2677.1286071125573,2698.6847414386757,2720.4144449111714,2742.319115101994,2764.4001608362782,2786.6590022829737,2809.097071046162,2831.715810257159,2854.5166746673017,2877.5011307415425,2900.67065675274,2924.0267428767575,2947.570891288285,2971.304616257478,2995.22944424732,3019.346914011829,3043.658576695001,3068.1659959305807,3092.870747942638,3117.7744216469364,3142.87861875312,3168.1849538677375,3193.695054598094,3219.410561656912,3245.333128967883,3271.4644237720117,3297.806126734876,3324.3599320546946,3351.1275475713155,3378.1106948760344,3405.3111094223436,3432.7305406375262,3460.3707520352004,3488.23352132871,3516.320640545493,3544.6339161423107,3573.1751691214417,3601.9462351478164,3630.9489646670518,3660.1852230244945,3689.6568905851636,3719.3658628547196,3749.3140506013438,3779.5033799786634,3809.935792649603,3840.6132459112973,3871.5377128209448,3902.7111823227383,3934.135659375755,3965.8131650829396,3997.7457368210635,4029.9354283717907,4062.3843100537392,4095.0944688556665,4128.068008570669,4161.3070499315045,4194.813730746993,4228.590206039511,4262.638648183577,4296.961247045588,4331.560210124669,4366.437762694626,4401.596147947099,4437.037627135803,4472.764479721992,4508.779003521039,4545.083514850253,4581.680348677821,4618.571858773019,4655.7604178575675,4693.248417758249,4731.038269560753,4769.132403764733,4807.533270440121,4846.243339384716,4885.265100283049,4924.601062866471,4964.253757074609,5004.22573321805,5044.519562142395,5085.137835393579,5126.08316538458,5167.3581855634,5208.965550582488,5250.907936469426,5293.188040799074,5335.808582867062,5378.772303864684,5422.081967055189,5465.740357951513,5509.7502844954415,5554.1145772382,5598.836089522486,5643.917697666003,5689.362301146471,5735.17282278806,5781.352208949439,5827.903429713208,5874.829479076986,5922.133375145914,5969.818160326825,6017.886901523867,6066.342690335802,6115.188643254807,6164.427901866934,6214.06363305417,6264.099029198114,6314.537308385285,6365.381714614103,6416.635518003553,6468.302015003491,6520.384528606639,6572.88640856233,6625.811031591967,6679.16180160615,6732.942149923667,6787.155535492116,6841.805445110439,6896.895393653112,6952.428924296275,7008.409608745552,7064.841047465831,7121.726869912778,7179.070734766296,7236.876330165845,7295.147373947643,7353.887613883764,7413.100827923194,7472.790824434837,7532.961442452409,7593.616551921397,7654.7600539479145,7716.395881049652,7778.527997408752,7841.160399126823,7904.2971144818985,7967.94220418758,8032.099761654146,8096.773913251861,8161.968818576374,8227.688670716232,8293.937696522553,8360.720156880894,8428.04034698531,8495.90259661459,8564.311270410717,8633.270768159597,8702.785525074065,8772.860012079082,8843.498736099358,8914.706240349144,8986.487104624512,9058.845945597834,9131.787417114787,9205.31621049359,9279.437054826807,9354.154717285446,9429.47400342559,9505.399757497484,9581.936862757088,9659.090241780126,9736.864856778713,9815.265709920519,9894.297843650465,9973.966341015032,10054.276325989182,10135.232963805956,10216.841461288606,10299.107067185563,10382.035072507933,10465.630810869876,10549.89965883156,10634.84703624505,10720.478406602804,10806.799277389146,10893.815200434417,10981.531772272076,11069.954634498676,11159.08947413668,11248.94202400021,11339.518063063782,11430.823416834026,11522.863957724268,11615.64560543233,11709.174327321158,11803.456138802712,11898.49710372478,11994.303334761045,12090.880993804161,12188.23629236214,12286.375491957784,12385.304904531427,12485.030892846919,12585.55987090084,12686.898304334996,12789.052710852275,12892.029660635888,12995.8357767719,13100.477735675182,13205.962267518828,13312.296156667053,13419.486242111492,13527.539417911097,13636.462633635434,13746.262894811807,13856.947263375758,13968.522858125163,14080.996855178266,14194.376488435144,14308.66905004285,14423.881890864615] 0.31126199007860056 [Infinity,Infinity,Infinity,Infinity,Infinity,Infinity,Infinity,Infinity,Infinity,Infinity,Infinity,Infinity,Infinity,Infinity,Infinity,Infinity,Infinity,Infinity,Infinity,Infinity,Infinity,Infinity,Infinity,Infinity,Infinity,Infinity,Infinity,Infinity,Infinity,Infinity,Infinity,Infinity,Infinity,Infinity,Infinity,Infinity,Infinity,Infinity,Infinity,Infinity,Infinity,Infinity,Infinity,Infinity,Infinity,Infinity,Infinity,Infinity,Infinity,Infinity,Infinity,Infinity,Infinity,Infinity,Infinity,Infinity,Infinity,Infinity,Infinity,Infinity,Infinity,Infinity,Infinity,Infinity,Infinity,Infinity,Infinity,Infinity,Infinity,Infinity,Infinity,Infinity,Infinity,Infinity,Infinity,Infinity,Infinity,Infinity,Infinity,Infinity,Infinity,Infinity,Infinity,Infinity,Infinity,Infinity,Infinity,Infinity,Infinity,Infinity,Infinity,Infinity,Infinity,Infinity,Infinity,Infinity,Infinity,Infinity,Infinity,Infinity,Infinity,Infinity,Infinity,Infinity,Infinity,Infinity,Infinity,Infinity,Infinity,Infinity,Infinity,Infinity,Infinity,Infinity,Infinity,Infinity,Infinity,Infinity,Infinity,Infinity,Infinity,Infinity,Infinity,Infinity,Infinity,Infinity,Infinity,Infinity,Infinity,Infinity,Infinity,Infinity,Infinity,Infinity,Infinity,Infinity,Infinity,Infinity,Infinity,Infinity,0.14002459847792187,0.09265964063080927,0.16242492067576697,0.3459526320491204,0.5207749513804029,0.5626874410644682,0.4745743872468061,0.34553998937142244,0.262326695666697,0.2757261369732635,0.42714475569826577,0.6907647768830223,0.9335565680113846,1.031464532593509,1.0579144874323174,1.1953478893534162,1.5105893623304767,1.821847947995085,1.938137792625157,1.945208301730873,2.0811683625373107,2.41392550052118,2.722715899129185,2.7842528791056687,2.5403836006787137,2.003481212471373,1.4742954107751163,1.4894114119192865,2.2287449142916556,3.217952453200202,3.991692294188487,4.412172193567817,4.43305801873373,4.145359818772822,3.705218005400174,3.2905662382166456,3.088982099323041,3.1130677207872086,3.198881153676289,3.2869660900166346,3.4648545767969763,3.7091504322337174,3.8052062594709852,3.609600574506582,3.1388884497912954,2.5859320716567504,2.4197776937985567,2.915940449731981,3.9847765274096205,5.376336181127241,6.6572824448985255,7.115246613200675,5.877165638167403,3.917674247585763,3.4084244565411117,3.917729743056598,4.013650199087918,4.425474479801992,5.781444111098156,6.420663625335098,5.576283658581662,4.466607524747736,3.7650887711088403,3.5366414406221933,3.591673945050922,3.8825240959649308,4.8970959477357745,6.20284845754304,6.5824598156567635,6.568680783686714,7.217396799773331,8.983226431592595,10.950659664101682,11.576811626644378,11.073144810566431,9.746420712429899,7.7038844897951595,6.576729492222955,7.131055982142255,7.958885852603389,8.371068525838234,8.059142052753915,6.867212050542665,5.727335374225346,5.310914854264084,5.290878751564634,5.25488176774459,5.182847983252749,5.256278298704341,5.161469107939226,5.52262573881174,6.8361353986176425,8.36225424837705,9.400500251439036,9.702389563867785,8.9575797637945,6.744458572417196,5.327704932875983,5.04093484583562,4.732984047888522,4.300012156077108,4.293942219776959,4.107388965305367,3.588232694125574,3.3971947504097315,3.722402765814998,4.252667984340331,4.338190010921332,4.354241153731509,5.054931032118629,5.587243763594721,4.492129066271142,4.30478225856949,5.065381964827791,5.8637011945760555,6.077471377638876,5.506998145130701,4.552041059046198,3.722288136355737,3.1124044803304316,2.888191706778701,2.192181424286385,1.0201404531864198,0.7879949025572544,1.0598506701576993,1.4892370472560374,3.3898195628929586,5.075112532734968,5.272716959371531,5.428066841191032,5.820980275473691,5.771282975628487,5.139268667661356,4.3877440046922285,3.7330981196211175,3.562624874723661,3.3976164111974847,3.0202072702489255,2.623365500088581,2.677812408937352,2.96503514322715,3.057815874505311,2.55199204849101,2.4496748111568225,2.754079872843737,3.428177408720709,3.7331921600296427,3.4394635225363452,3.084000421943549,2.6354885588842425,2.319599233471011,2.300006665256852,2.699636818438261,2.4440881050964034,1.9954369771388982,1.4956893336266748,1.4943349479567836,1.638003998575416,1.6967186075418805,1.4683139308343882] [0.0,0.0,0.0,0.0,0.0,0.0,0.0,0.0,0.0,0.0,0.0,0.0,0.0,0.0,0.0,0.0,0.0,0.0,0.0,0.0,0.0,0.0,0.0,0.0,0.0,0.0,0.0,0.0,0.0,0.0,0.0,0.0,0.0,0.0,0.0,0.0,0.0,0.0,0.0,0.0,0.0,0.0,0.0,0.0,0.0,0.0,0.0,0.0,0.0,0.0,0.0,0.0,0.0,0.0,0.0,0.0,0.0,0.0,0.0,0.0,0.0,0.0,0.0,0.0,0.0,0.0,0.0,0.0,0.0,0.0,0.0,0.0,0.0,0.0,0.0,0.0,0.0,0.0,0.0,0.0,0.0,0.0,0.0,0.0,0.0,0.0,0.0,0.0,0.0,0.0,0.0,0.0,0.0,0.0,0.0,0.0,0.0,0.0,0.0,0.0,0.0,0.0,0.0,0.0,0.0,0.0,0.0,0.0,0.0,0.0,0.0,0.0,0.0,0.0,0.0,0.0,0.0,0.0,0.0,0.0,0.0,0.0,0.0,0.0,0.0,0.0,0.0,0.0,0.0,0.0,0.0,0.0,0.0,0.0,0.0,0.0,0.0,0.0,0.0,0.0,-0.03041858252861896,0.08932875604398338,0.012311339733395134,-0.019590559453273225,0.11747704563050777,0.30718002351348733,0.1334347440097387,-0.5479338099045706,-0.04647181299396802,-0.6208346419019736,0.3256967601610857,0.7095745531324861,-1.3766263403194787,1.4702015800153367,-0.622427426424427,1.848345437081728,0.8106171107991275,-0.6817496739039315,0.8084590727188926,-1.0588083518903972,3.006024591662403,-3.385984677308392,0.3554211827139255,-0.44067863409932273,-0.2538881448293614,2.1390506256478274,0.45589081435435547,0.3881871347650424,-1.809312131831518,2.56420574615405,-1.4424385727761353,-7.024413720942925,-2.006671052194652,-1.5845703357276697,-0.7441704591063176,4.8296213417326985,1.9633544569240262,-2.9293791952896835,-4.487081797997461,2.96574285467987,-0.4150531302252293,-3.4857931740710613,5.7028508136075615,6.817702851993211,-1.498699539388183,0.9191907995259571,-0.07614154095530236,1.484404503252107,0.40375410150329744,0.2785481077822632,-6.435439951000306,-2.080331196405126,11.497678215721322,1.3150871559407225,3.686456514680561,0.18512878816786588,-2.58002523725541,-9.068882804824428,-5.133370255786416,4.239164868504038,-4.0233760163491645,-1.5917430906447518,-1.0629216886701807,3.172231876720911,1.4292713996073394,3.9799965399445987,7.653508365239767,-10.157854450615384,-6.802888226062166,0.8466009739996989,16.053511302476764,4.609219875604861,-2.2911121780811214,-6.8183925603081015,-0.3529773413878249,-19.312747747508553,0.847086702895154,-0.8991855030209641,4.030216583835028,2.664729642017102,-11.07756323973925,4.579527890365535,-11.04825676196397,7.050300868395658,7.423297740490912,0.7580747473109917,0.6058127909023314,-7.790606980548789,-6.474676244376608,-0.6064080881287134,-6.419189421257191,-5.252739815252713,-4.528058720138322,-10.790832739188016,-0.8475394744557675,8.860437295280612,-7.277592735992341,0.9803154026885998,5.45818291420794,11.446622008725056,-0.40262636547576874,-7.6751864172860955,2.7628720063034793,-4.198561123204648,0.47195135366535645,-2.595866929620513,3.667608958038411,11.294576210970709,-0.7623926610989084,-1.7849216676925121,-1.2036588799756562,5.460501976698434,1.2985551694112452,-2.9377005428452994,-0.8052656002098729,-4.09299249382527,7.204900486287177,8.111485243659622,-3.3087984985596766,-3.7633008351757202,-1.11034840137382,0.08046721736377717,-0.9867079127340597,-1.1818777204804638,-0.16991263294243483,0.5860471304869743,-2.032588598951448,0.4490179742154488,7.61689223980294,-10.171115232407098,3.250085738012282,-5.71720501592498,6.724598292770254,1.9356971175549558,3.5788842760588175,4.889939278955016,2.8399141700880417,-0.15455947676806175,-0.9216930256468174,3.480065070139819,0.26728279765643237,-3.4168970830557486,0.5739668270547658,-4.886854391190586,-1.3775845992614393,2.131948206839412,-0.6980171067769405,6.782100671916752,-1.5380568187192405,3.1394887528183557,-4.232160599333335,-3.71343515764977,-0.280192214870873,4.63432357158964,-3.5221353682880308,-3.1568825590053344,-0.9021752661238825,2.023028906252086,-1.2868116216829666,2.4960624818554917]
56317.75330605266 [0.0,0.0,0.0,0.0,0.0,0.0,0.0,0.0,0.0,0.0,0.0,0.0,0.0,0.0,0.0,0.0,0.0,0.0,0.0,0.0,0.0,0.0,0.0,0.0,0.0,0.0,0.0,0.0,0.0,0.0,0.0,0.0,0.0,0.0,0.0,0.0,0.0,0.0,0.0,0.0,0.0,0.0,0.0,0.0,0.0,0.0,0.0,0.0,0.0,0.0,0.0,0.0,0.0,0.0,0.0,0.0,0.0,0.0,0.0,0.0,0.0,0.0,0.0,0.0,0.0,0.0,0.0,0.0,0.0,0.0,0.0,0.0,0.0,0.0,0.0,0.0,0.0,0.0,0.0,0.0,0.0,0.0,0.0,0.0,0.0,0.0,0.0,0.0,0.0,0.0,0.0,0.0,0.0,0.0,0.0,0.0,0.0,0.0,0.0,0.0,0.0,0.0,0.0,0.0,0.0,0.0,0.0,0.0,0.0,0.0,0.0,0.0,0.0,0.0,0.0,0.0,0.0,0.0,0.0,0.0,0.0,0.0,0.0,0.0,0.0,0.0,0.0,0.0,0.0,0.0,0.0,0.0,0.0,0.0,0.0,0.0,0.0,0.0,0.0,0.0,0.0,0.0,0.0,0.0,0.0,0.0,0.0,0.0,0.0,0.0,0.0,0.0,0.0,0.0,0.0,0.0,0.0,0.0,0.0,0.0,0.0,0.0,0.0,0.0,0.0,0.0,0.0,0.0,0.0,0.0,0.0,0.0,0.0,0.0,0.0,0.0,0.0,0.0,0.0,0.0,0.0,0.0,0.0,0.0,0.0,0.0,0.0,0.0,0.0,0.0,0.0,0.0,0.0,0.0,0.0,0.0,0.0,0.0,0.0,0.0,0.0,0.0,0.0,0.0,0.0,0.0,0.0,0.0,0.0,0.0,0.0,0.0,0.0,0.0,0.0,0.0,0.0,0.0,0.0,0.0,0.0,0.0,0.0,0.0,0.0,0.0,0.0,0.0,0.0,0.0,0.0,0.0,0.0,0.0,0.0,0.0,0.0,0.0,0.0,0.0,0.0,0.0,0.0,0.0,0.0,0.0,0.0,0.0,0.0,0.0,0.0,0.0,0.0,0.0,0.0,0.0,0.0,0.0,0.0,0.0,0.0,0.0,0.0,0.0,0.0,0.0,0.0,0.0,0.0,0.0,0.0,0.0,0.0,0.0,0.0,0.0,0.0,0.0,0.0,0.0,0.0,0.0,0.0,0.0,0.0,0.0,0.0,0.0,0.0,0.0,0.0,0.0,0.0,0.0,0.0,0.0,0.0,0.0,0.0,0.0] [1311.2619900786005,1321.8202200865917,1332.463464547639,1343.19240799478,1354.0077404728797,1364.9101575830227,1375.9003605272408,1386.9790561536227,1398.1469570017646,1409.4047813486081,1420.7532532546286,1432.193102610412,1443.7250651835902,1455.3498826661717,1467.068302722235,1478.881079036026,1490.78897136042,1502.7927455657994,1514.8931736892998,1527.0910339844697,1539.3871109713293,1551.7821954868166,1564.2770847356642,1576.872582341659,1589.569498399342,1602.368649526097,1615.270858914685,1628.2769563861766,1641.3877784433362,1654.6041683244075,1667.9269760573632,1681.3570585145608,1694.895279467867,1708.5425096441993,1722.2996267815402,1736.1675156853773,1750.1470682856248,1764.2391836939755,1778.4447682617345,1792.7647356381167,1807.2000068289992,1821.7515102561672,1836.4201818170154,1851.2069649447558,1866.112810669078,1881.1386776773347,1896.285532376183,1911.5543489537563,1926.9461094423048,1942.4618037813711,1958.1024298814455,1973.8689936881608,1989.7625092469793,2005.7839987684179,2021.9344926937952,2038.215029761504,2054.626657073813,2071.1704301642176,2087.8474130653335,2104.6586783773164,2121.605307336866,2138.6883898867477,2155.9090247459117,2173.268319480143,2190.767390573309,2208.407363499154,2226.1893727937027,2244.1145621282076,2262.184084382728,2280.399101720259,2298.7607856614945,2317.2703171601615,2335.9288866789793,2354.7376942662327,2373.6979496329395,2392.810872230673,2412.077691329971,2431.4996460994216,2451.0779856853383,2470.813969292122,2490.7088662632277,2510.763956162824,2530.9805288580706,2551.359884602096,2571.9033341176064,2592.612198681206,2613.487810208354,2634.5315113390543,2655.7446555241822,2677.1286071125573,2698.6847414386757,2720.4144449111714,2742.319115101994,2764.4001608362782,2786.6590022829737,2809.097071046162,2831.715810257159,2854.5166746673017,2877.5011307415425,2900.67065675274,2924.0267428767575,2947.570891288285,2971.304616257478,2995.22944424732,3019.346914011829,3043.658576695001,3068.1659959305807,3092.870747942638,3117.7744216469364,3142.87861875312,3168.1849538677375,3193.695054598094,3219.410561656912,3245.333128967883,3271.4644237720117,3297.806126734876,3324.3599320546946,3351.1275475713155,3378.1106948760344,3405.3111094223436,3432.7305406375262,3460.3707520352004,3488.23352132871,3516.320640545493,3544.6339161423107,3573.1751691214417,3601.9462351478164,3630.9489646670518,3660.1852230244945,3689.6568905851636,3719.3658628547196,3749.3140506013438,3779.5033799786634,3809.935792649603,3840.6132459112973,3871.5377128209448,3902.7111823227383,3934.135659375755,3965.8131650829396,3997.7457368210635,4029.9354283717907,4062.3843100537392,4095.0944688556665,4128.068008570669,4161.3070499315045,4194.813730746993,4228.590206039511,4262.638648183577,4296.961247045588,4331.560210124669,4366.437762694626,4401.596147947099,4437.037627135803,4472.764479721992,4508.779003521039,4545.083514850253,4581.680348677821,4618.571858773019,4655.7604178575675,4693.248417758249,4731.038269560753,4769.132403764733,4807.533270440121,4846.243339384716,4885.265100283049,4924.601062866471,4964.253757074609,5004.22573321805,5044.519562142395,5085.137835393579,5126.08316538458,5167.3581855634,5208.965550582488,5250.907936469426,5293.188040799074,5335.808582867062,5378.772303864684,5422.081967055189,5465.740357951513,5509.7502844954415,5554.1145772382,5598.836089522486,5643.917697666003,5689.362301146471,5735.17282278806,5781.352208949439,5827.903429713208,5874.829479076986,5922.133375145914,5969.818160326825,6017.886901523867,6066.342690335802,6115.188643254807,6164.427901866934,6214.06363305417,6264.099029198114,6314.537308385285,6365.381714614103,6416.635518003553,6468.302015003491,6520.384528606639,6572.88640856233,6625.811031591967,6679.16180160615,6732.942149923667,6787.155535492116,6841.805445110439,6896.895393653112,6952.428924296275,7008.409608745552,7064.841047465831,7121.726869912778,7179.070734766296,7236.876330165845,7295.147373947643,7353.887613883764,7413.100827923194,7472.790824434837,7532.961442452409,7593.616551921397,7654.7600539479145,7716.395881049652,7778.527997408752,7841.160399126823,7904.2971144818985,7967.94220418758,8032.099761654146,8096.773913251861,8161.968818576374,8227.688670716232,8293.937696522553,8360.720156880894,8428.04034698531,8495.90259661459,8564.311270410717,8633.270768159597,8702.785525074065,8772.860012079082,8843.498736099358,8914.706240349144,8986.487104624512,9058.845945597834,9131.787417114787,9205.31621049359,9279.437054826807,9354.154717285446,9429.47400342559,9505.399757497484,9581.936862757088,9659.090241780126,9736.864856778713,9815.265709920519,9894.297843650465,9973.966341015032,10054.276325989182,10135.232963805956,10216.841461288606,10299.107067185563,10382.035072507933,10465.630810869876,10549.89965883156,10634.84703624505,10720.478406602804,10806.799277389146,10893.815200434417,10981.531772272076,11069.954634498676,11159.08947413668,11248.94202400021,11339.518063063782,11430.823416834026,11522.863957724268,11615.64560543233,11709.174327321158,11803.456138802712,11898.49710372478,11994.303334761045,12090.880993804161,12188.23629236214,12286.375491957784,12385.304904531427,12485.030892846919,12585.55987090084,12686.898304334996,12789.052710852275,12892.029660635888,12995.8357767719,13100.477735675182,13205.962267518828,13312.296156667053,13419.486242111492,13527.539417911097,13636.462633635434,13746.262894811807,13856.947263375758,13968.522858125163,14080.996855178266,14194.376488435144,14308.66905004285,14423.881890864615] 0.31126199007860056 [Infinity,Infinity,Infinity,Infinity,Infinity,Infinity,Infinity,Infinity,Infinity,Infinity,Infinity,Infinity,Infinity,Infinity,Infinity,Infinity,Infinity,Infinity,Infinity,Infinity,Infinity,Infinity,Infinity,Infinity,Infinity,Infinity,Infinity,Infinity,Infinity,Infinity,Infinity,Infinity,Infinity,Infinity,Infinity,Infinity,Infinity,Infinity,Infinity,Infinity,Infinity,Infinity,Infinity,Infinity,Infinity,Infinity,Infinity,Infinity,Infinity,Infinity,Infinity,Infinity,Infinity,Infinity,Infinity,Infinity,Infinity,Infinity,Infinity,Infinity,Infinity,Infinity,Infinity,Infinity,Infinity,Infinity,Infinity,Infinity,Infinity,Infinity,Infinity,Infinity,Infinity,Infinity,Infinity,Infinity,Infinity,Infinity,Infinity,Infinity,Infinity,Infinity,Infinity,Infinity,Infinity,Infinity,Infinity,Infinity,Infinity,Infinity,Infinity,Infinity,Infinity,Infinity,Infinity,Infinity,Infinity,Infinity,Infinity,Infinity,Infinity,Infinity,Infinity,Infinity,Infinity,Infinity,Infinity,Infinity,Infinity,Infinity,Infinity,Infinity,Infinity,Infinity,Infinity,Infinity,Infinity,Infinity,Infinity,Infinity,Infinity,Infinity,Infinity,Infinity,Infinity,Infinity,Infinity,Infinity,Infinity,Infinity,Infinity,Infinity,Infinity,Infinity,Infinity,Infinity,Infinity,Infinity,Infinity,Infinity,Infinity,Infinity,Infinity,Infinity,Infinity,Infinity,Infinity,Infinity,Infinity,Infinity,Infinity,Infinity,Infinity,Infinity,Infinity,Infinity,Infinity,Infinity,Infinity,Infinity,Infinity,Infinity,Infinity,Infinity,Infinity,Infinity,Infinity,Infinity,Infinity,Infinity,Infinity,Infinity,Infinity,Infinity,Infinity,Infinity,Infinity,Infinity,Infinity,Infinity,Infinity,Infinity,Infinity,Infinity,Infinity,Infinity,Infinity,Infinity,Infinity,Infinity,Infinity,Infinity,Infinity,Infinity,Infinity,Infinity,Infinity,Infinity,Infinity,Infinity,Infinity,Infinity,Infinity,Infinity,Infinity,Infinity,Infinity,Infinity,Infinity,Infinity,Infinity,Infinity,Infinity,Infinity,Infinity,Infinity,Infinity,Infinity,Infinity,Infinity,Infinity,Infinity,Infinity,Infinity,Infinity,Infinity,Infinity,Infinity,Infinity,Infinity,Infinity,Infinity,Infinity,Infinity,Infinity,Infinity,Infinity,Infinity,Infinity,Infinity,Infinity,Infinity,Infinity,Infinity,Infinity,Infinity,Infinity,Infinity,Infinity,Infinity,Infinity,Infinity,Infinity,Infinity,Infinity,Infinity,Infinity,Infinity,Infinity,Infinity,Infinity,Infinity,Infinity,Infinity,Infinity,Infinity,Infinity,Infinity,Infinity,Infinity,Infinity,Infinity,Infinity,Infinity,Infinity,Infinity,Infinity,Infinity,Infinity,Infinity,Infinity,Infinity,Infinity,Infinity,Infinity,Infinity,Infinity,Infinity,Infinity,Infinity,Infinity,Infinity,Infinity,Infinity,Infinity,Infinity,Infinity,Infinity,Infinity,Infinity] [0.0,0.0,0.0,0.0,0.0,0.0,0.0,0.0,0.0,0.0,0.0,0.0,0.0,0.0,0.0,0.0,0.0,0.0,0.0,0.0,0.0,0.0,0.0,0.0,0.0,0.0,0.0,0.0,0.0,0.0,0.0,0.0,0.0,0.0,0.0,0.0,0.0,0.0,0.0,0.0,0.0,0.0,0.0,0.0,0.0,0.0,0.0,0.0,0.0,0.0,0.0,0.0,0.0,0.0,0.0,0.0,0.0,0.0,0.0,0.0,0.0,0.0,0.0,0.0,0.0,0.0,0.0,0.0,0.0,0.0,0.0,0.0,0.0,0.0,0.0,0.0,0.0,0.0,0.0,0.0,0.0,0.0,0.0,0.0,0.0,0.0,0.0,0.0,0.0,0.0,0.0,0.0,0.0,0.0,0.0,0.0,0.0,0.0,0.0,0.0,0.0,0.0,0.0,0.0,0.0,0.0,0.0,0.0,0.0,0.0,0.0,0.0,0.0,0.0,0.0,0.0,0.0,0.0,0.0,0.0,0.0,0.0,0.0,0.0,0.0,0.0,0.0,0.0,0.0,0.0,0.0,0.0,0.0,0.0,0.0,0.0,0.0,0.0,0.0,0.0,0.0,0.0,0.0,0.0,0.0,0.0,0.0,0.0,0.0,0.0,0.0,0.0,0.0,0.0,0.0,0.0,0.0,0.0,0.0,0.0,0.0,0.0,0.0,0.0,0.0,0.0,0.0,0.0,0.0,0.0,0.0,0.0,0.0,0.0,0.0,0.0,0.0,0.0,0.0,0.0,0.0,0.0,0.0,0.0,0.0,0.0,0.0,0.0,0.0,0.0,0.0,0.0,0.0,0.0,0.0,0.0,0.0,0.0,0.0,0.0,0.0,0.0,0.0,0.0,0.0,0.0,0.0,0.0,0.0,0.0,0.0,0.0,0.0,0.0,0.0,0.0,0.0,0.0,0.0,0.0,0.0,0.0,0.0,0.0,0.0,0.0,0.0,0.0,0.0,0.0,0.0,0.0,0.0,0.0,0.0,0.0,0.0,0.0,0.0,0.0,0.0,0.0,0.0,0.0,0.0,0.0,0.0,0.0,0.0,0.0,0.0,0.0,0.0,0.0,0.0,0.0,0.0,0.0,0.0,0.0,0.0,0.0,0.0,0.0,0.0,0.0,0.0,0.0,0.0,0.0,0.0,0.0,0.0,0.0,0.0,0.0,0.0,0.0,0.0,0.0,0.0,0.0,0.0,0.0,0.0,0.0,0.0,0.0,0.0,0.0,0.0,0.0,0.0,0.0,0.0,0.0,0.0,0.0,0.0,0.0]
56121.19729532945 [0.0,0.0,0.0,0.0,0.0,0.0,0.0,0.0,0.0,0.0,0.0,0.0,0.0,0.0,0.0,0.0,0.0,0.0,0.0,0.0,0.0,0.0,0.0,0.0,0.0,0.0,0.0,0.0,0.0,0.0,0.0,0.0,0.0,0.0,0.0,0.0,0.0,0.0,0.0,0.0,0.0,0.0,0.0,0.0,0.0,0.0,0.0,0.0,0.0,0.0,0.0,0.0,0.0,0.0,0.0,0.0,0.0,0.0,0.0,0.0,0.0,0.0,0.0,0.0,0.0,0.0,0.0,0.0,0.0,0.0,0.0,0.0,0.0,0.0,0.0,0.0,0.0,0.0,0.0,0.0,0.0,0.0,0.0,0.0,0.0,0.0,0.0,0.0,0.0,0.0,0.0,0.0,0.0,0.0,0.0,0.0,0.0,0.0,0.0,0.0,0.0,0.0,0.0,0.0,0.0,0.0,0.0,0.0,0.0,0.0,0.0,0.0,0.0,0.0,0.0,0.0,0.0,0.0,0.0,0.0,0.0,0.0,0.0,0.0,0.0,0.0,0.0,0.0,0.0,0.0,0.0,0.0,0.0,0.0,0.0,0.0,0.0,0.0,0.0,0.0,0.0,0.0,0.0,0.0,0.0,0.0,0.0,0.0,0.0,0.0,0.0,0.0,0.0,0.0,0.0,0.0,0.0,0.0,0.0,0.0,0.0,0.0,0.0,0.0,0.0,0.0,0.0,0.0,0.0,0.0,0.0,0.0,0.0,0.0,0.0,0.0,0.0,0.0,0.0,0.0,0.0,0.0,0.0,0.0,0.0,0.0,0.0,0.0,0.0,0.0,0.0,0.0,0.0,0.0,0.0,0.0,0.0,0.0,0.0,0.0,0.0,0.0,0.0,0.0,0.0,0.0,0.0,0.0,0.0,0.0,0.0,0.0,0.0,0.0,0.0,0.0,0.0,0.0,0.0,0.0,0.0,0.0,0.0,0.0,0.0,0.0,0.0,0.0,0.0,0.0,0.0,0.0,0.0,0.0,0.0,0.0,0.0,0.0,0.0,0.0,0.0,0.0,0.0,0.0,0.0,0.0,0.0,0.0,0.0,0.0,0.0,0.0,0.0,0.0,0.0,0.0,0.0,0.0,0.0,0.0,0.0,0.0,0.0,0.0,0.0,0.0,0.0,0.0,0.0,0.0,0.0,0.0,0.0,0.0,0.0,0.0,0.0,0.0,0.0,0.0,0.0,0.0,0.0,0.0,0.0,0.0,0.0,0.0,0.0,0.0,0.0,0.0,0.0,0.0,0.0,0.0,0.0,0.0,0.0,0.0] [1311.2619900786005,1321.8202200865917,1332.463464547639,1343.19240799478,1354.0077404728797,1364.9101575830227,1375.9003605272408,1386.9790561536227,1398.1469570017646,1409.4047813486081,1420.7532532546286,1432.193102610412,1443.7250651835902,1455.3498826661717,1467.068302722235,1478.881079036026,1490.78897136042,1502.7927455657994,1514.8931736892998,1527.0910339844697,1539.3871109713293,1551.7821954868166,1564.2770847356642,1576.872582341659,1589.569498399342,1602.368649526097,1615.270858914685,1628.2769563861766,1641.3877784433362,1654.6041683244075,1667.9269760573632,1681.3570585145608,1694.895279467867,1708.5425096441993,1722.2996267815402,1736.1675156853773,1750.1470682856248,1764.2391836939755,1778.4447682617345,1792.7647356381167,1807.2000068289992,1821.7515102561672,1836.4201818170154,1851.2069649447558,1866.112810669078,1881.1386776773347,1896.285532376183,1911.5543489537563,1926.9461094423048,1942.4618037813711,1958.1024298814455,1973.8689936881608,1989.7625092469793,2005.7839987684179,2021.9344926937952,2038.215029761504,2054.626657073813,2071.1704301642176,2087.8474130653335,2104.6586783773164,2121.605307336866,2138.6883898867477,2155.9090247459117,2173.268319480143,2190.767390573309,2208.407363499154,2226.1893727937027,2244.1145621282076,2262.184084382728,2280.399101720259,2298.7607856614945,2317.2703171601615,2335.9288866789793,2354.7376942662327,2373.6979496329395,2392.810872230673,2412.077691329971,2431.4996460994216,2451.0779856853383,2470.813969292122,2490.7088662632277,2510.763956162824,2530.9805288580706,2551.359884602096,2571.9033341176064,2592.612198681206,2613.487810208354,2634.5315113390543,2655.7446555241822,2677.1286071125573,2698.6847414386757,2720.4144449111714,2742.319115101994,2764.4001608362782,2786.6590022829737,2809.097071046162,2831.715810257159,2854.5166746673017,2877.5011307415425,2900.67065675274,2924.0267428767575,2947.570891288285,2971.304616257478,2995.22944424732,3019.346914011829,3043.658576695001,3068.1659959305807,3092.870747942638,3117.7744216469364,3142.87861875312,3168.1849538677375,3193.695054598094,3219.410561656912,3245.333128967883,3271.4644237720117,3297.806126734876,3324.3599320546946,3351.1275475713155,3378.1106948760344,3405.3111094223436,3432.7305406375262,3460.3707520352004,3488.23352132871,3516.320640545493,3544.6339161423107,3573.1751691214417,3601.9462351478164,3630.9489646670518,3660.1852230244945,3689.6568905851636,3719.3658628547196,3749.3140506013438,3779.5033799786634,3809.935792649603,3840.6132459112973,3871.5377128209448,3902.7111823227383,3934.135659375755,3965.8131650829396,3997.7457368210635,4029.9354283717907,4062.3843100537392,4095.0944688556665,4128.068008570669,4161.3070499315045,4194.813730746993,4228.590206039511,4262.638648183577,4296.961247045588,4331.560210124669,4366.437762694626,4401.596147947099,4437.037627135803,4472.764479721992,4508.779003521039,4545.083514850253,4581.680348677821,4618.571858773019,4655.7604178575675,4693.248417758249,4731.038269560753,4769.132403764733,4807.533270440121,4846.243339384716,4885.265100283049,4924.601062866471,4964.253757074609,5004.22573321805,5044.519562142395,5085.137835393579,5126.08316538458,5167.3581855634,5208.965550582488,5250.907936469426,5293.188040799074,5335.808582867062,5378.772303864684,5422.081967055189,5465.740357951513,5509.7502844954415,5554.1145772382,5598.836089522486,5643.917697666003,5689.362301146471,5735.17282278806,5781.352208949439,5827.903429713208,5874.829479076986,5922.133375145914,5969.818160326825,6017.886901523867,6066.342690335802,6115.188643254807,6164.427901866934,6214.06363305417,6264.099029198114,6314.537308385285,6365.381714614103,6416.635518003553,6468.302015003491,6520.384528606639,6572.88640856233,6625.811031591967,6679.16180160615,6732.942149923667,6787.155535492116,6841.805445110439,6896.895393653112,6952.428924296275,7008.409608745552,7064.841047465831,7121.726869912778,7179.070734766296,7236.876330165845,7295.147373947643,7353.887613883764,7413.100827923194,7472.790824434837,7532.961442452409,7593.616551921397,7654.7600539479145,7716.395881049652,7778.527997408752,7841.160399126823,7904.2971144818985,7967.94220418758,8032.099761654146,8096.773913251861,8161.968818576374,8227.688670716232,8293.937696522553,8360.720156880894,8428.04034698531,8495.90259661459,8564.311270410717,8633.270768159597,8702.785525074065,8772.860012079082,8843.498736099358,8914.706240349144,8986.487104624512,9058.845945597834,9131.787417114787,9205.31621049359,9279.437054826807,9354.154717285446,9429.47400342559,9505.399757497484,9581.936862757088,9659.090241780126,9736.864856778713,9815.265709920519,9894.297843650465,9973.966341015032,10054.276325989182,10135.232963805956,10216.841461288606,10299.107067185563,10382.035072507933,10465.630810869876,10549.89965883156,10634.84703624505,10720.478406602804,10806.799277389146,10893.815200434417,10981.531772272076,11069.954634498676,11159.08947413668,11248.94202400021,11339.518063063782,11430.823416834026,11522.863957724268,11615.64560543233,11709.174327321158,11803.456138802712,11898.49710372478,11994.303334761045,12090.880993804161,12188.23629236214,12286.375491957784,12385.304904531427,12485.030892846919,12585.55987090084,12686.898304334996,12789.052710852275,12892.029660635888,12995.8357767719,13100.477735675182,13205.962267518828,13312.296156667053,13419.486242111492,13527.539417911097,13636.462633635434,13746.262894811807,13856.947263375758,13968.522858125163,14080.996855178266,14194.376488435144,14308.66905004285,14423.881890864615] 0.31126199007860056 [Infinity,Infinity,Infinity,Infinity,Infinity,Infinity,Infinity,Infinity,Infinity,Infinity,Infinity,Infinity,Infinity,Infinity,Infinity,Infinity,Infinity,Infinity,Infinity,Infinity,Infinity,Infinity,Infinity,Infinity,Infinity,Infinity,Infinity,Infinity,Infinity,Infinity,Infinity,Infinity,Infinity,Infinity,Infinity,Infinity,Infinity,Infinity,Infinity,Infinity,Infinity,Infinity,Infinity,Infinity,Infinity,Infinity,Infinity,Infinity,Infinity,Infinity,Infinity,Infinity,Infinity,Infinity,Infinity,Infinity,Infinity,Infinity,Infinity,Infinity,Infinity,Infinity,Infinity,Infinity,Infinity,Infinity,Infinity,Infinity,Infinity,Infinity,Infinity,Infinity,Infinity,Infinity,Infinity,Infinity,Infinity,Infinity,Infinity,Infinity,Infinity,Infinity,Infinity,Infinity,Infinity,Infinity,Infinity,Infinity,Infinity,Infinity,Infinity,Infinity,Infinity,Infinity,Infinity,Infinity,Infinity,Infinity,Infinity,Infinity,Infinity,Infinity,Infinity,Infinity,Infinity,Infinity,Infinity,Infinity,Infinity,Infinity,Infinity,Infinity,Infinity,Infinity,Infinity,Infinity,Infinity,Infinity,Infinity,Infinity,Infinity,Infinity,Infinity,Infinity,Infinity,Infinity,Infinity,Infinity,Infinity,Infinity,Infinity,Infinity,Infinity,Infinity,Infinity,Infinity,Infinity,Infinity,Infinity,Infinity,Infinity,Infinity,Infinity,Infinity,Infinity,Infinity,Infinity,Infinity,Infinity,Infinity,Infinity,Infinity,Infinity,Infinity,Infinity,Infinity,Infinity,Infinity,Infinity,Infinity,Infinity,Infinity,Infinity,Infinity,Infinity,Infinity,Infinity,Infinity,Infinity,Infinity,Infinity,Infinity,Infinity,Infinity,Infinity,Infinity,Infinity,Infinity,Infinity,Infinity,Infinity,Infinity,Infinity,Infinity,Infinity,Infinity,Infinity,Infinity,Infinity,Infinity,Infinity,Infinity,Infinity,Infinity,Infinity,Infinity,Infinity,Infinity,Infinity,Infinity,Infinity,Infinity,Infinity,Infinity,Infinity,Infinity,Infinity,Infinity,Infinity,Infinity,Infinity,Infinity,Infinity,Infinity,Infinity,Infinity,Infinity,Infinity,Infinity,Infinity,Infinity,Infinity,Infinity,Infinity,Infinity,Infinity,Infinity,Infinity,Infinity,Infinity,Infinity,Infinity,Infinity,Infinity,Infinity,Infinity,Infinity,Infinity,Infinity,Infinity,Infinity,Infinity,Infinity,Infinity,Infinity,Infinity,Infinity,Infinity,Infinity,Infinity,Infinity,Infinity,Infinity,Infinity,Infinity,Infinity,Infinity,Infinity,Infinity,Infinity,Infinity,Infinity,Infinity,Infinity,Infinity,Infinity,Infinity,Infinity,Infinity,Infinity,Infinity,Infinity,Infinity,Infinity,Infinity,Infinity,Infinity,Infinity,Infinity,Infinity,Infinity,Infinity,Infinity,Infinity,Infinity,Infinity,Infinity,Infinity,Infinity,Infinity,Infinity,Infinity,Infinity,Infinity,Infinity,Infinity,Infinity,Infinity,Infinity,Infinity] [0.0,0.0,0.0,0.0,0.0,0.0,0.0,0.0,0.0,0.0,0.0,0.0,0.0,0.0,0.0,0.0,0.0,0.0,0.0,0.0,0.0,0.0,0.0,0.0,0.0,0.0,0.0,0.0,0.0,0.0,0.0,0.0,0.0,0.0,0.0,0.0,0.0,0.0,0.0,0.0,0.0,0.0,0.0,0.0,0.0,0.0,0.0,0.0,0.0,0.0,0.0,0.0,0.0,0.0,0.0,0.0,0.0,0.0,0.0,0.0,0.0,0.0,0.0,0.0,0.0,0.0,0.0,0.0,0.0,0.0,0.0,0.0,0.0,0.0,0.0,0.0,0.0,0.0,0.0,0.0,0.0,0.0,0.0,0.0,0.0,0.0,0.0,0.0,0.0,0.0,0.0,0.0,0.0,0.0,0.0,0.0,0.0,0.0,0.0,0.0,0.0,0.0,0.0,0.0,0.0,0.0,0.0,0.0,0.0,0.0,0.0,0.0,0.0,0.0,0.0,0.0,0.0,0.0,0.0,0.0,0.0,0.0,0.0,0.0,0.0,0.0,0.0,0.0,0.0,0.0,0.0,0.0,0.0,0.0,0.0,0.0,0.0,0.0,0.0,0.0,0.0,0.0,0.0,0.0,0.0,0.0,0.0,0.0,0.0,0.0,0.0,0.0,0.0,0.0,0.0,0.0,0.0,0.0,0.0,0.0,0.0,0.0,0.0,0.0,0.0,0.0,0.0,0.0,0.0,0.0,0.0,0.0,0.0,0.0,0.0,0.0,0.0,0.0,0.0,0.0,0.0,0.0,0.0,0.0,0.0,0.0,0.0,0.0,0.0,0.0,0.0,0.0,0.0,0.0,0.0,0.0,0.0,0.0,0.0,0.0,0.0,0.0,0.0,0.0,0.0,0.0,0.0,0.0,0.0,0.0,0.0,0.0,0.0,0.0,0.0,0.0,0.0,0.0,0.0,0.0,0.0,0.0,0.0,0.0,0.0,0.0,0.0,0.0,0.0,0.0,0.0,0.0,0.0,0.0,0.0,0.0,0.0,0.0,0.0,0.0,0.0,0.0,0.0,0.0,0.0,0.0,0.0,0.0,0.0,0.0,0.0,0.0,0.0,0.0,0.0,0.0,0.0,0.0,0.0,0.0,0.0,0.0,0.0,0.0,0.0,0.0,0.0,0.0,0.0,0.0,0.0,0.0,0.0,0.0,0.0,0.0,0.0,0.0,0.0,0.0,0.0,0.0,0.0,0.0,0.0,0.0,0.0,0.0,0.0,0.0,0.0,0.0,0.0,0.0,0.0,0.0,0.0,0.0,0.0,0.0]
56282.85702086873 [0.0,0.0,0.0,0.0,0.0,0.0,0.0,0.0,0.0,0.0,0.0,0.0,0.0,0.0,0.0,0.0,0.0,0.0,0.0,0.0,0.0,0.0,0.0,0.0,0.0,0.0,0.0,0.0,0.0,0.0,0.0,0.0,0.0,0.0,0.0,0.0,0.0,0.0,0.0,0.0,0.0,0.0,0.0,0.0,0.0,0.0,0.0,0.0,0.0,0.0,0.0,0.0,0.0,0.0,0.0,0.0,0.0,0.0,0.0,0.0,0.0,0.0,0.0,0.0,0.0,0.0,0.0,0.0,0.0,0.0,0.0,0.0,0.0,0.0,0.0,0.0,0.0,0.0,0.0,0.0,0.0,0.0,0.0,0.0,0.0,0.0,0.0,0.0,0.0,0.0,0.0,0.0,0.0,0.0,0.0,0.0,0.0,0.0,0.0,0.0,0.0,0.0,0.0,0.0,0.0,0.0,0.0,0.0,0.0,0.0,0.0,0.0,0.0,0.0,0.0,0.0,0.0,0.0,0.0,0.0,0.0,0.0,0.0,0.0,0.0,0.0,0.0,0.0,0.0,0.0,0.0,0.0,0.0,0.0,0.0,0.0,0.0,0.0,0.0,0.0,2.722713052870332,1.7225397763454449,3.1546087663537894,7.337657735340356,10.270507001419146,11.444848437732498,9.317859638430065,7.155372692761624,5.539980292961431,5.919388947735708,9.013451844382896,13.549848180484464,17.058374403259364,20.14995599426589,18.095019189328788,22.790377003940254,30.472427914782383,35.81249388988567,37.67517651729721,40.660655747653514,41.92231597850838,48.82336435889648,57.54060885559135,51.80891482536949,54.928970160180974,36.75146024470988,28.977062710498085,29.68434198253457,43.450164877561036,67.03654223085863,75.7751765022011,88.75481144190366,88.17197084454048,78.77800313854726,70.48269936017255,64.9675678015566,60.06941514306226,60.64582297550515,58.03768424398632,65.97770673321959,67.76416163059038,71.44795614787867,80.85093419109646,75.32797172445242,59.59577347747253,48.564127959256204,47.471735884482854,59.29195668375184,81.77996694972919,100.66118195523777,141.10165526310047,145.99088806720778,116.49564149716404,78.19375330022787,67.83266798123019,76.46478784128611,74.83269804253003,86.78765786693634,120.27631534432535,133.3801344557918,120.94592356901538,79.34585354333387,74.43683018384247,75.71108063196617,71.55838093934456,87.59984298018144,98.83593108606627,127.06140542856508,116.41607453692602,135.6074377386884,131.9651526526109,181.3019691855898,229.3566380759771,210.45782445679274,207.90562109357876,194.81343864758028,165.06485037289917,136.81957547824263,135.12903862859247,157.74040532435575,173.83268574660832,159.1407603474116,131.8899671498526,116.25247337299295,106.18976637191338,104.27883662707698,107.08689200657031,105.1124638994535,107.24286001995499,99.17467172625149,118.32890910483641,122.723703132272,166.47472396561966,196.21479337047575,184.11340787554255,177.51384177117464,134.74962222729033,109.98009623093233,107.59794634101615,97.73307464234546,91.10851951532597,89.38996212836506,74.0728551744207,72.79830824319241,67.25173139438004,67.61197751312383,88.11155657563081,90.65366203472342,87.3340803473258,101.31130955841418,110.91634895440292,86.18201887161752,89.51764474814074,98.17774339344254,125.2906653978681,113.28677559435405,106.21614104284731,92.18050053053227,76.62546483417348,62.40183391204519,58.56230155706237,45.21797518704738,22.425346089446386,15.650887936520226,22.467734967023382,27.55167057545617,70.45196926828348,107.41567177125923,98.59172327947401,117.00957348622998,117.31624268321991,109.11930281295041,98.02724790504652,84.4575235052775,75.60861866602549,66.54920161230444,69.72019344985934,65.48100994674617,52.641134944590576,55.077471751577534,60.168358950381716,58.306967062436456,45.435559734931466,50.5489201427784,55.772885363743875,69.52703216086665,77.639120896417,66.5693344098621,64.4590785738852,51.67158339652102,45.08724896663084,41.82617213543726,61.09458988790103,52.79602472419423,37.218391117894974,31.972430769856807,27.67035685273029,31.748244610675627,34.45253061304439,29.00818365142216] [1311.2619900786005,1321.8202200865917,1332.463464547639,1343.19240799478,1354.0077404728797,1364.9101575830227,1375.9003605272408,1386.9790561536227,1398.1469570017646,1409.4047813486081,1420.7532532546286,1432.193102610412,1443.7250651835902,1455.3498826661717,1467.068302722235,1478.881079036026,1490.78897136042,1502.7927455657994,1514.8931736892998,1527.0910339844697,1539.3871109713293,1551.7821954868166,1564.2770847356642,1576.872582341659,1589.569498399342,1602.368649526097,1615.270858914685,1628.2769563861766,1641.3877784433362,1654.6041683244075,1667.9269760573632,1681.3570585145608,1694.895279467867,1708.5425096441993,1722.2996267815402,1736.1675156853773,1750.1470682856248,1764.2391836939755,1778.4447682617345,1792.7647356381167,1807.2000068289992,1821.7515102561672,1836.4201818170154,1851.2069649447558,1866.112810669078,1881.1386776773347,1896.285532376183,1911.5543489537563,1926.9461094423048,1942.4618037813711,1958.1024298814455,1973.8689936881608,1989.7625092469793,2005.7839987684179,2021.9344926937952,2038.215029761504,2054.626657073813,2071.1704301642176,2087.8474130653335,2104.6586783773164,2121.605307336866,2138.6883898867477,2155.9090247459117,2173.268319480143,2190.767390573309,2208.407363499154,2226.1893727937027,2244.1145621282076,2262.184084382728,2280.399101720259,2298.7607856614945,2317.2703171601615,2335.9288866789793,2354.7376942662327,2373.6979496329395,2392.810872230673,2412.077691329971,2431.4996460994216,2451.0779856853383,2470.813969292122,2490.7088662632277,2510.763956162824,2530.9805288580706,2551.359884602096,2571.9033341176064,2592.612198681206,2613.487810208354,2634.5315113390543,2655.7446555241822,2677.1286071125573,2698.6847414386757,2720.4144449111714,2742.319115101994,2764.4001608362782,2786.6590022829737,2809.097071046162,2831.715810257159,2854.5166746673017,2877.5011307415425,2900.67065675274,2924.0267428767575,2947.570891288285,2971.304616257478,2995.22944424732,3019.346914011829,3043.658576695001,3068.1659959305807,3092.870747942638,3117.7744216469364,3142.87861875312,3168.1849538677375,3193.695054598094,3219.410561656912,3245.333128967883,3271.4644237720117,3297.806126734876,3324.3599320546946,3351.1275475713155,3378.1106948760344,3405.3111094223436,3432.7305406375262,3460.3707520352004,3488.23352132871,3516.320640545493,3544.6339161423107,3573.1751691214417,3601.9462351478164,3630.9489646670518,3660.1852230244945,3689.6568905851636,3719.3658628547196,3749.3140506013438,3779.5033799786634,3809.935792649603,3840.6132459112973,3871.5377128209448,3902.7111823227383,3934.135659375755,3965.8131650829396,3997.7457368210635,4029.9354283717907,4062.3843100537392,4095.0944688556665,4128.068008570669,4161.3070499315045,4194.813730746993,4228.590206039511,4262.638648183577,4296.961247045588,4331.560210124669,4366.437762694626,4401.596147947099,4437.037627135803,4472.764479721992,4508.779003521039,4545.083514850253,4581.680348677821,4618.571858773019,4655.7604178575675,4693.248417758249,4731.038269560753,4769.132403764733,4807.533270440121,4846.243339384716,4885.265100283049,4924.601062866471,4964.253757074609,5004.22573321805,5044.519562142395,5085.137835393579,5126.08316538458,5167.3581855634,5208.965550582488,5250.907936469426,5293.188040799074,5335.808582867062,5378.772303864684,5422.081967055189,5465.740357951513,5509.7502844954415,5554.1145772382,5598.836089522486,5643.917697666003,5689.362301146471,5735.17282278806,5781.352208949439,5827.903429713208,5874.829479076986,5922.133375145914,5969.818160326825,6017.886901523867,6066.342690335802,6115.188643254807,6164.427901866934,6214.06363305417,6264.099029198114,6314.537308385285,6365.381714614103,6416.635518003553,6468.302015003491,6520.384528606639,6572.88640856233,6625.811031591967,6679.16180160615,6732.942149923667,6787.155535492116,6841.805445110439,6896.895393653112,6952.428924296275,7008.409608745552,7064.841047465831,7121.726869912778,7179.070734766296,7236.876330165845,7295.147373947643,7353.887613883764,7413.100827923194,7472.790824434837,7532.961442452409,7593.616551921397,7654.7600539479145,7716.395881049652,7778.527997408752,7841.160399126823,7904.2971144818985,7967.94220418758,8032.099761654146,8096.773913251861,8161.968818576374,8227.688670716232,8293.937696522553,8360.720156880894,8428.04034698531,8495.90259661459,8564.311270410717,8633.270768159597,8702.785525074065,8772.860012079082,8843.498736099358,8914.706240349144,8986.487104624512,9058.845945597834,9131.787417114787,9205.31621049359,9279.437054826807,9354.154717285446,9429.47400342559,9505.399757497484,9581.936862757088,9659.090241780126,9736.864856778713,9815.265709920519,9894.297843650465,9973.966341015032,10054.276325989182,10135.232963805956,10216.841461288606,10299.107067185563,10382.035072507933,10465.630810869876,10549.89965883156,10634.84703624505,10720.478406602804,10806.799277389146,10893.815200434417,10981.531772272076,11069.954634498676,11159.08947413668,11248.94202400021,11339.518063063782,11430.823416834026,11522.863957724268,11615.64560543233,11709.174327321158,11803.456138802712,11898.49710372478,11994.303334761045,12090.880993804161,12188.23629236214,12286.375491957784,12385.304904531427,12485.030892846919,12585.55987090084,12686.898304334996,12789.052710852275,12892.029660635888,12995.8357767719,13100.477735675182,13205.962267518828,13312.296156667053,13419.486242111492,13527.539417911097,13636.462633635434,13746.262894811807,13856.947263375758,13968.522858125163,14080.996855178266,14194.376488435144,14308.66905004285,14423.881890864615] 0.31126199007860056 [Infinity,Infinity,Infinity,Infinity,Infinity,Infinity,Infinity,Infinity,Infinity,Infinity,Infinity,Infinity,Infinity,Infinity,Infinity,Infinity,Infinity,Infinity,Infinity,Infinity,Infinity,Infinity,Infinity,Infinity,Infinity,Infinity,Infinity,Infinity,Infinity,Infinity,Infinity,Infinity,Infinity,Infinity,Infinity,Infinity,Infinity,Infinity,Infinity,Infinity,Infinity,Infinity,Infinity,Infinity,Infinity,Infinity,Infinity,Infinity,Infinity,Infinity,Infinity,Infinity,Infinity,Infinity,Infinity,Infinity,Infinity,Infinity,Infinity,Infinity,Infinity,Infinity,Infinity,Infinity,Infinity,Infinity,Infinity,Infinity,Infinity,Infinity,Infinity,Infinity,Infinity,Infinity,Infinity,Infinity,Infinity,Infinity,Infinity,Infinity,Infinity,Infinity,Infinity,Infinity,Infinity,Infinity,Infinity,Infinity,Infinity,Infinity,Infinity,Infinity,Infinity,Infinity,Infinity,Infinity,Infinity,Infinity,Infinity,Infinity,Infinity,Infinity,Infinity,Infinity,Infinity,Infinity,Infinity,Infinity,Infinity,Infinity,Infinity,Infinity,Infinity,Infinity,Infinity,Infinity,Infinity,Infinity,Infinity,Infinity,Infinity,Infinity,Infinity,Infinity,Infinity,Infinity,Infinity,Infinity,Infinity,Infinity,Infinity,Infinity,Infinity,Infinity,Infinity,Infinity,Infinity,Infinity,Infinity,Infinity,0.1359024604224635,0.09081299066655348,0.1609441160098457,0.34289590840237544,0.5167814887396885,0.5609784400622588,0.47781948422963927,0.35372696268769566,0.27298059443874323,0.2855916693418684,0.4326486842821791,0.6891190005361116,0.9244972589003785,1.0172459320414968,1.0410603116824229,1.1774380867185064,1.491812499693409,1.8001545220394508,1.9097544189561504,1.910835921468624,2.049404941653696,2.3926693331086595,2.7047555148024363,2.7510077724418496,2.489277368927191,1.9555242805384148,1.4453241153529888,1.466660153213605,2.1882688350271726,3.1572664514733826,3.9268715892471713,4.3533022331806945,4.379809010620337,4.096943786064632,3.664279635847547,3.2574516269127196,3.057974888674243,3.0791216903480274,3.1644082453383384,3.255163936213769,3.430632511289835,3.666728605607214,3.7611571134399773,3.5748750011914323,3.112834288496758,2.5618988872368798,2.3976716817564743,2.895201514080957,3.9513607557373183,5.314764118268129,6.568831955912354,7.018436589266306,5.804318225772262,3.878803389414371,3.3696205631269884,3.8658100020518282,3.9765417702239025,4.395917270545387,5.720145768046608,6.336542509982808,5.505465008176847,4.418251532462071,3.731506737217464,3.5064723536068505,3.559131621845578,3.8449881838450866,4.841518748531912,6.122793665807892,6.493472535998474,6.477646690348871,7.116744994519058,8.868062273194441,10.827211622697423,11.461660960381263,10.969896397662223,9.655647863484111,7.638808583457335,6.536661836477876,7.097447850513854,7.907752033711162,8.28836630510818,7.960396954340501,6.804551852922256,5.698441098394975,5.282658137659635,5.272082691378772,5.2370440606652835,5.152581364990946,5.222760707345176,5.137911528354431,5.491871959054691,6.76901711729229,8.271123386285769,9.306296901637864,9.60761808007756,8.859653641395134,6.669048708286202,5.262754506611443,4.980669912422726,4.689015541507688,4.258131330762553,4.255457634840882,4.076472879252978,3.562787358340038,3.3725756994640586,3.695754181040642,4.224862346591966,4.310686900420121,4.324876204662953,5.030768817155629,5.575178638716204,4.474927486114977,4.311616194724376,5.092345496105385,5.845780304282103,5.999219138008705,5.404977663790208,4.45511780747217,3.669198924978011,3.1159624993502786,2.9155318836028465,2.21100108577617,1.0224673687941856,0.7795900796955308,1.0599053411794461,1.4784731160246494,3.365617944719447,5.050030420204505,5.253047654719405,5.418364695087723,5.819450670662385,5.712586643030025,5.086324739523151,4.334054565682361,3.6922985978661664,3.5477207811493976,3.364754276069257,3.0132264507545576,2.588261098306277,2.670392056659062,2.9579351138875536,3.023141641386248,2.4999887629594415,2.4276477753685763,2.7631508985069644,3.444226499637586,3.7381708851359816,3.4147766120767202,3.0528261072868172,2.5977215911302602,2.328557075214925,2.3137755395816315,2.7337788120620576,2.4516428195652535,1.993955036237109,1.4837962700607987,1.4861868180414868,1.6378832312339253,1.696036543028362,1.4677943420589161] [0.0,0.0,0.0,0.0,0.0,0.0,0.0,0.0,0.0,0.0,0.0,0.0,0.0,0.0,0.0,0.0,0.0,0.0,0.0,0.0,0.0,0.0,0.0,0.0,0.0,0.0,0.0,0.0,0.0,0.0,0.0,0.0,0.0,0.0,0.0,0.0,0.0,0.0,0.0,0.0,0.0,0.0,0.0,0.0,0.0,0.0,0.0,0.0,0.0,0.0,0.0,0.0,0.0,0.0,0.0,0.0,0.0,0.0,0.0,0.0,0.0,0.0,0.0,0.0,0.0,0.0,0.0,0.0,0.0,0.0,0.0,0.0,0.0,0.0,0.0,0.0,0.0,0.0,0.0,0.0,0.0,0.0,0.0,0.0,0.0,0.0,0.0,0.0,0.0,0.0,0.0,0.0,0.0,0.0,0.0,0.0,0.0,0.0,0.0,0.0,0.0,0.0,0.0,0.0,0.0,0.0,0.0,0.0,0.0,0.0,0.0,0.0,0.0,0.0,0.0,0.0,0.0,0.0,0.0,0.0,0.0,0.0,0.0,0.0,0.0,0.0,0.0,0.0,0.0,0.0,0.0,0.0,0.0,0.0,0.0,0.0,0.0,0.0,0.0,0.0,0.004663844421061198,-0.09372003698562453,-0.06427355384312458,0.47973956729284656,-0.06512277337462594,0.22527963648731938,-0.23853004616272042,0.08083343900771077,0.08036840418656716,0.2075555608983399,0.36047815873931344,-0.2325318302377676,-1.4315707747482045,-0.19496264656404774,-2.7261870443196683,-0.7583847304298745,0.6361779209142051,-0.19059655090334196,-0.5199118618257996,2.443937318281039,0.9342171454344619,0.9699776967232804,3.4454985595426293,-3.2112406234675004,5.143422781637158,-2.3590253660584084,0.07058040343831096,0.35113891826247046,-0.31521182298241557,3.8912132013909755,-2.7622552827423235,1.6887667782897573,0.5757906321337378,-3.1608725827453754,-2.802893356778397,-0.18146473669778862,-1.090082630422597,-0.9366108314553956,-5.250480662780449,0.874428008944207,-0.8484885952063248,-1.8866159642656175,5.627791922296907,3.8304717006237725,-2.660912292462635,-2.673849785481393,-0.4816977506466287,1.3879264021326985,2.7527518349828206,-5.63410041012482,9.72501614485339,5.622156281881632,0.4092769817188159,0.617685511940452,0.44025671869041727,-0.8514121997504507,-4.698137361948029,-1.1306875439713957,5.8733999833931785,6.649284256135617,10.83662340547845,-9.019177105907525,-0.19330456050679673,5.581633559829155,0.37574850243299973,10.700079303279706,2.005556115428034,4.605532112407225,-13.453376183043458,6.054503931710969,-10.369747237770277,3.9407237217009845,12.812405622028642,-18.7753947508325,-11.492306859665705,1.7004813778980503,12.288678703752469,6.086338748685107,-6.819918381684588,-0.41463534986748707,8.065359644444706,-0.06717873939841697,-4.201069908592538,2.283651405093448,0.5366036187206712,-1.162817200498446,2.346010793264636,2.0608365996345714,2.78764587305146,-3.583558840837128,8.491469923742585,-12.656639213573804,1.0522562399042619,10.088855337718469,-8.038953726008625,0.32076894327194494,1.3686480615662893,4.725006098703478,7.984548092561643,3.952763812191698,5.94589290007491,4.280809431547418,-7.456602410638866,1.5425610763916486,-0.19978259490112804,-6.303106107689006,3.6143096437915068,4.439924026320992,0.8365562540667345,0.6959332153016035,-0.5872238199211531,-3.316530850682027,3.2853208536532152,-3.6691665286651576,8.375059312226048,-6.697607165820048,-1.883412232956853,3.07814438108887,3.2414863346132696,0.08258392503962406,0.25166388500543985,0.9979534715239755,1.975998713562673,0.059086342609609425,1.2696281434344587,-2.017791745036817,3.1396103738945422,6.415063367169106,-6.4692298149141045,8.64227958447552,0.9272292699722133,-5.132430047650085,-3.699246885416483,-2.2235678083697055,1.7626467087021669,-4.4052140106835065,2.4251079284742016,5.216480931655014,0.8759129784650311,1.6696306183962872,1.0096566726306422,-2.155865765288501,-4.564215524257362,1.9959646354068679,0.5098673936045868,0.6425021681149279,2.875703193697366,-1.7261978316723052,3.4025564281488427,-0.2828484260841894,-1.483892537667664,-4.449338656195362,6.419013646659878,3.763168332889155,-2.6607096068472065,2.2965053686408314,-2.053379508099447,-1.0094200140028793,0.5317997524771515,-0.34770318975616]
56415.15058098671 [0.0,0.0,0.0,0.0,0.0,0.0,0.0,0.0,0.0,0.0,0.0,0.0,0.0,0.0,0.0,0.0,0.0,0.0,0.0,0.0,0.0,0.0,0.0,0.0,0.0,0.0,0.0,0.0,0.0,0.0,0.0,0.0,0.0,0.0,0.0,0.0,0.0,0.0,0.0,0.0,0.0,0.0,0.0,0.0,0.0,0.0,0.0,0.0,0.0,0.0,0.0,0.0,0.0,0.0,0.0,0.0,0.0,0.0,0.0,0.0,0.0,0.0,0.0,0.0,0.0,0.0,0.0,0.0,0.0,0.0,0.0,0.0,0.0,0.0,0.0,0.0,0.0,0.0,0.0,0.0,0.0,0.0,0.0,0.0,0.0,0.0,0.0,0.0,0.0,0.0,0.0,0.0,0.0,0.0,0.0,0.0,0.0,0.0,0.0,0.0,0.0,0.0,0.0,0.0,0.0,0.0,0.0,0.0,0.0,0.0,0.0,0.0,0.0,0.0,0.0,0.0,0.0,0.0,0.0,0.0,0.0,0.0,0.0,0.0,0.0,0.0,0.0,0.0,0.0,0.0,0.0,0.0,0.0,0.0,0.0,0.0,0.0,0.0,0.0,0.0,0.0,0.0,0.0,0.0,0.0,0.0,0.0,0.0,0.0,0.0,0.0,0.0,0.0,0.0,0.0,0.0,0.0,0.0,0.0,0.0,0.0,0.0,0.0,0.0,0.0,0.0,0.0,0.0,0.0,0.0,0.0,0.0,0.0,0.0,0.0,0.0,0.0,0.0,0.0,0.0,0.0,0.0,0.0,0.0,0.0,0.0,0.0,0.0,0.0,0.0,0.0,0.0,0.0,0.0,0.0,0.0,0.0,0.0,0.0,0.0,0.0,0.0,0.0,0.0,0.0,0.0,0.0,0.0,0.0,0.0,0.0,0.0,0.0,0.0,0.0,0.0,0.0,0.0,0.0,0.0,0.0,0.0,0.0,0.0,0.0,0.0,0.0,0.0,0.0,0.0,0.0,0.0,0.0,0.0,0.0,0.0,0.0,0.0,0.0,0.0,0.0,0.0,0.0,0.0,0.0,0.0,0.0,0.0,0.0,0.0,0.0,0.0,0.0,0.0,0.0,0.0,0.0,0.0,0.0,0.0,0.0,0.0,0.0,0.0,0.0,0.0,0.0,0.0,0.0,0.0,0.0,0.0,0.0,0.0,0.0,0.0,0.0,0.0,0.0,0.0,0.0,0.0,0.0,0.0,0.0,0.0,0.0,0.0,0.0,0.0,0.0,0.0,0.0,0.0,0.0,0.0,0.0,0.0,0.0,0.0] [1311.2619900786005,1321.8202200865917,1332.463464547639,1343.19240799478,1354.0077404728797,1364.9101575830227,1375.9003605272408,1386.9790561536227,1398.1469570017646,1409.4047813486081,1420.7532532546286,1432.193102610412,1443.7250651835902,1455.3498826661717,1467.068302722235,1478.881079036026,1490.78897136042,1502.7927455657994,1514.8931736892998,1527.0910339844697,1539.3871109713293,1551.7821954868166,1564.2770847356642,1576.872582341659,1589.569498399342,1602.368649526097,1615.270858914685,1628.2769563861766,1641.3877784433362,1654.6041683244075,1667.9269760573632,1681.3570585145608,1694.895279467867,1708.5425096441993,1722.2996267815402,1736.1675156853773,1750.1470682856248,1764.2391836939755,1778.4447682617345,1792.7647356381167,1807.2000068289992,1821.7515102561672,1836.4201818170154,1851.2069649447558,1866.112810669078,1881.1386776773347,1896.285532376183,1911.5543489537563,1926.9461094423048,1942.4618037813711,1958.1024298814455,1973.8689936881608,1989.7625092469793,2005.7839987684179,2021.9344926937952,2038.215029761504,2054.626657073813,2071.1704301642176,2087.8474130653335,2104.6586783773164,2121.605307336866,2138.6883898867477,2155.9090247459117,2173.268319480143,2190.767390573309,2208.407363499154,2226.1893727937027,2244.1145621282076,2262.184084382728,2280.399101720259,2298.7607856614945,2317.2703171601615,2335.9288866789793,2354.7376942662327,2373.6979496329395,2392.810872230673,2412.077691329971,2431.4996460994216,2451.0779856853383,2470.813969292122,2490.7088662632277,2510.763956162824,2530.9805288580706,2551.359884602096,2571.9033341176064,2592.612198681206,2613.487810208354,2634.5315113390543,2655.7446555241822,2677.1286071125573,2698.6847414386757,2720.4144449111714,2742.319115101994,2764.4001608362782,2786.6590022829737,2809.097071046162,2831.715810257159,2854.5166746673017,2877.5011307415425,2900.67065675274,2924.0267428767575,2947.570891288285,2971.304616257478,2995.22944424732,3019.346914011829,3043.658576695001,3068.1659959305807,3092.870747942638,3117.7744216469364,3142.87861875312,3168.1849538677375,3193.695054598094,3219.410561656912,3245.333128967883,3271.4644237720117,3297.806126734876,3324.3599320546946,3351.1275475713155,3378.1106948760344,3405.3111094223436,3432.7305406375262,3460.3707520352004,3488.23352132871,3516.320640545493,3544.6339161423107,3573.1751691214417,3601.9462351478164,3630.9489646670518,3660.1852230244945,3689.6568905851636,3719.3658628547196,3749.3140506013438,3779.5033799786634,3809.935792649603,3840.6132459112973,3871.5377128209448,3902.7111823227383,3934.135659375755,3965.8131650829396,3997.7457368210635,4029.9354283717907,4062.3843100537392,4095.0944688556665,4128.068008570669,4161.3070499315045,4194.813730746993,4228.590206039511,4262.638648183577,4296.961247045588,4331.560210124669,4366.437762694626,4401.596147947099,4437.037627135803,4472.764479721992,4508.779003521039,4545.083514850253,4581.680348677821,4618.571858773019,4655.7604178575675,4693.248417758249,4731.038269560753,4769.132403764733,4807.533270440121,4846.243339384716,4885.265100283049,4924.601062866471,4964.253757074609,5004.22573321805,5044.519562142395,5085.137835393579,5126.08316538458,5167.3581855634,5208.965550582488,5250.907936469426,5293.188040799074,5335.808582867062,5378.772303864684,5422.081967055189,5465.740357951513,5509.7502844954415,5554.1145772382,5598.836089522486,5643.917697666003,5689.362301146471,5735.17282278806,5781.352208949439,5827.903429713208,5874.829479076986,5922.133375145914,5969.818160326825,6017.886901523867,6066.342690335802,6115.188643254807,6164.427901866934,6214.06363305417,6264.099029198114,6314.537308385285,6365.381714614103,6416.635518003553,6468.302015003491,6520.384528606639,6572.88640856233,6625.811031591967,6679.16180160615,6732.942149923667,6787.155535492116,6841.805445110439,6896.895393653112,6952.428924296275,7008.409608745552,7064.841047465831,7121.726869912778,7179.070734766296,7236.876330165845,7295.147373947643,7353.887613883764,7413.100827923194,7472.790824434837,7532.961442452409,7593.616551921397,7654.7600539479145,7716.395881049652,7778.527997408752,7841.160399126823,7904.2971144818985,7967.94220418758,8032.099761654146,8096.773913251861,8161.968818576374,8227.688670716232,8293.937696522553,8360.720156880894,8428.04034698531,8495.90259661459,8564.311270410717,8633.270768159597,8702.785525074065,8772.860012079082,8843.498736099358,8914.706240349144,8986.487104624512,9058.845945597834,9131.787417114787,9205.31621049359,9279.437054826807,9354.154717285446,9429.47400342559,9505.399757497484,9581.936862757088,9659.090241780126,9736.864856778713,9815.265709920519,9894.297843650465,9973.966341015032,10054.276325989182,10135.232963805956,10216.841461288606,10299.107067185563,10382.035072507933,10465.630810869876,10549.89965883156,10634.84703624505,10720.478406602804,10806.799277389146,10893.815200434417,10981.531772272076,11069.954634498676,11159.08947413668,11248.94202400021,11339.518063063782,11430.823416834026,11522.863957724268,11615.64560543233,11709.174327321158,11803.456138802712,11898.49710372478,11994.303334761045,12090.880993804161,12188.23629236214,12286.375491957784,12385.304904531427,12485.030892846919,12585.55987090084,12686.898304334996,12789.052710852275,12892.029660635888,12995.8357767719,13100.477735675182,13205.962267518828,13312.296156667053,13419.486242111492,13527.539417911097,13636.462633635434,13746.262894811807,13856.947263375758,13968.522858125163,14080.996855178266,14194.376488435144,14308.66905004285,14423.881890864615] 0.31126199007860056 [Infinity,Infinity,Infinity,Infinity,Infinity,Infinity,Infinity,Infinity,Infinity,Infinity,Infinity,Infinity,Infinity,Infinity,Infinity,Infinity,Infinity,Infinity,Infinity,Infinity,Infinity,Infinity,Infinity,Infinity,Infinity,Infinity,Infinity,Infinity,Infinity,Infinity,Infinity,Infinity,Infinity,Infinity,Infinity,Infinity,Infinity,Infinity,Infinity,Infinity,Infinity,Infinity,Infinity,Infinity,Infinity,Infinity,Infinity,Infinity,Infinity,Infinity,Infinity,Infinity,Infinity,Infinity,Infinity,Infinity,Infinity,Infinity,Infinity,Infinity,Infinity,Infinity,Infinity,Infinity,Infinity,Infinity,Infinity,Infinity,Infinity,Infinity,Infinity,Infinity,Infinity,Infinity,Infinity,Infinity,Infinity,Infinity,Infinity,Infinity,Infinity,Infinity,Infinity,Infinity,Infinity,Infinity,Infinity,Infinity,Infinity,Infinity,Infinity,Infinity,Infinity,Infinity,Infinity,Infinity,Infinity,Infinity,Infinity,Infinity,Infinity,Infinity,Infinity,Infinity,Infinity,Infinity,Infinity,Infinity,Infinity,Infinity,Infinity,Infinity,Infinity,Infinity,Infinity,Infinity,Infinity,Infinity,Infinity,Infinity,Infinity,Infinity,Infinity,Infinity,Infinity,Infinity,Infinity,Infinity,Infinity,Infinity,Infinity,Infinity,Infinity,Infinity,Infinity,Infinity,Infinity,Infinity,Infinity,Infinity,Infinity,Infinity,Infinity,Infinity,Infinity,Infinity,Infinity,Infinity,Infinity,Infinity,Infinity,Infinity,Infinity,Infinity,Infinity,Infinity,Infinity,Infinity,Infinity,Infinity,Infinity,Infinity,Infinity,Infinity,Infinity,Infinity,Infinity,Infinity,Infinity,Infinity,Infinity,Infinity,Infinity,Infinity,Infinity,Infinity,Infinity,Infinity,Infinity,Infinity,Infinity,Infinity,Infinity,Infinity,Infinity,Infinity,Infinity,Infinity,Infinity,Infinity,Infinity,Infinity,Infinity,Infinity,Infinity,Infinity,Infinity,Infinity,Infinity,Infinity,Infinity,Infinity,Infinity,Infinity,Infinity,Infinity,Infinity,Infinity,Infinity,Infinity,Infinity,Infinity,Infinity,Infinity,Infinity,Infinity,Infinity,Infinity,Infinity,Infinity,Infinity,Infinity,Infinity,Infinity,Infinity,Infinity,Infinity,Infinity,Infinity,Infinity,Infinity,Infinity,Infinity,Infinity,Infinity,Infinity,Infinity,Infinity,Infinity,Infinity,Infinity,Infinity,Infinity,Infinity,Infinity,Infinity,Infinity,Infinity,Infinity,Infinity,Infinity,Infinity,Infinity,Infinity,Infinity,Infinity,Infinity,Infinity,Infinity,Infinity,Infinity,Infinity,Infinity,Infinity,Infinity,Infinity,Infinity,Infinity,Infinity,Infinity,Infinity,Infinity,Infinity,Infinity,Infinity,Infinity,Infinity,Infinity,Infinity,Infinity,Infinity,Infinity,Infinity,Infinity,Infinity,Infinity,Infinity,Infinity,Infinity,Infinity,Infinity,Infinity,Infinity,Infinity,Infinity,Infinity,Infinity,Infinity,Infinity,Infinity] [0.0,0.0,0.0,0.0,0.0,0.0,0.0,0.0,0.0,0.0,0.0,0.0,0.0,0.0,0.0,0.0,0.0,0.0,0.0,0.0,0.0,0.0,0.0,0.0,0.0,0.0,0.0,0.0,0.0,0.0,0.0,0.0,0.0,0.0,0.0,0.0,0.0,0.0,0.0,0.0,0.0,0.0,0.0,0.0,0.0,0.0,0.0,0.0,0.0,0.0,0.0,0.0,0.0,0.0,0.0,0.0,0.0,0.0,0.0,0.0,0.0,0.0,0.0,0.0,0.0,0.0,0.0,0.0,0.0,0.0,0.0,0.0,0.0,0.0,0.0,0.0,0.0,0.0,0.0,0.0,0.0,0.0,0.0,0.0,0.0,0.0,0.0,0.0,0.0,0.0,0.0,0.0,0.0,0.0,0.0,0.0,0.0,0.0,0.0,0.0,0.0,0.0,0.0,0.0,0.0,0.0,0.0,0.0,0.0,0.0,0.0,0.0,0.0,0.0,0.0,0.0,0.0,0.0,0.0,0.0,0.0,0.0,0.0,0.0,0.0,0.0,0.0,0.0,0.0,0.0,0.0,0.0,0.0,0.0,0.0,0.0,0.0,0.0,0.0,0.0,0.0,0.0,0.0,0.0,0.0,0.0,0.0,0.0,0.0,0.0,0.0,0.0,0.0,0.0,0.0,0.0,0.0,0.0,0.0,0.0,0.0,0.0,0.0,0.0,0.0,0.0,0.0,0.0,0.0,0.0,0.0,0.0,0.0,0.0,0.0,0.0,0.0,0.0,0.0,0.0,0.0,0.0,0.0,0.0,0.0,0.0,0.0,0.0,0.0,0.0,0.0,0.0,0.0,0.0,0.0,0.0,0.0,0.0,0.0,0.0,0.0,0.0,0.0,0.0,0.0,0.0,0.0,0.0,0.0,0.0,0.0,0.0,0.0,0.0,0.0,0.0,0.0,0.0,0.0,0.0,0.0,0.0,0.0,0.0,0.0,0.0,0.0,0.0,0.0,0.0,0.0,0.0,0.0,0.0,0.0,0.0,0.0,0.0,0.0,0.0,0.0,0.0,0.0,0.0,0.0,0.0,0.0,0.0,0.0,0.0,0.0,0.0,0.0,0.0,0.0,0.0,0.0,0.0,0.0,0.0,0.0,0.0,0.0,0.0,0.0,0.0,0.0,0.0,0.0,0.0,0.0,0.0,0.0,0.0,0.0,0.0,0.0,0.0,0.0,0.0,0.0,0.0,0.0,0.0,0.0,0.0,0.0,0.0,0.0,0.0,0.0,0.0,0.0,0.0,0.0,0.0,0.0,0.0,0.0,0.0]
56232.73700693441 [0.0,0.0,0.0,0.0,0.0,0.0,0.0,0.0,0.0,0.0,0.0,0.0,0.0,0.0,0.0,0.0,0.0,0.0,0.0,0.0,0.0,0.0,0.0,0.0,0.0,0.0,0.0,0.0,0.0,0.0,0.0,0.0,0.0,0.0,0.0,0.0,0.0,0.0,0.0,0.0,0.0,0.0,0.0,0.0,0.0,0.0,0.0,0.0,0.0,0.0,0.0,0.0,0.0,0.0,0.0,0.0,0.0,0.0,0.0,0.0,0.0,0.0,0.0,0.0,0.0,0.0,0.0,0.0,0.0,0.0,0.0,0.0,0.0,0.0,0.0,0.0,0.0,0.0,0.0,0.0,0.0,0.0,0.0,0.0,0.0,0.0,0.0,0.0,0.0,0.0,0.0,0.0,0.0,0.0,0.0,0.0,0.0,0.0,0.0,0.0,0.0,0.0,0.0,0.0,0.0,0.0,0.0,0.0,0.0,0.0,0.0,0.0,0.0,0.0,0.0,0.0,0.0,0.0,0.0,0.0,0.0,0.0,0.0,0.0,0.0,0.0,0.0,0.0,0.0,0.0,0.0,0.0,0.0,0.0,0.0,0.0,0.0,0.0,0.0,0.0,431.10622593855913,468.68917591595647,457.4225944493697,363.525956881882,312.24413665481813,271.1914109996101,275.66861439079526,310.89539705241776,346.56942535193684,376.2609877953864,419.56720078843904,468.3031825331909,535.4215724204889,628.5241758115335,704.2931362407039,670.9583366568302,745.7701866252728,754.0202680731749,809.8021006453071,742.2466283272884,638.1986424931558,518.3521807446683,361.3112034776128,421.581481388377,479.6374702589771,513.1429781087321,632.8997230317357,581.7774133543094,722.0720316679058,761.5126509587327,832.0288848574546,886.037277837441,853.5334879217359,832.1523321750884,804.8763814267093,845.648125720181,822.7643408335379,677.2381279200207,640.2401455590219,629.9887524711042,508.9600968401562,496.82988679152965,504.6054585931841,530.3122433752808,579.1525472088499,525.1810758320765,584.5300377039368,600.9785987861646,646.9679088406635,627.7824361075828,555.5761895257824,546.1761004481151,516.1454622938713,507.567725986797,487.6936626691522,499.19012428233157,411.18704475236325,391.90167530563133,404.2058247457539,377.70020666631865,348.5095747558022,403.63342908102015,417.3951804764577,482.5142003729342,448.35733531011294,436.1683946577476,376.3849892233125,364.0394873592286,350.70012716399134,355.68720658380505,331.2168298741429,340.99328635910496,317.8087293048361,355.5082390754951,340.9999670325349,368.78267705712983,327.65180896367053,324.0492013904596,344.67514709982873,335.5766175840438,334.1213876766816,339.47483781028774,327.43819207244763,300.2042671539644,265.2437178085885,215.24557595919774,220.11294631897195,232.80359193512794,248.58100533148203,273.38061773201554,269.7508096166488,252.00895798804498,253.18943097674654,247.61769632963274,229.69377960937527,225.9989516644806,195.03349738105123,212.29277918089926,205.05112270695525,198.5697485766153,180.9915000094604,181.36779630244015,186.99921994176103,167.9328405196023,173.13571095293972,165.6304551667441,156.3330087115251,148.83712639443453,161.620578899987,147.61843597070595,127.92916133845411,135.6318055780227,130.31182040464012,128.01183554075854,118.55223228139128,118.84733758579225,123.67367377385206,108.84235819162589,93.80653952639867,99.54524258786238,100.13053649069158,103.04383794013356,94.58664673816787,102.9687451937298,94.50493847085735,102.45292036530148,104.06580299787754,103.67762891169224,105.3651042979194,89.52443001904876,88.91597142596555,84.54967646985111,75.22930864204486,69.82028063789318,77.16712308819264,72.24130821654973,78.59298178392734,77.40408985597641,61.46351405212667,71.20541637111425,67.62608962345901,64.43252206558667,68.05715515594713,67.05861883351992,67.54131802028502,62.28807102005025,60.09316873290558,50.532250684602865,45.259021320918045,43.136002694434865,39.92709501461037,37.01367016845245,32.85597575302976,37.452203276671256,35.186403005697024,35.811190828344095,33.85077324408123,38.80900812015736,34.0888939512329,31.498408975992895] [1311.2619900786005,1321.8202200865917,1332.463464547639,1343.19240799478,1354.0077404728797,1364.9101575830227,1375.9003605272408,1386.9790561536227,1398.1469570017646,1409.4047813486081,1420.7532532546286,1432.193102610412,1443.7250651835902,1455.3498826661717,1467.068302722235,1478.881079036026,1490.78897136042,1502.7927455657994,1514.8931736892998,1527.0910339844697,1539.3871109713293,1551.7821954868166,1564.2770847356642,1576.872582341659,1589.569498399342,1602.368649526097,1615.270858914685,1628.2769563861766,1641.3877784433362,1654.6041683244075,1667.9269760573632,1681.3570585145608,1694.895279467867,1708.5425096441993,1722.2996267815402,1736.1675156853773,1750.1470682856248,1764.2391836939755,1778.4447682617345,1792.7647356381167,1807.2000068289992,1821.7515102561672,1836.4201818170154,1851.2069649447558,1866.112810669078,1881.1386776773347,1896.285532376183,1911.5543489537563,1926.9461094423048,1942.4618037813711,1958.1024298814455,1973.8689936881608,1989.7625092469793,2005.7839987684179,2021.9344926937952,2038.215029761504,2054.626657073813,2071.1704301642176,2087.8474130653335,2104.6586783773164,2121.605307336866,2138.6883898867477,2155.9090247459117,2173.268319480143,2190.767390573309,2208.407363499154,2226.1893727937027,2244.1145621282076,2262.184084382728,2280.399101720259,2298.7607856614945,2317.2703171601615,2335.9288866789793,2354.7376942662327,2373.6979496329395,2392.810872230673,2412.077691329971,2431.4996460994216,2451.0779856853383,2470.813969292122,2490.7088662632277,2510.763956162824,2530.9805288580706,2551.359884602096,2571.9033341176064,2592.612198681206,2613.487810208354,2634.5315113390543,2655.7446555241822,2677.1286071125573,2698.6847414386757,2720.4144449111714,2742.319115101994,2764.4001608362782,2786.6590022829737,2809.097071046162,2831.715810257159,2854.5166746673017,2877.5011307415425,2900.67065675274,2924.0267428767575,2947.570891288285,2971.304616257478,2995.22944424732,3019.346914011829,3043.658576695001,3068.1659959305807,3092.870747942638,3117.7744216469364,3142.87861875312,3168.1849538677375,3193.695054598094,3219.410561656912,3245.333128967883,3271.4644237720117,3297.806126734876,3324.3599320546946,3351.1275475713155,3378.1106948760344,3405.3111094223436,3432.7305406375262,3460.3707520352004,3488.23352132871,3516.320640545493,3544.6339161423107,3573.1751691214417,3601.9462351478164,3630.9489646670518,3660.1852230244945,3689.6568905851636,3719.3658628547196,3749.3140506013438,3779.5033799786634,3809.935792649603,3840.6132459112973,3871.5377128209448,3902.7111823227383,3934.135659375755,3965.8131650829396,3997.7457368210635,4029.9354283717907,4062.3843100537392,4095.0944688556665,4128.068008570669,4161.3070499315045,4194.813730746993,4228.590206039511,4262.638648183577,4296.961247045588,4331.560210124669,4366.437762694626,4401.596147947099,4437.037627135803,4472.764479721992,4508.779003521039,4545.083514850253,4581.680348677821,4618.571858773019,4655.7604178575675,4693.248417758249,4731.038269560753,4769.132403764733,4807.533270440121,4846.243339384716,4885.265100283049,4924.601062866471,4964.253757074609,5004.22573321805,5044.519562142395,5085.137835393579,5126.08316538458,5167.3581855634,5208.965550582488,5250.907936469426,5293.188040799074,5335.808582867062,5378.772303864684,5422.081967055189,5465.740357951513,5509.7502844954415,5554.1145772382,5598.836089522486,5643.917697666003,5689.362301146471,5735.17282278806,5781.352208949439,5827.903429713208,5874.829479076986,5922.133375145914,5969.818160326825,6017.886901523867,6066.342690335802,6115.188643254807,6164.427901866934,6214.06363305417,6264.099029198114,6314.537308385285,6365.381714614103,6416.635518003553,6468.302015003491,6520.384528606639,6572.88640856233,6625.811031591967,6679.16180160615,6732.942149923667,6787.155535492116,6841.805445110439,6896.895393653112,6952.428924296275,7008.409608745552,7064.841047465831,7121.726869912778,7179.070734766296,7236.876330165845,7295.147373947643,7353.887613883764,7413.100827923194,7472.790824434837,7532.961442452409,7593.616551921397,7654.7600539479145,7716.395881049652,7778.527997408752,7841.160399126823,7904.2971144818985,7967.94220418758,8032.099761654146,8096.773913251861,8161.968818576374,8227.688670716232,8293.937696522553,8360.720156880894,8428.04034698531,8495.90259661459,8564.311270410717,8633.270768159597,8702.785525074065,8772.860012079082,8843.498736099358,8914.706240349144,8986.487104624512,9058.845945597834,9131.787417114787,9205.31621049359,9279.437054826807,9354.154717285446,9429.47400342559,9505.399757497484,9581.936862757088,9659.090241780126,9736.864856778713,9815.265709920519,9894.297843650465,9973.966341015032,10054.276325989182,10135.232963805956,10216.841461288606,10299.107067185563,10382.035072507933,10465.630810869876,10549.89965883156,10634.84703624505,10720.478406602804,10806.799277389146,10893.815200434417,10981.531772272076,11069.954634498676,11159.08947413668,11248.94202400021,11339.518063063782,11430.823416834026,11522.863957724268,11615.64560543233,11709.174327321158,11803.456138802712,11898.49710372478,11994.303334761045,12090.880993804161,12188.23629236214,12286.375491957784,12385.304904531427,12485.030892846919,12585.55987090084,12686.898304334996,12789.052710852275,12892.029660635888,12995.8357767719,13100.477735675182,13205.962267518828,13312.296156667053,13419.486242111492,13527.539417911097,13636.462633635434,13746.262894811807,13856.947263375758,13968.522858125163,14080.996855178266,14194.376488435144,14308.66905004285,14423.881890864615] 0.31126199007860056 [Infinity,Infinity,Infinity,Infinity,Infinity,Infinity,Infinity,Infinity,Infinity,Infinity,Infinity,Infinity,Infinity,Infinity,Infinity,Infinity,Infinity,Infinity,Infinity,Infinity,Infinity,Infinity,Infinity,Infinity,Infinity,Infinity,Infinity,Infinity,Infinity,Infinity,Infinity,Infinity,Infinity,Infinity,Infinity,Infinity,Infinity,Infinity,Infinity,Infinity,Infinity,Infinity,Infinity,Infinity,Infinity,Infinity,Infinity,Infinity,Infinity,Infinity,Infinity,Infinity,Infinity,Infinity,Infinity,Infinity,Infinity,Infinity,Infinity,Infinity,Infinity,Infinity,Infinity,Infinity,Infinity,Infinity,Infinity,Infinity,Infinity,Infinity,Infinity,Infinity,Infinity,Infinity,Infinity,Infinity,Infinity,Infinity,Infinity,Infinity,Infinity,Infinity,Infinity,Infinity,Infinity,Infinity,Infinity,Infinity,Infinity,Infinity,Infinity,Infinity,Infinity,Infinity,Infinity,Infinity,Infinity,Infinity,Infinity,Infinity,Infinity,Infinity,Infinity,Infinity,Infinity,Infinity,Infinity,Infinity,Infinity,Infinity,Infinity,Infinity,Infinity,Infinity,Infinity,Infinity,Infinity,Infinity,Infinity,Infinity,Infinity,Infinity,Infinity,Infinity,Infinity,Infinity,Infinity,Infinity,Infinity,Infinity,Infinity,Infinity,Infinity,Infinity,Infinity,Infinity,Infinity,Infinity,Infinity,Infinity,22.674584981909177,23.687748049427007,22.32653885406016,18.78403672468549,15.038539509634465,13.120481954536183,13.362972408674167,14.951148138952854,17.105323684320716,19.459877344680326,21.755082800384272,24.019021791930367,26.744310671208773,30.33876308785013,34.02655092128194,36.36825253855748,36.859952118058594,37.00471555115199,38.24728490056627,38.66445938836547,34.47807018007514,25.740733276774392,18.933892111535233,19.58374765211645,24.426505617027395,27.5688868166303,28.347131907268157,30.348468820728215,35.02122594122663,39.73966971390569,42.14891903961898,42.63260450248268,42.22103785722405,41.92431953735429,42.61596221433494,43.22325382693851,41.39019444934032,36.996548678095564,32.21241822110121,28.385725590335948,25.630727882895435,24.271855999287506,25.068515319931528,27.49968975497585,28.773049109254963,28.087858720063526,28.511587859679743,30.977114580851726,32.38605086228684,31.39255326536079,29.543628533327507,27.684347517825387,25.71629002317322,24.291770787261484,24.408862623973274,24.470914307302703,22.245931113996612,19.504081515440937,18.365840742258946,18.179263785083986,18.506727161680406,19.9236264164747,21.80127642160072,22.741472822657833,22.926705365830372,22.523518851632854,20.283009027534646,17.529537423183864,17.64447589130885,18.30909084730183,17.10126001165296,16.699526084859592,17.305081095174195,17.16900136099958,17.116758078649756,17.47881897468735,17.293925990124848,16.74207845940405,16.302160696401387,16.1568935041404,16.20056962715923,16.158910326037116,15.712958867038154,14.79725501323133,13.307807292746276,11.304248970019449,10.537359322354366,11.501214437048876,12.914563774508522,13.626143145529673,13.602747530982455,13.184934721153777,12.39355218569836,11.863116942908427,11.58634500285626,11.213934002607592,10.891622450715245,10.369941227455842,10.005085719959489,9.855742063743849,9.246795119077921,9.146295689416494,8.99651940397647,8.654948548714977,8.574174185078624,8.245572798051581,7.795029077822058,7.55341397755233,7.3594933936019205,7.029231745015276,6.762708450388617,6.61305784011995,6.415014205156875,6.217896062859972,6.137615237686557,6.237922226749391,6.022949277718033,5.424271179395086,5.041807470850786,4.724573820197724,5.006233722789023,5.004288400001896,4.997164553083168,4.8147699248062015,4.871683778281017,5.03854648671014,5.106754642334488,5.109450994655055,4.996037565559957,4.731194722019934,4.591232986969827,4.381929500068491,4.057498042096591,3.9166131725970836,3.788416597275797,3.8904446522475,3.8953654807599007,3.969320645788124,3.413676954235162,3.4477995875986074,3.2088875824795635,3.297387980958656,3.348285754260414,3.392510863280364,3.3806674671985704,3.2709027189018913,3.0677435218041973,2.5892015251531144,2.3267748137947324,2.194048558850574,2.0503549367099607,1.9096311446910317,1.8075119461351712,1.8023286115957824,1.6252983666880307,1.7847618898959072,1.7482839406423125,1.85099667823022,1.6812414984148183,1.7496410635333164] [0.0,0.0,0.0,0.0,0.0,0.0,0.0,0.0,0.0,0.0,0.0,0.0,0.0,0.0,0.0,0.0,0.0,0.0,0.0,0.0,0.0,0.0,0.0,0.0,0.0,0.0,0.0,0.0,0.0,0.0,0.0,0.0,0.0,0.0,0.0,0.0,0.0,0.0,0.0,0.0,0.0,0.0,0.0,0.0,0.0,0.0,0.0,0.0,0.0,0.0,0.0,0.0,0.0,0.0,0.0,0.0,0.0,0.0,0.0,0.0,0.0,0.0,0.0,0.0,0.0,0.0,0.0,0.0,0.0,0.0,0.0,0.0,0.0,0.0,0.0,0.0,0.0,0.0,0.0,0.0,0.0,0.0,0.0,0.0,0.0,0.0,0.0,0.0,0.0,0.0,0.0,0.0,0.0,0.0,0.0,0.0,0.0,0.0,0.0,0.0,0.0,0.0,0.0,0.0,0.0,0.0,0.0,0.0,0.0,0.0,0.0,0.0,0.0,0.0,0.0,0.0,0.0,0.0,0.0,0.0,0.0,0.0,0.0,0.0,0.0,0.0,0.0,0.0,0.0,0.0,0.0,0.0,0.0,0.0,0.0,0.0,0.0,0.0,0.0,0.0,-22.38547369962442,-5.065785072583672,10.891817368166473,-12.154777611827786,11.473346462128841,8.781771908886476,8.409166217311926,11.872434273360676,4.462951665522492,-12.936559098220057,-15.5344552192464,-12.077253305416427,0.535358996313494,21.748914054530925,23.762117815065196,-56.40671411431933,8.57114426410084,13.925957050135079,44.85640263398164,-31.042559440021115,-51.36276110834708,3.5375152091804907,-17.366638753091806,29.906528346047942,-8.892642081570784,-38.23475822387387,65.95708488637248,-25.19196306025493,21.64751284337324,-33.280743319381095,-10.949495934925027,33.38518778778744,9.112730777254912,-6.334058571997542,-47.44286285998964,-18.816950818589085,-5.039548153268562,-62.692845641890614,-4.00821886300232,62.27424066438524,-3.6544608177524465,11.392766805779504,3.2351521945535477,-19.681551724236225,3.691565023750592,-36.57609856919394,14.29828051034201,-18.56369283086986,-0.7531084050732288,-0.06862919963294009,-35.296381140767735,-7.510849908392672,1.8196618304069385,21.732310241567305,-0.4835898103132784,9.771838136277522,-33.731577527568994,1.8200449968125376,36.889009900574976,14.114930964638898,-21.624968477805904,5.160900751526118,-18.63034795555667,27.68474391977758,-10.176772006494522,-14.301982374909462,-29.275191327380387,13.448738895551262,-2.189390662185671,-10.494610362231574,-10.80837035891636,7.002764661913143,-28.292892598647782,12.12821185550348,-1.3351945404601697,19.20629756338284,-18.226710838826413,-10.792367797621383,18.631933171801,12.438747501235786,10.10999513349705,16.29663128954544,13.17901473168457,4.259166889337775,-0.9124280463370112,-10.839403441191243,9.365759871884636,2.7793031941504416,-9.710270158688408,0.8577548214220821,-2.3041410030003076,-11.689736435030579,5.318387262779334,10.355357471464204,-2.0331204477499556,1.7202716123287434,-22.798951633253672,4.893954631782447,4.949408307765478,1.4549073017383314,-3.9444023720980352,-1.558117485889717,7.068831862231639,-5.16613045469722,1.6522272513672414,0.7189992057124656,0.43242715508396085,-2.2311531566120713,14.430711027948593,7.033801070400425,-7.325007669318224,3.3706487756237027,2.011536301502622,3.6539142835591107,-4.200072472339858,-5.91110694919557,3.2146882194913866,0.3569346037241607,-7.029609890617054,5.053766183907892,0.005862034911120798,2.9580699400956223,-5.356644323495493,6.673346697605767,-2.928737094762989,1.6819906310986892,1.930710151187786,1.4886090185911318,5.444352986720248,-5.099464421349903,-2.9086883134310004,-3.0889135315187137,-5.920652199886961,-8.5119828140485,1.3987911426766946,-5.567584828400266,0.6856721687293313,-1.9823230597860677,-6.810025032576579,2.2494246191421,3.448337973867739,-1.5152375535864557,1.0914400707388607,-0.7915984320873621,-0.07203132368639069,-3.1299833579875695,-1.261701703178366,-1.2517798184594253,-1.276474954976609,-0.7449684825766086,-1.0800037195888486,-1.1789527253681817,-3.29426316967366,1.4056310447556084,2.6804356719364066,0.11595303042594657,-1.114905568765019,1.789074555552958,0.46406398293652795,-3.494412294673432]
56212.00435816455 [0.0,0.0,0.0,0.0,0.0,0.0,0.0,0.0,0.0,0.0,0.0,0.0,0.0,0.0,0.0,0.0,0.0,0.0,0.0,0.0,0.0,0.0,0.0,0.0,0.0,0.0,0.0,0.0,0.0,0.0,0.0,0.0,0.0,0.0,0.0,0.0,0.0,0.0,0.0,0.0,0.0,0.0,0.0,0.0,0.0,0.0,0.0,0.0,0.0,0.0,0.0,0.0,0.0,0.0,0.0,0.0,0.0,0.0,0.0,0.0,0.0,0.0,0.0,0.0,0.0,0.0,0.0,0.0,0.0,0.0,0.0,0.0,0.0,0.0,0.0,0.0,0.0,0.0,0.0,0.0,0.0,0.0,0.0,0.0,0.0,0.0,0.0,0.0,0.0,0.0,0.0,0.0,0.0,0.0,0.0,0.0,0.0,0.0,0.0,0.0,0.0,0.0,0.0,0.0,0.0,0.0,0.0,0.0,0.0,0.0,0.0,0.0,0.0,0.0,0.0,0.0,0.0,0.0,0.0,0.0,0.0,0.0,0.0,0.0,0.0,0.0,0.0,0.0,0.0,0.0,0.0,0.0,0.0,0.0,0.0,0.0,0.0,0.0,0.0,0.0,0.0,0.0,0.0,0.0,0.0,0.0,0.0,0.0,0.0,0.0,0.0,0.0,0.0,0.0,0.0,0.0,0.0,0.0,0.0,0.0,0.0,0.0,0.0,0.0,0.0,0.0,0.0,0.0,0.0,0.0,0.0,0.0,0.0,0.0,0.0,0.0,0.0,0.0,0.0,0.0,0.0,0.0,0.0,0.0,0.0,0.0,0.0,0.0,0.0,0.0,0.0,0.0,0.0,0.0,0.0,0.0,0.0,0.0,0.0,0.0,0.0,0.0,0.0,0.0,0.0,0.0,0.0,0.0,0.0,0.0,0.0,0.0,0.0,0.0,0.0,0.0,0.0,0.0,0.0,0.0,0.0,0.0,0.0,0.0,0.0,0.0,0.0,0.0,0.0,0.0,0.0,0.0,0.0,0.0,0.0,0.0,0.0,0.0,0.0,0.0,0.0,0.0,0.0,0.0,0.0,0.0,0.0,0.0,0.0,0.0,0.0,0.0,0.0,0.0,0.0,0.0,0.0,0.0,0.0,0.0,0.0,0.0,0.0,0.0,0.0,0.0,0.0,0.0,0.0,0.0,0.0,0.0,0.0,0.0,0.0,0.0,0.0,0.0,0.0,0.0,0.0,0.0,0.0,0.0,0.0,0.0,0.0,0.0,0.0,0.0,0.0,0.0,0.0,0.0,0.0,0.0,0.0,0.0,0.0,0.0] [1311.2619900786005,1321.8202200865917,1332.463464547639,1343.19240799478,1354.0077404728797,1364.9101575830227,1375.9003605272408,1386.9790561536227,1398.1469570017646,1409.4047813486081,1420.7532532546286,1432.193102610412,1443.7250651835902,1455.3498826661717,1467.068302722235,1478.881079036026,1490.78897136042,1502.7927455657994,1514.8931736892998,1527.0910339844697,1539.3871109713293,1551.7821954868166,1564.2770847356642,1576.872582341659,1589.569498399342,1602.368649526097,1615.270858914685,1628.2769563861766,1641.3877784433362,1654.6041683244075,1667.9269760573632,1681.3570585145608,1694.895279467867,1708.5425096441993,1722.2996267815402,1736.1675156853773,1750.1470682856248,1764.2391836939755,1778.4447682617345,1792.7647356381167,1807.2000068289992,1821.7515102561672,1836.4201818170154,1851.2069649447558,1866.112810669078,1881.1386776773347,1896.285532376183,1911.5543489537563,1926.9461094423048,1942.4618037813711,1958.1024298814455,1973.8689936881608,1989.7625092469793,2005.7839987684179,2021.9344926937952,2038.215029761504,2054.626657073813,2071.1704301642176,2087.8474130653335,2104.6586783773164,2121.605307336866,2138.6883898867477,2155.9090247459117,2173.268319480143,2190.767390573309,2208.407363499154,2226.1893727937027,2244.1145621282076,2262.184084382728,2280.399101720259,2298.7607856614945,2317.2703171601615,2335.9288866789793,2354.7376942662327,2373.6979496329395,2392.810872230673,2412.077691329971,2431.4996460994216,2451.0779856853383,2470.813969292122,2490.7088662632277,2510.763956162824,2530.9805288580706,2551.359884602096,2571.9033341176064,2592.612198681206,2613.487810208354,2634.5315113390543,2655.7446555241822,2677.1286071125573,2698.6847414386757,2720.4144449111714,2742.319115101994,2764.4001608362782,2786.6590022829737,2809.097071046162,2831.715810257159,2854.5166746673017,2877.5011307415425,2900.67065675274,2924.0267428767575,2947.570891288285,2971.304616257478,2995.22944424732,3019.346914011829,3043.658576695001,3068.1659959305807,3092.870747942638,3117.7744216469364,3142.87861875312,3168.1849538677375,3193.695054598094,3219.410561656912,3245.333128967883,3271.4644237720117,3297.806126734876,3324.3599320546946,3351.1275475713155,3378.1106948760344,3405.3111094223436,3432.7305406375262,3460.3707520352004,3488.23352132871,3516.320640545493,3544.6339161423107,3573.1751691214417,3601.9462351478164,3630.9489646670518,3660.1852230244945,3689.6568905851636,3719.3658628547196,3749.3140506013438,3779.5033799786634,3809.935792649603,3840.6132459112973,3871.5377128209448,3902.7111823227383,3934.135659375755,3965.8131650829396,3997.7457368210635,4029.9354283717907,4062.3843100537392,4095.0944688556665,4128.068008570669,4161.3070499315045,4194.813730746993,4228.590206039511,4262.638648183577,4296.961247045588,4331.560210124669,4366.437762694626,4401.596147947099,4437.037627135803,4472.764479721992,4508.779003521039,4545.083514850253,4581.680348677821,4618.571858773019,4655.7604178575675,4693.248417758249,4731.038269560753,4769.132403764733,4807.533270440121,4846.243339384716,4885.265100283049,4924.601062866471,4964.253757074609,5004.22573321805,5044.519562142395,5085.137835393579,5126.08316538458,5167.3581855634,5208.965550582488,5250.907936469426,5293.188040799074,5335.808582867062,5378.772303864684,5422.081967055189,5465.740357951513,5509.7502844954415,5554.1145772382,5598.836089522486,5643.917697666003,5689.362301146471,5735.17282278806,5781.352208949439,5827.903429713208,5874.829479076986,5922.133375145914,5969.818160326825,6017.886901523867,6066.342690335802,6115.188643254807,6164.427901866934,6214.06363305417,6264.099029198114,6314.537308385285,6365.381714614103,6416.635518003553,6468.302015003491,6520.384528606639,6572.88640856233,6625.811031591967,6679.16180160615,6732.942149923667,6787.155535492116,6841.805445110439,6896.895393653112,6952.428924296275,7008.409608745552,7064.841047465831,7121.726869912778,7179.070734766296,7236.876330165845,7295.147373947643,7353.887613883764,7413.100827923194,7472.790824434837,7532.961442452409,7593.616551921397,7654.7600539479145,7716.395881049652,7778.527997408752,7841.160399126823,7904.2971144818985,7967.94220418758,8032.099761654146,8096.773913251861,8161.968818576374,8227.688670716232,8293.937696522553,8360.720156880894,8428.04034698531,8495.90259661459,8564.311270410717,8633.270768159597,8702.785525074065,8772.860012079082,8843.498736099358,8914.706240349144,8986.487104624512,9058.845945597834,9131.787417114787,9205.31621049359,9279.437054826807,9354.154717285446,9429.47400342559,9505.399757497484,9581.936862757088,9659.090241780126,9736.864856778713,9815.265709920519,9894.297843650465,9973.966341015032,10054.276325989182,10135.232963805956,10216.841461288606,10299.107067185563,10382.035072507933,10465.630810869876,10549.89965883156,10634.84703624505,10720.478406602804,10806.799277389146,10893.815200434417,10981.531772272076,11069.954634498676,11159.08947413668,11248.94202400021,11339.518063063782,11430.823416834026,11522.863957724268,11615.64560543233,11709.174327321158,11803.456138802712,11898.49710372478,11994.303334761045,12090.880993804161,12188.23629236214,12286.375491957784,12385.304904531427,12485.030892846919,12585.55987090084,12686.898304334996,12789.052710852275,12892.029660635888,12995.8357767719,13100.477735675182,13205.962267518828,13312.296156667053,13419.486242111492,13527.539417911097,13636.462633635434,13746.262894811807,13856.947263375758,13968.522858125163,14080.996855178266,14194.376488435144,14308.66905004285,14423.881890864615] 0.31126199007860056 [Infinity,Infinity,Infinity,Infinity,Infinity,Infinity,Infinity,Infinity,Infinity,Infinity,Infinity,Infinity,Infinity,Infinity,Infinity,Infinity,Infinity,Infinity,Infinity,Infinity,Infinity,Infinity,Infinity,Infinity,Infinity,Infinity,Infinity,Infinity,Infinity,Infinity,Infinity,Infinity,Infinity,Infinity,Infinity,Infinity,Infinity,Infinity,Infinity,Infinity,Infinity,Infinity,Infinity,Infinity,Infinity,Infinity,Infinity,Infinity,Infinity,Infinity,Infinity,Infinity,Infinity,Infinity,Infinity,Infinity,Infinity,Infinity,Infinity,Infinity,Infinity,Infinity,Infinity,Infinity,Infinity,Infinity,Infinity,Infinity,Infinity,Infinity,Infinity,Infinity,Infinity,Infinity,Infinity,Infinity,Infinity,Infinity,Infinity,Infinity,Infinity,Infinity,Infinity,Infinity,Infinity,Infinity,Infinity,Infinity,Infinity,Infinity,Infinity,Infinity,Infinity,Infinity,Infinity,Infinity,Infinity,Infinity,Infinity,Infinity,Infinity,Infinity,Infinity,Infinity,Infinity,Infinity,Infinity,Infinity,Infinity,Infinity,Infinity,Infinity,Infinity,Infinity,Infinity,Infinity,Infinity,Infinity,Infinity,Infinity,Infinity,Infinity,Infinity,Infinity,Infinity,Infinity,Infinity,Infinity,Infinity,Infinity,Infinity,Infinity,Infinity,Infinity,Infinity,Infinity,Infinity,Infinity,Infinity,Infinity,Infinity,Infinity,Infinity,Infinity,Infinity,Infinity,Infinity,Infinity,Infinity,Infinity,Infinity,Infinity,Infinity,Infinity,Infinity,Infinity,Infinity,Infinity,Infinity,Infinity,Infinity,Infinity,Infinity,Infinity,Infinity,Infinity,Infinity,Infinity,Infinity,Infinity,Infinity,Infinity,Infinity,Infinity,Infinity,Infinity,Infinity,Infinity,Infinity,Infinity,Infinity,Infinity,Infinity,Infinity,Infinity,Infinity,Infinity,Infinity,Infinity,Infinity,Infinity,Infinity,Infinity,Infinity,Infinity,Infinity,Infinity,Infinity,Infinity,Infinity,Infinity,Infinity,Infinity,Infinity,Infinity,Infinity,Infinity,Infinity,Infinity,Infinity,Infinity,Infinity,Infinity,Infinity,Infinity,Infinity,Infinity,Infinity,Infinity,Infinity,Infinity,Infinity,Infinity,Infinity,Infinity,Infinity,Infinity,Infinity,Infinity,Infinity,Infinity,Infinity,Infinity,Infinity,Infinity,Infinity,Infinity,Infinity,Infinity,Infinity,Infinity,Infinity,Infinity,Infinity,Infinity,Infinity,Infinity,Infinity,Infinity,Infinity,Infinity,Infinity,Infinity,Infinity,Infinity,Infinity,Infinity,Infinity,Infinity,Infinity,Infinity,Infinity,Infinity,Infinity,Infinity,Infinity,Infinity,Infinity,Infinity,Infinity,Infinity,Infinity,Infinity,Infinity,Infinity,Infinity,Infinity,Infinity,Infinity,Infinity,Infinity,Infinity,Infinity,Infinity,Infinity,Infinity,Infinity,Infinity,Infinity,Infinity,Infinity,Infinity,Infinity,Infinity,Infinity,Infinity,Infinity,Infinity,Infinity,Infinity] [0.0,0.0,0.0,0.0,0.0,0.0,0.0,0.0,0.0,0.0,0.0,0.0,0.0,0.0,0.0,0.0,0.0,0.0,0.0,0.0,0.0,0.0,0.0,0.0,0.0,0.0,0.0,0.0,0.0,0.0,0.0,0.0,0.0,0.0,0.0,0.0,0.0,0.0,0.0,0.0,0.0,0.0,0.0,0.0,0.0,0.0,0.0,0.0,0.0,0.0,0.0,0.0,0.0,0.0,0.0,0.0,0.0,0.0,0.0,0.0,0.0,0.0,0.0,0.0,0.0,0.0,0.0,0.0,0.0,0.0,0.0,0.0,0.0,0.0,0.0,0.0,0.0,0.0,0.0,0.0,0.0,0.0,0.0,0.0,0.0,0.0,0.0,0.0,0.0,0.0,0.0,0.0,0.0,0.0,0.0,0.0,0.0,0.0,0.0,0.0,0.0,0.0,0.0,0.0,0.0,0.0,0.0,0.0,0.0,0.0,0.0,0.0,0.0,0.0,0.0,0.0,0.0,0.0,0.0,0.0,0.0,0.0,0.0,0.0,0.0,0.0,0.0,0.0,0.0,0.0,0.0,0.0,0.0,0.0,0.0,0.0,0.0,0.0,0.0,0.0,0.0,0.0,0.0,0.0,0.0,0.0,0.0,0.0,0.0,0.0,0.0,0.0,0.0,0.0,0.0,0.0,0.0,0.0,0.0,0.0,0.0,0.0,0.0,0.0,0.0,0.0,0.0,0.0,0.0,0.0,0.0,0.0,0.0,0.0,0.0,0.0,0.0,0.0,0.0,0.0,0.0,0.0,0.0,0.0,0.0,0.0,0.0,0.0,0.0,0.0,0.0,0.0,0.0,0.0,0.0,0.0,0.0,0.0,0.0,0.0,0.0,0.0,0.0,0.0,0.0,0.0,0.0,0.0,0.0,0.0,0.0,0.0,0.0,0.0,0.0,0.0,0.0,0.0,0.0,0.0,0.0,0.0,0.0,0.0,0.0,0.0,0.0,0.0,0.0,0.0,0.0,0.0,0.0,0.0,0.0,0.0,0.0,0.0,0.0,0.0,0.0,0.0,0.0,0.0,0.0,0.0,0.0,0.0,0.0,0.0,0.0,0.0,0.0,0.0,0.0,0.0,0.0,0.0,0.0,0.0,0.0,0.0,0.0,0.0,0.0,0.0,0.0,0.0,0.0,0.0,0.0,0.0,0.0,0.0,0.0,0.0,0.0,0.0,0.0,0.0,0.0,0.0,0.0,0.0,0.0,0.0,0.0,0.0,0.0,0.0,0.0,0.0,0.0,0.0,0.0,0.0,0.0,0.0,0.0,0.0]
56371.739328173244 [0.0,0.0,0.0,0.0,0.0,0.0,0.0,0.0,0.0,0.0,0.0,0.0,0.0,0.0,0.0,0.0,0.0,0.0,0.0,0.0,0.0,0.0,0.0,0.0,0.0,0.0,0.0,0.0,0.0,0.0,0.0,0.0,0.0,0.0,0.0,0.0,0.0,0.0,0.0,0.0,0.0,0.0,0.0,0.0,0.0,0.0,0.0,0.0,0.0,0.0,0.0,0.0,0.0,0.0,0.0,0.0,0.0,0.0,0.0,0.0,0.0,0.0,0.0,0.0,0.0,0.0,0.0,0.0,0.0,0.0,0.0,0.0,0.0,0.0,0.0,0.0,0.0,0.0,0.0,0.0,0.0,0.0,0.0,0.0,0.0,0.0,0.0,0.0,0.0,0.0,0.0,0.0,0.0,0.0,0.0,0.0,0.0,0.0,0.0,0.0,0.0,0.0,0.0,0.0,0.0,0.0,0.0,0.0,0.0,0.0,0.0,0.0,0.0,0.0,0.0,0.0,0.0,0.0,0.0,0.0,0.0,0.0,0.0,0.0,0.0,0.0,0.0,0.0,0.0,0.0,0.0,0.0,0.0,0.0,0.0,0.0,0.0,0.0,0.0,0.0,0.0,0.0,0.0,0.0,0.0,0.0,0.0,0.0,0.0,0.0,0.0,0.0,0.0,0.0,0.0,0.0,0.0,0.0,0.0,0.0,0.0,0.0,0.0,0.0,0.0,0.0,0.0,0.0,0.0,0.0,0.0,0.0,0.0,0.0,0.0,0.0,0.0,0.0,0.0,0.0,0.0,0.0,0.0,0.0,0.0,0.0,0.0,0.0,0.0,0.0,0.0,0.0,0.0,0.0,0.0,0.0,0.0,0.0,0.0,0.0,0.0,0.0,0.0,0.0,0.0,0.0,0.0,0.0,0.0,0.0,0.0,0.0,0.0,0.0,0.0,0.0,0.0,0.0,0.0,0.0,0.0,0.0,0.0,0.0,0.0,0.0,0.0,0.0,0.0,0.0,0.0,0.0,0.0,0.0,0.0,0.0,0.0,0.0,0.0,0.0,0.0,0.0,0.0,0.0,0.0,0.0,0.0,0.0,0.0,0.0,0.0,0.0,0.0,0.0,0.0,0.0,0.0,0.0,0.0,0.0,0.0,0.0,0.0,0.0,0.0,0.0,0.0,0.0,0.0,0.0,0.0,0.0,0.0,0.0,0.0,0.0,0.0,0.0,0.0,0.0,0.0,0.0,0.0,0.0,0.0,0.0,0.0,0.0,0.0,0.0,0.0,0.0,0.0,0.0,0.0,0.0,0.0,0.0,0.0,0.0] [1311.2619900786005,1321.8202200865917,1332.463464547639,1343.19240799478,1354.0077404728797,1364.9101575830227,1375.9003605272408,1386.9790561536227,1398.1469570017646,1409.4047813486081,1420.7532532546286,1432.193102610412,1443.7250651835902,1455.3498826661717,1467.068302722235,1478.881079036026,1490.78897136042,1502.7927455657994,1514.8931736892998,1527.0910339844697,1539.3871109713293,1551.7821954868166,1564.2770847356642,1576.872582341659,1589.569498399342,1602.368649526097,1615.270858914685,1628.2769563861766,1641.3877784433362,1654.6041683244075,1667.9269760573632,1681.3570585145608,1694.895279467867,1708.5425096441993,1722.2996267815402,1736.1675156853773,1750.1470682856248,1764.2391836939755,1778.4447682617345,1792.7647356381167,1807.2000068289992,1821.7515102561672,1836.4201818170154,1851.2069649447558,1866.112810669078,1881.1386776773347,1896.285532376183,1911.5543489537563,1926.9461094423048,1942.4618037813711,1958.1024298814455,1973.8689936881608,1989.7625092469793,2005.7839987684179,2021.9344926937952,2038.215029761504,2054.626657073813,2071.1704301642176,2087.8474130653335,2104.6586783773164,2121.605307336866,2138.6883898867477,2155.9090247459117,2173.268319480143,2190.767390573309,2208.407363499154,2226.1893727937027,2244.1145621282076,2262.184084382728,2280.399101720259,2298.7607856614945,2317.2703171601615,2335.9288866789793,2354.7376942662327,2373.6979496329395,2392.810872230673,2412.077691329971,2431.4996460994216,2451.0779856853383,2470.813969292122,2490.7088662632277,2510.763956162824,2530.9805288580706,2551.359884602096,2571.9033341176064,2592.612198681206,2613.487810208354,2634.5315113390543,2655.7446555241822,2677.1286071125573,2698.6847414386757,2720.4144449111714,2742.319115101994,2764.4001608362782,2786.6590022829737,2809.097071046162,2831.715810257159,2854.5166746673017,2877.5011307415425,2900.67065675274,2924.0267428767575,2947.570891288285,2971.304616257478,2995.22944424732,3019.346914011829,3043.658576695001,3068.1659959305807,3092.870747942638,3117.7744216469364,3142.87861875312,3168.1849538677375,3193.695054598094,3219.410561656912,3245.333128967883,3271.4644237720117,3297.806126734876,3324.3599320546946,3351.1275475713155,3378.1106948760344,3405.3111094223436,3432.7305406375262,3460.3707520352004,3488.23352132871,3516.320640545493,3544.6339161423107,3573.1751691214417,3601.9462351478164,3630.9489646670518,3660.1852230244945,3689.6568905851636,3719.3658628547196,3749.3140506013438,3779.5033799786634,3809.935792649603,3840.6132459112973,3871.5377128209448,3902.7111823227383,3934.135659375755,3965.8131650829396,3997.7457368210635,4029.9354283717907,4062.3843100537392,4095.0944688556665,4128.068008570669,4161.3070499315045,4194.813730746993,4228.590206039511,4262.638648183577,4296.961247045588,4331.560210124669,4366.437762694626,4401.596147947099,4437.037627135803,4472.764479721992,4508.779003521039,4545.083514850253,4581.680348677821,4618.571858773019,4655.7604178575675,4693.248417758249,4731.038269560753,4769.132403764733,4807.533270440121,4846.243339384716,4885.265100283049,4924.601062866471,4964.253757074609,5004.22573321805,5044.519562142395,5085.137835393579,5126.08316538458,5167.3581855634,5208.965550582488,5250.907936469426,5293.188040799074,5335.808582867062,5378.772303864684,5422.081967055189,5465.740357951513,5509.7502844954415,5554.1145772382,5598.836089522486,5643.917697666003,5689.362301146471,5735.17282278806,5781.352208949439,5827.903429713208,5874.829479076986,5922.133375145914,5969.818160326825,6017.886901523867,6066.342690335802,6115.188643254807,6164.427901866934,6214.06363305417,6264.099029198114,6314.537308385285,6365.381714614103,6416.635518003553,6468.302015003491,6520.384528606639,6572.88640856233,6625.811031591967,6679.16180160615,6732.942149923667,6787.155535492116,6841.805445110439,6896.895393653112,6952.428924296275,7008.409608745552,7064.841047465831,7121.726869912778,7179.070734766296,7236.876330165845,7295.147373947643,7353.887613883764,7413.100827923194,7472.790824434837,7532.961442452409,7593.616551921397,7654.7600539479145,7716.395881049652,7778.527997408752,7841.160399126823,7904.2971144818985,7967.94220418758,8032.099761654146,8096.773913251861,8161.968818576374,8227.688670716232,8293.937696522553,8360.720156880894,8428.04034698531,8495.90259661459,8564.311270410717,8633.270768159597,8702.785525074065,8772.860012079082,8843.498736099358,8914.706240349144,8986.487104624512,9058.845945597834,9131.787417114787,9205.31621049359,9279.437054826807,9354.154717285446,9429.47400342559,9505.399757497484,9581.936862757088,9659.090241780126,9736.864856778713,9815.265709920519,9894.297843650465,9973.966341015032,10054.276325989182,10135.232963805956,10216.841461288606,10299.107067185563,10382.035072507933,10465.630810869876,10549.89965883156,10634.84703624505,10720.478406602804,10806.799277389146,10893.815200434417,10981.531772272076,11069.954634498676,11159.08947413668,11248.94202400021,11339.518063063782,11430.823416834026,11522.863957724268,11615.64560543233,11709.174327321158,11803.456138802712,11898.49710372478,11994.303334761045,12090.880993804161,12188.23629236214,12286.375491957784,12385.304904531427,12485.030892846919,12585.55987090084,12686.898304334996,12789.052710852275,12892.029660635888,12995.8357767719,13100.477735675182,13205.962267518828,13312.296156667053,13419.486242111492,13527.539417911097,13636.462633635434,13746.262894811807,13856.947263375758,13968.522858125163,14080.996855178266,14194.376488435144,14308.66905004285,14423.881890864615] 0.31126199007860056 [Infinity,Infinity,Infinity,Infinity,Infinity,Infinity,Infinity,Infinity,Infinity,Infinity,Infinity,Infinity,Infinity,Infinity,Infinity,Infinity,Infinity,Infinity,Infinity,Infinity,Infinity,Infinity,Infinity,Infinity,Infinity,Infinity,Infinity,Infinity,Infinity,Infinity,Infinity,Infinity,Infinity,Infinity,Infinity,Infinity,Infinity,Infinity,Infinity,Infinity,Infinity,Infinity,Infinity,Infinity,Infinity,Infinity,Infinity,Infinity,Infinity,Infinity,Infinity,Infinity,Infinity,Infinity,Infinity,Infinity,Infinity,Infinity,Infinity,Infinity,Infinity,Infinity,Infinity,Infinity,Infinity,Infinity,Infinity,Infinity,Infinity,Infinity,Infinity,Infinity,Infinity,Infinity,Infinity,Infinity,Infinity,Infinity,Infinity,Infinity,Infinity,Infinity,Infinity,Infinity,Infinity,Infinity,Infinity,Infinity,Infinity,Infinity,Infinity,Infinity,Infinity,Infinity,Infinity,Infinity,Infinity,Infinity,Infinity,Infinity,Infinity,Infinity,Infinity,Infinity,Infinity,Infinity,Infinity,Infinity,Infinity,Infinity,Infinity,Infinity,Infinity,Infinity,Infinity,Infinity,Infinity,Infinity,Infinity,Infinity,Infinity,Infinity,Infinity,Infinity,Infinity,Infinity,Infinity,Infinity,Infinity,Infinity,Infinity,Infinity,Infinity,Infinity,Infinity,Infinity,Infinity,Infinity,Infinity,Infinity,Infinity,Infinity,Infinity,Infinity,Infinity,Infinity,Infinity,Infinity,Infinity,Infinity,Infinity,Infinity,Infinity,Infinity,Infinity,Infinity,Infinity,Infinity,Infinity,Infinity,Infinity,Infinity,Infinity,Infinity,Infinity,Infinity,Infinity,Infinity,Infinity,Infinity,Infinity,Infinity,Infinity,Infinity,Infinity,Infinity,Infinity,Infinity,Infinity,Infinity,Infinity,Infinity,Infinity,Infinity,Infinity,Infinity,Infinity,Infinity,Infinity,Infinity,Infinity,Infinity,Infinity,Infinity,Infinity,Infinity,Infinity,Infinity,Infinity,Infinity,Infinity,Infinity,Infinity,Infinity,Infinity,Infinity,Infinity,Infinity,Infinity,Infinity,Infinity,Infinity,Infinity,Infinity,Infinity,Infinity,Infinity,Infinity,Infinity,Infinity,Infinity,Infinity,Infinity,Infinity,Infinity,Infinity,Infinity,Infinity,Infinity,Infinity,Infinity,Infinity,Infinity,Infinity,Infinity,Infinity,Infinity,Infinity,Infinity,Infinity,Infinity,Infinity,Infinity,Infinity,Infinity,Infinity,Infinity,Infinity,Infinity,Infinity,Infinity,Infinity,Infinity,Infinity,Infinity,Infinity,Infinity,Infinity,Infinity,Infinity,Infinity,Infinity,Infinity,Infinity,Infinity,Infinity,Infinity,Infinity,Infinity,Infinity,Infinity,Infinity,Infinity,Infinity,Infinity,Infinity,Infinity,Infinity,Infinity,Infinity,Infinity,Infinity,Infinity,Infinity,Infinity,Infinity,Infinity,Infinity,Infinity,Infinity,Infinity,Infinity,Infinity,Infinity,Infinity,Infinity,Infinity,Infinity,Infinity,Infinity] [0.0,0.0,0.0,0.0,0.0,0.0,0.0,0.0,0.0,0.0,0.0,0.0,0.0,0.0,0.0,0.0,0.0,0.0,0.0,0.0,0.0,0.0,0.0,0.0,0.0,0.0,0.0,0.0,0.0,0.0,0.0,0.0,0.0,0.0,0.0,0.0,0.0,0.0,0.0,0.0,0.0,0.0,0.0,0.0,0.0,0.0,0.0,0.0,0.0,0.0,0.0,0.0,0.0,0.0,0.0,0.0,0.0,0.0,0.0,0.0,0.0,0.0,0.0,0.0,0.0,0.0,0.0,0.0,0.0,0.0,0.0,0.0,0.0,0.0,0.0,0.0,0.0,0.0,0.0,0.0,0.0,0.0,0.0,0.0,0.0,0.0,0.0,0.0,0.0,0.0,0.0,0.0,0.0,0.0,0.0,0.0,0.0,0.0,0.0,0.0,0.0,0.0,0.0,0.0,0.0,0.0,0.0,0.0,0.0,0.0,0.0,0.0,0.0,0.0,0.0,0.0,0.0,0.0,0.0,0.0,0.0,0.0,0.0,0.0,0.0,0.0,0.0,0.0,0.0,0.0,0.0,0.0,0.0,0.0,0.0,0.0,0.0,0.0,0.0,0.0,0.0,0.0,0.0,0.0,0.0,0.0,0.0,0.0,0.0,0.0,0.0,0.0,0.0,0.0,0.0,0.0,0.0,0.0,0.0,0.0,0.0,0.0,0.0,0.0,0.0,0.0,0.0,0.0,0.0,0.0,0.0,0.0,0.0,0.0,0.0,0.0,0.0,0.0,0.0,0.0,0.0,0.0,0.0,0.0,0.0,0.0,0.0,0.0,0.0,0.0,0.0,0.0,0.0,0.0,0.0,0.0,0.0,0.0,0.0,0.0,0.0,0.0,0.0,0.0,0.0,0.0,0.0,0.0,0.0,0.0,0.0,0.0,0.0,0.0,0.0,0.0,0.0,0.0,0.0,0.0,0.0,0.0,0.0,0.0,0.0,0.0,0.0,0.0,0.0,0.0,0.0,0.0,0.0,0.0,0.0,0.0,0.0,0.0,0.0,0.0,0.0,0.0,0.0,0.0,0.0,0.0,0.0,0.0,0.0,0.0,0.0,0.0,0.0,0.0,0.0,0.0,0.0,0.0,0.0,0.0,0.0,0.0,0.0,0.0,0.0,0.0,0.0,0.0,0.0,0.0,0.0,0.0,0.0,0.0,0.0,0.0,0.0,0.0,0.0,0.0,0.0,0.0,0.0,0.0,0.0,0.0,0.0,0.0,0.0,0.0,0.0,0.0,0.0,0.0,0.0,0.0,0.0,0.0,0.0,0.0]
56185.11981530838 [0.0,0.0,0.0,0.0,0.0,0.0,0.0,0.0,0.0,0.0,0.0,0.0,0.0,0.0,0.0,0.0,0.0,0.0,0.0,0.0,0.0,0.0,0.0,0.0,0.0,0.0,0.0,0.0,0.0,0.0,0.0,0.0,0.0,0.0,0.0,0.0,0.0,0.0,0.0,0.0,0.0,0.0,0.0,0.0,0.0,0.0,0.0,0.0,0.0,0.0,0.0,0.0,0.0,0.0,0.0,0.0,0.0,0.0,0.0,0.0,0.0,0.0,0.0,0.0,0.0,0.0,0.0,0.0,0.0,0.0,0.0,0.0,0.0,0.0,0.0,0.0,0.0,0.0,0.0,0.0,0.0,0.0,0.0,0.0,0.0,0.0,0.0,0.0,0.0,0.0,0.0,0.0,0.0,0.0,0.0,0.0,0.0,0.0,0.0,0.0,0.0,0.0,0.0,0.0,0.0,0.0,0.0,0.0,0.0,0.0,0.0,0.0,0.0,0.0,0.0,0.0,0.0,0.0,0.0,0.0,0.0,0.0,0.0,0.0,0.0,0.0,0.0,0.0,0.0,0.0,0.0,0.0,0.0,0.0,0.0,0.0,0.0,0.0,0.0,0.0,0.0,0.0,0.0,0.0,0.0,0.0,0.0,0.0,0.0,0.0,0.0,0.0,0.0,0.0,0.0,0.0,0.0,0.0,0.0,0.0,0.0,0.0,0.0,0.0,0.0,0.0,0.0,0.0,0.0,0.0,0.0,0.0,0.0,0.0,0.0,0.0,0.0,0.0,0.0,0.0,0.0,0.0,0.0,0.0,0.0,0.0,0.0,0.0,0.0,0.0,0.0,0.0,0.0,0.0,0.0,0.0,0.0,0.0,0.0,0.0,0.0,0.0,0.0,0.0,0.0,0.0,0.0,0.0,0.0,0.0,0.0,0.0,0.0,0.0,0.0,0.0,0.0,0.0,0.0,0.0,0.0,0.0,0.0,0.0,0.0,0.0,0.0,0.0,0.0,0.0,0.0,0.0,0.0,0.0,0.0,0.0,0.0,0.0,0.0,0.0,0.0,0.0,0.0,0.0,0.0,0.0,0.0,0.0,0.0,0.0,0.0,0.0,0.0,0.0,0.0,0.0,0.0,0.0,0.0,0.0,0.0,0.0,0.0,0.0,0.0,0.0,0.0,0.0,0.0,0.0,0.0,0.0,0.0,0.0,0.0,0.0,0.0,0.0,0.0,0.0,0.0,0.0,0.0,0.0,0.0,0.0,0.0,0.0,0.0,0.0,0.0,0.0,0.0,0.0,0.0,0.0,0.0,0.0,0.0,0.0] [1311.2619900786005,1321.8202200865917,1332.463464547639,1343.19240799478,1354.0077404728797,1364.9101575830227,1375.9003605272408,1386.9790561536227,1398.1469570017646,1409.4047813486081,1420.7532532546286,1432.193102610412,1443.7250651835902,1455.3498826661717,1467.068302722235,1478.881079036026,1490.78897136042,1502.7927455657994,1514.8931736892998,1527.0910339844697,1539.3871109713293,1551.7821954868166,1564.2770847356642,1576.872582341659,1589.569498399342,1602.368649526097,1615.270858914685,1628.2769563861766,1641.3877784433362,1654.6041683244075,1667.9269760573632,1681.3570585145608,1694.895279467867,1708.5425096441993,1722.2996267815402,1736.1675156853773,1750.1470682856248,1764.2391836939755,1778.4447682617345,1792.7647356381167,1807.2000068289992,1821.7515102561672,1836.4201818170154,1851.2069649447558,1866.112810669078,1881.1386776773347,1896.285532376183,1911.5543489537563,1926.9461094423048,1942.4618037813711,1958.1024298814455,1973.8689936881608,1989.7625092469793,2005.7839987684179,2021.9344926937952,2038.215029761504,2054.626657073813,2071.1704301642176,2087.8474130653335,2104.6586783773164,2121.605307336866,2138.6883898867477,2155.9090247459117,2173.268319480143,2190.767390573309,2208.407363499154,2226.1893727937027,2244.1145621282076,2262.184084382728,2280.399101720259,2298.7607856614945,2317.2703171601615,2335.9288866789793,2354.7376942662327,2373.6979496329395,2392.810872230673,2412.077691329971,2431.4996460994216,2451.0779856853383,2470.813969292122,2490.7088662632277,2510.763956162824,2530.9805288580706,2551.359884602096,2571.9033341176064,2592.612198681206,2613.487810208354,2634.5315113390543,2655.7446555241822,2677.1286071125573,2698.6847414386757,2720.4144449111714,2742.319115101994,2764.4001608362782,2786.6590022829737,2809.097071046162,2831.715810257159,2854.5166746673017,2877.5011307415425,2900.67065675274,2924.0267428767575,2947.570891288285,2971.304616257478,2995.22944424732,3019.346914011829,3043.658576695001,3068.1659959305807,3092.870747942638,3117.7744216469364,3142.87861875312,3168.1849538677375,3193.695054598094,3219.410561656912,3245.333128967883,3271.4644237720117,3297.806126734876,3324.3599320546946,3351.1275475713155,3378.1106948760344,3405.3111094223436,3432.7305406375262,3460.3707520352004,3488.23352132871,3516.320640545493,3544.6339161423107,3573.1751691214417,3601.9462351478164,3630.9489646670518,3660.1852230244945,3689.6568905851636,3719.3658628547196,3749.3140506013438,3779.5033799786634,3809.935792649603,3840.6132459112973,3871.5377128209448,3902.7111823227383,3934.135659375755,3965.8131650829396,3997.7457368210635,4029.9354283717907,4062.3843100537392,4095.0944688556665,4128.068008570669,4161.3070499315045,4194.813730746993,4228.590206039511,4262.638648183577,4296.961247045588,4331.560210124669,4366.437762694626,4401.596147947099,4437.037627135803,4472.764479721992,4508.779003521039,4545.083514850253,4581.680348677821,4618.571858773019,4655.7604178575675,4693.248417758249,4731.038269560753,4769.132403764733,4807.533270440121,4846.243339384716,4885.265100283049,4924.601062866471,4964.253757074609,5004.22573321805,5044.519562142395,5085.137835393579,5126.08316538458,5167.3581855634,5208.965550582488,5250.907936469426,5293.188040799074,5335.808582867062,5378.772303864684,5422.081967055189,5465.740357951513,5509.7502844954415,5554.1145772382,5598.836089522486,5643.917697666003,5689.362301146471,5735.17282278806,5781.352208949439,5827.903429713208,5874.829479076986,5922.133375145914,5969.818160326825,6017.886901523867,6066.342690335802,6115.188643254807,6164.427901866934,6214.06363305417,6264.099029198114,6314.537308385285,6365.381714614103,6416.635518003553,6468.302015003491,6520.384528606639,6572.88640856233,6625.811031591967,6679.16180160615,6732.942149923667,6787.155535492116,6841.805445110439,6896.895393653112,6952.428924296275,7008.409608745552,7064.841047465831,7121.726869912778,7179.070734766296,7236.876330165845,7295.147373947643,7353.887613883764,7413.100827923194,7472.790824434837,7532.961442452409,7593.616551921397,7654.7600539479145,7716.395881049652,7778.527997408752,7841.160399126823,7904.2971144818985,7967.94220418758,8032.099761654146,8096.773913251861,8161.968818576374,8227.688670716232,8293.937696522553,8360.720156880894,8428.04034698531,8495.90259661459,8564.311270410717,8633.270768159597,8702.785525074065,8772.860012079082,8843.498736099358,8914.706240349144,8986.487104624512,9058.845945597834,9131.787417114787,9205.31621049359,9279.437054826807,9354.154717285446,9429.47400342559,9505.399757497484,9581.936862757088,9659.090241780126,9736.864856778713,9815.265709920519,9894.297843650465,9973.966341015032,10054.276325989182,10135.232963805956,10216.841461288606,10299.107067185563,10382.035072507933,10465.630810869876,10549.89965883156,10634.84703624505,10720.478406602804,10806.799277389146,10893.815200434417,10981.531772272076,11069.954634498676,11159.08947413668,11248.94202400021,11339.518063063782,11430.823416834026,11522.863957724268,11615.64560543233,11709.174327321158,11803.456138802712,11898.49710372478,11994.303334761045,12090.880993804161,12188.23629236214,12286.375491957784,12385.304904531427,12485.030892846919,12585.55987090084,12686.898304334996,12789.052710852275,12892.029660635888,12995.8357767719,13100.477735675182,13205.962267518828,13312.296156667053,13419.486242111492,13527.539417911097,13636.462633635434,13746.262894811807,13856.947263375758,13968.522858125163,14080.996855178266,14194.376488435144,14308.66905004285,14423.881890864615] 0.31126199007860056 [Infinity,Infinity,Infinity,Infinity,Infinity,Infinity,Infinity,Infinity,Infinity,Infinity,Infinity,Infinity,Infinity,Infinity,Infinity,Infinity,Infinity,Infinity,Infinity,Infinity,Infinity,Infinity,Infinity,Infinity,Infinity,Infinity,Infinity,Infinity,Infinity,Infinity,Infinity,Infinity,Infinity,Infinity,Infinity,Infinity,Infinity,Infinity,Infinity,Infinity,Infinity,Infinity,Infinity,Infinity,Infinity,Infinity,Infinity,Infinity,Infinity,Infinity,Infinity,Infinity,Infinity,Infinity,Infinity,Infinity,Infinity,Infinity,Infinity,Infinity,Infinity,Infinity,Infinity,Infinity,Infinity,Infinity,Infinity,Infinity,Infinity,Infinity,Infinity,Infinity,Infinity,Infinity,Infinity,Infinity,Infinity,Infinity,Infinity,Infinity,Infinity,Infinity,Infinity,Infinity,Infinity,Infinity,Infinity,Infinity,Infinity,Infinity,Infinity,Infinity,Infinity,Infinity,Infinity,Infinity,Infinity,Infinity,Infinity,Infinity,Infinity,Infinity,Infinity,Infinity,Infinity,Infinity,Infinity,Infinity,Infinity,Infinity,Infinity,Infinity,Infinity,Infinity,Infinity,Infinity,Infinity,Infinity,Infinity,Infinity,Infinity,Infinity,Infinity,Infinity,Infinity,Infinity,Infinity,Infinity,Infinity,Infinity,Infinity,Infinity,Infinity,Infinity,Infinity,Infinity,Infinity,Infinity,Infinity,Infinity,Infinity,Infinity,Infinity,Infinity,Infinity,Infinity,Infinity,Infinity,Infinity,Infinity,Infinity,Infinity,Infinity,Infinity,Infinity,Infinity,Infinity,Infinity,Infinity,Infinity,Infinity,Infinity,Infinity,Infinity,Infinity,Infinity,Infinity,Infinity,Infinity,Infinity,Infinity,Infinity,Infinity,Infinity,Infinity,Infinity,Infinity,Infinity,Infinity,Infinity,Infinity,Infinity,Infinity,Infinity,Infinity,Infinity,Infinity,Infinity,Infinity,Infinity,Infinity,Infinity,Infinity,Infinity,Infinity,Infinity,Infinity,Infinity,Infinity,Infinity,Infinity,Infinity,Infinity,Infinity,Infinity,Infinity,Infinity,Infinity,Infinity,Infinity,Infinity,Infinity,Infinity,Infinity,Infinity,Infinity,Infinity,Infinity,Infinity,Infinity,Infinity,Infinity,Infinity,Infinity,Infinity,Infinity,Infinity,Infinity,Infinity,Infinity,Infinity,Infinity,Infinity,Infinity,Infinity,Infinity,Infinity,Infinity,Infinity,Infinity,Infinity,Infinity,Infinity,Infinity,Infinity,Infinity,Infinity,Infinity,Infinity,Infinity,Infinity,Infinity,Infinity,Infinity,Infinity,Infinity,Infinity,Infinity,Infinity,Infinity,Infinity,Infinity,Infinity,Infinity,Infinity,Infinity,Infinity,Infinity,Infinity,Infinity,Infinity,Infinity,Infinity,Infinity,Infinity,Infinity,Infinity,Infinity,Infinity,Infinity,Infinity,Infinity,Infinity,Infinity,Infinity,Infinity,Infinity,Infinity,Infinity,Infinity,Infinity,Infinity,Infinity,Infinity,Infinity,Infinity,Infinity,Infinity,Infinity,Infinity] [0.0,0.0,0.0,0.0,0.0,0.0,0.0,0.0,0.0,0.0,0.0,0.0,0.0,0.0,0.0,0.0,0.0,0.0,0.0,0.0,0.0,0.0,0.0,0.0,0.0,0.0,0.0,0.0,0.0,0.0,0.0,0.0,0.0,0.0,0.0,0.0,0.0,0.0,0.0,0.0,0.0,0.0,0.0,0.0,0.0,0.0,0.0,0.0,0.0,0.0,0.0,0.0,0.0,0.0,0.0,0.0,0.0,0.0,0.0,0.0,0.0,0.0,0.0,0.0,0.0,0.0,0.0,0.0,0.0,0.0,0.0,0.0,0.0,0.0,0.0,0.0,0.0,0.0,0.0,0.0,0.0,0.0,0.0,0.0,0.0,0.0,0.0,0.0,0.0,0.0,0.0,0.0,0.0,0.0,0.0,0.0,0.0,0.0,0.0,0.0,0.0,0.0,0.0,0.0,0.0,0.0,0.0,0.0,0.0,0.0,0.0,0.0,0.0,0.0,0.0,0.0,0.0,0.0,0.0,0.0,0.0,0.0,0.0,0.0,0.0,0.0,0.0,0.0,0.0,0.0,0.0,0.0,0.0,0.0,0.0,0.0,0.0,0.0,0.0,0.0,0.0,0.0,0.0,0.0,0.0,0.0,0.0,0.0,0.0,0.0,0.0,0.0,0.0,0.0,0.0,0.0,0.0,0.0,0.0,0.0,0.0,0.0,0.0,0.0,0.0,0.0,0.0,0.0,0.0,0.0,0.0,0.0,0.0,0.0,0.0,0.0,0.0,0.0,0.0,0.0,0.0,0.0,0.0,0.0,0.0,0.0,0.0,0.0,0.0,0.0,0.0,0.0,0.0,0.0,0.0,0.0,0.0,0.0,0.0,0.0,0.0,0.0,0.0,0.0,0.0,0.0,0.0,0.0,0.0,0.0,0.0,0.0,0.0,0.0,0.0,0.0,0.0,0.0,0.0,0.0,0.0,0.0,0.0,0.0,0.0,0.0,0.0,0.0,0.0,0.0,0.0,0.0,0.0,0.0,0.0,0.0,0.0,0.0,0.0,0.0,0.0,0.0,0.0,0.0,0.0,0.0,0.0,0.0,0.0,0.0,0.0,0.0,0.0,0.0,0.0,0.0,0.0,0.0,0.0,0.0,0.0,0.0,0.0,0.0,0.0,0.0,0.0,0.0,0.0,0.0,0.0,0.0,0.0,0.0,0.0,0.0,0.0,0.0,0.0,0.0,0.0,0.0,0.0,0.0,0.0,0.0,0.0,0.0,0.0,0.0,0.0,0.0,0.0,0.0,0.0,0.0,0.0,0.0,0.0,0.0]
56413.37229513358 [0.0,0.0,0.0,0.0,0.0,0.0,0.0,0.0,0.0,0.0,0.0,0.0,0.0,0.0,0.0,0.0,0.0,0.0,0.0,0.0,0.0,0.0,0.0,0.0,0.0,0.0,0.0,0.0,0.0,0.0,0.0,0.0,0.0,0.0,0.0,0.0,0.0,0.0,0.0,0.0,0.0,0.0,0.0,0.0,0.0,0.0,0.0,0.0,0.0,0.0,0.0,0.0,0.0,0.0,0.0,0.0,0.0,0.0,0.0,0.0,0.0,0.0,0.0,0.0,0.0,0.0,0.0,0.0,0.0,0.0,0.0,0.0,0.0,0.0,0.0,0.0,0.0,0.0,0.0,0.0,0.0,0.0,0.0,0.0,0.0,0.0,0.0,0.0,0.0,0.0,0.0,0.0,0.0,0.0,0.0,0.0,0.0,0.0,0.0,0.0,0.0,0.0,0.0,0.0,0.0,0.0,0.0,0.0,0.0,0.0,0.0,0.0,0.0,0.0,0.0,0.0,0.0,0.0,0.0,0.0,0.0,0.0,0.0,0.0,0.0,0.0,0.0,0.0,0.0,0.0,0.0,0.0,0.0,0.0,0.0,0.0,0.0,0.0,0.0,0.0,0.0,0.0,0.0,0.0,0.0,0.0,0.0,0.0,0.0,0.0,0.0,0.0,0.0,0.0,0.0,0.0,0.0,0.0,0.0,0.0,0.0,0.0,0.0,0.0,0.0,0.0,0.0,0.0,0.0,0.0,0.0,0.0,0.0,0.0,0.0,0.0,0.0,0.0,0.0,0.0,0.0,0.0,0.0,0.0,0.0,0.0,0.0,0.0,0.0,0.0,0.0,0.0,0.0,0.0,0.0,0.0,0.0,0.0,0.0,0.0,0.0,0.0,0.0,0.0,0.0,0.0,0.0,0.0,0.0,0.0,0.0,0.0,0.0,0.0,0.0,0.0,0.0,0.0,0.0,0.0,0.0,0.0,0.0,0.0,0.0,0.0,0.0,0.0,0.0,0.0,0.0,0.0,0.0,0.0,0.0,0.0,0.0,0.0,0.0,0.0,0.0,0.0,0.0,0.0,0.0,0.0,0.0,0.0,0.0,0.0,0.0,0.0,0.0,0.0,0.0,0.0,0.0,0.0,0.0,0.0,0.0,0.0,0.0,0.0,0.0,0.0,0.0,0.0,0.0,0.0,0.0,0.0,0.0,0.0,0.0,0.0,0.0,0.0,0.0,0.0,0.0,0.0,0.0,0.0,0.0,0.0,0.0,0.0,0.0,0.0,0.0,0.0,0.0,0.0,0.0,0.0,0.0,0.0,0.0,0.0] [1311.2619900786005,1321.8202200865917,1332.463464547639,1343.19240799478,1354.0077404728797,1364.9101575830227,1375.9003605272408,1386.9790561536227,1398.1469570017646,1409.4047813486081,1420.7532532546286,1432.193102610412,1443.7250651835902,1455.3498826661717,1467.068302722235,1478.881079036026,1490.78897136042,1502.7927455657994,1514.8931736892998,1527.0910339844697,1539.3871109713293,1551.7821954868166,1564.2770847356642,1576.872582341659,1589.569498399342,1602.368649526097,1615.270858914685,1628.2769563861766,1641.3877784433362,1654.6041683244075,1667.9269760573632,1681.3570585145608,1694.895279467867,1708.5425096441993,1722.2996267815402,1736.1675156853773,1750.1470682856248,1764.2391836939755,1778.4447682617345,1792.7647356381167,1807.2000068289992,1821.7515102561672,1836.4201818170154,1851.2069649447558,1866.112810669078,1881.1386776773347,1896.285532376183,1911.5543489537563,1926.9461094423048,1942.4618037813711,1958.1024298814455,1973.8689936881608,1989.7625092469793,2005.7839987684179,2021.9344926937952,2038.215029761504,2054.626657073813,2071.1704301642176,2087.8474130653335,2104.6586783773164,2121.605307336866,2138.6883898867477,2155.9090247459117,2173.268319480143,2190.767390573309,2208.407363499154,2226.1893727937027,2244.1145621282076,2262.184084382728,2280.399101720259,2298.7607856614945,2317.2703171601615,2335.9288866789793,2354.7376942662327,2373.6979496329395,2392.810872230673,2412.077691329971,2431.4996460994216,2451.0779856853383,2470.813969292122,2490.7088662632277,2510.763956162824,2530.9805288580706,2551.359884602096,2571.9033341176064,2592.612198681206,2613.487810208354,2634.5315113390543,2655.7446555241822,2677.1286071125573,2698.6847414386757,2720.4144449111714,2742.319115101994,2764.4001608362782,2786.6590022829737,2809.097071046162,2831.715810257159,2854.5166746673017,2877.5011307415425,2900.67065675274,2924.0267428767575,2947.570891288285,2971.304616257478,2995.22944424732,3019.346914011829,3043.658576695001,3068.1659959305807,3092.870747942638,3117.7744216469364,3142.87861875312,3168.1849538677375,3193.695054598094,3219.410561656912,3245.333128967883,3271.4644237720117,3297.806126734876,3324.3599320546946,3351.1275475713155,3378.1106948760344,3405.3111094223436,3432.7305406375262,3460.3707520352004,3488.23352132871,3516.320640545493,3544.6339161423107,3573.1751691214417,3601.9462351478164,3630.9489646670518,3660.1852230244945,3689.6568905851636,3719.3658628547196,3749.3140506013438,3779.5033799786634,3809.935792649603,3840.6132459112973,3871.5377128209448,3902.7111823227383,3934.135659375755,3965.8131650829396,3997.7457368210635,4029.9354283717907,4062.3843100537392,4095.0944688556665,4128.068008570669,4161.3070499315045,4194.813730746993,4228.590206039511,4262.638648183577,4296.961247045588,4331.560210124669,4366.437762694626,4401.596147947099,4437.037627135803,4472.764479721992,4508.779003521039,4545.083514850253,4581.680348677821,4618.571858773019,4655.7604178575675,4693.248417758249,4731.038269560753,4769.132403764733,4807.533270440121,4846.243339384716,4885.265100283049,4924.601062866471,4964.253757074609,5004.22573321805,5044.519562142395,5085.137835393579,5126.08316538458,5167.3581855634,5208.965550582488,5250.907936469426,5293.188040799074,5335.808582867062,5378.772303864684,5422.081967055189,5465.740357951513,5509.7502844954415,5554.1145772382,5598.836089522486,5643.917697666003,5689.362301146471,5735.17282278806,5781.352208949439,5827.903429713208,5874.829479076986,5922.133375145914,5969.818160326825,6017.886901523867,6066.342690335802,6115.188643254807,6164.427901866934,6214.06363305417,6264.099029198114,6314.537308385285,6365.381714614103,6416.635518003553,6468.302015003491,6520.384528606639,6572.88640856233,6625.811031591967,6679.16180160615,6732.942149923667,6787.155535492116,6841.805445110439,6896.895393653112,6952.428924296275,7008.409608745552,7064.841047465831,7121.726869912778,7179.070734766296,7236.876330165845,7295.147373947643,7353.887613883764,7413.100827923194,7472.790824434837,7532.961442452409,7593.616551921397,7654.7600539479145,7716.395881049652,7778.527997408752,7841.160399126823,7904.2971144818985,7967.94220418758,8032.099761654146,8096.773913251861,8161.968818576374,8227.688670716232,8293.937696522553,8360.720156880894,8428.04034698531,8495.90259661459,8564.311270410717,8633.270768159597,8702.785525074065,8772.860012079082,8843.498736099358,8914.706240349144,8986.487104624512,9058.845945597834,9131.787417114787,9205.31621049359,9279.437054826807,9354.154717285446,9429.47400342559,9505.399757497484,9581.936862757088,9659.090241780126,9736.864856778713,9815.265709920519,9894.297843650465,9973.966341015032,10054.276325989182,10135.232963805956,10216.841461288606,10299.107067185563,10382.035072507933,10465.630810869876,10549.89965883156,10634.84703624505,10720.478406602804,10806.799277389146,10893.815200434417,10981.531772272076,11069.954634498676,11159.08947413668,11248.94202400021,11339.518063063782,11430.823416834026,11522.863957724268,11615.64560543233,11709.174327321158,11803.456138802712,11898.49710372478,11994.303334761045,12090.880993804161,12188.23629236214,12286.375491957784,12385.304904531427,12485.030892846919,12585.55987090084,12686.898304334996,12789.052710852275,12892.029660635888,12995.8357767719,13100.477735675182,13205.962267518828,13312.296156667053,13419.486242111492,13527.539417911097,13636.462633635434,13746.262894811807,13856.947263375758,13968.522858125163,14080.996855178266,14194.376488435144,14308.66905004285,14423.881890864615] 0.31126199007860056 [Infinity,Infinity,Infinity,Infinity,Infinity,Infinity,Infinity,Infinity,Infinity,Infinity,Infinity,Infinity,Infinity,Infinity,Infinity,Infinity,Infinity,Infinity,Infinity,Infinity,Infinity,Infinity,Infinity,Infinity,Infinity,Infinity,Infinity,Infinity,Infinity,Infinity,Infinity,Infinity,Infinity,Infinity,Infinity,Infinity,Infinity,Infinity,Infinity,Infinity,Infinity,Infinity,Infinity,Infinity,Infinity,Infinity,Infinity,Infinity,Infinity,Infinity,Infinity,Infinity,Infinity,Infinity,Infinity,Infinity,Infinity,Infinity,Infinity,Infinity,Infinity,Infinity,Infinity,Infinity,Infinity,Infinity,Infinity,Infinity,Infinity,Infinity,Infinity,Infinity,Infinity,Infinity,Infinity,Infinity,Infinity,Infinity,Infinity,Infinity,Infinity,Infinity,Infinity,Infinity,Infinity,Infinity,Infinity,Infinity,Infinity,Infinity,Infinity,Infinity,Infinity,Infinity,Infinity,Infinity,Infinity,Infinity,Infinity,Infinity,Infinity,Infinity,Infinity,Infinity,Infinity,Infinity,Infinity,Infinity,Infinity,Infinity,Infinity,Infinity,Infinity,Infinity,Infinity,Infinity,Infinity,Infinity,Infinity,Infinity,Infinity,Infinity,Infinity,Infinity,Infinity,Infinity,Infinity,Infinity,Infinity,Infinity,Infinity,Infinity,Infinity,Infinity,Infinity,Infinity,Infinity,Infinity,Infinity,Infinity,Infinity,Infinity,Infinity,Infinity,Infinity,Infinity,Infinity,Infinity,Infinity,Infinity,Infinity,Infinity,Infinity,Infinity,Infinity,Infinity,Infinity,Infinity,Infinity,Infinity,Infinity,Infinity,Infinity,Infinity,Infinity,Infinity,Infinity,Infinity,Infinity,Infinity,Infinity,Infinity,Infinity,Infinity,Infinity,Infinity,Infinity,Infinity,Infinity,Infinity,Infinity,Infinity,Infinity,Infinity,Infinity,Infinity,Infinity,Infinity,Infinity,Infinity,Infinity,Infinity,Infinity,Infinity,Infinity,Infinity,Infinity,Infinity,Infinity,Infinity,Infinity,Infinity,Infinity,Infinity,Infinity,Infinity,Infinity,Infinity,Infinity,Infinity,Infinity,Infinity,Infinity,Infinity,Infinity,Infinity,Infinity,Infinity,Infinity,Infinity,Infinity,Infinity,Infinity,Infinity,Infinity,Infinity,Infinity,Infinity,Infinity,Infinity,Infinity,Infinity,Infinity,Infinity,Infinity,Infinity,Infinity,Infinity,Infinity,Infinity,Infinity,Infinity,Infinity,Infinity,Infinity,Infinity,Infinity,Infinity,Infinity,Infinity,Infinity,Infinity,Infinity,Infinity,Infinity,Infinity,Infinity,Infinity,Infinity,Infinity,Infinity,Infinity,Infinity,Infinity,Infinity,Infinity,Infinity,Infinity,Infinity,Infinity,Infinity,Infinity,Infinity,Infinity,Infinity,Infinity,Infinity,Infinity,Infinity,Infinity,Infinity,Infinity,Infinity,Infinity,Infinity,Infinity,Infinity,Infinity,Infinity,Infinity,Infinity,Infinity,Infinity,Infinity,Infinity,Infinity,Infinity,Infinity,Infinity,Infinity] [0.0,0.0,0.0,0.0,0.0,0.0,0.0,0.0,0.0,0.0,0.0,0.0,0.0,0.0,0.0,0.0,0.0,0.0,0.0,0.0,0.0,0.0,0.0,0.0,0.0,0.0,0.0,0.0,0.0,0.0,0.0,0.0,0.0,0.0,0.0,0.0,0.0,0.0,0.0,0.0,0.0,0.0,0.0,0.0,0.0,0.0,0.0,0.0,0.0,0.0,0.0,0.0,0.0,0.0,0.0,0.0,0.0,0.0,0.0,0.0,0.0,0.0,0.0,0.0,0.0,0.0,0.0,0.0,0.0,0.0,0.0,0.0,0.0,0.0,0.0,0.0,0.0,0.0,0.0,0.0,0.0,0.0,0.0,0.0,0.0,0.0,0.0,0.0,0.0,0.0,0.0,0.0,0.0,0.0,0.0,0.0,0.0,0.0,0.0,0.0,0.0,0.0,0.0,0.0,0.0,0.0,0.0,0.0,0.0,0.0,0.0,0.0,0.0,0.0,0.0,0.0,0.0,0.0,0.0,0.0,0.0,0.0,0.0,0.0,0.0,0.0,0.0,0.0,0.0,0.0,0.0,0.0,0.0,0.0,0.0,0.0,0.0,0.0,0.0,0.0,0.0,0.0,0.0,0.0,0.0,0.0,0.0,0.0,0.0,0.0,0.0,0.0,0.0,0.0,0.0,0.0,0.0,0.0,0.0,0.0,0.0,0.0,0.0,0.0,0.0,0.0,0.0,0.0,0.0,0.0,0.0,0.0,0.0,0.0,0.0,0.0,0.0,0.0,0.0,0.0,0.0,0.0,0.0,0.0,0.0,0.0,0.0,0.0,0.0,0.0,0.0,0.0,0.0,0.0,0.0,0.0,0.0,0.0,0.0,0.0,0.0,0.0,0.0,0.0,0.0,0.0,0.0,0.0,0.0,0.0,0.0,0.0,0.0,0.0,0.0,0.0,0.0,0.0,0.0,0.0,0.0,0.0,0.0,0.0,0.0,0.0,0.0,0.0,0.0,0.0,0.0,0.0,0.0,0.0,0.0,0.0,0.0,0.0,0.0,0.0,0.0,0.0,0.0,0.0,0.0,0.0,0.0,0.0,0.0,0.0,0.0,0.0,0.0,0.0,0.0,0.0,0.0,0.0,0.0,0.0,0.0,0.0,0.0,0.0,0.0,0.0,0.0,0.0,0.0,0.0,0.0,0.0,0.0,0.0,0.0,0.0,0.0,0.0,0.0,0.0,0.0,0.0,0.0,0.0,0.0,0.0,0.0,0.0,0.0,0.0,0.0,0.0,0.0,0.0,0.0,0.0,0.0,0.0,0.0,0.0]
56142.10089520771 [0.0,0.0,0.0,0.0,0.0,0.0,0.0,0.0,0.0,0.0,0.0,0.0,0.0,0.0,0.0,0.0,0.0,0.0,0.0,0.0,0.0,0.0,0.0,0.0,0.0,0.0,0.0,0.0,0.0,0.0,0.0,0.0,0.0,0.0,0.0,0.0,0.0,0.0,0.0,0.0,0.0,0.0,0.0,0.0,0.0,0.0,0.0,0.0,0.0,0.0,0.0,0.0,0.0,0.0,0.0,0.0,0.0,0.0,0.0,0.0,0.0,0.0,0.0,0.0,0.0,0.0,0.0,0.0,0.0,0.0,0.0,0.0,0.0,0.0,0.0,0.0,0.0,0.0,0.0,0.0,0.0,0.0,0.0,0.0,0.0,0.0,0.0,0.0,0.0,0.0,0.0,0.0,0.0,0.0,0.0,0.0,0.0,0.0,0.0,0.0,0.0,0.0,0.0,0.0,0.0,0.0,0.0,0.0,0.0,0.0,0.0,0.0,0.0,0.0,0.0,0.0,0.0,0.0,0.0,0.0,0.0,0.0,0.0,0.0,0.0,0.0,0.0,0.0,0.0,0.0,0.0,0.0,0.0,0.0,0.0,0.0,0.0,0.0,0.0,0.0,0.0,0.0,0.0,0.0,0.0,0.0,0.0,0.0,0.0,0.0,0.0,0.0,0.0,0.0,0.0,0.0,0.0,0.0,0.0,0.0,0.0,0.0,0.0,0.0,0.0,0.0,0.0,0.0,0.0,0.0,0.0,0.0,0.0,0.0,0.0,0.0,0.0,0.0,0.0,0.0,0.0,0.0,0.0,0.0,0.0,0.0,0.0,0.0,0.0,0.0,0.0,0.0,0.0,0.0,0.0,0.0,0.0,0.0,0.0,0.0,0.0,0.0,0.0,0.0,0.0,0.0,0.0,0.0,0.0,0.0,0.0,0.0,0.0,0.0,0.0,0.0,0.0,0.0,0.0,0.0,0.0,0.0,0.0,0.0,0.0,0.0,0.0,0.0,0.0,0.0,0.0,0.0,0.0,0.0,0.0,0.0,0.0,0.0,0.0,0.0,0.0,0.0,0.0,0.0,0.0,0.0,0.0,0.0,0.0,0.0,0.0,0.0,0.0,0.0,0.0,0.0,0.0,0.0,0.0,0.0,0.0,0.0,0.0,0.0,0.0,0.0,0.0,0.0,0.0,0.0,0.0,0.0,0.0,0.0,0.0,0.0,0.0,0.0,0.0,0.0,0.0,0.0,0.0,0.0,0.0,0.0,0.0,0.0,0.0,0.0,0.0,0.0,0.0,0.0,0.0,0.0,0.0,0.0,0.0,0.0] [1311.2619900786005,1321.8202200865917,1332.463464547639,1343.19240799478,1354.0077404728797,1364.9101575830227,1375.9003605272408,1386.9790561536227,1398.1469570017646,1409.4047813486081,1420.7532532546286,1432.193102610412,1443.7250651835902,1455.3498826661717,1467.068302722235,1478.881079036026,1490.78897136042,1502.7927455657994,1514.8931736892998,1527.0910339844697,1539.3871109713293,1551.7821954868166,1564.2770847356642,1576.872582341659,1589.569498399342,1602.368649526097,1615.270858914685,1628.2769563861766,1641.3877784433362,1654.6041683244075,1667.9269760573632,1681.3570585145608,1694.895279467867,1708.5425096441993,1722.2996267815402,1736.1675156853773,1750.1470682856248,1764.2391836939755,1778.4447682617345,1792.7647356381167,1807.2000068289992,1821.7515102561672,1836.4201818170154,1851.2069649447558,1866.112810669078,1881.1386776773347,1896.285532376183,1911.5543489537563,1926.9461094423048,1942.4618037813711,1958.1024298814455,1973.8689936881608,1989.7625092469793,2005.7839987684179,2021.9344926937952,2038.215029761504,2054.626657073813,2071.1704301642176,2087.8474130653335,2104.6586783773164,2121.605307336866,2138.6883898867477,2155.9090247459117,2173.268319480143,2190.767390573309,2208.407363499154,2226.1893727937027,2244.1145621282076,2262.184084382728,2280.399101720259,2298.7607856614945,2317.2703171601615,2335.9288866789793,2354.7376942662327,2373.6979496329395,2392.810872230673,2412.077691329971,2431.4996460994216,2451.0779856853383,2470.813969292122,2490.7088662632277,2510.763956162824,2530.9805288580706,2551.359884602096,2571.9033341176064,2592.612198681206,2613.487810208354,2634.5315113390543,2655.7446555241822,2677.1286071125573,2698.6847414386757,2720.4144449111714,2742.319115101994,2764.4001608362782,2786.6590022829737,2809.097071046162,2831.715810257159,2854.5166746673017,2877.5011307415425,2900.67065675274,2924.0267428767575,2947.570891288285,2971.304616257478,2995.22944424732,3019.346914011829,3043.658576695001,3068.1659959305807,3092.870747942638,3117.7744216469364,3142.87861875312,3168.1849538677375,3193.695054598094,3219.410561656912,3245.333128967883,3271.4644237720117,3297.806126734876,3324.3599320546946,3351.1275475713155,3378.1106948760344,3405.3111094223436,3432.7305406375262,3460.3707520352004,3488.23352132871,3516.320640545493,3544.6339161423107,3573.1751691214417,3601.9462351478164,3630.9489646670518,3660.1852230244945,3689.6568905851636,3719.3658628547196,3749.3140506013438,3779.5033799786634,3809.935792649603,3840.6132459112973,3871.5377128209448,3902.7111823227383,3934.135659375755,3965.8131650829396,3997.7457368210635,4029.9354283717907,4062.3843100537392,4095.0944688556665,4128.068008570669,4161.3070499315045,4194.813730746993,4228.590206039511,4262.638648183577,4296.961247045588,4331.560210124669,4366.437762694626,4401.596147947099,4437.037627135803,4472.764479721992,4508.779003521039,4545.083514850253,4581.680348677821,4618.571858773019,4655.7604178575675,4693.248417758249,4731.038269560753,4769.132403764733,4807.533270440121,4846.243339384716,4885.265100283049,4924.601062866471,4964.253757074609,5004.22573321805,5044.519562142395,5085.137835393579,5126.08316538458,5167.3581855634,5208.965550582488,5250.907936469426,5293.188040799074,5335.808582867062,5378.772303864684,5422.081967055189,5465.740357951513,5509.7502844954415,5554.1145772382,5598.836089522486,5643.917697666003,5689.362301146471,5735.17282278806,5781.352208949439,5827.903429713208,5874.829479076986,5922.133375145914,5969.818160326825,6017.886901523867,6066.342690335802,6115.188643254807,6164.427901866934,6214.06363305417,6264.099029198114,6314.537308385285,6365.381714614103,6416.635518003553,6468.302015003491,6520.384528606639,6572.88640856233,6625.811031591967,6679.16180160615,6732.942149923667,6787.155535492116,6841.805445110439,6896.895393653112,6952.428924296275,7008.409608745552,7064.841047465831,7121.726869912778,7179.070734766296,7236.876330165845,7295.147373947643,7353.887613883764,7413.100827923194,7472.790824434837,7532.961442452409,7593.616551921397,7654.7600539479145,7716.395881049652,7778.527997408752,7841.160399126823,7904.2971144818985,7967.94220418758,8032.099761654146,8096.773913251861,8161.968818576374,8227.688670716232,8293.937696522553,8360.720156880894,8428.04034698531,8495.90259661459,8564.311270410717,8633.270768159597,8702.785525074065,8772.860012079082,8843.498736099358,8914.706240349144,8986.487104624512,9058.845945597834,9131.787417114787,9205.31621049359,9279.437054826807,9354.154717285446,9429.47400342559,9505.399757497484,9581.936862757088,9659.090241780126,9736.864856778713,9815.265709920519,9894.297843650465,9973.966341015032,10054.276325989182,10135.232963805956,10216.841461288606,10299.107067185563,10382.035072507933,10465.630810869876,10549.89965883156,10634.84703624505,10720.478406602804,10806.799277389146,10893.815200434417,10981.531772272076,11069.954634498676,11159.08947413668,11248.94202400021,11339.518063063782,11430.823416834026,11522.863957724268,11615.64560543233,11709.174327321158,11803.456138802712,11898.49710372478,11994.303334761045,12090.880993804161,12188.23629236214,12286.375491957784,12385.304904531427,12485.030892846919,12585.55987090084,12686.898304334996,12789.052710852275,12892.029660635888,12995.8357767719,13100.477735675182,13205.962267518828,13312.296156667053,13419.486242111492,13527.539417911097,13636.462633635434,13746.262894811807,13856.947263375758,13968.522858125163,14080.996855178266,14194.376488435144,14308.66905004285,14423.881890864615] 0.31126199007860056 [Infinity,Infinity,Infinity,Infinity,Infinity,Infinity,Infinity,Infinity,Infinity,Infinity,Infinity,Infinity,Infinity,Infinity,Infinity,Infinity,Infinity,Infinity,Infinity,Infinity,Infinity,Infinity,Infinity,Infinity,Infinity,Infinity,Infinity,Infinity,Infinity,Infinity,Infinity,Infinity,Infinity,Infinity,Infinity,Infinity,Infinity,Infinity,Infinity,Infinity,Infinity,Infinity,Infinity,Infinity,Infinity,Infinity,Infinity,Infinity,Infinity,Infinity,Infinity,Infinity,Infinity,Infinity,Infinity,Infinity,Infinity,Infinity,Infinity,Infinity,Infinity,Infinity,Infinity,Infinity,Infinity,Infinity,Infinity,Infinity,Infinity,Infinity,Infinity,Infinity,Infinity,Infinity,Infinity,Infinity,Infinity,Infinity,Infinity,Infinity,Infinity,Infinity,Infinity,Infinity,Infinity,Infinity,Infinity,Infinity,Infinity,Infinity,Infinity,Infinity,Infinity,Infinity,Infinity,Infinity,Infinity,Infinity,Infinity,Infinity,Infinity,Infinity,Infinity,Infinity,Infinity,Infinity,Infinity,Infinity,Infinity,Infinity,Infinity,Infinity,Infinity,Infinity,Infinity,Infinity,Infinity,Infinity,Infinity,Infinity,Infinity,Infinity,Infinity,Infinity,Infinity,Infinity,Infinity,Infinity,Infinity,Infinity,Infinity,Infinity,Infinity,Infinity,Infinity,Infinity,Infinity,Infinity,Infinity,Infinity,Infinity,Infinity,Infinity,Infinity,Infinity,Infinity,Infinity,Infinity,Infinity,Infinity,Infinity,Infinity,Infinity,Infinity,Infinity,Infinity,Infinity,Infinity,Infinity,Infinity,Infinity,Infinity,Infinity,Infinity,Infinity,Infinity,Infinity,Infinity,Infinity,Infinity,Infinity,Infinity,Infinity,Infinity,Infinity,Infinity,Infinity,Infinity,Infinity,Infinity,Infinity,Infinity,Infinity,Infinity,Infinity,Infinity,Infinity,Infinity,Infinity,Infinity,Infinity,Infinity,Infinity,Infinity,Infinity,Infinity,Infinity,Infinity,Infinity,Infinity,Infinity,Infinity,Infinity,Infinity,Infinity,Infinity,Infinity,Infinity,Infinity,Infinity,Infinity,Infinity,Infinity,Infinity,Infinity,Infinity,Infinity,Infinity,Infinity,Infinity,Infinity,Infinity,Infinity,Infinity,Infinity,Infinity,Infinity,Infinity,Infinity,Infinity,Infinity,Infinity,Infinity,Infinity,Infinity,Infinity,Infinity,Infinity,Infinity,Infinity,Infinity,Infinity,Infinity,Infinity,Infinity,Infinity,Infinity,Infinity,Infinity,Infinity,Infinity,Infinity,Infinity,Infinity,Infinity,Infinity,Infinity,Infinity,Infinity,Infinity,Infinity,Infinity,Infinity,Infinity,Infinity,Infinity,Infinity,Infinity,Infinity,Infinity,Infinity,Infinity,Infinity,Infinity,Infinity,Infinity,Infinity,Infinity,Infinity,Infinity,Infinity,Infinity,Infinity,Infinity,Infinity,Infinity,Infinity,Infinity,Infinity,Infinity,Infinity,Infinity,Infinity,Infinity,Infinity,Infinity,Infinity,Infinity,Infinity,Infinity] [0.0,0.0,0.0,0.0,0.0,0.0,0.0,0.0,0.0,0.0,0.0,0.0,0.0,0.0,0.0,0.0,0.0,0.0,0.0,0.0,0.0,0.0,0.0,0.0,0.0,0.0,0.0,0.0,0.0,0.0,0.0,0.0,0.0,0.0,0.0,0.0,0.0,0.0,0.0,0.0,0.0,0.0,0.0,0.0,0.0,0.0,0.0,0.0,0.0,0.0,0.0,0.0,0.0,0.0,0.0,0.0,0.0,0.0,0.0,0.0,0.0,0.0,0.0,0.0,0.0,0.0,0.0,0.0,0.0,0.0,0.0,0.0,0.0,0.0,0.0,0.0,0.0,0.0,0.0,0.0,0.0,0.0,0.0,0.0,0.0,0.0,0.0,0.0,0.0,0.0,0.0,0.0,0.0,0.0,0.0,0.0,0.0,0.0,0.0,0.0,0.0,0.0,0.0,0.0,0.0,0.0,0.0,0.0,0.0,0.0,0.0,0.0,0.0,0.0,0.0,0.0,0.0,0.0,0.0,0.0,0.0,0.0,0.0,0.0,0.0,0.0,0.0,0.0,0.0,0.0,0.0,0.0,0.0,0.0,0.0,0.0,0.0,0.0,0.0,0.0,0.0,0.0,0.0,0.0,0.0,0.0,0.0,0.0,0.0,0.0,0.0,0.0,0.0,0.0,0.0,0.0,0.0,0.0,0.0,0.0,0.0,0.0,0.0,0.0,0.0,0.0,0.0,0.0,0.0,0.0,0.0,0.0,0.0,0.0,0.0,0.0,0.0,0.0,0.0,0.0,0.0,0.0,0.0,0.0,0.0,0.0,0.0,0.0,0.0,0.0,0.0,0.0,0.0,0.0,0.0,0.0,0.0,0.0,0.0,0.0,0.0,0.0,0.0,0.0,0.0,0.0,0.0,0.0,0.0,0.0,0.0,0.0,0.0,0.0,0.0,0.0,0.0,0.0,0.0,0.0,0.0,0.0,0.0,0.0,0.0,0.0,0.0,0.0,0.0,0.0,0.0,0.0,0.0,0.0,0.0,0.0,0.0,0.0,0.0,0.0,0.0,0.0,0.0,0.0,0.0,0.0,0.0,0.0,0.0,0.0,0.0,0.0,0.0,0.0,0.0,0.0,0.0,0.0,0.0,0.0,0.0,0.0,0.0,0.0,0.0,0.0,0.0,0.0,0.0,0.0,0.0,0.0,0.0,0.0,0.0,0.0,0.0,0.0,0.0,0.0,0.0,0.0,0.0,0.0,0.0,0.0,0.0,0.0,0.0,0.0,0.0,0.0,0.0,0.0,0.0,0.0,0.0,0.0,0.0,0.0]
56188.74467444639 [0.0,0.0,0.0,0.0,0.0,0.0,0.0,0.0,0.0,0.0,0.0,0.0,0.0,0.0,0.0,0.0,0.0,0.0,0.0,0.0,0.0,0.0,0.0,0.0,0.0,0.0,0.0,0.0,0.0,0.0,0.0,0.0,0.0,0.0,0.0,0.0,0.0,0.0,0.0,0.0,0.0,0.0,0.0,0.0,0.0,0.0,0.0,0.0,0.0,0.0,0.0,0.0,0.0,0.0,0.0,0.0,0.0,0.0,0.0,0.0,0.0,0.0,0.0,0.0,0.0,0.0,0.0,0.0,0.0,0.0,0.0,0.0,0.0,0.0,0.0,0.0,0.0,0.0,0.0,0.0,0.0,0.0,0.0,0.0,0.0,0.0,0.0,0.0,0.0,0.0,0.0,0.0,0.0,0.0,0.0,0.0,0.0,0.0,0.0,0.0,0.0,0.0,0.0,0.0,0.0,0.0,0.0,0.0,0.0,0.0,0.0,0.0,0.0,0.0,0.0,0.0,0.0,0.0,0.0,0.0,0.0,0.0,0.0,0.0,0.0,0.0,0.0,0.0,0.0,0.0,0.0,0.0,0.0,0.0,0.0,0.0,0.0,0.0,0.0,0.0,0.0,0.0,0.0,0.0,0.0,0.0,0.0,0.0,0.0,0.0,0.0,0.0,0.0,0.0,0.0,0.0,0.0,0.0,0.0,0.0,0.0,0.0,0.0,0.0,0.0,0.0,0.0,0.0,0.0,0.0,0.0,0.0,0.0,0.0,0.0,0.0,0.0,0.0,0.0,0.0,0.0,0.0,0.0,0.0,0.0,0.0,0.0,0.0,0.0,0.0,0.0,0.0,0.0,0.0,0.0,0.0,0.0,0.0,0.0,0.0,0.0,0.0,0.0,0.0,0.0,0.0,0.0,0.0,0.0,0.0,0.0,0.0,0.0,0.0,0.0,0.0,0.0,0.0,0.0,0.0,0.0,0.0,0.0,0.0,0.0,0.0,0.0,0.0,0.0,0.0,0.0,0.0,0.0,0.0,0.0,0.0,0.0,0.0,0.0,0.0,0.0,0.0,0.0,0.0,0.0,0.0,0.0,0.0,0.0,0.0,0.0,0.0,0.0,0.0,0.0,0.0,0.0,0.0,0.0,0.0,0.0,0.0,0.0,0.0,0.0,0.0,0.0,0.0,0.0,0.0,0.0,0.0,0.0,0.0,0.0,0.0,0.0,0.0,0.0,0.0,0.0,0.0,0.0,0.0,0.0,0.0,0.0,0.0,0.0,0.0,0.0,0.0,0.0,0.0,0.0,0.0,0.0,0.0,0.0,0.0] [1311.2619900786005,1321.8202200865917,1332.463464547639,1343.19240799478,1354.0077404728797,1364.9101575830227,1375.9003605272408,1386.9790561536227,1398.1469570017646,1409.4047813486081,1420.7532532546286,1432.193102610412,1443.7250651835902,1455.3498826661717,1467.068302722235,1478.881079036026,1490.78897136042,1502.7927455657994,1514.8931736892998,1527.0910339844697,1539.3871109713293,1551.7821954868166,1564.2770847356642,1576.872582341659,1589.569498399342,1602.368649526097,1615.270858914685,1628.2769563861766,1641.3877784433362,1654.6041683244075,1667.9269760573632,1681.3570585145608,1694.895279467867,1708.5425096441993,1722.2996267815402,1736.1675156853773,1750.1470682856248,1764.2391836939755,1778.4447682617345,1792.7647356381167,1807.2000068289992,1821.7515102561672,1836.4201818170154,1851.2069649447558,1866.112810669078,1881.1386776773347,1896.285532376183,1911.5543489537563,1926.9461094423048,1942.4618037813711,1958.1024298814455,1973.8689936881608,1989.7625092469793,2005.7839987684179,2021.9344926937952,2038.215029761504,2054.626657073813,2071.1704301642176,2087.8474130653335,2104.6586783773164,2121.605307336866,2138.6883898867477,2155.9090247459117,2173.268319480143,2190.767390573309,2208.407363499154,2226.1893727937027,2244.1145621282076,2262.184084382728,2280.399101720259,2298.7607856614945,2317.2703171601615,2335.9288866789793,2354.7376942662327,2373.6979496329395,2392.810872230673,2412.077691329971,2431.4996460994216,2451.0779856853383,2470.813969292122,2490.7088662632277,2510.763956162824,2530.9805288580706,2551.359884602096,2571.9033341176064,2592.612198681206,2613.487810208354,2634.5315113390543,2655.7446555241822,2677.1286071125573,2698.6847414386757,2720.4144449111714,2742.319115101994,2764.4001608362782,2786.6590022829737,2809.097071046162,2831.715810257159,2854.5166746673017,2877.5011307415425,2900.67065675274,2924.0267428767575,2947.570891288285,2971.304616257478,2995.22944424732,3019.346914011829,3043.658576695001,3068.1659959305807,3092.870747942638,3117.7744216469364,3142.87861875312,3168.1849538677375,3193.695054598094,3219.410561656912,3245.333128967883,3271.4644237720117,3297.806126734876,3324.3599320546946,3351.1275475713155,3378.1106948760344,3405.3111094223436,3432.7305406375262,3460.3707520352004,3488.23352132871,3516.320640545493,3544.6339161423107,3573.1751691214417,3601.9462351478164,3630.9489646670518,3660.1852230244945,3689.6568905851636,3719.3658628547196,3749.3140506013438,3779.5033799786634,3809.935792649603,3840.6132459112973,3871.5377128209448,3902.7111823227383,3934.135659375755,3965.8131650829396,3997.7457368210635,4029.9354283717907,4062.3843100537392,4095.0944688556665,4128.068008570669,4161.3070499315045,4194.813730746993,4228.590206039511,4262.638648183577,4296.961247045588,4331.560210124669,4366.437762694626,4401.596147947099,4437.037627135803,4472.764479721992,4508.779003521039,4545.083514850253,4581.680348677821,4618.571858773019,4655.7604178575675,4693.248417758249,4731.038269560753,4769.132403764733,4807.533270440121,4846.243339384716,4885.265100283049,4924.601062866471,4964.253757074609,5004.22573321805,5044.519562142395,5085.137835393579,5126.08316538458,5167.3581855634,5208.965550582488,5250.907936469426,5293.188040799074,5335.808582867062,5378.772303864684,5422.081967055189,5465.740357951513,5509.7502844954415,5554.1145772382,5598.836089522486,5643.917697666003,5689.362301146471,5735.17282278806,5781.352208949439,5827.903429713208,5874.829479076986,5922.133375145914,5969.818160326825,6017.886901523867,6066.342690335802,6115.188643254807,6164.427901866934,6214.06363305417,6264.099029198114,6314.537308385285,6365.381714614103,6416.635518003553,6468.302015003491,6520.384528606639,6572.88640856233,6625.811031591967,6679.16180160615,6732.942149923667,6787.155535492116,6841.805445110439,6896.895393653112,6952.428924296275,7008.409608745552,7064.841047465831,7121.726869912778,7179.070734766296,7236.876330165845,7295.147373947643,7353.887613883764,7413.100827923194,7472.790824434837,7532.961442452409,7593.616551921397,7654.7600539479145,7716.395881049652,7778.527997408752,7841.160399126823,7904.2971144818985,7967.94220418758,8032.099761654146,8096.773913251861,8161.968818576374,8227.688670716232,8293.937696522553,8360.720156880894,8428.04034698531,8495.90259661459,8564.311270410717,8633.270768159597,8702.785525074065,8772.860012079082,8843.498736099358,8914.706240349144,8986.487104624512,9058.845945597834,9131.787417114787,9205.31621049359,9279.437054826807,9354.154717285446,9429.47400342559,9505.399757497484,9581.936862757088,9659.090241780126,9736.864856778713,9815.265709920519,9894.297843650465,9973.966341015032,10054.276325989182,10135.232963805956,10216.841461288606,10299.107067185563,10382.035072507933,10465.630810869876,10549.89965883156,10634.84703624505,10720.478406602804,10806.799277389146,10893.815200434417,10981.531772272076,11069.954634498676,11159.08947413668,11248.94202400021,11339.518063063782,11430.823416834026,11522.863957724268,11615.64560543233,11709.174327321158,11803.456138802712,11898.49710372478,11994.303334761045,12090.880993804161,12188.23629236214,12286.375491957784,12385.304904531427,12485.030892846919,12585.55987090084,12686.898304334996,12789.052710852275,12892.029660635888,12995.8357767719,13100.477735675182,13205.962267518828,13312.296156667053,13419.486242111492,13527.539417911097,13636.462633635434,13746.262894811807,13856.947263375758,13968.522858125163,14080.996855178266,14194.376488435144,14308.66905004285,14423.881890864615] 0.31126199007860056 [Infinity,Infinity,Infinity,Infinity,Infinity,Infinity,Infinity,Infinity,Infinity,Infinity,Infinity,Infinity,Infinity,Infinity,Infinity,Infinity,Infinity,Infinity,Infinity,Infinity,Infinity,Infinity,Infinity,Infinity,Infinity,Infinity,Infinity,Infinity,Infinity,Infinity,Infinity,Infinity,Infinity,Infinity,Infinity,Infinity,Infinity,Infinity,Infinity,Infinity,Infinity,Infinity,Infinity,Infinity,Infinity,Infinity,Infinity,Infinity,Infinity,Infinity,Infinity,Infinity,Infinity,Infinity,Infinity,Infinity,Infinity,Infinity,Infinity,Infinity,Infinity,Infinity,Infinity,Infinity,Infinity,Infinity,Infinity,Infinity,Infinity,Infinity,Infinity,Infinity,Infinity,Infinity,Infinity,Infinity,Infinity,Infinity,Infinity,Infinity,Infinity,Infinity,Infinity,Infinity,Infinity,Infinity,Infinity,Infinity,Infinity,Infinity,Infinity,Infinity,Infinity,Infinity,Infinity,Infinity,Infinity,Infinity,Infinity,Infinity,Infinity,Infinity,Infinity,Infinity,Infinity,Infinity,Infinity,Infinity,Infinity,Infinity,Infinity,Infinity,Infinity,Infinity,Infinity,Infinity,Infinity,Infinity,Infinity,Infinity,Infinity,Infinity,Infinity,Infinity,Infinity,Infinity,Infinity,Infinity,Infinity,Infinity,Infinity,Infinity,Infinity,Infinity,Infinity,Infinity,Infinity,Infinity,Infinity,Infinity,Infinity,Infinity,Infinity,Infinity,Infinity,Infinity,Infinity,Infinity,Infinity,Infinity,Infinity,Infinity,Infinity,Infinity,Infinity,Infinity,Infinity,Infinity,Infinity,Infinity,Infinity,Infinity,Infinity,Infinity,Infinity,Infinity,Infinity,Infinity,Infinity,Infinity,Infinity,Infinity,Infinity,Infinity,Infinity,Infinity,Infinity,Infinity,Infinity,Infinity,Infinity,Infinity,Infinity,Infinity,Infinity,Infinity,Infinity,Infinity,Infinity,Infinity,Infinity,Infinity,Infinity,Infinity,Infinity,Infinity,Infinity,Infinity,Infinity,Infinity,Infinity,Infinity,Infinity,Infinity,Infinity,Infinity,Infinity,Infinity,Infinity,Infinity,Infinity,Infinity,Infinity,Infinity,Infinity,Infinity,Infinity,Infinity,Infinity,Infinity,Infinity,Infinity,Infinity,Infinity,Infinity,Infinity,Infinity,Infinity,Infinity,Infinity,Infinity,Infinity,Infinity,Infinity,Infinity,Infinity,Infinity,Infinity,Infinity,Infinity,Infinity,Infinity,Infinity,Infinity,Infinity,Infinity,Infinity,Infinity,Infinity,Infinity,Infinity,Infinity,Infinity,Infinity,Infinity,Infinity,Infinity,Infinity,Infinity,Infinity,Infinity,Infinity,Infinity,Infinity,Infinity,Infinity,Infinity,Infinity,Infinity,Infinity,Infinity,Infinity,Infinity,Infinity,Infinity,Infinity,Infinity,Infinity,Infinity,Infinity,Infinity,Infinity,Infinity,Infinity,Infinity,Infinity,Infinity,Infinity,Infinity,Infinity,Infinity,Infinity,Infinity,Infinity,Infinity,Infinity,Infinity,Infinity,Infinity,Infinity] [0.0,0.0,0.0,0.0,0.0,0.0,0.0,0.0,0.0,0.0,0.0,0.0,0.0,0.0,0.0,0.0,0.0,0.0,0.0,0.0,0.0,0.0,0.0,0.0,0.0,0.0,0.0,0.0,0.0,0.0,0.0,0.0,0.0,0.0,0.0,0.0,0.0,0.0,0.0,0.0,0.0,0.0,0.0,0.0,0.0,0.0,0.0,0.0,0.0,0.0,0.0,0.0,0.0,0.0,0.0,0.0,0.0,0.0,0.0,0.0,0.0,0.0,0.0,0.0,0.0,0.0,0.0,0.0,0.0,0.0,0.0,0.0,0.0,0.0,0.0,0.0,0.0,0.0,0.0,0.0,0.0,0.0,0.0,0.0,0.0,0.0,0.0,0.0,0.0,0.0,0.0,0.0,0.0,0.0,0.0,0.0,0.0,0.0,0.0,0.0,0.0,0.0,0.0,0.0,0.0,0.0,0.0,0.0,0.0,0.0,0.0,0.0,0.0,0.0,0.0,0.0,0.0,0.0,0.0,0.0,0.0,0.0,0.0,0.0,0.0,0.0,0.0,0.0,0.0,0.0,0.0,0.0,0.0,0.0,0.0,0.0,0.0,0.0,0.0,0.0,0.0,0.0,0.0,0.0,0.0,0.0,0.0,0.0,0.0,0.0,0.0,0.0,0.0,0.0,0.0,0.0,0.0,0.0,0.0,0.0,0.0,0.0,0.0,0.0,0.0,0.0,0.0,0.0,0.0,0.0,0.0,0.0,0.0,0.0,0.0,0.0,0.0,0.0,0.0,0.0,0.0,0.0,0.0,0.0,0.0,0.0,0.0,0.0,0.0,0.0,0.0,0.0,0.0,0.0,0.0,0.0,0.0,0.0,0.0,0.0,0.0,0.0,0.0,0.0,0.0,0.0,0.0,0.0,0.0,0.0,0.0,0.0,0.0,0.0,0.0,0.0,0.0,0.0,0.0,0.0,0.0,0.0,0.0,0.0,0.0,0.0,0.0,0.0,0.0,0.0,0.0,0.0,0.0,0.0,0.0,0.0,0.0,0.0,0.0,0.0,0.0,0.0,0.0,0.0,0.0,0.0,0.0,0.0,0.0,0.0,0.0,0.0,0.0,0.0,0.0,0.0,0.0,0.0,0.0,0.0,0.0,0.0,0.0,0.0,0.0,0.0,0.0,0.0,0.0,0.0,0.0,0.0,0.0,0.0,0.0,0.0,0.0,0.0,0.0,0.0,0.0,0.0,0.0,0.0,0.0,0.0,0.0,0.0,0.0,0.0,0.0,0.0,0.0,0.0,0.0,0.0,0.0,0.0,0.0,0.0]
56163.636283867985 [0.0,0.0,0.0,0.0,0.0,0.0,0.0,0.0,0.0,0.0,0.0,0.0,0.0,0.0,0.0,0.0,0.0,0.0,0.0,0.0,0.0,0.0,0.0,0.0,0.0,0.0,0.0,0.0,0.0,0.0,0.0,0.0,0.0,0.0,0.0,0.0,0.0,0.0,0.0,0.0,0.0,0.0,0.0,0.0,0.0,0.0,0.0,0.0,0.0,0.0,0.0,0.0,0.0,0.0,0.0,0.0,0.0,0.0,0.0,0.0,0.0,0.0,0.0,0.0,0.0,0.0,0.0,0.0,0.0,0.0,0.0,0.0,0.0,0.0,0.0,0.0,0.0,0.0,0.0,0.0,0.0,0.0,0.0,0.0,0.0,0.0,0.0,0.0,0.0,0.0,0.0,0.0,0.0,0.0,0.0,0.0,0.0,0.0,0.0,0.0,0.0,0.0,0.0,0.0,0.0,0.0,0.0,0.0,0.0,0.0,0.0,0.0,0.0,0.0,0.0,0.0,0.0,0.0,0.0,0.0,0.0,0.0,0.0,0.0,0.0,0.0,0.0,0.0,0.0,0.0,0.0,0.0,0.0,0.0,0.0,0.0,0.0,0.0,0.0,0.0,0.0,0.0,0.0,0.0,0.0,0.0,0.0,0.0,0.0,0.0,0.0,0.0,0.0,0.0,0.0,0.0,0.0,0.0,0.0,0.0,0.0,0.0,0.0,0.0,0.0,0.0,0.0,0.0,0.0,0.0,0.0,0.0,0.0,0.0,0.0,0.0,0.0,0.0,0.0,0.0,0.0,0.0,0.0,0.0,0.0,0.0,0.0,0.0,0.0,0.0,0.0,0.0,0.0,0.0,0.0,0.0,0.0,0.0,0.0,0.0,0.0,0.0,0.0,0.0,0.0,0.0,0.0,0.0,0.0,0.0,0.0,0.0,0.0,0.0,0.0,0.0,0.0,0.0,0.0,0.0,0.0,0.0,0.0,0.0,0.0,0.0,0.0,0.0,0.0,0.0,0.0,0.0,0.0,0.0,0.0,0.0,0.0,0.0,0.0,0.0,0.0,0.0,0.0,0.0,0.0,0.0,0.0,0.0,0.0,0.0,0.0,0.0,0.0,0.0,0.0,0.0,0.0,0.0,0.0,0.0,0.0,0.0,0.0,0.0,0.0,0.0,0.0,0.0,0.0,0.0,0.0,0.0,0.0,0.0,0.0,0.0,0.0,0.0,0.0,0.0,0.0,0.0,0.0,0.0,0.0,0.0,0.0,0.0,0.0,0.0,0.0,0.0,0.0,0.0,0.0,0.0,0.0,0.0,0.0,0.0] [1311.2619900786005,1321.8202200865917,1332.463464547639,1343.19240799478,1354.0077404728797,1364.9101575830227,1375.9003605272408,1386.9790561536227,1398.1469570017646,1409.4047813486081,1420.7532532546286,1432.193102610412,1443.7250651835902,1455.3498826661717,1467.068302722235,1478.881079036026,1490.78897136042,1502.7927455657994,1514.8931736892998,1527.0910339844697,1539.3871109713293,1551.7821954868166,1564.2770847356642,1576.872582341659,1589.569498399342,1602.368649526097,1615.270858914685,1628.2769563861766,1641.3877784433362,1654.6041683244075,1667.9269760573632,1681.3570585145608,1694.895279467867,1708.5425096441993,1722.2996267815402,1736.1675156853773,1750.1470682856248,1764.2391836939755,1778.4447682617345,1792.7647356381167,1807.2000068289992,1821.7515102561672,1836.4201818170154,1851.2069649447558,1866.112810669078,1881.1386776773347,1896.285532376183,1911.5543489537563,1926.9461094423048,1942.4618037813711,1958.1024298814455,1973.8689936881608,1989.7625092469793,2005.7839987684179,2021.9344926937952,2038.215029761504,2054.626657073813,2071.1704301642176,2087.8474130653335,2104.6586783773164,2121.605307336866,2138.6883898867477,2155.9090247459117,2173.268319480143,2190.767390573309,2208.407363499154,2226.1893727937027,2244.1145621282076,2262.184084382728,2280.399101720259,2298.7607856614945,2317.2703171601615,2335.9288866789793,2354.7376942662327,2373.6979496329395,2392.810872230673,2412.077691329971,2431.4996460994216,2451.0779856853383,2470.813969292122,2490.7088662632277,2510.763956162824,2530.9805288580706,2551.359884602096,2571.9033341176064,2592.612198681206,2613.487810208354,2634.5315113390543,2655.7446555241822,2677.1286071125573,2698.6847414386757,2720.4144449111714,2742.319115101994,2764.4001608362782,2786.6590022829737,2809.097071046162,2831.715810257159,2854.5166746673017,2877.5011307415425,2900.67065675274,2924.0267428767575,2947.570891288285,2971.304616257478,2995.22944424732,3019.346914011829,3043.658576695001,3068.1659959305807,3092.870747942638,3117.7744216469364,3142.87861875312,3168.1849538677375,3193.695054598094,3219.410561656912,3245.333128967883,3271.4644237720117,3297.806126734876,3324.3599320546946,3351.1275475713155,3378.1106948760344,3405.3111094223436,3432.7305406375262,3460.3707520352004,3488.23352132871,3516.320640545493,3544.6339161423107,3573.1751691214417,3601.9462351478164,3630.9489646670518,3660.1852230244945,3689.6568905851636,3719.3658628547196,3749.3140506013438,3779.5033799786634,3809.935792649603,3840.6132459112973,3871.5377128209448,3902.7111823227383,3934.135659375755,3965.8131650829396,3997.7457368210635,4029.9354283717907,4062.3843100537392,4095.0944688556665,4128.068008570669,4161.3070499315045,4194.813730746993,4228.590206039511,4262.638648183577,4296.961247045588,4331.560210124669,4366.437762694626,4401.596147947099,4437.037627135803,4472.764479721992,4508.779003521039,4545.083514850253,4581.680348677821,4618.571858773019,4655.7604178575675,4693.248417758249,4731.038269560753,4769.132403764733,4807.533270440121,4846.243339384716,4885.265100283049,4924.601062866471,4964.253757074609,5004.22573321805,5044.519562142395,5085.137835393579,5126.08316538458,5167.3581855634,5208.965550582488,5250.907936469426,5293.188040799074,5335.808582867062,5378.772303864684,5422.081967055189,5465.740357951513,5509.7502844954415,5554.1145772382,5598.836089522486,5643.917697666003,5689.362301146471,5735.17282278806,5781.352208949439,5827.903429713208,5874.829479076986,5922.133375145914,5969.818160326825,6017.886901523867,6066.342690335802,6115.188643254807,6164.427901866934,6214.06363305417,6264.099029198114,6314.537308385285,6365.381714614103,6416.635518003553,6468.302015003491,6520.384528606639,6572.88640856233,6625.811031591967,6679.16180160615,6732.942149923667,6787.155535492116,6841.805445110439,6896.895393653112,6952.428924296275,7008.409608745552,7064.841047465831,7121.726869912778,7179.070734766296,7236.876330165845,7295.147373947643,7353.887613883764,7413.100827923194,7472.790824434837,7532.961442452409,7593.616551921397,7654.7600539479145,7716.395881049652,7778.527997408752,7841.160399126823,7904.2971144818985,7967.94220418758,8032.099761654146,8096.773913251861,8161.968818576374,8227.688670716232,8293.937696522553,8360.720156880894,8428.04034698531,8495.90259661459,8564.311270410717,8633.270768159597,8702.785525074065,8772.860012079082,8843.498736099358,8914.706240349144,8986.487104624512,9058.845945597834,9131.787417114787,9205.31621049359,9279.437054826807,9354.154717285446,9429.47400342559,9505.399757497484,9581.936862757088,9659.090241780126,9736.864856778713,9815.265709920519,9894.297843650465,9973.966341015032,10054.276325989182,10135.232963805956,10216.841461288606,10299.107067185563,10382.035072507933,10465.630810869876,10549.89965883156,10634.84703624505,10720.478406602804,10806.799277389146,10893.815200434417,10981.531772272076,11069.954634498676,11159.08947413668,11248.94202400021,11339.518063063782,11430.823416834026,11522.863957724268,11615.64560543233,11709.174327321158,11803.456138802712,11898.49710372478,11994.303334761045,12090.880993804161,12188.23629236214,12286.375491957784,12385.304904531427,12485.030892846919,12585.55987090084,12686.898304334996,12789.052710852275,12892.029660635888,12995.8357767719,13100.477735675182,13205.962267518828,13312.296156667053,13419.486242111492,13527.539417911097,13636.462633635434,13746.262894811807,13856.947263375758,13968.522858125163,14080.996855178266,14194.376488435144,14308.66905004285,14423.881890864615] 0.31126199007860056 [Infinity,Infinity,Infinity,Infinity,Infinity,Infinity,Infinity,Infinity,Infinity,Infinity,Infinity,Infinity,Infinity,Infinity,Infinity,Infinity,Infinity,Infinity,Infinity,Infinity,Infinity,Infinity,Infinity,Infinity,Infinity,Infinity,Infinity,Infinity,Infinity,Infinity,Infinity,Infinity,Infinity,Infinity,Infinity,Infinity,Infinity,Infinity,Infinity,Infinity,Infinity,Infinity,Infinity,Infinity,Infinity,Infinity,Infinity,Infinity,Infinity,Infinity,Infinity,Infinity,Infinity,Infinity,Infinity,Infinity,Infinity,Infinity,Infinity,Infinity,Infinity,Infinity,Infinity,Infinity,Infinity,Infinity,Infinity,Infinity,Infinity,Infinity,Infinity,Infinity,Infinity,Infinity,Infinity,Infinity,Infinity,Infinity,Infinity,Infinity,Infinity,Infinity,Infinity,Infinity,Infinity,Infinity,Infinity,Infinity,Infinity,Infinity,Infinity,Infinity,Infinity,Infinity,Infinity,Infinity,Infinity,Infinity,Infinity,Infinity,Infinity,Infinity,Infinity,Infinity,Infinity,Infinity,Infinity,Infinity,Infinity,Infinity,Infinity,Infinity,Infinity,Infinity,Infinity,Infinity,Infinity,Infinity,Infinity,Infinity,Infinity,Infinity,Infinity,Infinity,Infinity,Infinity,Infinity,Infinity,Infinity,Infinity,Infinity,Infinity,Infinity,Infinity,Infinity,Infinity,Infinity,Infinity,Infinity,Infinity,Infinity,Infinity,Infinity,Infinity,Infinity,Infinity,Infinity,Infinity,Infinity,Infinity,Infinity,Infinity,Infinity,Infinity,Infinity,Infinity,Infinity,Infinity,Infinity,Infinity,Infinity,Infinity,Infinity,Infinity,Infinity,Infinity,Infinity,Infinity,Infinity,Infinity,Infinity,Infinity,Infinity,Infinity,Infinity,Infinity,Infinity,Infinity,Infinity,Infinity,Infinity,Infinity,Infinity,Infinity,Infinity,Infinity,Infinity,Infinity,Infinity,Infinity,Infinity,Infinity,Infinity,Infinity,Infinity,Infinity,Infinity,Infinity,Infinity,Infinity,Infinity,Infinity,Infinity,Infinity,Infinity,Infinity,Infinity,Infinity,Infinity,Infinity,Infinity,Infinity,Infinity,Infinity,Infinity,Infinity,Infinity,Infinity,Infinity,Infinity,Infinity,Infinity,Infinity,Infinity,Infinity,Infinity,Infinity,Infinity,Infinity,Infinity,Infinity,Infinity,Infinity,Infinity,Infinity,Infinity,Infinity,Infinity,Infinity,Infinity,Infinity,Infinity,Infinity,Infinity,Infinity,Infinity,Infinity,Infinity,Infinity,Infinity,Infinity,Infinity,Infinity,Infinity,Infinity,Infinity,Infinity,Infinity,Infinity,Infinity,Infinity,Infinity,Infinity,Infinity,Infinity,Infinity,Infinity,Infinity,Infinity,Infinity,Infinity,Infinity,Infinity,Infinity,Infinity,Infinity,Infinity,Infinity,Infinity,Infinity,Infinity,Infinity,Infinity,Infinity,Infinity,Infinity,Infinity,Infinity,Infinity,Infinity,Infinity,Infinity,Infinity,Infinity,Infinity,Infinity,Infinity,Infinity,Infinity,Infinity] [0.0,0.0,0.0,0.0,0.0,0.0,0.0,0.0,0.0,0.0,0.0,0.0,0.0,0.0,0.0,0.0,0.0,0.0,0.0,0.0,0.0,0.0,0.0,0.0,0.0,0.0,0.0,0.0,0.0,0.0,0.0,0.0,0.0,0.0,0.0,0.0,0.0,0.0,0.0,0.0,0.0,0.0,0.0,0.0,0.0,0.0,0.0,0.0,0.0,0.0,0.0,0.0,0.0,0.0,0.0,0.0,0.0,0.0,0.0,0.0,0.0,0.0,0.0,0.0,0.0,0.0,0.0,0.0,0.0,0.0,0.0,0.0,0.0,0.0,0.0,0.0,0.0,0.0,0.0,0.0,0.0,0.0,0.0,0.0,0.0,0.0,0.0,0.0,0.0,0.0,0.0,0.0,0.0,0.0,0.0,0.0,0.0,0.0,0.0,0.0,0.0,0.0,0.0,0.0,0.0,0.0,0.0,0.0,0.0,0.0,0.0,0.0,0.0,0.0,0.0,0.0,0.0,0.0,0.0,0.0,0.0,0.0,0.0,0.0,0.0,0.0,0.0,0.0,0.0,0.0,0.0,0.0,0.0,0.0,0.0,0.0,0.0,0.0,0.0,0.0,0.0,0.0,0.0,0.0,0.0,0.0,0.0,0.0,0.0,0.0,0.0,0.0,0.0,0.0,0.0,0.0,0.0,0.0,0.0,0.0,0.0,0.0,0.0,0.0,0.0,0.0,0.0,0.0,0.0,0.0,0.0,0.0,0.0,0.0,0.0,0.0,0.0,0.0,0.0,0.0,0.0,0.0,0.0,0.0,0.0,0.0,0.0,0.0,0.0,0.0,0.0,0.0,0.0,0.0,0.0,0.0,0.0,0.0,0.0,0.0,0.0,0.0,0.0,0.0,0.0,0.0,0.0,0.0,0.0,0.0,0.0,0.0,0.0,0.0,0.0,0.0,0.0,0.0,0.0,0.0,0.0,0.0,0.0,0.0,0.0,0.0,0.0,0.0,0.0,0.0,0.0,0.0,0.0,0.0,0.0,0.0,0.0,0.0,0.0,0.0,0.0,0.0,0.0,0.0,0.0,0.0,0.0,0.0,0.0,0.0,0.0,0.0,0.0,0.0,0.0,0.0,0.0,0.0,0.0,0.0,0.0,0.0,0.0,0.0,0.0,0.0,0.0,0.0,0.0,0.0,0.0,0.0,0.0,0.0,0.0,0.0,0.0,0.0,0.0,0.0,0.0,0.0,0.0,0.0,0.0,0.0,0.0,0.0,0.0,0.0,0.0,0.0,0.0,0.0,0.0,0.0,0.0,0.0,0.0,0.0]
56178.72139725196 [0.0,0.0,0.0,0.0,0.0,0.0,0.0,0.0,0.0,0.0,0.0,0.0,0.0,0.0,0.0,0.0,0.0,0.0,0.0,0.0,0.0,0.0,0.0,0.0,0.0,0.0,0.0,0.0,0.0,0.0,0.0,0.0,0.0,0.0,0.0,0.0,0.0,0.0,0.0,0.0,0.0,0.0,0.0,0.0,0.0,0.0,0.0,0.0,0.0,0.0,0.0,0.0,0.0,0.0,0.0,0.0,0.0,0.0,0.0,0.0,0.0,0.0,0.0,0.0,0.0,0.0,0.0,0.0,0.0,0.0,0.0,0.0,0.0,0.0,0.0,0.0,0.0,0.0,0.0,0.0,0.0,0.0,0.0,0.0,0.0,0.0,0.0,0.0,0.0,0.0,0.0,0.0,0.0,0.0,0.0,0.0,0.0,0.0,0.0,0.0,0.0,0.0,0.0,0.0,0.0,0.0,0.0,0.0,0.0,0.0,0.0,0.0,0.0,0.0,0.0,0.0,0.0,0.0,0.0,0.0,0.0,0.0,0.0,0.0,0.0,0.0,0.0,0.0,0.0,0.0,0.0,0.0,0.0,0.0,0.0,0.0,0.0,0.0,0.0,0.0,0.0,0.0,0.0,0.0,0.0,0.0,0.0,0.0,0.0,0.0,0.0,0.0,0.0,0.0,0.0,0.0,0.0,0.0,0.0,0.0,0.0,0.0,0.0,0.0,0.0,0.0,0.0,0.0,0.0,0.0,0.0,0.0,0.0,0.0,0.0,0.0,0.0,0.0,0.0,0.0,0.0,0.0,0.0,0.0,0.0,0.0,0.0,0.0,0.0,0.0,0.0,0.0,0.0,0.0,0.0,0.0,0.0,0.0,0.0,0.0,0.0,0.0,0.0,0.0,0.0,0.0,0.0,0.0,0.0,0.0,0.0,0.0,0.0,0.0,0.0,0.0,0.0,0.0,0.0,0.0,0.0,0.0,0.0,0.0,0.0,0.0,0.0,0.0,0.0,0.0,0.0,0.0,0.0,0.0,0.0,0.0,0.0,0.0,0.0,0.0,0.0,0.0,0.0,0.0,0.0,0.0,0.0,0.0,0.0,0.0,0.0,0.0,0.0,0.0,0.0,0.0,0.0,0.0,0.0,0.0,0.0,0.0,0.0,0.0,0.0,0.0,0.0,0.0,0.0,0.0,0.0,0.0,0.0,0.0,0.0,0.0,0.0,0.0,0.0,0.0,0.0,0.0,0.0,0.0,0.0,0.0,0.0,0.0,0.0,0.0,0.0,0.0,0.0,0.0,0.0,0.0,0.0,0.0,0.0,0.0] [1311.2619900786005,1321.8202200865917,1332.463464547639,1343.19240799478,1354.0077404728797,1364.9101575830227,1375.9003605272408,1386.9790561536227,1398.1469570017646,1409.4047813486081,1420.7532532546286,1432.193102610412,1443.7250651835902,1455.3498826661717,1467.068302722235,1478.881079036026,1490.78897136042,1502.7927455657994,1514.8931736892998,1527.0910339844697,1539.3871109713293,1551.7821954868166,1564.2770847356642,1576.872582341659,1589.569498399342,1602.368649526097,1615.270858914685,1628.2769563861766,1641.3877784433362,1654.6041683244075,1667.9269760573632,1681.3570585145608,1694.895279467867,1708.5425096441993,1722.2996267815402,1736.1675156853773,1750.1470682856248,1764.2391836939755,1778.4447682617345,1792.7647356381167,1807.2000068289992,1821.7515102561672,1836.4201818170154,1851.2069649447558,1866.112810669078,1881.1386776773347,1896.285532376183,1911.5543489537563,1926.9461094423048,1942.4618037813711,1958.1024298814455,1973.8689936881608,1989.7625092469793,2005.7839987684179,2021.9344926937952,2038.215029761504,2054.626657073813,2071.1704301642176,2087.8474130653335,2104.6586783773164,2121.605307336866,2138.6883898867477,2155.9090247459117,2173.268319480143,2190.767390573309,2208.407363499154,2226.1893727937027,2244.1145621282076,2262.184084382728,2280.399101720259,2298.7607856614945,2317.2703171601615,2335.9288866789793,2354.7376942662327,2373.6979496329395,2392.810872230673,2412.077691329971,2431.4996460994216,2451.0779856853383,2470.813969292122,2490.7088662632277,2510.763956162824,2530.9805288580706,2551.359884602096,2571.9033341176064,2592.612198681206,2613.487810208354,2634.5315113390543,2655.7446555241822,2677.1286071125573,2698.6847414386757,2720.4144449111714,2742.319115101994,2764.4001608362782,2786.6590022829737,2809.097071046162,2831.715810257159,2854.5166746673017,2877.5011307415425,2900.67065675274,2924.0267428767575,2947.570891288285,2971.304616257478,2995.22944424732,3019.346914011829,3043.658576695001,3068.1659959305807,3092.870747942638,3117.7744216469364,3142.87861875312,3168.1849538677375,3193.695054598094,3219.410561656912,3245.333128967883,3271.4644237720117,3297.806126734876,3324.3599320546946,3351.1275475713155,3378.1106948760344,3405.3111094223436,3432.7305406375262,3460.3707520352004,3488.23352132871,3516.320640545493,3544.6339161423107,3573.1751691214417,3601.9462351478164,3630.9489646670518,3660.1852230244945,3689.6568905851636,3719.3658628547196,3749.3140506013438,3779.5033799786634,3809.935792649603,3840.6132459112973,3871.5377128209448,3902.7111823227383,3934.135659375755,3965.8131650829396,3997.7457368210635,4029.9354283717907,4062.3843100537392,4095.0944688556665,4128.068008570669,4161.3070499315045,4194.813730746993,4228.590206039511,4262.638648183577,4296.961247045588,4331.560210124669,4366.437762694626,4401.596147947099,4437.037627135803,4472.764479721992,4508.779003521039,4545.083514850253,4581.680348677821,4618.571858773019,4655.7604178575675,4693.248417758249,4731.038269560753,4769.132403764733,4807.533270440121,4846.243339384716,4885.265100283049,4924.601062866471,4964.253757074609,5004.22573321805,5044.519562142395,5085.137835393579,5126.08316538458,5167.3581855634,5208.965550582488,5250.907936469426,5293.188040799074,5335.808582867062,5378.772303864684,5422.081967055189,5465.740357951513,5509.7502844954415,5554.1145772382,5598.836089522486,5643.917697666003,5689.362301146471,5735.17282278806,5781.352208949439,5827.903429713208,5874.829479076986,5922.133375145914,5969.818160326825,6017.886901523867,6066.342690335802,6115.188643254807,6164.427901866934,6214.06363305417,6264.099029198114,6314.537308385285,6365.381714614103,6416.635518003553,6468.302015003491,6520.384528606639,6572.88640856233,6625.811031591967,6679.16180160615,6732.942149923667,6787.155535492116,6841.805445110439,6896.895393653112,6952.428924296275,7008.409608745552,7064.841047465831,7121.726869912778,7179.070734766296,7236.876330165845,7295.147373947643,7353.887613883764,7413.100827923194,7472.790824434837,7532.961442452409,7593.616551921397,7654.7600539479145,7716.395881049652,7778.527997408752,7841.160399126823,7904.2971144818985,7967.94220418758,8032.099761654146,8096.773913251861,8161.968818576374,8227.688670716232,8293.937696522553,8360.720156880894,8428.04034698531,8495.90259661459,8564.311270410717,8633.270768159597,8702.785525074065,8772.860012079082,8843.498736099358,8914.706240349144,8986.487104624512,9058.845945597834,9131.787417114787,9205.31621049359,9279.437054826807,9354.154717285446,9429.47400342559,9505.399757497484,9581.936862757088,9659.090241780126,9736.864856778713,9815.265709920519,9894.297843650465,9973.966341015032,10054.276325989182,10135.232963805956,10216.841461288606,10299.107067185563,10382.035072507933,10465.630810869876,10549.89965883156,10634.84703624505,10720.478406602804,10806.799277389146,10893.815200434417,10981.531772272076,11069.954634498676,11159.08947413668,11248.94202400021,11339.518063063782,11430.823416834026,11522.863957724268,11615.64560543233,11709.174327321158,11803.456138802712,11898.49710372478,11994.303334761045,12090.880993804161,12188.23629236214,12286.375491957784,12385.304904531427,12485.030892846919,12585.55987090084,12686.898304334996,12789.052710852275,12892.029660635888,12995.8357767719,13100.477735675182,13205.962267518828,13312.296156667053,13419.486242111492,13527.539417911097,13636.462633635434,13746.262894811807,13856.947263375758,13968.522858125163,14080.996855178266,14194.376488435144,14308.66905004285,14423.881890864615] 0.31126199007860056 [Infinity,Infinity,Infinity,Infinity,Infinity,Infinity,Infinity,Infinity,Infinity,Infinity,Infinity,Infinity,Infinity,Infinity,Infinity,Infinity,Infinity,Infinity,Infinity,Infinity,Infinity,Infinity,Infinity,Infinity,Infinity,Infinity,Infinity,Infinity,Infinity,Infinity,Infinity,Infinity,Infinity,Infinity,Infinity,Infinity,Infinity,Infinity,Infinity,Infinity,Infinity,Infinity,Infinity,Infinity,Infinity,Infinity,Infinity,Infinity,Infinity,Infinity,Infinity,Infinity,Infinity,Infinity,Infinity,Infinity,Infinity,Infinity,Infinity,Infinity,Infinity,Infinity,Infinity,Infinity,Infinity,Infinity,Infinity,Infinity,Infinity,Infinity,Infinity,Infinity,Infinity,Infinity,Infinity,Infinity,Infinity,Infinity,Infinity,Infinity,Infinity,Infinity,Infinity,Infinity,Infinity,Infinity,Infinity,Infinity,Infinity,Infinity,Infinity,Infinity,Infinity,Infinity,Infinity,Infinity,Infinity,Infinity,Infinity,Infinity,Infinity,Infinity,Infinity,Infinity,Infinity,Infinity,Infinity,Infinity,Infinity,Infinity,Infinity,Infinity,Infinity,Infinity,Infinity,Infinity,Infinity,Infinity,Infinity,Infinity,Infinity,Infinity,Infinity,Infinity,Infinity,Infinity,Infinity,Infinity,Infinity,Infinity,Infinity,Infinity,Infinity,Infinity,Infinity,Infinity,Infinity,Infinity,Infinity,Infinity,Infinity,Infinity,Infinity,Infinity,Infinity,Infinity,Infinity,Infinity,Infinity,Infinity,Infinity,Infinity,Infinity,Infinity,Infinity,Infinity,Infinity,Infinity,Infinity,Infinity,Infinity,Infinity,Infinity,Infinity,Infinity,Infinity,Infinity,Infinity,Infinity,Infinity,Infinity,Infinity,Infinity,Infinity,Infinity,Infinity,Infinity,Infinity,Infinity,Infinity,Infinity,Infinity,Infinity,Infinity,Infinity,Infinity,Infinity,Infinity,Infinity,Infinity,Infinity,Infinity,Infinity,Infinity,Infinity,Infinity,Infinity,Infinity,Infinity,Infinity,Infinity,Infinity,Infinity,Infinity,Infinity,Infinity,Infinity,Infinity,Infinity,Infinity,Infinity,Infinity,Infinity,Infinity,Infinity,Infinity,Infinity,Infinity,Infinity,Infinity,Infinity,Infinity,Infinity,Infinity,Infinity,Infinity,Infinity,Infinity,Infinity,Infinity,Infinity,Infinity,Infinity,Infinity,Infinity,Infinity,Infinity,Infinity,Infinity,Infinity,Infinity,Infinity,Infinity,Infinity,Infinity,Infinity,Infinity,Infinity,Infinity,Infinity,Infinity,Infinity,Infinity,Infinity,Infinity,Infinity,Infinity,Infinity,Infinity,Infinity,Infinity,Infinity,Infinity,Infinity,Infinity,Infinity,Infinity,Infinity,Infinity,Infinity,Infinity,Infinity,Infinity,Infinity,Infinity,Infinity,Infinity,Infinity,Infinity,Infinity,Infinity,Infinity,Infinity,Infinity,Infinity,Infinity,Infinity,Infinity,Infinity,Infinity,Infinity,Infinity,Infinity,Infinity,Infinity,Infinity,Infinity,Infinity,Infinity,Infinity] [0.0,0.0,0.0,0.0,0.0,0.0,0.0,0.0,0.0,0.0,0.0,0.0,0.0,0.0,0.0,0.0,0.0,0.0,0.0,0.0,0.0,0.0,0.0,0.0,0.0,0.0,0.0,0.0,0.0,0.0,0.0,0.0,0.0,0.0,0.0,0.0,0.0,0.0,0.0,0.0,0.0,0.0,0.0,0.0,0.0,0.0,0.0,0.0,0.0,0.0,0.0,0.0,0.0,0.0,0.0,0.0,0.0,0.0,0.0,0.0,0.0,0.0,0.0,0.0,0.0,0.0,0.0,0.0,0.0,0.0,0.0,0.0,0.0,0.0,0.0,0.0,0.0,0.0,0.0,0.0,0.0,0.0,0.0,0.0,0.0,0.0,0.0,0.0,0.0,0.0,0.0,0.0,0.0,0.0,0.0,0.0,0.0,0.0,0.0,0.0,0.0,0.0,0.0,0.0,0.0,0.0,0.0,0.0,0.0,0.0,0.0,0.0,0.0,0.0,0.0,0.0,0.0,0.0,0.0,0.0,0.0,0.0,0.0,0.0,0.0,0.0,0.0,0.0,0.0,0.0,0.0,0.0,0.0,0.0,0.0,0.0,0.0,0.0,0.0,0.0,0.0,0.0,0.0,0.0,0.0,0.0,0.0,0.0,0.0,0.0,0.0,0.0,0.0,0.0,0.0,0.0,0.0,0.0,0.0,0.0,0.0,0.0,0.0,0.0,0.0,0.0,0.0,0.0,0.0,0.0,0.0,0.0,0.0,0.0,0.0,0.0,0.0,0.0,0.0,0.0,0.0,0.0,0.0,0.0,0.0,0.0,0.0,0.0,0.0,0.0,0.0,0.0,0.0,0.0,0.0,0.0,0.0,0.0,0.0,0.0,0.0,0.0,0.0,0.0,0.0,0.0,0.0,0.0,0.0,0.0,0.0,0.0,0.0,0.0,0.0,0.0,0.0,0.0,0.0,0.0,0.0,0.0,0.0,0.0,0.0,0.0,0.0,0.0,0.0,0.0,0.0,0.0,0.0,0.0,0.0,0.0,0.0,0.0,0.0,0.0,0.0,0.0,0.0,0.0,0.0,0.0,0.0,0.0,0.0,0.0,0.0,0.0,0.0,0.0,0.0,0.0,0.0,0.0,0.0,0.0,0.0,0.0,0.0,0.0,0.0,0.0,0.0,0.0,0.0,0.0,0.0,0.0,0.0,0.0,0.0,0.0,0.0,0.0,0.0,0.0,0.0,0.0,0.0,0.0,0.0,0.0,0.0,0.0,0.0,0.0,0.0,0.0,0.0,0.0,0.0,0.0,0.0,0.0,0.0,0.0]
56341.98173566151 [0.0,0.0,0.0,0.0,0.0,0.0,0.0,0.0,0.0,0.0,0.0,0.0,0.0,0.0,0.0,0.0,0.0,0.0,0.0,0.0,0.0,0.0,0.0,0.0,0.0,0.0,0.0,0.0,0.0,0.0,0.0,0.0,0.0,0.0,0.0,0.0,0.0,0.0,0.0,0.0,0.0,0.0,0.0,0.0,0.0,0.0,0.0,0.0,0.0,0.0,0.0,0.0,0.0,0.0,0.0,0.0,0.0,0.0,0.0,0.0,0.0,0.0,0.0,0.0,0.0,0.0,0.0,0.0,0.0,0.0,0.0,0.0,0.0,0.0,0.0,0.0,0.0,0.0,0.0,0.0,0.0,0.0,0.0,0.0,0.0,0.0,0.0,0.0,0.0,0.0,0.0,0.0,0.0,0.0,0.0,0.0,0.0,0.0,0.0,0.0,0.0,0.0,0.0,0.0,0.0,0.0,0.0,0.0,0.0,0.0,0.0,0.0,0.0,0.0,0.0,0.0,0.0,0.0,0.0,0.0,0.0,0.0,0.0,0.0,0.0,0.0,0.0,0.0,0.0,0.0,0.0,0.0,0.0,0.0,0.0,0.0,0.0,0.0,0.0,0.0,0.0,0.0,0.0,0.0,0.0,0.0,0.0,0.0,0.0,0.0,0.0,0.0,0.0,0.0,0.0,0.0,0.0,0.0,0.0,0.0,0.0,0.0,0.0,0.0,0.0,0.0,0.0,0.0,0.0,0.0,0.0,0.0,0.0,0.0,0.0,0.0,0.0,0.0,0.0,0.0,0.0,0.0,0.0,0.0,0.0,0.0,0.0,0.0,0.0,0.0,0.0,0.0,0.0,0.0,0.0,0.0,0.0,0.0,0.0,0.0,0.0,0.0,0.0,0.0,0.0,0.0,0.0,0.0,0.0,0.0,0.0,0.0,0.0,0.0,0.0,0.0,0.0,0.0,0.0,0.0,0.0,0.0,0.0,0.0,0.0,0.0,0.0,0.0,0.0,0.0,0.0,0.0,0.0,0.0,0.0,0.0,0.0,0.0,0.0,0.0,0.0,0.0,0.0,0.0,0.0,0.0,0.0,0.0,0.0,0.0,0.0,0.0,0.0,0.0,0.0,0.0,0.0,0.0,0.0,0.0,0.0,0.0,0.0,0.0,0.0,0.0,0.0,0.0,0.0,0.0,0.0,0.0,0.0,0.0,0.0,0.0,0.0,0.0,0.0,0.0,0.0,0.0,0.0,0.0,0.0,0.0,0.0,0.0,0.0,0.0,0.0,0.0,0.0,0.0,0.0,0.0,0.0,0.0,0.0,0.0] [1311.2619900786005,1321.8202200865917,1332.463464547639,1343.19240799478,1354.0077404728797,1364.9101575830227,1375.9003605272408,1386.9790561536227,1398.1469570017646,1409.4047813486081,1420.7532532546286,1432.193102610412,1443.7250651835902,1455.3498826661717,1467.068302722235,1478.881079036026,1490.78897136042,1502.7927455657994,1514.8931736892998,1527.0910339844697,1539.3871109713293,1551.7821954868166,1564.2770847356642,1576.872582341659,1589.569498399342,1602.368649526097,1615.270858914685,1628.2769563861766,1641.3877784433362,1654.6041683244075,1667.9269760573632,1681.3570585145608,1694.895279467867,1708.5425096441993,1722.2996267815402,1736.1675156853773,1750.1470682856248,1764.2391836939755,1778.4447682617345,1792.7647356381167,1807.2000068289992,1821.7515102561672,1836.4201818170154,1851.2069649447558,1866.112810669078,1881.1386776773347,1896.285532376183,1911.5543489537563,1926.9461094423048,1942.4618037813711,1958.1024298814455,1973.8689936881608,1989.7625092469793,2005.7839987684179,2021.9344926937952,2038.215029761504,2054.626657073813,2071.1704301642176,2087.8474130653335,2104.6586783773164,2121.605307336866,2138.6883898867477,2155.9090247459117,2173.268319480143,2190.767390573309,2208.407363499154,2226.1893727937027,2244.1145621282076,2262.184084382728,2280.399101720259,2298.7607856614945,2317.2703171601615,2335.9288866789793,2354.7376942662327,2373.6979496329395,2392.810872230673,2412.077691329971,2431.4996460994216,2451.0779856853383,2470.813969292122,2490.7088662632277,2510.763956162824,2530.9805288580706,2551.359884602096,2571.9033341176064,2592.612198681206,2613.487810208354,2634.5315113390543,2655.7446555241822,2677.1286071125573,2698.6847414386757,2720.4144449111714,2742.319115101994,2764.4001608362782,2786.6590022829737,2809.097071046162,2831.715810257159,2854.5166746673017,2877.5011307415425,2900.67065675274,2924.0267428767575,2947.570891288285,2971.304616257478,2995.22944424732,3019.346914011829,3043.658576695001,3068.1659959305807,3092.870747942638,3117.7744216469364,3142.87861875312,3168.1849538677375,3193.695054598094,3219.410561656912,3245.333128967883,3271.4644237720117,3297.806126734876,3324.3599320546946,3351.1275475713155,3378.1106948760344,3405.3111094223436,3432.7305406375262,3460.3707520352004,3488.23352132871,3516.320640545493,3544.6339161423107,3573.1751691214417,3601.9462351478164,3630.9489646670518,3660.1852230244945,3689.6568905851636,3719.3658628547196,3749.3140506013438,3779.5033799786634,3809.935792649603,3840.6132459112973,3871.5377128209448,3902.7111823227383,3934.135659375755,3965.8131650829396,3997.7457368210635,4029.9354283717907,4062.3843100537392,4095.0944688556665,4128.068008570669,4161.3070499315045,4194.813730746993,4228.590206039511,4262.638648183577,4296.961247045588,4331.560210124669,4366.437762694626,4401.596147947099,4437.037627135803,4472.764479721992,4508.779003521039,4545.083514850253,4581.680348677821,4618.571858773019,4655.7604178575675,4693.248417758249,4731.038269560753,4769.132403764733,4807.533270440121,4846.243339384716,4885.265100283049,4924.601062866471,4964.253757074609,5004.22573321805,5044.519562142395,5085.137835393579,5126.08316538458,5167.3581855634,5208.965550582488,5250.907936469426,5293.188040799074,5335.808582867062,5378.772303864684,5422.081967055189,5465.740357951513,5509.7502844954415,5554.1145772382,5598.836089522486,5643.917697666003,5689.362301146471,5735.17282278806,5781.352208949439,5827.903429713208,5874.829479076986,5922.133375145914,5969.818160326825,6017.886901523867,6066.342690335802,6115.188643254807,6164.427901866934,6214.06363305417,6264.099029198114,6314.537308385285,6365.381714614103,6416.635518003553,6468.302015003491,6520.384528606639,6572.88640856233,6625.811031591967,6679.16180160615,6732.942149923667,6787.155535492116,6841.805445110439,6896.895393653112,6952.428924296275,7008.409608745552,7064.841047465831,7121.726869912778,7179.070734766296,7236.876330165845,7295.147373947643,7353.887613883764,7413.100827923194,7472.790824434837,7532.961442452409,7593.616551921397,7654.7600539479145,7716.395881049652,7778.527997408752,7841.160399126823,7904.2971144818985,7967.94220418758,8032.099761654146,8096.773913251861,8161.968818576374,8227.688670716232,8293.937696522553,8360.720156880894,8428.04034698531,8495.90259661459,8564.311270410717,8633.270768159597,8702.785525074065,8772.860012079082,8843.498736099358,8914.706240349144,8986.487104624512,9058.845945597834,9131.787417114787,9205.31621049359,9279.437054826807,9354.154717285446,9429.47400342559,9505.399757497484,9581.936862757088,9659.090241780126,9736.864856778713,9815.265709920519,9894.297843650465,9973.966341015032,10054.276325989182,10135.232963805956,10216.841461288606,10299.107067185563,10382.035072507933,10465.630810869876,10549.89965883156,10634.84703624505,10720.478406602804,10806.799277389146,10893.815200434417,10981.531772272076,11069.954634498676,11159.08947413668,11248.94202400021,11339.518063063782,11430.823416834026,11522.863957724268,11615.64560543233,11709.174327321158,11803.456138802712,11898.49710372478,11994.303334761045,12090.880993804161,12188.23629236214,12286.375491957784,12385.304904531427,12485.030892846919,12585.55987090084,12686.898304334996,12789.052710852275,12892.029660635888,12995.8357767719,13100.477735675182,13205.962267518828,13312.296156667053,13419.486242111492,13527.539417911097,13636.462633635434,13746.262894811807,13856.947263375758,13968.522858125163,14080.996855178266,14194.376488435144,14308.66905004285,14423.881890864615] 0.31126199007860056 [Infinity,Infinity,Infinity,Infinity,Infinity,Infinity,Infinity,Infinity,Infinity,Infinity,Infinity,Infinity,Infinity,Infinity,Infinity,Infinity,Infinity,Infinity,Infinity,Infinity,Infinity,Infinity,Infinity,Infinity,Infinity,Infinity,Infinity,Infinity,Infinity,Infinity,Infinity,Infinity,Infinity,Infinity,Infinity,Infinity,Infinity,Infinity,Infinity,Infinity,Infinity,Infinity,Infinity,Infinity,Infinity,Infinity,Infinity,Infinity,Infinity,Infinity,Infinity,Infinity,Infinity,Infinity,Infinity,Infinity,Infinity,Infinity,Infinity,Infinity,Infinity,Infinity,Infinity,Infinity,Infinity,Infinity,Infinity,Infinity,Infinity,Infinity,Infinity,Infinity,Infinity,Infinity,Infinity,Infinity,Infinity,Infinity,Infinity,Infinity,Infinity,Infinity,Infinity,Infinity,Infinity,Infinity,Infinity,Infinity,Infinity,Infinity,Infinity,Infinity,Infinity,Infinity,Infinity,Infinity,Infinity,Infinity,Infinity,Infinity,Infinity,Infinity,Infinity,Infinity,Infinity,Infinity,Infinity,Infinity,Infinity,Infinity,Infinity,Infinity,Infinity,Infinity,Infinity,Infinity,Infinity,Infinity,Infinity,Infinity,Infinity,Infinity,Infinity,Infinity,Infinity,Infinity,Infinity,Infinity,Infinity,Infinity,Infinity,Infinity,Infinity,Infinity,Infinity,Infinity,Infinity,Infinity,Infinity,Infinity,Infinity,Infinity,Infinity,Infinity,Infinity,Infinity,Infinity,Infinity,Infinity,Infinity,Infinity,Infinity,Infinity,Infinity,Infinity,Infinity,Infinity,Infinity,Infinity,Infinity,Infinity,Infinity,Infinity,Infinity,Infinity,Infinity,Infinity,Infinity,Infinity,Infinity,Infinity,Infinity,Infinity,Infinity,Infinity,Infinity,Infinity,Infinity,Infinity,Infinity,Infinity,Infinity,Infinity,Infinity,Infinity,Infinity,Infinity,Infinity,Infinity,Infinity,Infinity,Infinity,Infinity,Infinity,Infinity,Infinity,Infinity,Infinity,Infinity,Infinity,Infinity,Infinity,Infinity,Infinity,Infinity,Infinity,Infinity,Infinity,Infinity,Infinity,Infinity,Infinity,Infinity,Infinity,Infinity,Infinity,Infinity,Infinity,Infinity,Infinity,Infinity,Infinity,Infinity,Infinity,Infinity,Infinity,Infinity,Infinity,Infinity,Infinity,Infinity,Infinity,Infinity,Infinity,Infinity,Infinity,Infinity,Infinity,Infinity,Infinity,Infinity,Infinity,Infinity,Infinity,Infinity,Infinity,Infinity,Infinity,Infinity,Infinity,Infinity,Infinity,Infinity,Infinity,Infinity,Infinity,Infinity,Infinity,Infinity,Infinity,Infinity,Infinity,Infinity,Infinity,Infinity,Infinity,Infinity,Infinity,Infinity,Infinity,Infinity,Infinity,Infinity,Infinity,Infinity,Infinity,Infinity,Infinity,Infinity,Infinity,Infinity,Infinity,Infinity,Infinity,Infinity,Infinity,Infinity,Infinity,Infinity,Infinity,Infinity,Infinity,Infinity,Infinity,Infinity,Infinity,Infinity,Infinity,Infinity,Infinity] [0.0,0.0,0.0,0.0,0.0,0.0,0.0,0.0,0.0,0.0,0.0,0.0,0.0,0.0,0.0,0.0,0.0,0.0,0.0,0.0,0.0,0.0,0.0,0.0,0.0,0.0,0.0,0.0,0.0,0.0,0.0,0.0,0.0,0.0,0.0,0.0,0.0,0.0,0.0,0.0,0.0,0.0,0.0,0.0,0.0,0.0,0.0,0.0,0.0,0.0,0.0,0.0,0.0,0.0,0.0,0.0,0.0,0.0,0.0,0.0,0.0,0.0,0.0,0.0,0.0,0.0,0.0,0.0,0.0,0.0,0.0,0.0,0.0,0.0,0.0,0.0,0.0,0.0,0.0,0.0,0.0,0.0,0.0,0.0,0.0,0.0,0.0,0.0,0.0,0.0,0.0,0.0,0.0,0.0,0.0,0.0,0.0,0.0,0.0,0.0,0.0,0.0,0.0,0.0,0.0,0.0,0.0,0.0,0.0,0.0,0.0,0.0,0.0,0.0,0.0,0.0,0.0,0.0,0.0,0.0,0.0,0.0,0.0,0.0,0.0,0.0,0.0,0.0,0.0,0.0,0.0,0.0,0.0,0.0,0.0,0.0,0.0,0.0,0.0,0.0,0.0,0.0,0.0,0.0,0.0,0.0,0.0,0.0,0.0,0.0,0.0,0.0,0.0,0.0,0.0,0.0,0.0,0.0,0.0,0.0,0.0,0.0,0.0,0.0,0.0,0.0,0.0,0.0,0.0,0.0,0.0,0.0,0.0,0.0,0.0,0.0,0.0,0.0,0.0,0.0,0.0,0.0,0.0,0.0,0.0,0.0,0.0,0.0,0.0,0.0,0.0,0.0,0.0,0.0,0.0,0.0,0.0,0.0,0.0,0.0,0.0,0.0,0.0,0.0,0.0,0.0,0.0,0.0,0.0,0.0,0.0,0.0,0.0,0.0,0.0,0.0,0.0,0.0,0.0,0.0,0.0,0.0,0.0,0.0,0.0,0.0,0.0,0.0,0.0,0.0,0.0,0.0,0.0,0.0,0.0,0.0,0.0,0.0,0.0,0.0,0.0,0.0,0.0,0.0,0.0,0.0,0.0,0.0,0.0,0.0,0.0,0.0,0.0,0.0,0.0,0.0,0.0,0.0,0.0,0.0,0.0,0.0,0.0,0.0,0.0,0.0,0.0,0.0,0.0,0.0,0.0,0.0,0.0,0.0,0.0,0.0,0.0,0.0,0.0,0.0,0.0,0.0,0.0,0.0,0.0,0.0,0.0,0.0,0.0,0.0,0.0,0.0,0.0,0.0,0.0,0.0,0.0,0.0,0.0,0.0]
56400.09774544483 [0.0,0.0,0.0,0.0,0.0,0.0,0.0,0.0,0.0,0.0,0.0,0.0,0.0,0.0,0.0,0.0,0.0,0.0,0.0,0.0,0.0,0.0,0.0,0.0,0.0,0.0,0.0,0.0,0.0,0.0,0.0,0.0,0.0,0.0,0.0,0.0,0.0,0.0,0.0,0.0,0.0,0.0,0.0,0.0,0.0,0.0,0.0,0.0,0.0,0.0,0.0,0.0,0.0,0.0,0.0,0.0,0.0,0.0,0.0,0.0,0.0,0.0,0.0,0.0,0.0,0.0,0.0,0.0,0.0,0.0,0.0,0.0,0.0,0.0,0.0,0.0,0.0,0.0,0.0,0.0,0.0,0.0,0.0,0.0,0.0,0.0,0.0,0.0,0.0,0.0,0.0,0.0,0.0,0.0,0.0,0.0,0.0,0.0,0.0,0.0,0.0,0.0,0.0,0.0,0.0,0.0,0.0,0.0,0.0,0.0,0.0,0.0,0.0,0.0,0.0,0.0,0.0,0.0,0.0,0.0,0.0,0.0,0.0,0.0,0.0,0.0,0.0,0.0,0.0,0.0,0.0,0.0,0.0,0.0,0.0,0.0,0.0,0.0,0.0,0.0,0.0,0.0,0.0,0.0,0.0,0.0,0.0,0.0,0.0,0.0,0.0,0.0,0.0,0.0,0.0,0.0,0.0,0.0,0.0,0.0,0.0,0.0,0.0,0.0,0.0,0.0,0.0,0.0,0.0,0.0,0.0,0.0,0.0,0.0,0.0,0.0,0.0,0.0,0.0,0.0,0.0,0.0,0.0,0.0,0.0,0.0,0.0,0.0,0.0,0.0,0.0,0.0,0.0,0.0,0.0,0.0,0.0,0.0,0.0,0.0,0.0,0.0,0.0,0.0,0.0,0.0,0.0,0.0,0.0,0.0,0.0,0.0,0.0,0.0,0.0,0.0,0.0,0.0,0.0,0.0,0.0,0.0,0.0,0.0,0.0,0.0,0.0,0.0,0.0,0.0,0.0,0.0,0.0,0.0,0.0,0.0,0.0,0.0,0.0,0.0,0.0,0.0,0.0,0.0,0.0,0.0,0.0,0.0,0.0,0.0,0.0,0.0,0.0,0.0,0.0,0.0,0.0,0.0,0.0,0.0,0.0,0.0,0.0,0.0,0.0,0.0,0.0,0.0,0.0,0.0,0.0,0.0,0.0,0.0,0.0,0.0,0.0,0.0,0.0,0.0,0.0,0.0,0.0,0.0,0.0,0.0,0.0,0.0,0.0,0.0,0.0,0.0,0.0,0.0,0.0,0.0,0.0,0.0,0.0,0.0] [1311.2619900786005,1321.8202200865917,1332.463464547639,1343.19240799478,1354.0077404728797,1364.9101575830227,1375.9003605272408,1386.9790561536227,1398.1469570017646,1409.4047813486081,1420.7532532546286,1432.193102610412,1443.7250651835902,1455.3498826661717,1467.068302722235,1478.881079036026,1490.78897136042,1502.7927455657994,1514.8931736892998,1527.0910339844697,1539.3871109713293,1551.7821954868166,1564.2770847356642,1576.872582341659,1589.569498399342,1602.368649526097,1615.270858914685,1628.2769563861766,1641.3877784433362,1654.6041683244075,1667.9269760573632,1681.3570585145608,1694.895279467867,1708.5425096441993,1722.2996267815402,1736.1675156853773,1750.1470682856248,1764.2391836939755,1778.4447682617345,1792.7647356381167,1807.2000068289992,1821.7515102561672,1836.4201818170154,1851.2069649447558,1866.112810669078,1881.1386776773347,1896.285532376183,1911.5543489537563,1926.9461094423048,1942.4618037813711,1958.1024298814455,1973.8689936881608,1989.7625092469793,2005.7839987684179,2021.9344926937952,2038.215029761504,2054.626657073813,2071.1704301642176,2087.8474130653335,2104.6586783773164,2121.605307336866,2138.6883898867477,2155.9090247459117,2173.268319480143,2190.767390573309,2208.407363499154,2226.1893727937027,2244.1145621282076,2262.184084382728,2280.399101720259,2298.7607856614945,2317.2703171601615,2335.9288866789793,2354.7376942662327,2373.6979496329395,2392.810872230673,2412.077691329971,2431.4996460994216,2451.0779856853383,2470.813969292122,2490.7088662632277,2510.763956162824,2530.9805288580706,2551.359884602096,2571.9033341176064,2592.612198681206,2613.487810208354,2634.5315113390543,2655.7446555241822,2677.1286071125573,2698.6847414386757,2720.4144449111714,2742.319115101994,2764.4001608362782,2786.6590022829737,2809.097071046162,2831.715810257159,2854.5166746673017,2877.5011307415425,2900.67065675274,2924.0267428767575,2947.570891288285,2971.304616257478,2995.22944424732,3019.346914011829,3043.658576695001,3068.1659959305807,3092.870747942638,3117.7744216469364,3142.87861875312,3168.1849538677375,3193.695054598094,3219.410561656912,3245.333128967883,3271.4644237720117,3297.806126734876,3324.3599320546946,3351.1275475713155,3378.1106948760344,3405.3111094223436,3432.7305406375262,3460.3707520352004,3488.23352132871,3516.320640545493,3544.6339161423107,3573.1751691214417,3601.9462351478164,3630.9489646670518,3660.1852230244945,3689.6568905851636,3719.3658628547196,3749.3140506013438,3779.5033799786634,3809.935792649603,3840.6132459112973,3871.5377128209448,3902.7111823227383,3934.135659375755,3965.8131650829396,3997.7457368210635,4029.9354283717907,4062.3843100537392,4095.0944688556665,4128.068008570669,4161.3070499315045,4194.813730746993,4228.590206039511,4262.638648183577,4296.961247045588,4331.560210124669,4366.437762694626,4401.596147947099,4437.037627135803,4472.764479721992,4508.779003521039,4545.083514850253,4581.680348677821,4618.571858773019,4655.7604178575675,4693.248417758249,4731.038269560753,4769.132403764733,4807.533270440121,4846.243339384716,4885.265100283049,4924.601062866471,4964.253757074609,5004.22573321805,5044.519562142395,5085.137835393579,5126.08316538458,5167.3581855634,5208.965550582488,5250.907936469426,5293.188040799074,5335.808582867062,5378.772303864684,5422.081967055189,5465.740357951513,5509.7502844954415,5554.1145772382,5598.836089522486,5643.917697666003,5689.362301146471,5735.17282278806,5781.352208949439,5827.903429713208,5874.829479076986,5922.133375145914,5969.818160326825,6017.886901523867,6066.342690335802,6115.188643254807,6164.427901866934,6214.06363305417,6264.099029198114,6314.537308385285,6365.381714614103,6416.635518003553,6468.302015003491,6520.384528606639,6572.88640856233,6625.811031591967,6679.16180160615,6732.942149923667,6787.155535492116,6841.805445110439,6896.895393653112,6952.428924296275,7008.409608745552,7064.841047465831,7121.726869912778,7179.070734766296,7236.876330165845,7295.147373947643,7353.887613883764,7413.100827923194,7472.790824434837,7532.961442452409,7593.616551921397,7654.7600539479145,7716.395881049652,7778.527997408752,7841.160399126823,7904.2971144818985,7967.94220418758,8032.099761654146,8096.773913251861,8161.968818576374,8227.688670716232,8293.937696522553,8360.720156880894,8428.04034698531,8495.90259661459,8564.311270410717,8633.270768159597,8702.785525074065,8772.860012079082,8843.498736099358,8914.706240349144,8986.487104624512,9058.845945597834,9131.787417114787,9205.31621049359,9279.437054826807,9354.154717285446,9429.47400342559,9505.399757497484,9581.936862757088,9659.090241780126,9736.864856778713,9815.265709920519,9894.297843650465,9973.966341015032,10054.276325989182,10135.232963805956,10216.841461288606,10299.107067185563,10382.035072507933,10465.630810869876,10549.89965883156,10634.84703624505,10720.478406602804,10806.799277389146,10893.815200434417,10981.531772272076,11069.954634498676,11159.08947413668,11248.94202400021,11339.518063063782,11430.823416834026,11522.863957724268,11615.64560543233,11709.174327321158,11803.456138802712,11898.49710372478,11994.303334761045,12090.880993804161,12188.23629236214,12286.375491957784,12385.304904531427,12485.030892846919,12585.55987090084,12686.898304334996,12789.052710852275,12892.029660635888,12995.8357767719,13100.477735675182,13205.962267518828,13312.296156667053,13419.486242111492,13527.539417911097,13636.462633635434,13746.262894811807,13856.947263375758,13968.522858125163,14080.996855178266,14194.376488435144,14308.66905004285,14423.881890864615] 0.31126199007860056 [Infinity,Infinity,Infinity,Infinity,Infinity,Infinity,Infinity,Infinity,Infinity,Infinity,Infinity,Infinity,Infinity,Infinity,Infinity,Infinity,Infinity,Infinity,Infinity,Infinity,Infinity,Infinity,Infinity,Infinity,Infinity,Infinity,Infinity,Infinity,Infinity,Infinity,Infinity,Infinity,Infinity,Infinity,Infinity,Infinity,Infinity,Infinity,Infinity,Infinity,Infinity,Infinity,Infinity,Infinity,Infinity,Infinity,Infinity,Infinity,Infinity,Infinity,Infinity,Infinity,Infinity,Infinity,Infinity,Infinity,Infinity,Infinity,Infinity,Infinity,Infinity,Infinity,Infinity,Infinity,Infinity,Infinity,Infinity,Infinity,Infinity,Infinity,Infinity,Infinity,Infinity,Infinity,Infinity,Infinity,Infinity,Infinity,Infinity,Infinity,Infinity,Infinity,Infinity,Infinity,Infinity,Infinity,Infinity,Infinity,Infinity,Infinity,Infinity,Infinity,Infinity,Infinity,Infinity,Infinity,Infinity,Infinity,Infinity,Infinity,Infinity,Infinity,Infinity,Infinity,Infinity,Infinity,Infinity,Infinity,Infinity,Infinity,Infinity,Infinity,Infinity,Infinity,Infinity,Infinity,Infinity,Infinity,Infinity,Infinity,Infinity,Infinity,Infinity,Infinity,Infinity,Infinity,Infinity,Infinity,Infinity,Infinity,Infinity,Infinity,Infinity,Infinity,Infinity,Infinity,Infinity,Infinity,Infinity,Infinity,Infinity,Infinity,Infinity,Infinity,Infinity,Infinity,Infinity,Infinity,Infinity,Infinity,Infinity,Infinity,Infinity,Infinity,Infinity,Infinity,Infinity,Infinity,Infinity,Infinity,Infinity,Infinity,Infinity,Infinity,Infinity,Infinity,Infinity,Infinity,Infinity,Infinity,Infinity,Infinity,Infinity,Infinity,Infinity,Infinity,Infinity,Infinity,Infinity,Infinity,Infinity,Infinity,Infinity,Infinity,Infinity,Infinity,Infinity,Infinity,Infinity,Infinity,Infinity,Infinity,Infinity,Infinity,Infinity,Infinity,Infinity,Infinity,Infinity,Infinity,Infinity,Infinity,Infinity,Infinity,Infinity,Infinity,Infinity,Infinity,Infinity,Infinity,Infinity,Infinity,Infinity,Infinity,Infinity,Infinity,Infinity,Infinity,Infinity,Infinity,Infinity,Infinity,Infinity,Infinity,Infinity,Infinity,Infinity,Infinity,Infinity,Infinity,Infinity,Infinity,Infinity,Infinity,Infinity,Infinity,Infinity,Infinity,Infinity,Infinity,Infinity,Infinity,Infinity,Infinity,Infinity,Infinity,Infinity,Infinity,Infinity,Infinity,Infinity,Infinity,Infinity,Infinity,Infinity,Infinity,Infinity,Infinity,Infinity,Infinity,Infinity,Infinity,Infinity,Infinity,Infinity,Infinity,Infinity,Infinity,Infinity,Infinity,Infinity,Infinity,Infinity,Infinity,Infinity,Infinity,Infinity,Infinity,Infinity,Infinity,Infinity,Infinity,Infinity,Infinity,Infinity,Infinity,Infinity,Infinity,Infinity,Infinity,Infinity,Infinity,Infinity,Infinity,Infinity,Infinity,Infinity,Infinity,Infinity,Infinity] [0.0,0.0,0.0,0.0,0.0,0.0,0.0,0.0,0.0,0.0,0.0,0.0,0.0,0.0,0.0,0.0,0.0,0.0,0.0,0.0,0.0,0.0,0.0,0.0,0.0,0.0,0.0,0.0,0.0,0.0,0.0,0.0,0.0,0.0,0.0,0.0,0.0,0.0,0.0,0.0,0.0,0.0,0.0,0.0,0.0,0.0,0.0,0.0,0.0,0.0,0.0,0.0,0.0,0.0,0.0,0.0,0.0,0.0,0.0,0.0,0.0,0.0,0.0,0.0,0.0,0.0,0.0,0.0,0.0,0.0,0.0,0.0,0.0,0.0,0.0,0.0,0.0,0.0,0.0,0.0,0.0,0.0,0.0,0.0,0.0,0.0,0.0,0.0,0.0,0.0,0.0,0.0,0.0,0.0,0.0,0.0,0.0,0.0,0.0,0.0,0.0,0.0,0.0,0.0,0.0,0.0,0.0,0.0,0.0,0.0,0.0,0.0,0.0,0.0,0.0,0.0,0.0,0.0,0.0,0.0,0.0,0.0,0.0,0.0,0.0,0.0,0.0,0.0,0.0,0.0,0.0,0.0,0.0,0.0,0.0,0.0,0.0,0.0,0.0,0.0,0.0,0.0,0.0,0.0,0.0,0.0,0.0,0.0,0.0,0.0,0.0,0.0,0.0,0.0,0.0,0.0,0.0,0.0,0.0,0.0,0.0,0.0,0.0,0.0,0.0,0.0,0.0,0.0,0.0,0.0,0.0,0.0,0.0,0.0,0.0,0.0,0.0,0.0,0.0,0.0,0.0,0.0,0.0,0.0,0.0,0.0,0.0,0.0,0.0,0.0,0.0,0.0,0.0,0.0,0.0,0.0,0.0,0.0,0.0,0.0,0.0,0.0,0.0,0.0,0.0,0.0,0.0,0.0,0.0,0.0,0.0,0.0,0.0,0.0,0.0,0.0,0.0,0.0,0.0,0.0,0.0,0.0,0.0,0.0,0.0,0.0,0.0,0.0,0.0,0.0,0.0,0.0,0.0,0.0,0.0,0.0,0.0,0.0,0.0,0.0,0.0,0.0,0.0,0.0,0.0,0.0,0.0,0.0,0.0,0.0,0.0,0.0,0.0,0.0,0.0,0.0,0.0,0.0,0.0,0.0,0.0,0.0,0.0,0.0,0.0,0.0,0.0,0.0,0.0,0.0,0.0,0.0,0.0,0.0,0.0,0.0,0.0,0.0,0.0,0.0,0.0,0.0,0.0,0.0,0.0,0.0,0.0,0.0,0.0,0.0,0.0,0.0,0.0,0.0,0.0,0.0,0.0,0.0,0.0,0.0]
56364.572204284144 [0.0,0.0,0.0,0.0,0.0,0.0,0.0,0.0,0.0,0.0,0.0,0.0,0.0,0.0,0.0,0.0,0.0,0.0,0.0,0.0,0.0,0.0,0.0,0.0,0.0,0.0,0.0,0.0,0.0,0.0,0.0,0.0,0.0,0.0,0.0,0.0,0.0,0.0,0.0,0.0,0.0,0.0,0.0,0.0,0.0,0.0,0.0,0.0,0.0,0.0,0.0,0.0,0.0,0.0,0.0,0.0,0.0,0.0,0.0,0.0,0.0,0.0,0.0,0.0,0.0,0.0,0.0,0.0,0.0,0.0,0.0,0.0,0.0,0.0,0.0,0.0,0.0,0.0,0.0,0.0,0.0,0.0,0.0,0.0,0.0,0.0,0.0,0.0,0.0,0.0,0.0,0.0,0.0,0.0,0.0,0.0,0.0,0.0,0.0,0.0,0.0,0.0,0.0,0.0,0.0,0.0,0.0,0.0,0.0,0.0,0.0,0.0,0.0,0.0,0.0,0.0,0.0,0.0,0.0,0.0,0.0,0.0,0.0,0.0,0.0,0.0,0.0,0.0,0.0,0.0,0.0,0.0,0.0,0.0,0.0,0.0,0.0,0.0,0.0,0.0,0.0,0.0,0.0,0.0,0.0,0.0,0.0,0.0,0.0,0.0,0.0,0.0,0.0,0.0,0.0,0.0,0.0,0.0,0.0,0.0,0.0,0.0,0.0,0.0,0.0,0.0,0.0,0.0,0.0,0.0,0.0,0.0,0.0,0.0,0.0,0.0,0.0,0.0,0.0,0.0,0.0,0.0,0.0,0.0,0.0,0.0,0.0,0.0,0.0,0.0,0.0,0.0,0.0,0.0,0.0,0.0,0.0,0.0,0.0,0.0,0.0,0.0,0.0,0.0,0.0,0.0,0.0,0.0,0.0,0.0,0.0,0.0,0.0,0.0,0.0,0.0,0.0,0.0,0.0,0.0,0.0,0.0,0.0,0.0,0.0,0.0,0.0,0.0,0.0,0.0,0.0,0.0,0.0,0.0,0.0,0.0,0.0,0.0,0.0,0.0,0.0,0.0,0.0,0.0,0.0,0.0,0.0,0.0,0.0,0.0,0.0,0.0,0.0,0.0,0.0,0.0,0.0,0.0,0.0,0.0,0.0,0.0,0.0,0.0,0.0,0.0,0.0,0.0,0.0,0.0,0.0,0.0,0.0,0.0,0.0,0.0,0.0,0.0,0.0,0.0,0.0,0.0,0.0,0.0,0.0,0.0,0.0,0.0,0.0,0.0,0.0,0.0,0.0,0.0,0.0,0.0,0.0,0.0,0.0,0.0] [1311.2619900786005,1321.8202200865917,1332.463464547639,1343.19240799478,1354.0077404728797,1364.9101575830227,1375.9003605272408,1386.9790561536227,1398.1469570017646,1409.4047813486081,1420.7532532546286,1432.193102610412,1443.7250651835902,1455.3498826661717,1467.068302722235,1478.881079036026,1490.78897136042,1502.7927455657994,1514.8931736892998,1527.0910339844697,1539.3871109713293,1551.7821954868166,1564.2770847356642,1576.872582341659,1589.569498399342,1602.368649526097,1615.270858914685,1628.2769563861766,1641.3877784433362,1654.6041683244075,1667.9269760573632,1681.3570585145608,1694.895279467867,1708.5425096441993,1722.2996267815402,1736.1675156853773,1750.1470682856248,1764.2391836939755,1778.4447682617345,1792.7647356381167,1807.2000068289992,1821.7515102561672,1836.4201818170154,1851.2069649447558,1866.112810669078,1881.1386776773347,1896.285532376183,1911.5543489537563,1926.9461094423048,1942.4618037813711,1958.1024298814455,1973.8689936881608,1989.7625092469793,2005.7839987684179,2021.9344926937952,2038.215029761504,2054.626657073813,2071.1704301642176,2087.8474130653335,2104.6586783773164,2121.605307336866,2138.6883898867477,2155.9090247459117,2173.268319480143,2190.767390573309,2208.407363499154,2226.1893727937027,2244.1145621282076,2262.184084382728,2280.399101720259,2298.7607856614945,2317.2703171601615,2335.9288866789793,2354.7376942662327,2373.6979496329395,2392.810872230673,2412.077691329971,2431.4996460994216,2451.0779856853383,2470.813969292122,2490.7088662632277,2510.763956162824,2530.9805288580706,2551.359884602096,2571.9033341176064,2592.612198681206,2613.487810208354,2634.5315113390543,2655.7446555241822,2677.1286071125573,2698.6847414386757,2720.4144449111714,2742.319115101994,2764.4001608362782,2786.6590022829737,2809.097071046162,2831.715810257159,2854.5166746673017,2877.5011307415425,2900.67065675274,2924.0267428767575,2947.570891288285,2971.304616257478,2995.22944424732,3019.346914011829,3043.658576695001,3068.1659959305807,3092.870747942638,3117.7744216469364,3142.87861875312,3168.1849538677375,3193.695054598094,3219.410561656912,3245.333128967883,3271.4644237720117,3297.806126734876,3324.3599320546946,3351.1275475713155,3378.1106948760344,3405.3111094223436,3432.7305406375262,3460.3707520352004,3488.23352132871,3516.320640545493,3544.6339161423107,3573.1751691214417,3601.9462351478164,3630.9489646670518,3660.1852230244945,3689.6568905851636,3719.3658628547196,3749.3140506013438,3779.5033799786634,3809.935792649603,3840.6132459112973,3871.5377128209448,3902.7111823227383,3934.135659375755,3965.8131650829396,3997.7457368210635,4029.9354283717907,4062.3843100537392,4095.0944688556665,4128.068008570669,4161.3070499315045,4194.813730746993,4228.590206039511,4262.638648183577,4296.961247045588,4331.560210124669,4366.437762694626,4401.596147947099,4437.037627135803,4472.764479721992,4508.779003521039,4545.083514850253,4581.680348677821,4618.571858773019,4655.7604178575675,4693.248417758249,4731.038269560753,4769.132403764733,4807.533270440121,4846.243339384716,4885.265100283049,4924.601062866471,4964.253757074609,5004.22573321805,5044.519562142395,5085.137835393579,5126.08316538458,5167.3581855634,5208.965550582488,5250.907936469426,5293.188040799074,5335.808582867062,5378.772303864684,5422.081967055189,5465.740357951513,5509.7502844954415,5554.1145772382,5598.836089522486,5643.917697666003,5689.362301146471,5735.17282278806,5781.352208949439,5827.903429713208,5874.829479076986,5922.133375145914,5969.818160326825,6017.886901523867,6066.342690335802,6115.188643254807,6164.427901866934,6214.06363305417,6264.099029198114,6314.537308385285,6365.381714614103,6416.635518003553,6468.302015003491,6520.384528606639,6572.88640856233,6625.811031591967,6679.16180160615,6732.942149923667,6787.155535492116,6841.805445110439,6896.895393653112,6952.428924296275,7008.409608745552,7064.841047465831,7121.726869912778,7179.070734766296,7236.876330165845,7295.147373947643,7353.887613883764,7413.100827923194,7472.790824434837,7532.961442452409,7593.616551921397,7654.7600539479145,7716.395881049652,7778.527997408752,7841.160399126823,7904.2971144818985,7967.94220418758,8032.099761654146,8096.773913251861,8161.968818576374,8227.688670716232,8293.937696522553,8360.720156880894,8428.04034698531,8495.90259661459,8564.311270410717,8633.270768159597,8702.785525074065,8772.860012079082,8843.498736099358,8914.706240349144,8986.487104624512,9058.845945597834,9131.787417114787,9205.31621049359,9279.437054826807,9354.154717285446,9429.47400342559,9505.399757497484,9581.936862757088,9659.090241780126,9736.864856778713,9815.265709920519,9894.297843650465,9973.966341015032,10054.276325989182,10135.232963805956,10216.841461288606,10299.107067185563,10382.035072507933,10465.630810869876,10549.89965883156,10634.84703624505,10720.478406602804,10806.799277389146,10893.815200434417,10981.531772272076,11069.954634498676,11159.08947413668,11248.94202400021,11339.518063063782,11430.823416834026,11522.863957724268,11615.64560543233,11709.174327321158,11803.456138802712,11898.49710372478,11994.303334761045,12090.880993804161,12188.23629236214,12286.375491957784,12385.304904531427,12485.030892846919,12585.55987090084,12686.898304334996,12789.052710852275,12892.029660635888,12995.8357767719,13100.477735675182,13205.962267518828,13312.296156667053,13419.486242111492,13527.539417911097,13636.462633635434,13746.262894811807,13856.947263375758,13968.522858125163,14080.996855178266,14194.376488435144,14308.66905004285,14423.881890864615] 0.31126199007860056 [Infinity,Infinity,Infinity,Infinity,Infinity,Infinity,Infinity,Infinity,Infinity,Infinity,Infinity,Infinity,Infinity,Infinity,Infinity,Infinity,Infinity,Infinity,Infinity,Infinity,Infinity,Infinity,Infinity,Infinity,Infinity,Infinity,Infinity,Infinity,Infinity,Infinity,Infinity,Infinity,Infinity,Infinity,Infinity,Infinity,Infinity,Infinity,Infinity,Infinity,Infinity,Infinity,Infinity,Infinity,Infinity,Infinity,Infinity,Infinity,Infinity,Infinity,Infinity,Infinity,Infinity,Infinity,Infinity,Infinity,Infinity,Infinity,Infinity,Infinity,Infinity,Infinity,Infinity,Infinity,Infinity,Infinity,Infinity,Infinity,Infinity,Infinity,Infinity,Infinity,Infinity,Infinity,Infinity,Infinity,Infinity,Infinity,Infinity,Infinity,Infinity,Infinity,Infinity,Infinity,Infinity,Infinity,Infinity,Infinity,Infinity,Infinity,Infinity,Infinity,Infinity,Infinity,Infinity,Infinity,Infinity,Infinity,Infinity,Infinity,Infinity,Infinity,Infinity,Infinity,Infinity,Infinity,Infinity,Infinity,Infinity,Infinity,Infinity,Infinity,Infinity,Infinity,Infinity,Infinity,Infinity,Infinity,Infinity,Infinity,Infinity,Infinity,Infinity,Infinity,Infinity,Infinity,Infinity,Infinity,Infinity,Infinity,Infinity,Infinity,Infinity,Infinity,Infinity,Infinity,Infinity,Infinity,Infinity,Infinity,Infinity,Infinity,Infinity,Infinity,Infinity,Infinity,Infinity,Infinity,Infinity,Infinity,Infinity,Infinity,Infinity,Infinity,Infinity,Infinity,Infinity,Infinity,Infinity,Infinity,Infinity,Infinity,Infinity,Infinity,Infinity,Infinity,Infinity,Infinity,Infinity,Infinity,Infinity,Infinity,Infinity,Infinity,Infinity,Infinity,Infinity,Infinity,Infinity,Infinity,Infinity,Infinity,Infinity,Infinity,Infinity,Infinity,Infinity,Infinity,Infinity,Infinity,Infinity,Infinity,Infinity,Infinity,Infinity,Infinity,Infinity,Infinity,Infinity,Infinity,Infinity,Infinity,Infinity,Infinity,Infinity,Infinity,Infinity,Infinity,Infinity,Infinity,Infinity,Infinity,Infinity,Infinity,Infinity,Infinity,Infinity,Infinity,Infinity,Infinity,Infinity,Infinity,Infinity,Infinity,Infinity,Infinity,Infinity,Infinity,Infinity,Infinity,Infinity,Infinity,Infinity,Infinity,Infinity,Infinity,Infinity,Infinity,Infinity,Infinity,Infinity,Infinity,Infinity,Infinity,Infinity,Infinity,Infinity,Infinity,Infinity,Infinity,Infinity,Infinity,Infinity,Infinity,Infinity,Infinity,Infinity,Infinity,Infinity,Infinity,Infinity,Infinity,Infinity,Infinity,Infinity,Infinity,Infinity,Infinity,Infinity,Infinity,Infinity,Infinity,Infinity,Infinity,Infinity,Infinity,Infinity,Infinity,Infinity,Infinity,Infinity,Infinity,Infinity,Infinity,Infinity,Infinity,Infinity,Infinity,Infinity,Infinity,Infinity,Infinity,Infinity,Infinity,Infinity,Infinity,Infinity,Infinity,Infinity,Infinity] [0.0,0.0,0.0,0.0,0.0,0.0,0.0,0.0,0.0,0.0,0.0,0.0,0.0,0.0,0.0,0.0,0.0,0.0,0.0,0.0,0.0,0.0,0.0,0.0,0.0,0.0,0.0,0.0,0.0,0.0,0.0,0.0,0.0,0.0,0.0,0.0,0.0,0.0,0.0,0.0,0.0,0.0,0.0,0.0,0.0,0.0,0.0,0.0,0.0,0.0,0.0,0.0,0.0,0.0,0.0,0.0,0.0,0.0,0.0,0.0,0.0,0.0,0.0,0.0,0.0,0.0,0.0,0.0,0.0,0.0,0.0,0.0,0.0,0.0,0.0,0.0,0.0,0.0,0.0,0.0,0.0,0.0,0.0,0.0,0.0,0.0,0.0,0.0,0.0,0.0,0.0,0.0,0.0,0.0,0.0,0.0,0.0,0.0,0.0,0.0,0.0,0.0,0.0,0.0,0.0,0.0,0.0,0.0,0.0,0.0,0.0,0.0,0.0,0.0,0.0,0.0,0.0,0.0,0.0,0.0,0.0,0.0,0.0,0.0,0.0,0.0,0.0,0.0,0.0,0.0,0.0,0.0,0.0,0.0,0.0,0.0,0.0,0.0,0.0,0.0,0.0,0.0,0.0,0.0,0.0,0.0,0.0,0.0,0.0,0.0,0.0,0.0,0.0,0.0,0.0,0.0,0.0,0.0,0.0,0.0,0.0,0.0,0.0,0.0,0.0,0.0,0.0,0.0,0.0,0.0,0.0,0.0,0.0,0.0,0.0,0.0,0.0,0.0,0.0,0.0,0.0,0.0,0.0,0.0,0.0,0.0,0.0,0.0,0.0,0.0,0.0,0.0,0.0,0.0,0.0,0.0,0.0,0.0,0.0,0.0,0.0,0.0,0.0,0.0,0.0,0.0,0.0,0.0,0.0,0.0,0.0,0.0,0.0,0.0,0.0,0.0,0.0,0.0,0.0,0.0,0.0,0.0,0.0,0.0,0.0,0.0,0.0,0.0,0.0,0.0,0.0,0.0,0.0,0.0,0.0,0.0,0.0,0.0,0.0,0.0,0.0,0.0,0.0,0.0,0.0,0.0,0.0,0.0,0.0,0.0,0.0,0.0,0.0,0.0,0.0,0.0,0.0,0.0,0.0,0.0,0.0,0.0,0.0,0.0,0.0,0.0,0.0,0.0,0.0,0.0,0.0,0.0,0.0,0.0,0.0,0.0,0.0,0.0,0.0,0.0,0.0,0.0,0.0,0.0,0.0,0.0,0.0,0.0,0.0,0.0,0.0,0.0,0.0,0.0,0.0,0.0,0.0,0.0,0.0,0.0]
56131.192409349256 [0.0,0.0,0.0,0.0,0.0,0.0,0.0,0.0,0.0,0.0,0.0,0.0,0.0,0.0,0.0,0.0,0.0,0.0,0.0,0.0,0.0,0.0,0.0,0.0,0.0,0.0,0.0,0.0,0.0,0.0,0.0,0.0,0.0,0.0,0.0,0.0,0.0,0.0,0.0,0.0,0.0,0.0,0.0,0.0,0.0,0.0,0.0,0.0,0.0,0.0,0.0,0.0,0.0,0.0,0.0,0.0,0.0,0.0,0.0,0.0,0.0,0.0,0.0,0.0,0.0,0.0,0.0,0.0,0.0,0.0,0.0,0.0,0.0,0.0,0.0,0.0,0.0,0.0,0.0,0.0,0.0,0.0,0.0,0.0,0.0,0.0,0.0,0.0,0.0,0.0,0.0,0.0,0.0,0.0,0.0,0.0,0.0,0.0,0.0,0.0,0.0,0.0,0.0,0.0,0.0,0.0,0.0,0.0,0.0,0.0,0.0,0.0,0.0,0.0,0.0,0.0,0.0,0.0,0.0,0.0,0.0,0.0,0.0,0.0,0.0,0.0,0.0,0.0,0.0,0.0,0.0,0.0,0.0,0.0,0.0,0.0,0.0,0.0,0.0,0.0,0.0,0.0,0.0,0.0,0.0,0.0,0.0,0.0,0.0,0.0,0.0,0.0,0.0,0.0,0.0,0.0,0.0,0.0,0.0,0.0,0.0,0.0,0.0,0.0,0.0,0.0,0.0,0.0,0.0,0.0,0.0,0.0,0.0,0.0,0.0,0.0,0.0,0.0,0.0,0.0,0.0,0.0,0.0,0.0,0.0,0.0,0.0,0.0,0.0,0.0,0.0,0.0,0.0,0.0,0.0,0.0,0.0,0.0,0.0,0.0,0.0,0.0,0.0,0.0,0.0,0.0,0.0,0.0,0.0,0.0,0.0,0.0,0.0,0.0,0.0,0.0,0.0,0.0,0.0,0.0,0.0,0.0,0.0,0.0,0.0,0.0,0.0,0.0,0.0,0.0,0.0,0.0,0.0,0.0,0.0,0.0,0.0,0.0,0.0,0.0,0.0,0.0,0.0,0.0,0.0,0.0,0.0,0.0,0.0,0.0,0.0,0.0,0.0,0.0,0.0,0.0,0.0,0.0,0.0,0.0,0.0,0.0,0.0,0.0,0.0,0.0,0.0,0.0,0.0,0.0,0.0,0.0,0.0,0.0,0.0,0.0,0.0,0.0,0.0,0.0,0.0,0.0,0.0,0.0,0.0,0.0,0.0,0.0,0.0,0.0,0.0,0.0,0.0,0.0,0.0,0.0,0.0,0.0,0.0,0.0] [1311.2619900786005,1321.8202200865917,1332.463464547639,1343.19240799478,1354.0077404728797,1364.9101575830227,1375.9003605272408,1386.9790561536227,1398.1469570017646,1409.4047813486081,1420.7532532546286,1432.193102610412,1443.7250651835902,1455.3498826661717,1467.068302722235,1478.881079036026,1490.78897136042,1502.7927455657994,1514.8931736892998,1527.0910339844697,1539.3871109713293,1551.7821954868166,1564.2770847356642,1576.872582341659,1589.569498399342,1602.368649526097,1615.270858914685,1628.2769563861766,1641.3877784433362,1654.6041683244075,1667.9269760573632,1681.3570585145608,1694.895279467867,1708.5425096441993,1722.2996267815402,1736.1675156853773,1750.1470682856248,1764.2391836939755,1778.4447682617345,1792.7647356381167,1807.2000068289992,1821.7515102561672,1836.4201818170154,1851.2069649447558,1866.112810669078,1881.1386776773347,1896.285532376183,1911.5543489537563,1926.9461094423048,1942.4618037813711,1958.1024298814455,1973.8689936881608,1989.7625092469793,2005.7839987684179,2021.9344926937952,2038.215029761504,2054.626657073813,2071.1704301642176,2087.8474130653335,2104.6586783773164,2121.605307336866,2138.6883898867477,2155.9090247459117,2173.268319480143,2190.767390573309,2208.407363499154,2226.1893727937027,2244.1145621282076,2262.184084382728,2280.399101720259,2298.7607856614945,2317.2703171601615,2335.9288866789793,2354.7376942662327,2373.6979496329395,2392.810872230673,2412.077691329971,2431.4996460994216,2451.0779856853383,2470.813969292122,2490.7088662632277,2510.763956162824,2530.9805288580706,2551.359884602096,2571.9033341176064,2592.612198681206,2613.487810208354,2634.5315113390543,2655.7446555241822,2677.1286071125573,2698.6847414386757,2720.4144449111714,2742.319115101994,2764.4001608362782,2786.6590022829737,2809.097071046162,2831.715810257159,2854.5166746673017,2877.5011307415425,2900.67065675274,2924.0267428767575,2947.570891288285,2971.304616257478,2995.22944424732,3019.346914011829,3043.658576695001,3068.1659959305807,3092.870747942638,3117.7744216469364,3142.87861875312,3168.1849538677375,3193.695054598094,3219.410561656912,3245.333128967883,3271.4644237720117,3297.806126734876,3324.3599320546946,3351.1275475713155,3378.1106948760344,3405.3111094223436,3432.7305406375262,3460.3707520352004,3488.23352132871,3516.320640545493,3544.6339161423107,3573.1751691214417,3601.9462351478164,3630.9489646670518,3660.1852230244945,3689.6568905851636,3719.3658628547196,3749.3140506013438,3779.5033799786634,3809.935792649603,3840.6132459112973,3871.5377128209448,3902.7111823227383,3934.135659375755,3965.8131650829396,3997.7457368210635,4029.9354283717907,4062.3843100537392,4095.0944688556665,4128.068008570669,4161.3070499315045,4194.813730746993,4228.590206039511,4262.638648183577,4296.961247045588,4331.560210124669,4366.437762694626,4401.596147947099,4437.037627135803,4472.764479721992,4508.779003521039,4545.083514850253,4581.680348677821,4618.571858773019,4655.7604178575675,4693.248417758249,4731.038269560753,4769.132403764733,4807.533270440121,4846.243339384716,4885.265100283049,4924.601062866471,4964.253757074609,5004.22573321805,5044.519562142395,5085.137835393579,5126.08316538458,5167.3581855634,5208.965550582488,5250.907936469426,5293.188040799074,5335.808582867062,5378.772303864684,5422.081967055189,5465.740357951513,5509.7502844954415,5554.1145772382,5598.836089522486,5643.917697666003,5689.362301146471,5735.17282278806,5781.352208949439,5827.903429713208,5874.829479076986,5922.133375145914,5969.818160326825,6017.886901523867,6066.342690335802,6115.188643254807,6164.427901866934,6214.06363305417,6264.099029198114,6314.537308385285,6365.381714614103,6416.635518003553,6468.302015003491,6520.384528606639,6572.88640856233,6625.811031591967,6679.16180160615,6732.942149923667,6787.155535492116,6841.805445110439,6896.895393653112,6952.428924296275,7008.409608745552,7064.841047465831,7121.726869912778,7179.070734766296,7236.876330165845,7295.147373947643,7353.887613883764,7413.100827923194,7472.790824434837,7532.961442452409,7593.616551921397,7654.7600539479145,7716.395881049652,7778.527997408752,7841.160399126823,7904.2971144818985,7967.94220418758,8032.099761654146,8096.773913251861,8161.968818576374,8227.688670716232,8293.937696522553,8360.720156880894,8428.04034698531,8495.90259661459,8564.311270410717,8633.270768159597,8702.785525074065,8772.860012079082,8843.498736099358,8914.706240349144,8986.487104624512,9058.845945597834,9131.787417114787,9205.31621049359,9279.437054826807,9354.154717285446,9429.47400342559,9505.399757497484,9581.936862757088,9659.090241780126,9736.864856778713,9815.265709920519,9894.297843650465,9973.966341015032,10054.276325989182,10135.232963805956,10216.841461288606,10299.107067185563,10382.035072507933,10465.630810869876,10549.89965883156,10634.84703624505,10720.478406602804,10806.799277389146,10893.815200434417,10981.531772272076,11069.954634498676,11159.08947413668,11248.94202400021,11339.518063063782,11430.823416834026,11522.863957724268,11615.64560543233,11709.174327321158,11803.456138802712,11898.49710372478,11994.303334761045,12090.880993804161,12188.23629236214,12286.375491957784,12385.304904531427,12485.030892846919,12585.55987090084,12686.898304334996,12789.052710852275,12892.029660635888,12995.8357767719,13100.477735675182,13205.962267518828,13312.296156667053,13419.486242111492,13527.539417911097,13636.462633635434,13746.262894811807,13856.947263375758,13968.522858125163,14080.996855178266,14194.376488435144,14308.66905004285,14423.881890864615] 0.31126199007860056 [Infinity,Infinity,Infinity,Infinity,Infinity,Infinity,Infinity,Infinity,Infinity,Infinity,Infinity,Infinity,Infinity,Infinity,Infinity,Infinity,Infinity,Infinity,Infinity,Infinity,Infinity,Infinity,Infinity,Infinity,Infinity,Infinity,Infinity,Infinity,Infinity,Infinity,Infinity,Infinity,Infinity,Infinity,Infinity,Infinity,Infinity,Infinity,Infinity,Infinity,Infinity,Infinity,Infinity,Infinity,Infinity,Infinity,Infinity,Infinity,Infinity,Infinity,Infinity,Infinity,Infinity,Infinity,Infinity,Infinity,Infinity,Infinity,Infinity,Infinity,Infinity,Infinity,Infinity,Infinity,Infinity,Infinity,Infinity,Infinity,Infinity,Infinity,Infinity,Infinity,Infinity,Infinity,Infinity,Infinity,Infinity,Infinity,Infinity,Infinity,Infinity,Infinity,Infinity,Infinity,Infinity,Infinity,Infinity,Infinity,Infinity,Infinity,Infinity,Infinity,Infinity,Infinity,Infinity,Infinity,Infinity,Infinity,Infinity,Infinity,Infinity,Infinity,Infinity,Infinity,Infinity,Infinity,Infinity,Infinity,Infinity,Infinity,Infinity,Infinity,Infinity,Infinity,Infinity,Infinity,Infinity,Infinity,Infinity,Infinity,Infinity,Infinity,Infinity,Infinity,Infinity,Infinity,Infinity,Infinity,Infinity,Infinity,Infinity,Infinity,Infinity,Infinity,Infinity,Infinity,Infinity,Infinity,Infinity,Infinity,Infinity,Infinity,Infinity,Infinity,Infinity,Infinity,Infinity,Infinity,Infinity,Infinity,Infinity,Infinity,Infinity,Infinity,Infinity,Infinity,Infinity,Infinity,Infinity,Infinity,Infinity,Infinity,Infinity,Infinity,Infinity,Infinity,Infinity,Infinity,Infinity,Infinity,Infinity,Infinity,Infinity,Infinity,Infinity,Infinity,Infinity,Infinity,Infinity,Infinity,Infinity,Infinity,Infinity,Infinity,Infinity,Infinity,Infinity,Infinity,Infinity,Infinity,Infinity,Infinity,Infinity,Infinity,Infinity,Infinity,Infinity,Infinity,Infinity,Infinity,Infinity,Infinity,Infinity,Infinity,Infinity,Infinity,Infinity,Infinity,Infinity,Infinity,Infinity,Infinity,Infinity,Infinity,Infinity,Infinity,Infinity,Infinity,Infinity,Infinity,Infinity,Infinity,Infinity,Infinity,Infinity,Infinity,Infinity,Infinity,Infinity,Infinity,Infinity,Infinity,Infinity,Infinity,Infinity,Infinity,Infinity,Infinity,Infinity,Infinity,Infinity,Infinity,Infinity,Infinity,Infinity,Infinity,Infinity,Infinity,Infinity,Infinity,Infinity,Infinity,Infinity,Infinity,Infinity,Infinity,Infinity,Infinity,Infinity,Infinity,Infinity,Infinity,Infinity,Infinity,Infinity,Infinity,Infinity,Infinity,Infinity,Infinity,Infinity,Infinity,Infinity,Infinity,Infinity,Infinity,Infinity,Infinity,Infinity,Infinity,Infinity,Infinity,Infinity,Infinity,Infinity,Infinity,Infinity,Infinity,Infinity,Infinity,Infinity,Infinity,Infinity,Infinity,Infinity,Infinity,Infinity,Infinity,Infinity,Infinity] [0.0,0.0,0.0,0.0,0.0,0.0,0.0,0.0,0.0,0.0,0.0,0.0,0.0,0.0,0.0,0.0,0.0,0.0,0.0,0.0,0.0,0.0,0.0,0.0,0.0,0.0,0.0,0.0,0.0,0.0,0.0,0.0,0.0,0.0,0.0,0.0,0.0,0.0,0.0,0.0,0.0,0.0,0.0,0.0,0.0,0.0,0.0,0.0,0.0,0.0,0.0,0.0,0.0,0.0,0.0,0.0,0.0,0.0,0.0,0.0,0.0,0.0,0.0,0.0,0.0,0.0,0.0,0.0,0.0,0.0,0.0,0.0,0.0,0.0,0.0,0.0,0.0,0.0,0.0,0.0,0.0,0.0,0.0,0.0,0.0,0.0,0.0,0.0,0.0,0.0,0.0,0.0,0.0,0.0,0.0,0.0,0.0,0.0,0.0,0.0,0.0,0.0,0.0,0.0,0.0,0.0,0.0,0.0,0.0,0.0,0.0,0.0,0.0,0.0,0.0,0.0,0.0,0.0,0.0,0.0,0.0,0.0,0.0,0.0,0.0,0.0,0.0,0.0,0.0,0.0,0.0,0.0,0.0,0.0,0.0,0.0,0.0,0.0,0.0,0.0,0.0,0.0,0.0,0.0,0.0,0.0,0.0,0.0,0.0,0.0,0.0,0.0,0.0,0.0,0.0,0.0,0.0,0.0,0.0,0.0,0.0,0.0,0.0,0.0,0.0,0.0,0.0,0.0,0.0,0.0,0.0,0.0,0.0,0.0,0.0,0.0,0.0,0.0,0.0,0.0,0.0,0.0,0.0,0.0,0.0,0.0,0.0,0.0,0.0,0.0,0.0,0.0,0.0,0.0,0.0,0.0,0.0,0.0,0.0,0.0,0.0,0.0,0.0,0.0,0.0,0.0,0.0,0.0,0.0,0.0,0.0,0.0,0.0,0.0,0.0,0.0,0.0,0.0,0.0,0.0,0.0,0.0,0.0,0.0,0.0,0.0,0.0,0.0,0.0,0.0,0.0,0.0,0.0,0.0,0.0,0.0,0.0,0.0,0.0,0.0,0.0,0.0,0.0,0.0,0.0,0.0,0.0,0.0,0.0,0.0,0.0,0.0,0.0,0.0,0.0,0.0,0.0,0.0,0.0,0.0,0.0,0.0,0.0,0.0,0.0,0.0,0.0,0.0,0.0,0.0,0.0,0.0,0.0,0.0,0.0,0.0,0.0,0.0,0.0,0.0,0.0,0.0,0.0,0.0,0.0,0.0,0.0,0.0,0.0,0.0,0.0,0.0,0.0,0.0,0.0,0.0,0.0,0.0,0.0,0.0]
56141.89967996267 [0.0,0.0,0.0,0.0,0.0,0.0,0.0,0.0,0.0,0.0,0.0,0.0,0.0,0.0,0.0,0.0,0.0,0.0,0.0,0.0,0.0,0.0,0.0,0.0,0.0,0.0,0.0,0.0,0.0,0.0,0.0,0.0,0.0,0.0,0.0,0.0,0.0,0.0,0.0,0.0,0.0,0.0,0.0,0.0,0.0,0.0,0.0,0.0,0.0,0.0,0.0,0.0,0.0,0.0,0.0,0.0,0.0,0.0,0.0,0.0,0.0,0.0,0.0,0.0,0.0,0.0,0.0,0.0,0.0,0.0,0.0,0.0,0.0,0.0,0.0,0.0,0.0,0.0,0.0,0.0,0.0,0.0,0.0,0.0,0.0,0.0,0.0,0.0,0.0,0.0,0.0,0.0,0.0,0.0,0.0,0.0,0.0,0.0,0.0,0.0,0.0,0.0,0.0,0.0,0.0,0.0,0.0,0.0,0.0,0.0,0.0,0.0,0.0,0.0,0.0,0.0,0.0,0.0,0.0,0.0,0.0,0.0,0.0,0.0,0.0,0.0,0.0,0.0,0.0,0.0,0.0,0.0,0.0,0.0,0.0,0.0,0.0,0.0,0.0,0.0,0.0,0.0,0.0,0.0,0.0,0.0,0.0,0.0,0.0,0.0,0.0,0.0,0.0,0.0,0.0,0.0,0.0,0.0,0.0,0.0,0.0,0.0,0.0,0.0,0.0,0.0,0.0,0.0,0.0,0.0,0.0,0.0,0.0,0.0,0.0,0.0,0.0,0.0,0.0,0.0,0.0,0.0,0.0,0.0,0.0,0.0,0.0,0.0,0.0,0.0,0.0,0.0,0.0,0.0,0.0,0.0,0.0,0.0,0.0,0.0,0.0,0.0,0.0,0.0,0.0,0.0,0.0,0.0,0.0,0.0,0.0,0.0,0.0,0.0,0.0,0.0,0.0,0.0,0.0,0.0,0.0,0.0,0.0,0.0,0.0,0.0,0.0,0.0,0.0,0.0,0.0,0.0,0.0,0.0,0.0,0.0,0.0,0.0,0.0,0.0,0.0,0.0,0.0,0.0,0.0,0.0,0.0,0.0,0.0,0.0,0.0,0.0,0.0,0.0,0.0,0.0,0.0,0.0,0.0,0.0,0.0,0.0,0.0,0.0,0.0,0.0,0.0,0.0,0.0,0.0,0.0,0.0,0.0,0.0,0.0,0.0,0.0,0.0,0.0,0.0,0.0,0.0,0.0,0.0,0.0,0.0,0.0,0.0,0.0,0.0,0.0,0.0,0.0,0.0,0.0,0.0,0.0,0.0,0.0,0.0] [1311.2619900786005,1321.8202200865917,1332.463464547639,1343.19240799478,1354.0077404728797,1364.9101575830227,1375.9003605272408,1386.9790561536227,1398.1469570017646,1409.4047813486081,1420.7532532546286,1432.193102610412,1443.7250651835902,1455.3498826661717,1467.068302722235,1478.881079036026,1490.78897136042,1502.7927455657994,1514.8931736892998,1527.0910339844697,1539.3871109713293,1551.7821954868166,1564.2770847356642,1576.872582341659,1589.569498399342,1602.368649526097,1615.270858914685,1628.2769563861766,1641.3877784433362,1654.6041683244075,1667.9269760573632,1681.3570585145608,1694.895279467867,1708.5425096441993,1722.2996267815402,1736.1675156853773,1750.1470682856248,1764.2391836939755,1778.4447682617345,1792.7647356381167,1807.2000068289992,1821.7515102561672,1836.4201818170154,1851.2069649447558,1866.112810669078,1881.1386776773347,1896.285532376183,1911.5543489537563,1926.9461094423048,1942.4618037813711,1958.1024298814455,1973.8689936881608,1989.7625092469793,2005.7839987684179,2021.9344926937952,2038.215029761504,2054.626657073813,2071.1704301642176,2087.8474130653335,2104.6586783773164,2121.605307336866,2138.6883898867477,2155.9090247459117,2173.268319480143,2190.767390573309,2208.407363499154,2226.1893727937027,2244.1145621282076,2262.184084382728,2280.399101720259,2298.7607856614945,2317.2703171601615,2335.9288866789793,2354.7376942662327,2373.6979496329395,2392.810872230673,2412.077691329971,2431.4996460994216,2451.0779856853383,2470.813969292122,2490.7088662632277,2510.763956162824,2530.9805288580706,2551.359884602096,2571.9033341176064,2592.612198681206,2613.487810208354,2634.5315113390543,2655.7446555241822,2677.1286071125573,2698.6847414386757,2720.4144449111714,2742.319115101994,2764.4001608362782,2786.6590022829737,2809.097071046162,2831.715810257159,2854.5166746673017,2877.5011307415425,2900.67065675274,2924.0267428767575,2947.570891288285,2971.304616257478,2995.22944424732,3019.346914011829,3043.658576695001,3068.1659959305807,3092.870747942638,3117.7744216469364,3142.87861875312,3168.1849538677375,3193.695054598094,3219.410561656912,3245.333128967883,3271.4644237720117,3297.806126734876,3324.3599320546946,3351.1275475713155,3378.1106948760344,3405.3111094223436,3432.7305406375262,3460.3707520352004,3488.23352132871,3516.320640545493,3544.6339161423107,3573.1751691214417,3601.9462351478164,3630.9489646670518,3660.1852230244945,3689.6568905851636,3719.3658628547196,3749.3140506013438,3779.5033799786634,3809.935792649603,3840.6132459112973,3871.5377128209448,3902.7111823227383,3934.135659375755,3965.8131650829396,3997.7457368210635,4029.9354283717907,4062.3843100537392,4095.0944688556665,4128.068008570669,4161.3070499315045,4194.813730746993,4228.590206039511,4262.638648183577,4296.961247045588,4331.560210124669,4366.437762694626,4401.596147947099,4437.037627135803,4472.764479721992,4508.779003521039,4545.083514850253,4581.680348677821,4618.571858773019,4655.7604178575675,4693.248417758249,4731.038269560753,4769.132403764733,4807.533270440121,4846.243339384716,4885.265100283049,4924.601062866471,4964.253757074609,5004.22573321805,5044.519562142395,5085.137835393579,5126.08316538458,5167.3581855634,5208.965550582488,5250.907936469426,5293.188040799074,5335.808582867062,5378.772303864684,5422.081967055189,5465.740357951513,5509.7502844954415,5554.1145772382,5598.836089522486,5643.917697666003,5689.362301146471,5735.17282278806,5781.352208949439,5827.903429713208,5874.829479076986,5922.133375145914,5969.818160326825,6017.886901523867,6066.342690335802,6115.188643254807,6164.427901866934,6214.06363305417,6264.099029198114,6314.537308385285,6365.381714614103,6416.635518003553,6468.302015003491,6520.384528606639,6572.88640856233,6625.811031591967,6679.16180160615,6732.942149923667,6787.155535492116,6841.805445110439,6896.895393653112,6952.428924296275,7008.409608745552,7064.841047465831,7121.726869912778,7179.070734766296,7236.876330165845,7295.147373947643,7353.887613883764,7413.100827923194,7472.790824434837,7532.961442452409,7593.616551921397,7654.7600539479145,7716.395881049652,7778.527997408752,7841.160399126823,7904.2971144818985,7967.94220418758,8032.099761654146,8096.773913251861,8161.968818576374,8227.688670716232,8293.937696522553,8360.720156880894,8428.04034698531,8495.90259661459,8564.311270410717,8633.270768159597,8702.785525074065,8772.860012079082,8843.498736099358,8914.706240349144,8986.487104624512,9058.845945597834,9131.787417114787,9205.31621049359,9279.437054826807,9354.154717285446,9429.47400342559,9505.399757497484,9581.936862757088,9659.090241780126,9736.864856778713,9815.265709920519,9894.297843650465,9973.966341015032,10054.276325989182,10135.232963805956,10216.841461288606,10299.107067185563,10382.035072507933,10465.630810869876,10549.89965883156,10634.84703624505,10720.478406602804,10806.799277389146,10893.815200434417,10981.531772272076,11069.954634498676,11159.08947413668,11248.94202400021,11339.518063063782,11430.823416834026,11522.863957724268,11615.64560543233,11709.174327321158,11803.456138802712,11898.49710372478,11994.303334761045,12090.880993804161,12188.23629236214,12286.375491957784,12385.304904531427,12485.030892846919,12585.55987090084,12686.898304334996,12789.052710852275,12892.029660635888,12995.8357767719,13100.477735675182,13205.962267518828,13312.296156667053,13419.486242111492,13527.539417911097,13636.462633635434,13746.262894811807,13856.947263375758,13968.522858125163,14080.996855178266,14194.376488435144,14308.66905004285,14423.881890864615] 0.31126199007860056 [Infinity,Infinity,Infinity,Infinity,Infinity,Infinity,Infinity,Infinity,Infinity,Infinity,Infinity,Infinity,Infinity,Infinity,Infinity,Infinity,Infinity,Infinity,Infinity,Infinity,Infinity,Infinity,Infinity,Infinity,Infinity,Infinity,Infinity,Infinity,Infinity,Infinity,Infinity,Infinity,Infinity,Infinity,Infinity,Infinity,Infinity,Infinity,Infinity,Infinity,Infinity,Infinity,Infinity,Infinity,Infinity,Infinity,Infinity,Infinity,Infinity,Infinity,Infinity,Infinity,Infinity,Infinity,Infinity,Infinity,Infinity,Infinity,Infinity,Infinity,Infinity,Infinity,Infinity,Infinity,Infinity,Infinity,Infinity,Infinity,Infinity,Infinity,Infinity,Infinity,Infinity,Infinity,Infinity,Infinity,Infinity,Infinity,Infinity,Infinity,Infinity,Infinity,Infinity,Infinity,Infinity,Infinity,Infinity,Infinity,Infinity,Infinity,Infinity,Infinity,Infinity,Infinity,Infinity,Infinity,Infinity,Infinity,Infinity,Infinity,Infinity,Infinity,Infinity,Infinity,Infinity,Infinity,Infinity,Infinity,Infinity,Infinity,Infinity,Infinity,Infinity,Infinity,Infinity,Infinity,Infinity,Infinity,Infinity,Infinity,Infinity,Infinity,Infinity,Infinity,Infinity,Infinity,Infinity,Infinity,Infinity,Infinity,Infinity,Infinity,Infinity,Infinity,Infinity,Infinity,Infinity,Infinity,Infinity,Infinity,Infinity,Infinity,Infinity,Infinity,Infinity,Infinity,Infinity,Infinity,Infinity,Infinity,Infinity,Infinity,Infinity,Infinity,Infinity,Infinity,Infinity,Infinity,Infinity,Infinity,Infinity,Infinity,Infinity,Infinity,Infinity,Infinity,Infinity,Infinity,Infinity,Infinity,Infinity,Infinity,Infinity,Infinity,Infinity,Infinity,Infinity,Infinity,Infinity,Infinity,Infinity,Infinity,Infinity,Infinity,Infinity,Infinity,Infinity,Infinity,Infinity,Infinity,Infinity,Infinity,Infinity,Infinity,Infinity,Infinity,Infinity,Infinity,Infinity,Infinity,Infinity,Infinity,Infinity,Infinity,Infinity,Infinity,Infinity,Infinity,Infinity,Infinity,Infinity,Infinity,Infinity,Infinity,Infinity,Infinity,Infinity,Infinity,Infinity,Infinity,Infinity,Infinity,Infinity,Infinity,Infinity,Infinity,Infinity,Infinity,Infinity,Infinity,Infinity,Infinity,Infinity,Infinity,Infinity,Infinity,Infinity,Infinity,Infinity,Infinity,Infinity,Infinity,Infinity,Infinity,Infinity,Infinity,Infinity,Infinity,Infinity,Infinity,Infinity,Infinity,Infinity,Infinity,Infinity,Infinity,Infinity,Infinity,Infinity,Infinity,Infinity,Infinity,Infinity,Infinity,Infinity,Infinity,Infinity,Infinity,Infinity,Infinity,Infinity,Infinity,Infinity,Infinity,Infinity,Infinity,Infinity,Infinity,Infinity,Infinity,Infinity,Infinity,Infinity,Infinity,Infinity,Infinity,Infinity,Infinity,Infinity,Infinity,Infinity,Infinity,Infinity,Infinity,Infinity,Infinity,Infinity,Infinity,Infinity,Infinity] [0.0,0.0,0.0,0.0,0.0,0.0,0.0,0.0,0.0,0.0,0.0,0.0,0.0,0.0,0.0,0.0,0.0,0.0,0.0,0.0,0.0,0.0,0.0,0.0,0.0,0.0,0.0,0.0,0.0,0.0,0.0,0.0,0.0,0.0,0.0,0.0,0.0,0.0,0.0,0.0,0.0,0.0,0.0,0.0,0.0,0.0,0.0,0.0,0.0,0.0,0.0,0.0,0.0,0.0,0.0,0.0,0.0,0.0,0.0,0.0,0.0,0.0,0.0,0.0,0.0,0.0,0.0,0.0,0.0,0.0,0.0,0.0,0.0,0.0,0.0,0.0,0.0,0.0,0.0,0.0,0.0,0.0,0.0,0.0,0.0,0.0,0.0,0.0,0.0,0.0,0.0,0.0,0.0,0.0,0.0,0.0,0.0,0.0,0.0,0.0,0.0,0.0,0.0,0.0,0.0,0.0,0.0,0.0,0.0,0.0,0.0,0.0,0.0,0.0,0.0,0.0,0.0,0.0,0.0,0.0,0.0,0.0,0.0,0.0,0.0,0.0,0.0,0.0,0.0,0.0,0.0,0.0,0.0,0.0,0.0,0.0,0.0,0.0,0.0,0.0,0.0,0.0,0.0,0.0,0.0,0.0,0.0,0.0,0.0,0.0,0.0,0.0,0.0,0.0,0.0,0.0,0.0,0.0,0.0,0.0,0.0,0.0,0.0,0.0,0.0,0.0,0.0,0.0,0.0,0.0,0.0,0.0,0.0,0.0,0.0,0.0,0.0,0.0,0.0,0.0,0.0,0.0,0.0,0.0,0.0,0.0,0.0,0.0,0.0,0.0,0.0,0.0,0.0,0.0,0.0,0.0,0.0,0.0,0.0,0.0,0.0,0.0,0.0,0.0,0.0,0.0,0.0,0.0,0.0,0.0,0.0,0.0,0.0,0.0,0.0,0.0,0.0,0.0,0.0,0.0,0.0,0.0,0.0,0.0,0.0,0.0,0.0,0.0,0.0,0.0,0.0,0.0,0.0,0.0,0.0,0.0,0.0,0.0,0.0,0.0,0.0,0.0,0.0,0.0,0.0,0.0,0.0,0.0,0.0,0.0,0.0,0.0,0.0,0.0,0.0,0.0,0.0,0.0,0.0,0.0,0.0,0.0,0.0,0.0,0.0,0.0,0.0,0.0,0.0,0.0,0.0,0.0,0.0,0.0,0.0,0.0,0.0,0.0,0.0,0.0,0.0,0.0,0.0,0.0,0.0,0.0,0.0,0.0,0.0,0.0,0.0,0.0,0.0,0.0,0.0,0.0,0.0,0.0,0.0,0.0]
56087.50046675166 [0.0,0.0,0.0,0.0,0.0,0.0,0.0,0.0,0.0,0.0,0.0,0.0,0.0,0.0,0.0,0.0,0.0,0.0,0.0,0.0,0.0,0.0,0.0,0.0,0.0,0.0,0.0,0.0,0.0,0.0,0.0,0.0,0.0,0.0,0.0,0.0,0.0,0.0,0.0,0.0,0.0,0.0,0.0,0.0,0.0,0.0,0.0,0.0,0.0,0.0,0.0,0.0,0.0,0.0,0.0,0.0,0.0,0.0,0.0,0.0,0.0,0.0,0.0,0.0,0.0,0.0,0.0,0.0,0.0,0.0,0.0,0.0,0.0,0.0,0.0,0.0,0.0,0.0,0.0,0.0,0.0,0.0,0.0,0.0,0.0,0.0,0.0,0.0,0.0,0.0,0.0,0.0,0.0,0.0,0.0,0.0,0.0,0.0,0.0,0.0,0.0,0.0,0.0,0.0,0.0,0.0,0.0,0.0,0.0,0.0,0.0,0.0,0.0,0.0,0.0,0.0,0.0,0.0,0.0,0.0,0.0,0.0,0.0,0.0,0.0,0.0,0.0,0.0,0.0,0.0,0.0,0.0,0.0,0.0,0.0,0.0,0.0,0.0,0.0,0.0,0.0,0.0,0.0,0.0,0.0,0.0,0.0,0.0,0.0,0.0,0.0,0.0,0.0,0.0,0.0,0.0,0.0,0.0,0.0,0.0,0.0,0.0,0.0,0.0,0.0,0.0,0.0,0.0,0.0,0.0,0.0,0.0,0.0,0.0,0.0,0.0,0.0,0.0,0.0,0.0,0.0,0.0,0.0,0.0,0.0,0.0,0.0,0.0,0.0,0.0,0.0,0.0,0.0,0.0,0.0,0.0,0.0,0.0,0.0,0.0,0.0,0.0,0.0,0.0,0.0,0.0,0.0,0.0,0.0,0.0,0.0,0.0,0.0,0.0,0.0,0.0,0.0,0.0,0.0,0.0,0.0,0.0,0.0,0.0,0.0,0.0,0.0,0.0,0.0,0.0,0.0,0.0,0.0,0.0,0.0,0.0,0.0,0.0,0.0,0.0,0.0,0.0,0.0,0.0,0.0,0.0,0.0,0.0,0.0,0.0,0.0,0.0,0.0,0.0,0.0,0.0,0.0,0.0,0.0,0.0,0.0,0.0,0.0,0.0,0.0,0.0,0.0,0.0,0.0,0.0,0.0,0.0,0.0,0.0,0.0,0.0,0.0,0.0,0.0,0.0,0.0,0.0,0.0,0.0,0.0,0.0,0.0,0.0,0.0,0.0,0.0,0.0,0.0,0.0,0.0,0.0,0.0,0.0,0.0,0.0] [1311.2619900786005,1321.8202200865917,1332.463464547639,1343.19240799478,1354.0077404728797,1364.9101575830227,1375.9003605272408,1386.9790561536227,1398.1469570017646,1409.4047813486081,1420.7532532546286,1432.193102610412,1443.7250651835902,1455.3498826661717,1467.068302722235,1478.881079036026,1490.78897136042,1502.7927455657994,1514.8931736892998,1527.0910339844697,1539.3871109713293,1551.7821954868166,1564.2770847356642,1576.872582341659,1589.569498399342,1602.368649526097,1615.270858914685,1628.2769563861766,1641.3877784433362,1654.6041683244075,1667.9269760573632,1681.3570585145608,1694.895279467867,1708.5425096441993,1722.2996267815402,1736.1675156853773,1750.1470682856248,1764.2391836939755,1778.4447682617345,1792.7647356381167,1807.2000068289992,1821.7515102561672,1836.4201818170154,1851.2069649447558,1866.112810669078,1881.1386776773347,1896.285532376183,1911.5543489537563,1926.9461094423048,1942.4618037813711,1958.1024298814455,1973.8689936881608,1989.7625092469793,2005.7839987684179,2021.9344926937952,2038.215029761504,2054.626657073813,2071.1704301642176,2087.8474130653335,2104.6586783773164,2121.605307336866,2138.6883898867477,2155.9090247459117,2173.268319480143,2190.767390573309,2208.407363499154,2226.1893727937027,2244.1145621282076,2262.184084382728,2280.399101720259,2298.7607856614945,2317.2703171601615,2335.9288866789793,2354.7376942662327,2373.6979496329395,2392.810872230673,2412.077691329971,2431.4996460994216,2451.0779856853383,2470.813969292122,2490.7088662632277,2510.763956162824,2530.9805288580706,2551.359884602096,2571.9033341176064,2592.612198681206,2613.487810208354,2634.5315113390543,2655.7446555241822,2677.1286071125573,2698.6847414386757,2720.4144449111714,2742.319115101994,2764.4001608362782,2786.6590022829737,2809.097071046162,2831.715810257159,2854.5166746673017,2877.5011307415425,2900.67065675274,2924.0267428767575,2947.570891288285,2971.304616257478,2995.22944424732,3019.346914011829,3043.658576695001,3068.1659959305807,3092.870747942638,3117.7744216469364,3142.87861875312,3168.1849538677375,3193.695054598094,3219.410561656912,3245.333128967883,3271.4644237720117,3297.806126734876,3324.3599320546946,3351.1275475713155,3378.1106948760344,3405.3111094223436,3432.7305406375262,3460.3707520352004,3488.23352132871,3516.320640545493,3544.6339161423107,3573.1751691214417,3601.9462351478164,3630.9489646670518,3660.1852230244945,3689.6568905851636,3719.3658628547196,3749.3140506013438,3779.5033799786634,3809.935792649603,3840.6132459112973,3871.5377128209448,3902.7111823227383,3934.135659375755,3965.8131650829396,3997.7457368210635,4029.9354283717907,4062.3843100537392,4095.0944688556665,4128.068008570669,4161.3070499315045,4194.813730746993,4228.590206039511,4262.638648183577,4296.961247045588,4331.560210124669,4366.437762694626,4401.596147947099,4437.037627135803,4472.764479721992,4508.779003521039,4545.083514850253,4581.680348677821,4618.571858773019,4655.7604178575675,4693.248417758249,4731.038269560753,4769.132403764733,4807.533270440121,4846.243339384716,4885.265100283049,4924.601062866471,4964.253757074609,5004.22573321805,5044.519562142395,5085.137835393579,5126.08316538458,5167.3581855634,5208.965550582488,5250.907936469426,5293.188040799074,5335.808582867062,5378.772303864684,5422.081967055189,5465.740357951513,5509.7502844954415,5554.1145772382,5598.836089522486,5643.917697666003,5689.362301146471,5735.17282278806,5781.352208949439,5827.903429713208,5874.829479076986,5922.133375145914,5969.818160326825,6017.886901523867,6066.342690335802,6115.188643254807,6164.427901866934,6214.06363305417,6264.099029198114,6314.537308385285,6365.381714614103,6416.635518003553,6468.302015003491,6520.384528606639,6572.88640856233,6625.811031591967,6679.16180160615,6732.942149923667,6787.155535492116,6841.805445110439,6896.895393653112,6952.428924296275,7008.409608745552,7064.841047465831,7121.726869912778,7179.070734766296,7236.876330165845,7295.147373947643,7353.887613883764,7413.100827923194,7472.790824434837,7532.961442452409,7593.616551921397,7654.7600539479145,7716.395881049652,7778.527997408752,7841.160399126823,7904.2971144818985,7967.94220418758,8032.099761654146,8096.773913251861,8161.968818576374,8227.688670716232,8293.937696522553,8360.720156880894,8428.04034698531,8495.90259661459,8564.311270410717,8633.270768159597,8702.785525074065,8772.860012079082,8843.498736099358,8914.706240349144,8986.487104624512,9058.845945597834,9131.787417114787,9205.31621049359,9279.437054826807,9354.154717285446,9429.47400342559,9505.399757497484,9581.936862757088,9659.090241780126,9736.864856778713,9815.265709920519,9894.297843650465,9973.966341015032,10054.276325989182,10135.232963805956,10216.841461288606,10299.107067185563,10382.035072507933,10465.630810869876,10549.89965883156,10634.84703624505,10720.478406602804,10806.799277389146,10893.815200434417,10981.531772272076,11069.954634498676,11159.08947413668,11248.94202400021,11339.518063063782,11430.823416834026,11522.863957724268,11615.64560543233,11709.174327321158,11803.456138802712,11898.49710372478,11994.303334761045,12090.880993804161,12188.23629236214,12286.375491957784,12385.304904531427,12485.030892846919,12585.55987090084,12686.898304334996,12789.052710852275,12892.029660635888,12995.8357767719,13100.477735675182,13205.962267518828,13312.296156667053,13419.486242111492,13527.539417911097,13636.462633635434,13746.262894811807,13856.947263375758,13968.522858125163,14080.996855178266,14194.376488435144,14308.66905004285,14423.881890864615] 0.31126199007860056 [Infinity,Infinity,Infinity,Infinity,Infinity,Infinity,Infinity,Infinity,Infinity,Infinity,Infinity,Infinity,Infinity,Infinity,Infinity,Infinity,Infinity,Infinity,Infinity,Infinity,Infinity,Infinity,Infinity,Infinity,Infinity,Infinity,Infinity,Infinity,Infinity,Infinity,Infinity,Infinity,Infinity,Infinity,Infinity,Infinity,Infinity,Infinity,Infinity,Infinity,Infinity,Infinity,Infinity,Infinity,Infinity,Infinity,Infinity,Infinity,Infinity,Infinity,Infinity,Infinity,Infinity,Infinity,Infinity,Infinity,Infinity,Infinity,Infinity,Infinity,Infinity,Infinity,Infinity,Infinity,Infinity,Infinity,Infinity,Infinity,Infinity,Infinity,Infinity,Infinity,Infinity,Infinity,Infinity,Infinity,Infinity,Infinity,Infinity,Infinity,Infinity,Infinity,Infinity,Infinity,Infinity,Infinity,Infinity,Infinity,Infinity,Infinity,Infinity,Infinity,Infinity,Infinity,Infinity,Infinity,Infinity,Infinity,Infinity,Infinity,Infinity,Infinity,Infinity,Infinity,Infinity,Infinity,Infinity,Infinity,Infinity,Infinity,Infinity,Infinity,Infinity,Infinity,Infinity,Infinity,Infinity,Infinity,Infinity,Infinity,Infinity,Infinity,Infinity,Infinity,Infinity,Infinity,Infinity,Infinity,Infinity,Infinity,Infinity,Infinity,Infinity,Infinity,Infinity,Infinity,Infinity,Infinity,Infinity,Infinity,Infinity,Infinity,Infinity,Infinity,Infinity,Infinity,Infinity,Infinity,Infinity,Infinity,Infinity,Infinity,Infinity,Infinity,Infinity,Infinity,Infinity,Infinity,Infinity,Infinity,Infinity,Infinity,Infinity,Infinity,Infinity,Infinity,Infinity,Infinity,Infinity,Infinity,Infinity,Infinity,Infinity,Infinity,Infinity,Infinity,Infinity,Infinity,Infinity,Infinity,Infinity,Infinity,Infinity,Infinity,Infinity,Infinity,Infinity,Infinity,Infinity,Infinity,Infinity,Infinity,Infinity,Infinity,Infinity,Infinity,Infinity,Infinity,Infinity,Infinity,Infinity,Infinity,Infinity,Infinity,Infinity,Infinity,Infinity,Infinity,Infinity,Infinity,Infinity,Infinity,Infinity,Infinity,Infinity,Infinity,Infinity,Infinity,Infinity,Infinity,Infinity,Infinity,Infinity,Infinity,Infinity,Infinity,Infinity,Infinity,Infinity,Infinity,Infinity,Infinity,Infinity,Infinity,Infinity,Infinity,Infinity,Infinity,Infinity,Infinity,Infinity,Infinity,Infinity,Infinity,Infinity,Infinity,Infinity,Infinity,Infinity,Infinity,Infinity,Infinity,Infinity,Infinity,Infinity,Infinity,Infinity,Infinity,Infinity,Infinity,Infinity,Infinity,Infinity,Infinity,Infinity,Infinity,Infinity,Infinity,Infinity,Infinity,Infinity,Infinity,Infinity,Infinity,Infinity,Infinity,Infinity,Infinity,Infinity,Infinity,Infinity,Infinity,Infinity,Infinity,Infinity,Infinity,Infinity,Infinity,Infinity,Infinity,Infinity,Infinity,Infinity,Infinity,Infinity,Infinity,Infinity,Infinity,Infinity,Infinity] [0.0,0.0,0.0,0.0,0.0,0.0,0.0,0.0,0.0,0.0,0.0,0.0,0.0,0.0,0.0,0.0,0.0,0.0,0.0,0.0,0.0,0.0,0.0,0.0,0.0,0.0,0.0,0.0,0.0,0.0,0.0,0.0,0.0,0.0,0.0,0.0,0.0,0.0,0.0,0.0,0.0,0.0,0.0,0.0,0.0,0.0,0.0,0.0,0.0,0.0,0.0,0.0,0.0,0.0,0.0,0.0,0.0,0.0,0.0,0.0,0.0,0.0,0.0,0.0,0.0,0.0,0.0,0.0,0.0,0.0,0.0,0.0,0.0,0.0,0.0,0.0,0.0,0.0,0.0,0.0,0.0,0.0,0.0,0.0,0.0,0.0,0.0,0.0,0.0,0.0,0.0,0.0,0.0,0.0,0.0,0.0,0.0,0.0,0.0,0.0,0.0,0.0,0.0,0.0,0.0,0.0,0.0,0.0,0.0,0.0,0.0,0.0,0.0,0.0,0.0,0.0,0.0,0.0,0.0,0.0,0.0,0.0,0.0,0.0,0.0,0.0,0.0,0.0,0.0,0.0,0.0,0.0,0.0,0.0,0.0,0.0,0.0,0.0,0.0,0.0,0.0,0.0,0.0,0.0,0.0,0.0,0.0,0.0,0.0,0.0,0.0,0.0,0.0,0.0,0.0,0.0,0.0,0.0,0.0,0.0,0.0,0.0,0.0,0.0,0.0,0.0,0.0,0.0,0.0,0.0,0.0,0.0,0.0,0.0,0.0,0.0,0.0,0.0,0.0,0.0,0.0,0.0,0.0,0.0,0.0,0.0,0.0,0.0,0.0,0.0,0.0,0.0,0.0,0.0,0.0,0.0,0.0,0.0,0.0,0.0,0.0,0.0,0.0,0.0,0.0,0.0,0.0,0.0,0.0,0.0,0.0,0.0,0.0,0.0,0.0,0.0,0.0,0.0,0.0,0.0,0.0,0.0,0.0,0.0,0.0,0.0,0.0,0.0,0.0,0.0,0.0,0.0,0.0,0.0,0.0,0.0,0.0,0.0,0.0,0.0,0.0,0.0,0.0,0.0,0.0,0.0,0.0,0.0,0.0,0.0,0.0,0.0,0.0,0.0,0.0,0.0,0.0,0.0,0.0,0.0,0.0,0.0,0.0,0.0,0.0,0.0,0.0,0.0,0.0,0.0,0.0,0.0,0.0,0.0,0.0,0.0,0.0,0.0,0.0,0.0,0.0,0.0,0.0,0.0,0.0,0.0,0.0,0.0,0.0,0.0,0.0,0.0,0.0,0.0,0.0,0.0,0.0,0.0,0.0,0.0]
56096.14034556095 [0.0,0.0,0.0,0.0,0.0,0.0,0.0,0.0,0.0,0.0,0.0,0.0,0.0,0.0,0.0,0.0,0.0,0.0,0.0,0.0,0.0,0.0,0.0,0.0,0.0,0.0,0.0,0.0,0.0,0.0,0.0,0.0,0.0,0.0,0.0,0.0,0.0,0.0,0.0,0.0,0.0,0.0,0.0,0.0,0.0,0.0,0.0,0.0,0.0,0.0,0.0,0.0,0.0,0.0,0.0,0.0,0.0,0.0,0.0,0.0,0.0,0.0,0.0,0.0,0.0,0.0,0.0,0.0,0.0,0.0,0.0,0.0,0.0,0.0,0.0,0.0,0.0,0.0,0.0,0.0,0.0,0.0,0.0,0.0,0.0,0.0,0.0,0.0,0.0,0.0,0.0,0.0,0.0,0.0,0.0,0.0,0.0,0.0,0.0,0.0,0.0,0.0,0.0,0.0,0.0,0.0,0.0,0.0,0.0,0.0,0.0,0.0,0.0,0.0,0.0,0.0,0.0,0.0,0.0,0.0,0.0,0.0,0.0,0.0,0.0,0.0,0.0,0.0,0.0,0.0,0.0,0.0,0.0,0.0,0.0,0.0,0.0,0.0,0.0,0.0,0.0,0.0,0.0,0.0,0.0,0.0,0.0,0.0,0.0,0.0,0.0,0.0,0.0,0.0,0.0,0.0,0.0,0.0,0.0,0.0,0.0,0.0,0.0,0.0,0.0,0.0,0.0,0.0,0.0,0.0,0.0,0.0,0.0,0.0,0.0,0.0,0.0,0.0,0.0,0.0,0.0,0.0,0.0,0.0,0.0,0.0,0.0,0.0,0.0,0.0,0.0,0.0,0.0,0.0,0.0,0.0,0.0,0.0,0.0,0.0,0.0,0.0,0.0,0.0,0.0,0.0,0.0,0.0,0.0,0.0,0.0,0.0,0.0,0.0,0.0,0.0,0.0,0.0,0.0,0.0,0.0,0.0,0.0,0.0,0.0,0.0,0.0,0.0,0.0,0.0,0.0,0.0,0.0,0.0,0.0,0.0,0.0,0.0,0.0,0.0,0.0,0.0,0.0,0.0,0.0,0.0,0.0,0.0,0.0,0.0,0.0,0.0,0.0,0.0,0.0,0.0,0.0,0.0,0.0,0.0,0.0,0.0,0.0,0.0,0.0,0.0,0.0,0.0,0.0,0.0,0.0,0.0,0.0,0.0,0.0,0.0,0.0,0.0,0.0,0.0,0.0,0.0,0.0,0.0,0.0,0.0,0.0,0.0,0.0,0.0,0.0,0.0,0.0,0.0,0.0,0.0,0.0,0.0,0.0,0.0] [1311.2619900786005,1321.8202200865917,1332.463464547639,1343.19240799478,1354.0077404728797,1364.9101575830227,1375.9003605272408,1386.9790561536227,1398.1469570017646,1409.4047813486081,1420.7532532546286,1432.193102610412,1443.7250651835902,1455.3498826661717,1467.068302722235,1478.881079036026,1490.78897136042,1502.7927455657994,1514.8931736892998,1527.0910339844697,1539.3871109713293,1551.7821954868166,1564.2770847356642,1576.872582341659,1589.569498399342,1602.368649526097,1615.270858914685,1628.2769563861766,1641.3877784433362,1654.6041683244075,1667.9269760573632,1681.3570585145608,1694.895279467867,1708.5425096441993,1722.2996267815402,1736.1675156853773,1750.1470682856248,1764.2391836939755,1778.4447682617345,1792.7647356381167,1807.2000068289992,1821.7515102561672,1836.4201818170154,1851.2069649447558,1866.112810669078,1881.1386776773347,1896.285532376183,1911.5543489537563,1926.9461094423048,1942.4618037813711,1958.1024298814455,1973.8689936881608,1989.7625092469793,2005.7839987684179,2021.9344926937952,2038.215029761504,2054.626657073813,2071.1704301642176,2087.8474130653335,2104.6586783773164,2121.605307336866,2138.6883898867477,2155.9090247459117,2173.268319480143,2190.767390573309,2208.407363499154,2226.1893727937027,2244.1145621282076,2262.184084382728,2280.399101720259,2298.7607856614945,2317.2703171601615,2335.9288866789793,2354.7376942662327,2373.6979496329395,2392.810872230673,2412.077691329971,2431.4996460994216,2451.0779856853383,2470.813969292122,2490.7088662632277,2510.763956162824,2530.9805288580706,2551.359884602096,2571.9033341176064,2592.612198681206,2613.487810208354,2634.5315113390543,2655.7446555241822,2677.1286071125573,2698.6847414386757,2720.4144449111714,2742.319115101994,2764.4001608362782,2786.6590022829737,2809.097071046162,2831.715810257159,2854.5166746673017,2877.5011307415425,2900.67065675274,2924.0267428767575,2947.570891288285,2971.304616257478,2995.22944424732,3019.346914011829,3043.658576695001,3068.1659959305807,3092.870747942638,3117.7744216469364,3142.87861875312,3168.1849538677375,3193.695054598094,3219.410561656912,3245.333128967883,3271.4644237720117,3297.806126734876,3324.3599320546946,3351.1275475713155,3378.1106948760344,3405.3111094223436,3432.7305406375262,3460.3707520352004,3488.23352132871,3516.320640545493,3544.6339161423107,3573.1751691214417,3601.9462351478164,3630.9489646670518,3660.1852230244945,3689.6568905851636,3719.3658628547196,3749.3140506013438,3779.5033799786634,3809.935792649603,3840.6132459112973,3871.5377128209448,3902.7111823227383,3934.135659375755,3965.8131650829396,3997.7457368210635,4029.9354283717907,4062.3843100537392,4095.0944688556665,4128.068008570669,4161.3070499315045,4194.813730746993,4228.590206039511,4262.638648183577,4296.961247045588,4331.560210124669,4366.437762694626,4401.596147947099,4437.037627135803,4472.764479721992,4508.779003521039,4545.083514850253,4581.680348677821,4618.571858773019,4655.7604178575675,4693.248417758249,4731.038269560753,4769.132403764733,4807.533270440121,4846.243339384716,4885.265100283049,4924.601062866471,4964.253757074609,5004.22573321805,5044.519562142395,5085.137835393579,5126.08316538458,5167.3581855634,5208.965550582488,5250.907936469426,5293.188040799074,5335.808582867062,5378.772303864684,5422.081967055189,5465.740357951513,5509.7502844954415,5554.1145772382,5598.836089522486,5643.917697666003,5689.362301146471,5735.17282278806,5781.352208949439,5827.903429713208,5874.829479076986,5922.133375145914,5969.818160326825,6017.886901523867,6066.342690335802,6115.188643254807,6164.427901866934,6214.06363305417,6264.099029198114,6314.537308385285,6365.381714614103,6416.635518003553,6468.302015003491,6520.384528606639,6572.88640856233,6625.811031591967,6679.16180160615,6732.942149923667,6787.155535492116,6841.805445110439,6896.895393653112,6952.428924296275,7008.409608745552,7064.841047465831,7121.726869912778,7179.070734766296,7236.876330165845,7295.147373947643,7353.887613883764,7413.100827923194,7472.790824434837,7532.961442452409,7593.616551921397,7654.7600539479145,7716.395881049652,7778.527997408752,7841.160399126823,7904.2971144818985,7967.94220418758,8032.099761654146,8096.773913251861,8161.968818576374,8227.688670716232,8293.937696522553,8360.720156880894,8428.04034698531,8495.90259661459,8564.311270410717,8633.270768159597,8702.785525074065,8772.860012079082,8843.498736099358,8914.706240349144,8986.487104624512,9058.845945597834,9131.787417114787,9205.31621049359,9279.437054826807,9354.154717285446,9429.47400342559,9505.399757497484,9581.936862757088,9659.090241780126,9736.864856778713,9815.265709920519,9894.297843650465,9973.966341015032,10054.276325989182,10135.232963805956,10216.841461288606,10299.107067185563,10382.035072507933,10465.630810869876,10549.89965883156,10634.84703624505,10720.478406602804,10806.799277389146,10893.815200434417,10981.531772272076,11069.954634498676,11159.08947413668,11248.94202400021,11339.518063063782,11430.823416834026,11522.863957724268,11615.64560543233,11709.174327321158,11803.456138802712,11898.49710372478,11994.303334761045,12090.880993804161,12188.23629236214,12286.375491957784,12385.304904531427,12485.030892846919,12585.55987090084,12686.898304334996,12789.052710852275,12892.029660635888,12995.8357767719,13100.477735675182,13205.962267518828,13312.296156667053,13419.486242111492,13527.539417911097,13636.462633635434,13746.262894811807,13856.947263375758,13968.522858125163,14080.996855178266,14194.376488435144,14308.66905004285,14423.881890864615] 0.31126199007860056 [Infinity,Infinity,Infinity,Infinity,Infinity,Infinity,Infinity,Infinity,Infinity,Infinity,Infinity,Infinity,Infinity,Infinity,Infinity,Infinity,Infinity,Infinity,Infinity,Infinity,Infinity,Infinity,Infinity,Infinity,Infinity,Infinity,Infinity,Infinity,Infinity,Infinity,Infinity,Infinity,Infinity,Infinity,Infinity,Infinity,Infinity,Infinity,Infinity,Infinity,Infinity,Infinity,Infinity,Infinity,Infinity,Infinity,Infinity,Infinity,Infinity,Infinity,Infinity,Infinity,Infinity,Infinity,Infinity,Infinity,Infinity,Infinity,Infinity,Infinity,Infinity,Infinity,Infinity,Infinity,Infinity,Infinity,Infinity,Infinity,Infinity,Infinity,Infinity,Infinity,Infinity,Infinity,Infinity,Infinity,Infinity,Infinity,Infinity,Infinity,Infinity,Infinity,Infinity,Infinity,Infinity,Infinity,Infinity,Infinity,Infinity,Infinity,Infinity,Infinity,Infinity,Infinity,Infinity,Infinity,Infinity,Infinity,Infinity,Infinity,Infinity,Infinity,Infinity,Infinity,Infinity,Infinity,Infinity,Infinity,Infinity,Infinity,Infinity,Infinity,Infinity,Infinity,Infinity,Infinity,Infinity,Infinity,Infinity,Infinity,Infinity,Infinity,Infinity,Infinity,Infinity,Infinity,Infinity,Infinity,Infinity,Infinity,Infinity,Infinity,Infinity,Infinity,Infinity,Infinity,Infinity,Infinity,Infinity,Infinity,Infinity,Infinity,Infinity,Infinity,Infinity,Infinity,Infinity,Infinity,Infinity,Infinity,Infinity,Infinity,Infinity,Infinity,Infinity,Infinity,Infinity,Infinity,Infinity,Infinity,Infinity,Infinity,Infinity,Infinity,Infinity,Infinity,Infinity,Infinity,Infinity,Infinity,Infinity,Infinity,Infinity,Infinity,Infinity,Infinity,Infinity,Infinity,Infinity,Infinity,Infinity,Infinity,Infinity,Infinity,Infinity,Infinity,Infinity,Infinity,Infinity,Infinity,Infinity,Infinity,Infinity,Infinity,Infinity,Infinity,Infinity,Infinity,Infinity,Infinity,Infinity,Infinity,Infinity,Infinity,Infinity,Infinity,Infinity,Infinity,Infinity,Infinity,Infinity,Infinity,Infinity,Infinity,Infinity,Infinity,Infinity,Infinity,Infinity,Infinity,Infinity,Infinity,Infinity,Infinity,Infinity,Infinity,Infinity,Infinity,Infinity,Infinity,Infinity,Infinity,Infinity,Infinity,Infinity,Infinity,Infinity,Infinity,Infinity,Infinity,Infinity,Infinity,Infinity,Infinity,Infinity,Infinity,Infinity,Infinity,Infinity,Infinity,Infinity,Infinity,Infinity,Infinity,Infinity,Infinity,Infinity,Infinity,Infinity,Infinity,Infinity,Infinity,Infinity,Infinity,Infinity,Infinity,Infinity,Infinity,Infinity,Infinity,Infinity,Infinity,Infinity,Infinity,Infinity,Infinity,Infinity,Infinity,Infinity,Infinity,Infinity,Infinity,Infinity,Infinity,Infinity,Infinity,Infinity,Infinity,Infinity,Infinity,Infinity,Infinity,Infinity,Infinity,Infinity,Infinity,Infinity,Infinity,Infinity,Infinity] [0.0,0.0,0.0,0.0,0.0,0.0,0.0,0.0,0.0,0.0,0.0,0.0,0.0,0.0,0.0,0.0,0.0,0.0,0.0,0.0,0.0,0.0,0.0,0.0,0.0,0.0,0.0,0.0,0.0,0.0,0.0,0.0,0.0,0.0,0.0,0.0,0.0,0.0,0.0,0.0,0.0,0.0,0.0,0.0,0.0,0.0,0.0,0.0,0.0,0.0,0.0,0.0,0.0,0.0,0.0,0.0,0.0,0.0,0.0,0.0,0.0,0.0,0.0,0.0,0.0,0.0,0.0,0.0,0.0,0.0,0.0,0.0,0.0,0.0,0.0,0.0,0.0,0.0,0.0,0.0,0.0,0.0,0.0,0.0,0.0,0.0,0.0,0.0,0.0,0.0,0.0,0.0,0.0,0.0,0.0,0.0,0.0,0.0,0.0,0.0,0.0,0.0,0.0,0.0,0.0,0.0,0.0,0.0,0.0,0.0,0.0,0.0,0.0,0.0,0.0,0.0,0.0,0.0,0.0,0.0,0.0,0.0,0.0,0.0,0.0,0.0,0.0,0.0,0.0,0.0,0.0,0.0,0.0,0.0,0.0,0.0,0.0,0.0,0.0,0.0,0.0,0.0,0.0,0.0,0.0,0.0,0.0,0.0,0.0,0.0,0.0,0.0,0.0,0.0,0.0,0.0,0.0,0.0,0.0,0.0,0.0,0.0,0.0,0.0,0.0,0.0,0.0,0.0,0.0,0.0,0.0,0.0,0.0,0.0,0.0,0.0,0.0,0.0,0.0,0.0,0.0,0.0,0.0,0.0,0.0,0.0,0.0,0.0,0.0,0.0,0.0,0.0,0.0,0.0,0.0,0.0,0.0,0.0,0.0,0.0,0.0,0.0,0.0,0.0,0.0,0.0,0.0,0.0,0.0,0.0,0.0,0.0,0.0,0.0,0.0,0.0,0.0,0.0,0.0,0.0,0.0,0.0,0.0,0.0,0.0,0.0,0.0,0.0,0.0,0.0,0.0,0.0,0.0,0.0,0.0,0.0,0.0,0.0,0.0,0.0,0.0,0.0,0.0,0.0,0.0,0.0,0.0,0.0,0.0,0.0,0.0,0.0,0.0,0.0,0.0,0.0,0.0,0.0,0.0,0.0,0.0,0.0,0.0,0.0,0.0,0.0,0.0,0.0,0.0,0.0,0.0,0.0,0.0,0.0,0.0,0.0,0.0,0.0,0.0,0.0,0.0,0.0,0.0,0.0,0.0,0.0,0.0,0.0,0.0,0.0,0.0,0.0,0.0,0.0,0.0,0.0,0.0,0.0,0.0,0.0]
56101.61900155034 [0.0,0.0,0.0,0.0,0.0,0.0,0.0,0.0,0.0,0.0,0.0,0.0,0.0,0.0,0.0,0.0,0.0,0.0,0.0,0.0,0.0,0.0,0.0,0.0,0.0,0.0,0.0,0.0,0.0,0.0,0.0,0.0,0.0,0.0,0.0,0.0,0.0,0.0,0.0,0.0,0.0,0.0,0.0,0.0,0.0,0.0,0.0,0.0,0.0,0.0,0.0,0.0,0.0,0.0,0.0,0.0,0.0,0.0,0.0,0.0,0.0,0.0,0.0,0.0,0.0,0.0,0.0,0.0,0.0,0.0,0.0,0.0,0.0,0.0,0.0,0.0,0.0,0.0,0.0,0.0,0.0,0.0,0.0,0.0,0.0,0.0,0.0,0.0,0.0,0.0,0.0,0.0,0.0,0.0,0.0,0.0,0.0,0.0,0.0,0.0,0.0,0.0,0.0,0.0,0.0,0.0,0.0,0.0,0.0,0.0,0.0,0.0,0.0,0.0,0.0,0.0,0.0,0.0,0.0,0.0,0.0,0.0,0.0,0.0,0.0,0.0,0.0,0.0,0.0,0.0,0.0,0.0,0.0,0.0,0.0,0.0,0.0,0.0,0.0,0.0,0.0,0.0,0.0,0.0,0.0,0.0,0.0,0.0,0.0,0.0,0.0,0.0,0.0,0.0,0.0,0.0,0.0,0.0,0.0,0.0,0.0,0.0,0.0,0.0,0.0,0.0,0.0,0.0,0.0,0.0,0.0,0.0,0.0,0.0,0.0,0.0,0.0,0.0,0.0,0.0,0.0,0.0,0.0,0.0,0.0,0.0,0.0,0.0,0.0,0.0,0.0,0.0,0.0,0.0,0.0,0.0,0.0,0.0,0.0,0.0,0.0,0.0,0.0,0.0,0.0,0.0,0.0,0.0,0.0,0.0,0.0,0.0,0.0,0.0,0.0,0.0,0.0,0.0,0.0,0.0,0.0,0.0,0.0,0.0,0.0,0.0,0.0,0.0,0.0,0.0,0.0,0.0,0.0,0.0,0.0,0.0,0.0,0.0,0.0,0.0,0.0,0.0,0.0,0.0,0.0,0.0,0.0,0.0,0.0,0.0,0.0,0.0,0.0,0.0,0.0,0.0,0.0,0.0,0.0,0.0,0.0,0.0,0.0,0.0,0.0,0.0,0.0,0.0,0.0,0.0,0.0,0.0,0.0,0.0,0.0,0.0,0.0,0.0,0.0,0.0,0.0,0.0,0.0,0.0,0.0,0.0,0.0,0.0,0.0,0.0,0.0,0.0,0.0,0.0,0.0,0.0,0.0,0.0,0.0,0.0] [1311.2619900786005,1321.8202200865917,1332.463464547639,1343.19240799478,1354.0077404728797,1364.9101575830227,1375.9003605272408,1386.9790561536227,1398.1469570017646,1409.4047813486081,1420.7532532546286,1432.193102610412,1443.7250651835902,1455.3498826661717,1467.068302722235,1478.881079036026,1490.78897136042,1502.7927455657994,1514.8931736892998,1527.0910339844697,1539.3871109713293,1551.7821954868166,1564.2770847356642,1576.872582341659,1589.569498399342,1602.368649526097,1615.270858914685,1628.2769563861766,1641.3877784433362,1654.6041683244075,1667.9269760573632,1681.3570585145608,1694.895279467867,1708.5425096441993,1722.2996267815402,1736.1675156853773,1750.1470682856248,1764.2391836939755,1778.4447682617345,1792.7647356381167,1807.2000068289992,1821.7515102561672,1836.4201818170154,1851.2069649447558,1866.112810669078,1881.1386776773347,1896.285532376183,1911.5543489537563,1926.9461094423048,1942.4618037813711,1958.1024298814455,1973.8689936881608,1989.7625092469793,2005.7839987684179,2021.9344926937952,2038.215029761504,2054.626657073813,2071.1704301642176,2087.8474130653335,2104.6586783773164,2121.605307336866,2138.6883898867477,2155.9090247459117,2173.268319480143,2190.767390573309,2208.407363499154,2226.1893727937027,2244.1145621282076,2262.184084382728,2280.399101720259,2298.7607856614945,2317.2703171601615,2335.9288866789793,2354.7376942662327,2373.6979496329395,2392.810872230673,2412.077691329971,2431.4996460994216,2451.0779856853383,2470.813969292122,2490.7088662632277,2510.763956162824,2530.9805288580706,2551.359884602096,2571.9033341176064,2592.612198681206,2613.487810208354,2634.5315113390543,2655.7446555241822,2677.1286071125573,2698.6847414386757,2720.4144449111714,2742.319115101994,2764.4001608362782,2786.6590022829737,2809.097071046162,2831.715810257159,2854.5166746673017,2877.5011307415425,2900.67065675274,2924.0267428767575,2947.570891288285,2971.304616257478,2995.22944424732,3019.346914011829,3043.658576695001,3068.1659959305807,3092.870747942638,3117.7744216469364,3142.87861875312,3168.1849538677375,3193.695054598094,3219.410561656912,3245.333128967883,3271.4644237720117,3297.806126734876,3324.3599320546946,3351.1275475713155,3378.1106948760344,3405.3111094223436,3432.7305406375262,3460.3707520352004,3488.23352132871,3516.320640545493,3544.6339161423107,3573.1751691214417,3601.9462351478164,3630.9489646670518,3660.1852230244945,3689.6568905851636,3719.3658628547196,3749.3140506013438,3779.5033799786634,3809.935792649603,3840.6132459112973,3871.5377128209448,3902.7111823227383,3934.135659375755,3965.8131650829396,3997.7457368210635,4029.9354283717907,4062.3843100537392,4095.0944688556665,4128.068008570669,4161.3070499315045,4194.813730746993,4228.590206039511,4262.638648183577,4296.961247045588,4331.560210124669,4366.437762694626,4401.596147947099,4437.037627135803,4472.764479721992,4508.779003521039,4545.083514850253,4581.680348677821,4618.571858773019,4655.7604178575675,4693.248417758249,4731.038269560753,4769.132403764733,4807.533270440121,4846.243339384716,4885.265100283049,4924.601062866471,4964.253757074609,5004.22573321805,5044.519562142395,5085.137835393579,5126.08316538458,5167.3581855634,5208.965550582488,5250.907936469426,5293.188040799074,5335.808582867062,5378.772303864684,5422.081967055189,5465.740357951513,5509.7502844954415,5554.1145772382,5598.836089522486,5643.917697666003,5689.362301146471,5735.17282278806,5781.352208949439,5827.903429713208,5874.829479076986,5922.133375145914,5969.818160326825,6017.886901523867,6066.342690335802,6115.188643254807,6164.427901866934,6214.06363305417,6264.099029198114,6314.537308385285,6365.381714614103,6416.635518003553,6468.302015003491,6520.384528606639,6572.88640856233,6625.811031591967,6679.16180160615,6732.942149923667,6787.155535492116,6841.805445110439,6896.895393653112,6952.428924296275,7008.409608745552,7064.841047465831,7121.726869912778,7179.070734766296,7236.876330165845,7295.147373947643,7353.887613883764,7413.100827923194,7472.790824434837,7532.961442452409,7593.616551921397,7654.7600539479145,7716.395881049652,7778.527997408752,7841.160399126823,7904.2971144818985,7967.94220418758,8032.099761654146,8096.773913251861,8161.968818576374,8227.688670716232,8293.937696522553,8360.720156880894,8428.04034698531,8495.90259661459,8564.311270410717,8633.270768159597,8702.785525074065,8772.860012079082,8843.498736099358,8914.706240349144,8986.487104624512,9058.845945597834,9131.787417114787,9205.31621049359,9279.437054826807,9354.154717285446,9429.47400342559,9505.399757497484,9581.936862757088,9659.090241780126,9736.864856778713,9815.265709920519,9894.297843650465,9973.966341015032,10054.276325989182,10135.232963805956,10216.841461288606,10299.107067185563,10382.035072507933,10465.630810869876,10549.89965883156,10634.84703624505,10720.478406602804,10806.799277389146,10893.815200434417,10981.531772272076,11069.954634498676,11159.08947413668,11248.94202400021,11339.518063063782,11430.823416834026,11522.863957724268,11615.64560543233,11709.174327321158,11803.456138802712,11898.49710372478,11994.303334761045,12090.880993804161,12188.23629236214,12286.375491957784,12385.304904531427,12485.030892846919,12585.55987090084,12686.898304334996,12789.052710852275,12892.029660635888,12995.8357767719,13100.477735675182,13205.962267518828,13312.296156667053,13419.486242111492,13527.539417911097,13636.462633635434,13746.262894811807,13856.947263375758,13968.522858125163,14080.996855178266,14194.376488435144,14308.66905004285,14423.881890864615] 0.31126199007860056 [Infinity,Infinity,Infinity,Infinity,Infinity,Infinity,Infinity,Infinity,Infinity,Infinity,Infinity,Infinity,Infinity,Infinity,Infinity,Infinity,Infinity,Infinity,Infinity,Infinity,Infinity,Infinity,Infinity,Infinity,Infinity,Infinity,Infinity,Infinity,Infinity,Infinity,Infinity,Infinity,Infinity,Infinity,Infinity,Infinity,Infinity,Infinity,Infinity,Infinity,Infinity,Infinity,Infinity,Infinity,Infinity,Infinity,Infinity,Infinity,Infinity,Infinity,Infinity,Infinity,Infinity,Infinity,Infinity,Infinity,Infinity,Infinity,Infinity,Infinity,Infinity,Infinity,Infinity,Infinity,Infinity,Infinity,Infinity,Infinity,Infinity,Infinity,Infinity,Infinity,Infinity,Infinity,Infinity,Infinity,Infinity,Infinity,Infinity,Infinity,Infinity,Infinity,Infinity,Infinity,Infinity,Infinity,Infinity,Infinity,Infinity,Infinity,Infinity,Infinity,Infinity,Infinity,Infinity,Infinity,Infinity,Infinity,Infinity,Infinity,Infinity,Infinity,Infinity,Infinity,Infinity,Infinity,Infinity,Infinity,Infinity,Infinity,Infinity,Infinity,Infinity,Infinity,Infinity,Infinity,Infinity,Infinity,Infinity,Infinity,Infinity,Infinity,Infinity,Infinity,Infinity,Infinity,Infinity,Infinity,Infinity,Infinity,Infinity,Infinity,Infinity,Infinity,Infinity,Infinity,Infinity,Infinity,Infinity,Infinity,Infinity,Infinity,Infinity,Infinity,Infinity,Infinity,Infinity,Infinity,Infinity,Infinity,Infinity,Infinity,Infinity,Infinity,Infinity,Infinity,Infinity,Infinity,Infinity,Infinity,Infinity,Infinity,Infinity,Infinity,Infinity,Infinity,Infinity,Infinity,Infinity,Infinity,Infinity,Infinity,Infinity,Infinity,Infinity,Infinity,Infinity,Infinity,Infinity,Infinity,Infinity,Infinity,Infinity,Infinity,Infinity,Infinity,Infinity,Infinity,Infinity,Infinity,Infinity,Infinity,Infinity,Infinity,Infinity,Infinity,Infinity,Infinity,Infinity,Infinity,Infinity,Infinity,Infinity,Infinity,Infinity,Infinity,Infinity,Infinity,Infinity,Infinity,Infinity,Infinity,Infinity,Infinity,Infinity,Infinity,Infinity,Infinity,Infinity,Infinity,Infinity,Infinity,Infinity,Infinity,Infinity,Infinity,Infinity,Infinity,Infinity,Infinity,Infinity,Infinity,Infinity,Infinity,Infinity,Infinity,Infinity,Infinity,Infinity,Infinity,Infinity,Infinity,Infinity,Infinity,Infinity,Infinity,Infinity,Infinity,Infinity,Infinity,Infinity,Infinity,Infinity,Infinity,Infinity,Infinity,Infinity,Infinity,Infinity,Infinity,Infinity,Infinity,Infinity,Infinity,Infinity,Infinity,Infinity,Infinity,Infinity,Infinity,Infinity,Infinity,Infinity,Infinity,Infinity,Infinity,Infinity,Infinity,Infinity,Infinity,Infinity,Infinity,Infinity,Infinity,Infinity,Infinity,Infinity,Infinity,Infinity,Infinity,Infinity,Infinity,Infinity,Infinity,Infinity,Infinity,Infinity,Infinity,Infinity,Infinity] [0.0,0.0,0.0,0.0,0.0,0.0,0.0,0.0,0.0,0.0,0.0,0.0,0.0,0.0,0.0,0.0,0.0,0.0,0.0,0.0,0.0,0.0,0.0,0.0,0.0,0.0,0.0,0.0,0.0,0.0,0.0,0.0,0.0,0.0,0.0,0.0,0.0,0.0,0.0,0.0,0.0,0.0,0.0,0.0,0.0,0.0,0.0,0.0,0.0,0.0,0.0,0.0,0.0,0.0,0.0,0.0,0.0,0.0,0.0,0.0,0.0,0.0,0.0,0.0,0.0,0.0,0.0,0.0,0.0,0.0,0.0,0.0,0.0,0.0,0.0,0.0,0.0,0.0,0.0,0.0,0.0,0.0,0.0,0.0,0.0,0.0,0.0,0.0,0.0,0.0,0.0,0.0,0.0,0.0,0.0,0.0,0.0,0.0,0.0,0.0,0.0,0.0,0.0,0.0,0.0,0.0,0.0,0.0,0.0,0.0,0.0,0.0,0.0,0.0,0.0,0.0,0.0,0.0,0.0,0.0,0.0,0.0,0.0,0.0,0.0,0.0,0.0,0.0,0.0,0.0,0.0,0.0,0.0,0.0,0.0,0.0,0.0,0.0,0.0,0.0,0.0,0.0,0.0,0.0,0.0,0.0,0.0,0.0,0.0,0.0,0.0,0.0,0.0,0.0,0.0,0.0,0.0,0.0,0.0,0.0,0.0,0.0,0.0,0.0,0.0,0.0,0.0,0.0,0.0,0.0,0.0,0.0,0.0,0.0,0.0,0.0,0.0,0.0,0.0,0.0,0.0,0.0,0.0,0.0,0.0,0.0,0.0,0.0,0.0,0.0,0.0,0.0,0.0,0.0,0.0,0.0,0.0,0.0,0.0,0.0,0.0,0.0,0.0,0.0,0.0,0.0,0.0,0.0,0.0,0.0,0.0,0.0,0.0,0.0,0.0,0.0,0.0,0.0,0.0,0.0,0.0,0.0,0.0,0.0,0.0,0.0,0.0,0.0,0.0,0.0,0.0,0.0,0.0,0.0,0.0,0.0,0.0,0.0,0.0,0.0,0.0,0.0,0.0,0.0,0.0,0.0,0.0,0.0,0.0,0.0,0.0,0.0,0.0,0.0,0.0,0.0,0.0,0.0,0.0,0.0,0.0,0.0,0.0,0.0,0.0,0.0,0.0,0.0,0.0,0.0,0.0,0.0,0.0,0.0,0.0,0.0,0.0,0.0,0.0,0.0,0.0,0.0,0.0,0.0,0.0,0.0,0.0,0.0,0.0,0.0,0.0,0.0,0.0,0.0,0.0,0.0,0.0,0.0,0.0,0.0]
56424.68410556629 [0.0,0.0,0.0,0.0,0.0,0.0,0.0,0.0,0.0,0.0,0.0,0.0,0.0,0.0,0.0,0.0,0.0,0.0,0.0,0.0,0.0,0.0,0.0,0.0,0.0,0.0,0.0,0.0,0.0,0.0,0.0,0.0,0.0,0.0,0.0,0.0,0.0,0.0,0.0,0.0,0.0,0.0,0.0,0.0,0.0,0.0,0.0,0.0,0.0,0.0,0.0,0.0,0.0,0.0,0.0,0.0,0.0,0.0,0.0,0.0,0.0,0.0,0.0,0.0,0.0,0.0,0.0,0.0,0.0,0.0,0.0,0.0,0.0,0.0,0.0,0.0,0.0,0.0,0.0,0.0,0.0,0.0,0.0,0.0,0.0,0.0,0.0,0.0,0.0,0.0,0.0,0.0,0.0,0.0,0.0,0.0,0.0,0.0,0.0,0.0,0.0,0.0,0.0,0.0,0.0,0.0,0.0,0.0,0.0,0.0,0.0,0.0,0.0,0.0,0.0,0.0,0.0,0.0,0.0,0.0,0.0,0.0,0.0,0.0,0.0,0.0,0.0,0.0,0.0,0.0,0.0,0.0,0.0,0.0,0.0,0.0,0.0,0.0,0.0,0.0,0.0,0.0,0.0,0.0,0.0,0.0,0.0,0.0,0.0,0.0,0.0,0.0,0.0,0.0,0.0,0.0,0.0,0.0,0.0,0.0,0.0,0.0,0.0,0.0,0.0,0.0,0.0,0.0,0.0,0.0,0.0,0.0,0.0,0.0,0.0,0.0,0.0,0.0,0.0,0.0,0.0,0.0,0.0,0.0,0.0,0.0,0.0,0.0,0.0,0.0,0.0,0.0,0.0,0.0,0.0,0.0,0.0,0.0,0.0,0.0,0.0,0.0,0.0,0.0,0.0,0.0,0.0,0.0,0.0,0.0,0.0,0.0,0.0,0.0,0.0,0.0,0.0,0.0,0.0,0.0,0.0,0.0,0.0,0.0,0.0,0.0,0.0,0.0,0.0,0.0,0.0,0.0,0.0,0.0,0.0,0.0,0.0,0.0,0.0,0.0,0.0,0.0,0.0,0.0,0.0,0.0,0.0,0.0,0.0,0.0,0.0,0.0,0.0,0.0,0.0,0.0,0.0,0.0,0.0,0.0,0.0,0.0,0.0,0.0,0.0,0.0,0.0,0.0,0.0,0.0,0.0,0.0,0.0,0.0,0.0,0.0,0.0,0.0,0.0,0.0,0.0,0.0,0.0,0.0,0.0,0.0,0.0,0.0,0.0,0.0,0.0,0.0,0.0,0.0,0.0,0.0,0.0,0.0,0.0,0.0] [1311.2619900786005,1321.8202200865917,1332.463464547639,1343.19240799478,1354.0077404728797,1364.9101575830227,1375.9003605272408,1386.9790561536227,1398.1469570017646,1409.4047813486081,1420.7532532546286,1432.193102610412,1443.7250651835902,1455.3498826661717,1467.068302722235,1478.881079036026,1490.78897136042,1502.7927455657994,1514.8931736892998,1527.0910339844697,1539.3871109713293,1551.7821954868166,1564.2770847356642,1576.872582341659,1589.569498399342,1602.368649526097,1615.270858914685,1628.2769563861766,1641.3877784433362,1654.6041683244075,1667.9269760573632,1681.3570585145608,1694.895279467867,1708.5425096441993,1722.2996267815402,1736.1675156853773,1750.1470682856248,1764.2391836939755,1778.4447682617345,1792.7647356381167,1807.2000068289992,1821.7515102561672,1836.4201818170154,1851.2069649447558,1866.112810669078,1881.1386776773347,1896.285532376183,1911.5543489537563,1926.9461094423048,1942.4618037813711,1958.1024298814455,1973.8689936881608,1989.7625092469793,2005.7839987684179,2021.9344926937952,2038.215029761504,2054.626657073813,2071.1704301642176,2087.8474130653335,2104.6586783773164,2121.605307336866,2138.6883898867477,2155.9090247459117,2173.268319480143,2190.767390573309,2208.407363499154,2226.1893727937027,2244.1145621282076,2262.184084382728,2280.399101720259,2298.7607856614945,2317.2703171601615,2335.9288866789793,2354.7376942662327,2373.6979496329395,2392.810872230673,2412.077691329971,2431.4996460994216,2451.0779856853383,2470.813969292122,2490.7088662632277,2510.763956162824,2530.9805288580706,2551.359884602096,2571.9033341176064,2592.612198681206,2613.487810208354,2634.5315113390543,2655.7446555241822,2677.1286071125573,2698.6847414386757,2720.4144449111714,2742.319115101994,2764.4001608362782,2786.6590022829737,2809.097071046162,2831.715810257159,2854.5166746673017,2877.5011307415425,2900.67065675274,2924.0267428767575,2947.570891288285,2971.304616257478,2995.22944424732,3019.346914011829,3043.658576695001,3068.1659959305807,3092.870747942638,3117.7744216469364,3142.87861875312,3168.1849538677375,3193.695054598094,3219.410561656912,3245.333128967883,3271.4644237720117,3297.806126734876,3324.3599320546946,3351.1275475713155,3378.1106948760344,3405.3111094223436,3432.7305406375262,3460.3707520352004,3488.23352132871,3516.320640545493,3544.6339161423107,3573.1751691214417,3601.9462351478164,3630.9489646670518,3660.1852230244945,3689.6568905851636,3719.3658628547196,3749.3140506013438,3779.5033799786634,3809.935792649603,3840.6132459112973,3871.5377128209448,3902.7111823227383,3934.135659375755,3965.8131650829396,3997.7457368210635,4029.9354283717907,4062.3843100537392,4095.0944688556665,4128.068008570669,4161.3070499315045,4194.813730746993,4228.590206039511,4262.638648183577,4296.961247045588,4331.560210124669,4366.437762694626,4401.596147947099,4437.037627135803,4472.764479721992,4508.779003521039,4545.083514850253,4581.680348677821,4618.571858773019,4655.7604178575675,4693.248417758249,4731.038269560753,4769.132403764733,4807.533270440121,4846.243339384716,4885.265100283049,4924.601062866471,4964.253757074609,5004.22573321805,5044.519562142395,5085.137835393579,5126.08316538458,5167.3581855634,5208.965550582488,5250.907936469426,5293.188040799074,5335.808582867062,5378.772303864684,5422.081967055189,5465.740357951513,5509.7502844954415,5554.1145772382,5598.836089522486,5643.917697666003,5689.362301146471,5735.17282278806,5781.352208949439,5827.903429713208,5874.829479076986,5922.133375145914,5969.818160326825,6017.886901523867,6066.342690335802,6115.188643254807,6164.427901866934,6214.06363305417,6264.099029198114,6314.537308385285,6365.381714614103,6416.635518003553,6468.302015003491,6520.384528606639,6572.88640856233,6625.811031591967,6679.16180160615,6732.942149923667,6787.155535492116,6841.805445110439,6896.895393653112,6952.428924296275,7008.409608745552,7064.841047465831,7121.726869912778,7179.070734766296,7236.876330165845,7295.147373947643,7353.887613883764,7413.100827923194,7472.790824434837,7532.961442452409,7593.616551921397,7654.7600539479145,7716.395881049652,7778.527997408752,7841.160399126823,7904.2971144818985,7967.94220418758,8032.099761654146,8096.773913251861,8161.968818576374,8227.688670716232,8293.937696522553,8360.720156880894,8428.04034698531,8495.90259661459,8564.311270410717,8633.270768159597,8702.785525074065,8772.860012079082,8843.498736099358,8914.706240349144,8986.487104624512,9058.845945597834,9131.787417114787,9205.31621049359,9279.437054826807,9354.154717285446,9429.47400342559,9505.399757497484,9581.936862757088,9659.090241780126,9736.864856778713,9815.265709920519,9894.297843650465,9973.966341015032,10054.276325989182,10135.232963805956,10216.841461288606,10299.107067185563,10382.035072507933,10465.630810869876,10549.89965883156,10634.84703624505,10720.478406602804,10806.799277389146,10893.815200434417,10981.531772272076,11069.954634498676,11159.08947413668,11248.94202400021,11339.518063063782,11430.823416834026,11522.863957724268,11615.64560543233,11709.174327321158,11803.456138802712,11898.49710372478,11994.303334761045,12090.880993804161,12188.23629236214,12286.375491957784,12385.304904531427,12485.030892846919,12585.55987090084,12686.898304334996,12789.052710852275,12892.029660635888,12995.8357767719,13100.477735675182,13205.962267518828,13312.296156667053,13419.486242111492,13527.539417911097,13636.462633635434,13746.262894811807,13856.947263375758,13968.522858125163,14080.996855178266,14194.376488435144,14308.66905004285,14423.881890864615] 0.31126199007860056 [Infinity,Infinity,Infinity,Infinity,Infinity,Infinity,Infinity,Infinity,Infinity,Infinity,Infinity,Infinity,Infinity,Infinity,Infinity,Infinity,Infinity,Infinity,Infinity,Infinity,Infinity,Infinity,Infinity,Infinity,Infinity,Infinity,Infinity,Infinity,Infinity,Infinity,Infinity,Infinity,Infinity,Infinity,Infinity,Infinity,Infinity,Infinity,Infinity,Infinity,Infinity,Infinity,Infinity,Infinity,Infinity,Infinity,Infinity,Infinity,Infinity,Infinity,Infinity,Infinity,Infinity,Infinity,Infinity,Infinity,Infinity,Infinity,Infinity,Infinity,Infinity,Infinity,Infinity,Infinity,Infinity,Infinity,Infinity,Infinity,Infinity,Infinity,Infinity,Infinity,Infinity,Infinity,Infinity,Infinity,Infinity,Infinity,Infinity,Infinity,Infinity,Infinity,Infinity,Infinity,Infinity,Infinity,Infinity,Infinity,Infinity,Infinity,Infinity,Infinity,Infinity,Infinity,Infinity,Infinity,Infinity,Infinity,Infinity,Infinity,Infinity,Infinity,Infinity,Infinity,Infinity,Infinity,Infinity,Infinity,Infinity,Infinity,Infinity,Infinity,Infinity,Infinity,Infinity,Infinity,Infinity,Infinity,Infinity,Infinity,Infinity,Infinity,Infinity,Infinity,Infinity,Infinity,Infinity,Infinity,Infinity,Infinity,Infinity,Infinity,Infinity,Infinity,Infinity,Infinity,Infinity,Infinity,Infinity,Infinity,Infinity,Infinity,Infinity,Infinity,Infinity,Infinity,Infinity,Infinity,Infinity,Infinity,Infinity,Infinity,Infinity,Infinity,Infinity,Infinity,Infinity,Infinity,Infinity,Infinity,Infinity,Infinity,Infinity,Infinity,Infinity,Infinity,Infinity,Infinity,Infinity,Infinity,Infinity,Infinity,Infinity,Infinity,Infinity,Infinity,Infinity,Infinity,Infinity,Infinity,Infinity,Infinity,Infinity,Infinity,Infinity,Infinity,Infinity,Infinity,Infinity,Infinity,Infinity,Infinity,Infinity,Infinity,Infinity,Infinity,Infinity,Infinity,Infinity,Infinity,Infinity,Infinity,Infinity,Infinity,Infinity,Infinity,Infinity,Infinity,Infinity,Infinity,Infinity,Infinity,Infinity,Infinity,Infinity,Infinity,Infinity,Infinity,Infinity,Infinity,Infinity,Infinity,Infinity,Infinity,Infinity,Infinity,Infinity,Infinity,Infinity,Infinity,Infinity,Infinity,Infinity,Infinity,Infinity,Infinity,Infinity,Infinity,Infinity,Infinity,Infinity,Infinity,Infinity,Infinity,Infinity,Infinity,Infinity,Infinity,Infinity,Infinity,Infinity,Infinity,Infinity,Infinity,Infinity,Infinity,Infinity,Infinity,Infinity,Infinity,Infinity,Infinity,Infinity,Infinity,Infinity,Infinity,Infinity,Infinity,Infinity,Infinity,Infinity,Infinity,Infinity,Infinity,Infinity,Infinity,Infinity,Infinity,Infinity,Infinity,Infinity,Infinity,Infinity,Infinity,Infinity,Infinity,Infinity,Infinity,Infinity,Infinity,Infinity,Infinity,Infinity,Infinity,Infinity,Infinity,Infinity,Infinity,Infinity,Infinity] [0.0,0.0,0.0,0.0,0.0,0.0,0.0,0.0,0.0,0.0,0.0,0.0,0.0,0.0,0.0,0.0,0.0,0.0,0.0,0.0,0.0,0.0,0.0,0.0,0.0,0.0,0.0,0.0,0.0,0.0,0.0,0.0,0.0,0.0,0.0,0.0,0.0,0.0,0.0,0.0,0.0,0.0,0.0,0.0,0.0,0.0,0.0,0.0,0.0,0.0,0.0,0.0,0.0,0.0,0.0,0.0,0.0,0.0,0.0,0.0,0.0,0.0,0.0,0.0,0.0,0.0,0.0,0.0,0.0,0.0,0.0,0.0,0.0,0.0,0.0,0.0,0.0,0.0,0.0,0.0,0.0,0.0,0.0,0.0,0.0,0.0,0.0,0.0,0.0,0.0,0.0,0.0,0.0,0.0,0.0,0.0,0.0,0.0,0.0,0.0,0.0,0.0,0.0,0.0,0.0,0.0,0.0,0.0,0.0,0.0,0.0,0.0,0.0,0.0,0.0,0.0,0.0,0.0,0.0,0.0,0.0,0.0,0.0,0.0,0.0,0.0,0.0,0.0,0.0,0.0,0.0,0.0,0.0,0.0,0.0,0.0,0.0,0.0,0.0,0.0,0.0,0.0,0.0,0.0,0.0,0.0,0.0,0.0,0.0,0.0,0.0,0.0,0.0,0.0,0.0,0.0,0.0,0.0,0.0,0.0,0.0,0.0,0.0,0.0,0.0,0.0,0.0,0.0,0.0,0.0,0.0,0.0,0.0,0.0,0.0,0.0,0.0,0.0,0.0,0.0,0.0,0.0,0.0,0.0,0.0,0.0,0.0,0.0,0.0,0.0,0.0,0.0,0.0,0.0,0.0,0.0,0.0,0.0,0.0,0.0,0.0,0.0,0.0,0.0,0.0,0.0,0.0,0.0,0.0,0.0,0.0,0.0,0.0,0.0,0.0,0.0,0.0,0.0,0.0,0.0,0.0,0.0,0.0,0.0,0.0,0.0,0.0,0.0,0.0,0.0,0.0,0.0,0.0,0.0,0.0,0.0,0.0,0.0,0.0,0.0,0.0,0.0,0.0,0.0,0.0,0.0,0.0,0.0,0.0,0.0,0.0,0.0,0.0,0.0,0.0,0.0,0.0,0.0,0.0,0.0,0.0,0.0,0.0,0.0,0.0,0.0,0.0,0.0,0.0,0.0,0.0,0.0,0.0,0.0,0.0,0.0,0.0,0.0,0.0,0.0,0.0,0.0,0.0,0.0,0.0,0.0,0.0,0.0,0.0,0.0,0.0,0.0,0.0,0.0,0.0,0.0,0.0,0.0,0.0,0.0]
56262.68836425971 [0.0,0.0,0.0,0.0,0.0,0.0,0.0,0.0,0.0,0.0,0.0,0.0,0.0,0.0,0.0,0.0,0.0,0.0,0.0,0.0,0.0,0.0,0.0,0.0,0.0,0.0,0.0,0.0,0.0,0.0,0.0,0.0,0.0,0.0,0.0,0.0,0.0,0.0,0.0,0.0,0.0,0.0,0.0,0.0,0.0,0.0,0.0,0.0,0.0,0.0,0.0,0.0,0.0,0.0,0.0,0.0,0.0,0.0,0.0,0.0,0.0,0.0,0.0,0.0,0.0,0.0,0.0,0.0,0.0,0.0,0.0,0.0,0.0,0.0,0.0,0.0,0.0,0.0,0.0,0.0,0.0,0.0,0.0,0.0,0.0,0.0,0.0,0.0,0.0,0.0,0.0,0.0,0.0,0.0,0.0,0.0,0.0,0.0,0.0,0.0,0.0,0.0,0.0,0.0,0.0,0.0,0.0,0.0,0.0,0.0,0.0,0.0,0.0,0.0,0.0,0.0,0.0,0.0,0.0,0.0,0.0,0.0,0.0,0.0,0.0,0.0,0.0,0.0,0.0,0.0,0.0,0.0,0.0,0.0,0.0,0.0,0.0,0.0,0.0,0.0,18.91715351707602,22.65226295345526,30.016409662471407,35.050019987032826,41.14891121653789,48.64563864955882,51.67477248143077,50.034548645439635,49.86985100108304,54.563428594689256,50.472756562254794,58.86398932413825,71.86998768169472,77.71677255456845,84.36247419561359,96.14254215103958,133.52384887985474,151.42290592685146,154.84593311185793,161.44745824602597,163.08437543961676,185.97345818481477,218.5731587871714,224.8836094619691,186.32606196674706,161.94784002347882,135.3882995127869,169.24627010425564,259.6745619321632,339.73867827466705,392.100742961646,374.92925555262093,371.6696732167654,289.9776956748315,285.13840514540544,245.4302913294681,257.53066545822765,263.1630563662692,315.12805902917006,290.54528186437705,312.3164040843414,303.27145464984886,271.7099133237503,209.37642001305554,178.76803357498548,161.27230313670927,178.3437805712447,232.051277757156,327.5904180864997,451.43178843807266,480.92638740418346,495.0210480159747,389.88607066600065,264.9441229559651,233.2181175696566,202.79403835688476,204.60198812855765,232.9302771099751,277.67683246540173,278.3096913736562,230.33787312177944,219.32492428194473,216.9123435552479,207.01570074060345,245.44687315609846,291.44001910448304,393.265553963558,348.9907254875626,412.5916123702753,375.8868239792442,374.2671650544366,352.1286378858725,343.74337395940444,249.3204293801361,233.12956344383326,201.96370099606864,170.42881293745523,140.37947590154351,182.95686026453654,240.34521395570718,345.9777142217016,312.0403280932661,266.1680997971595,238.03096097654557,211.90880631137264,173.99761042504963,134.6343130780896,141.30744927949823,165.39926362994655,169.04093378571366,195.2537900716113,221.4985688110667,208.16713366338251,209.1133952019831,201.8315752567207,177.87363630158603,137.28722662474263,110.12041953562358,106.59980620798147,87.64651270917523,92.69076440645577,85.52467365188721,83.46107757340309,89.07231037826469,86.73277368658823,82.59268274675699,81.50585880882632,86.18436179588444,77.9828447741438,75.13790607429877,75.87634675893635,68.64503709805209,56.80654195596846,61.769903863575124,57.273563312494396,62.50084311340506,71.63478370629244,69.04325552421848,63.73939296365865,63.89273531240603,48.69227111690274,37.087415953646136,28.730204502339234,25.128274951581872,33.48906383369586,43.53952171703916,74.13646781632787,90.04708020117731,100.88351497808668,118.46937691589619,117.5973881990515,105.33000418648186,93.9542100842536,80.03476225355213,72.50406195455928,61.2808477064704,56.7663459588979,57.80332041566961,47.11911687709101,40.63974714305462,38.89459736026312,36.44089360497141,35.52631674396867,34.371062064871616,33.18979448526329,30.8738434525797,32.10550468858755,26.60607488087604,27.76162390209177,25.451577784827418,23.856850308909138,20.593608514348006,21.67719255622565,20.576902823107122,23.893514012692723,21.111878743072616,20.098936177416597,14.340032989507751,14.708779882459595,10.493197640942054] [1311.2619900786005,1321.8202200865917,1332.463464547639,1343.19240799478,1354.0077404728797,1364.9101575830227,1375.9003605272408,1386.9790561536227,1398.1469570017646,1409.4047813486081,1420.7532532546286,1432.193102610412,1443.7250651835902,1455.3498826661717,1467.068302722235,1478.881079036026,1490.78897136042,1502.7927455657994,1514.8931736892998,1527.0910339844697,1539.3871109713293,1551.7821954868166,1564.2770847356642,1576.872582341659,1589.569498399342,1602.368649526097,1615.270858914685,1628.2769563861766,1641.3877784433362,1654.6041683244075,1667.9269760573632,1681.3570585145608,1694.895279467867,1708.5425096441993,1722.2996267815402,1736.1675156853773,1750.1470682856248,1764.2391836939755,1778.4447682617345,1792.7647356381167,1807.2000068289992,1821.7515102561672,1836.4201818170154,1851.2069649447558,1866.112810669078,1881.1386776773347,1896.285532376183,1911.5543489537563,1926.9461094423048,1942.4618037813711,1958.1024298814455,1973.8689936881608,1989.7625092469793,2005.7839987684179,2021.9344926937952,2038.215029761504,2054.626657073813,2071.1704301642176,2087.8474130653335,2104.6586783773164,2121.605307336866,2138.6883898867477,2155.9090247459117,2173.268319480143,2190.767390573309,2208.407363499154,2226.1893727937027,2244.1145621282076,2262.184084382728,2280.399101720259,2298.7607856614945,2317.2703171601615,2335.9288866789793,2354.7376942662327,2373.6979496329395,2392.810872230673,2412.077691329971,2431.4996460994216,2451.0779856853383,2470.813969292122,2490.7088662632277,2510.763956162824,2530.9805288580706,2551.359884602096,2571.9033341176064,2592.612198681206,2613.487810208354,2634.5315113390543,2655.7446555241822,2677.1286071125573,2698.6847414386757,2720.4144449111714,2742.319115101994,2764.4001608362782,2786.6590022829737,2809.097071046162,2831.715810257159,2854.5166746673017,2877.5011307415425,2900.67065675274,2924.0267428767575,2947.570891288285,2971.304616257478,2995.22944424732,3019.346914011829,3043.658576695001,3068.1659959305807,3092.870747942638,3117.7744216469364,3142.87861875312,3168.1849538677375,3193.695054598094,3219.410561656912,3245.333128967883,3271.4644237720117,3297.806126734876,3324.3599320546946,3351.1275475713155,3378.1106948760344,3405.3111094223436,3432.7305406375262,3460.3707520352004,3488.23352132871,3516.320640545493,3544.6339161423107,3573.1751691214417,3601.9462351478164,3630.9489646670518,3660.1852230244945,3689.6568905851636,3719.3658628547196,3749.3140506013438,3779.5033799786634,3809.935792649603,3840.6132459112973,3871.5377128209448,3902.7111823227383,3934.135659375755,3965.8131650829396,3997.7457368210635,4029.9354283717907,4062.3843100537392,4095.0944688556665,4128.068008570669,4161.3070499315045,4194.813730746993,4228.590206039511,4262.638648183577,4296.961247045588,4331.560210124669,4366.437762694626,4401.596147947099,4437.037627135803,4472.764479721992,4508.779003521039,4545.083514850253,4581.680348677821,4618.571858773019,4655.7604178575675,4693.248417758249,4731.038269560753,4769.132403764733,4807.533270440121,4846.243339384716,4885.265100283049,4924.601062866471,4964.253757074609,5004.22573321805,5044.519562142395,5085.137835393579,5126.08316538458,5167.3581855634,5208.965550582488,5250.907936469426,5293.188040799074,5335.808582867062,5378.772303864684,5422.081967055189,5465.740357951513,5509.7502844954415,5554.1145772382,5598.836089522486,5643.917697666003,5689.362301146471,5735.17282278806,5781.352208949439,5827.903429713208,5874.829479076986,5922.133375145914,5969.818160326825,6017.886901523867,6066.342690335802,6115.188643254807,6164.427901866934,6214.06363305417,6264.099029198114,6314.537308385285,6365.381714614103,6416.635518003553,6468.302015003491,6520.384528606639,6572.88640856233,6625.811031591967,6679.16180160615,6732.942149923667,6787.155535492116,6841.805445110439,6896.895393653112,6952.428924296275,7008.409608745552,7064.841047465831,7121.726869912778,7179.070734766296,7236.876330165845,7295.147373947643,7353.887613883764,7413.100827923194,7472.790824434837,7532.961442452409,7593.616551921397,7654.7600539479145,7716.395881049652,7778.527997408752,7841.160399126823,7904.2971144818985,7967.94220418758,8032.099761654146,8096.773913251861,8161.968818576374,8227.688670716232,8293.937696522553,8360.720156880894,8428.04034698531,8495.90259661459,8564.311270410717,8633.270768159597,8702.785525074065,8772.860012079082,8843.498736099358,8914.706240349144,8986.487104624512,9058.845945597834,9131.787417114787,9205.31621049359,9279.437054826807,9354.154717285446,9429.47400342559,9505.399757497484,9581.936862757088,9659.090241780126,9736.864856778713,9815.265709920519,9894.297843650465,9973.966341015032,10054.276325989182,10135.232963805956,10216.841461288606,10299.107067185563,10382.035072507933,10465.630810869876,10549.89965883156,10634.84703624505,10720.478406602804,10806.799277389146,10893.815200434417,10981.531772272076,11069.954634498676,11159.08947413668,11248.94202400021,11339.518063063782,11430.823416834026,11522.863957724268,11615.64560543233,11709.174327321158,11803.456138802712,11898.49710372478,11994.303334761045,12090.880993804161,12188.23629236214,12286.375491957784,12385.304904531427,12485.030892846919,12585.55987090084,12686.898304334996,12789.052710852275,12892.029660635888,12995.8357767719,13100.477735675182,13205.962267518828,13312.296156667053,13419.486242111492,13527.539417911097,13636.462633635434,13746.262894811807,13856.947263375758,13968.522858125163,14080.996855178266,14194.376488435144,14308.66905004285,14423.881890864615] 0.31126199007860056 [Infinity,Infinity,Infinity,Infinity,Infinity,Infinity,Infinity,Infinity,Infinity,Infinity,Infinity,Infinity,Infinity,Infinity,Infinity,Infinity,Infinity,Infinity,Infinity,Infinity,Infinity,Infinity,Infinity,Infinity,Infinity,Infinity,Infinity,Infinity,Infinity,Infinity,Infinity,Infinity,Infinity,Infinity,Infinity,Infinity,Infinity,Infinity,Infinity,Infinity,Infinity,Infinity,Infinity,Infinity,Infinity,Infinity,Infinity,Infinity,Infinity,Infinity,Infinity,Infinity,Infinity,Infinity,Infinity,Infinity,Infinity,Infinity,Infinity,Infinity,Infinity,Infinity,Infinity,Infinity,Infinity,Infinity,Infinity,Infinity,Infinity,Infinity,Infinity,Infinity,Infinity,Infinity,Infinity,Infinity,Infinity,Infinity,Infinity,Infinity,Infinity,Infinity,Infinity,Infinity,Infinity,Infinity,Infinity,Infinity,Infinity,Infinity,Infinity,Infinity,Infinity,Infinity,Infinity,Infinity,Infinity,Infinity,Infinity,Infinity,Infinity,Infinity,Infinity,Infinity,Infinity,Infinity,Infinity,Infinity,Infinity,Infinity,Infinity,Infinity,Infinity,Infinity,Infinity,Infinity,Infinity,Infinity,Infinity,Infinity,Infinity,Infinity,Infinity,Infinity,Infinity,Infinity,Infinity,Infinity,Infinity,Infinity,Infinity,Infinity,Infinity,Infinity,Infinity,Infinity,Infinity,Infinity,Infinity,Infinity,0.9176042554670432,1.1391380144631023,1.4880788387252044,1.8477266154511214,2.1581701474123554,2.365359549533026,2.4704742601147784,2.512185894875978,2.5383080184408935,2.624290331269658,2.8546171025889784,3.2300985543133223,3.6164223412820236,3.8978561678141874,4.2524077811349645,5.02186859974723,6.259542449333504,7.406465470126146,7.899685296242195,8.061630113133877,8.70212811653315,9.973449675425002,10.917057433253493,10.650280956581286,9.352558873063414,7.598408815785477,6.616497274914221,8.168022068079038,12.46063159170864,16.899231559107346,19.148041348367645,19.115901455728977,17.319734623364724,14.879130659927174,13.139886262085122,12.5509778157155,12.920595954964643,13.769257159572126,14.34681431038029,14.457678723397294,14.64696844398377,14.833884622475844,13.872642182919273,11.531625216177698,9.344358291754926,8.47744759408704,9.131262805110433,11.535726902493618,16.078888913257174,21.65714507751911,25.160955031257124,24.614851697310606,19.685993550250164,13.42811660255605,10.89403756733918,11.177189841708515,11.012407153161416,11.677434748780895,14.188104534353451,14.638424608867098,11.902707458608877,10.281177650044095,10.463761595007393,10.4459272910825,11.527697609665594,14.953668462986533,18.677950781958454,20.667855165308033,19.89545091809181,18.43298582915855,18.10804503181234,17.35239973699677,15.715064225794725,13.882714972473034,11.936051655753912,9.967167232198262,8.345388060657054,7.763126272253205,8.999883312537015,12.35630889533269,15.210983168294623,15.29403735985036,13.257903988657933,11.61106611292254,10.815356829547767,8.504751333784757,6.761257932530429,7.018604916938633,8.408658344577834,9.553516814691076,10.152658003579337,10.415419257093063,10.339693951862392,10.357627711612455,10.01525255487208,8.733281459692488,7.190657923595664,5.972183897846536,5.2363895424146,4.824877135461874,4.571516681496714,4.54351999616558,4.42174759921879,4.20744378202369,4.1785899194391005,4.1835650358902825,4.024350723695816,4.06083513979681,4.109279924084204,3.862751213971591,3.576970388399567,3.3873703894216893,3.0219774803542507,2.8895576493574446,3.028641870077735,3.188466047183754,3.311002168814654,3.4002099732395727,3.2733203341352612,2.8861614375287,2.5062499536837954,1.9274556703637082,1.3730149000668541,1.3254679874806607,1.7310976344596078,2.371565989170149,3.580188581194573,4.601893554260838,5.414226866390342,5.776397123053647,5.83262278642872,5.393330053648071,4.914270723739346,4.185702009339527,3.7985852500690234,3.3019412882933787,3.087009078779313,2.8643566072077005,2.497896128969882,2.087847744330335,1.964906863131582,1.7879243594014276,1.7982684220190461,1.7387214568146905,1.6473432612542713,1.6229901004926095,1.5567266927307304,1.3088022902327368,1.393567082454267,1.2866902436000696,1.1400713266220008,1.0389306146317359,1.0867374481232424,0.9979271682816929,1.0952411508346835,1.017417493151811,1.089999359456684,0.7276796150445646,0.7430430948382203,0.5080249425672049] [0.0,0.0,0.0,0.0,0.0,0.0,0.0,0.0,0.0,0.0,0.0,0.0,0.0,0.0,0.0,0.0,0.0,0.0,0.0,0.0,0.0,0.0,0.0,0.0,0.0,0.0,0.0,0.0,0.0,0.0,0.0,0.0,0.0,0.0,0.0,0.0,0.0,0.0,0.0,0.0,0.0,0.0,0.0,0.0,0.0,0.0,0.0,0.0,0.0,0.0,0.0,0.0,0.0,0.0,0.0,0.0,0.0,0.0,0.0,0.0,0.0,0.0,0.0,0.0,0.0,0.0,0.0,0.0,0.0,0.0,0.0,0.0,0.0,0.0,0.0,0.0,0.0,0.0,0.0,0.0,0.0,0.0,0.0,0.0,0.0,0.0,0.0,0.0,0.0,0.0,0.0,0.0,0.0,0.0,0.0,0.0,0.0,0.0,0.0,0.0,0.0,0.0,0.0,0.0,0.0,0.0,0.0,0.0,0.0,0.0,0.0,0.0,0.0,0.0,0.0,0.0,0.0,0.0,0.0,0.0,0.0,0.0,0.0,0.0,0.0,0.0,0.0,0.0,0.0,0.0,0.0,0.0,0.0,0.0,0.0,0.0,0.0,0.0,0.0,0.0,0.5650684077351589,-0.1304973358067821,0.2548328879673161,-1.9045123219895974,-2.0144917317092217,1.3384476588983,2.265287279135203,-0.20916925207992745,-0.8963093677348305,2.0776219692960862,-6.619585489524775,-5.73798176212819,-0.45845914394575094,-0.24035080171528803,-0.6856814270856945,-4.294829843905019,8.332999893184661,3.2935965243285446,-3.147772812985989,0.2148559833484166,-10.958186891046246,-13.495535323685266,0.23201012210153643,11.877990330343382,-0.7251154945212321,9.979663707769275,3.058354014502468,5.885828742674863,10.461930097990376,1.7540470925201077,9.139915994293109,-7.388773561958616,25.27498074947092,-7.604917523711949,22.340679903703023,-5.589264984841891,-0.8812536410652183,-12.222086825173358,28.191772821564243,1.3917073964311932,19.377035204666004,6.593762200331981,-5.742930334635185,-21.256084310498398,-8.119132260113053,-8.276648745031531,-4.281475530963935,1.3367397072836276,6.012639821356242,18.28888688769048,-22.292713220958984,2.7240140697626494,-3.8338003390026336,-3.6182090951559363,15.337366222873008,-20.749758477285564,-15.646154934670635,-0.61841786564282,-6.085258221667303,-14.45880080368571,-7.716276050398082,13.70137128106284,7.637111655100065,-1.902845081046523,14.892920962786576,-7.633350155247634,19.70653832438886,-64.36637781859802,14.682594008439068,7.227107396073165,12.106264418189815,5.080643145937065,29.44208944350993,-28.33387006932457,-5.591469671244992,2.6203563521033724,3.521051724314139,-14.883049543520583,2.9591940137962416,-6.780963950946609,41.758050855809124,6.159580896258905,1.0100200240008677,5.809638718094798,-4.398330279582687,3.9025837493545157,-0.590845572518974,0.9353509407255518,-2.773903261610115,-22.02940250810788,-7.79936999997546,13.190183669205414,1.373254626134669,1.9608409697339932,1.5265241592791075,3.2080071077362677,-6.525931847170648,-9.323258421307132,1.8720153596894682,-8.851030000062256,1.2604307765214902,-5.345726271424386,-4.973874410972707,4.923434737790905,3.1609752978062184,-1.078617971048651,1.018844334909987,4.967658999948248,-4.202753707540272,-2.117118205133059,4.336938990945017,0.897629309618294,-3.6330076511165523,3.978750876426235,-3.2992740890603027,-1.268477830270015,5.414740329999367,1.039056059427023,-1.727013719046574,6.1695065618320335,-1.4327279567731726,-1.4616974536280283,1.2699065010021515,-1.381084798031342,-1.1328888554962948,-3.8917980663638203,2.5326961924363984,-1.9907908840394468,-7.401022349720145,2.941434454823263,0.9449324704770918,-2.5365968864795647,-4.331204390533309,-3.6792779332384042,-3.467643046821189,-4.757978059397172,-4.9738356166883575,0.5161882715156003,-2.8388057023066207,-1.1172077435520873,-0.40353990236852066,0.6824064169428525,-0.43905169641224734,-0.4033670714221952,0.2429292601778638,-1.585958557272492,0.9709708339729461,0.43002907622130554,-0.1097177469935674,-0.2822270871739731,1.0554237764691201,-0.18500377828671427,-0.057556406239198325,0.6183594574732635,1.9886909959990555,0.7635288800363963,-1.701051011717082,-0.2135593113835394,-0.1520820143048122,0.3326987895979565]
56164.089773489184 [0.0,0.0,0.0,0.0,0.0,0.0,0.0,0.0,0.0,0.0,0.0,0.0,0.0,0.0,0.0,0.0,0.0,0.0,0.0,0.0,0.0,0.0,0.0,0.0,0.0,0.0,0.0,0.0,0.0,0.0,0.0,0.0,0.0,0.0,0.0,0.0,0.0,0.0,0.0,0.0,0.0,0.0,0.0,0.0,0.0,0.0,0.0,0.0,0.0,0.0,0.0,0.0,0.0,0.0,0.0,0.0,0.0,0.0,0.0,0.0,0.0,0.0,0.0,0.0,0.0,0.0,0.0,0.0,0.0,0.0,0.0,0.0,0.0,0.0,0.0,0.0,0.0,0.0,0.0,0.0,0.0,0.0,0.0,0.0,0.0,0.0,0.0,0.0,0.0,0.0,0.0,0.0,0.0,0.0,0.0,0.0,0.0,0.0,0.0,0.0,0.0,0.0,0.0,0.0,0.0,0.0,0.0,0.0,0.0,0.0,0.0,0.0,0.0,0.0,0.0,0.0,0.0,0.0,0.0,0.0,0.0,0.0,0.0,0.0,0.0,0.0,0.0,0.0,0.0,0.0,0.0,0.0,0.0,0.0,0.0,0.0,0.0,0.0,0.0,0.0,0.0,0.0,0.0,0.0,0.0,0.0,0.0,0.0,0.0,0.0,0.0,0.0,0.0,0.0,0.0,0.0,0.0,0.0,0.0,0.0,0.0,0.0,0.0,0.0,0.0,0.0,0.0,0.0,0.0,0.0,0.0,0.0,0.0,0.0,0.0,0.0,0.0,0.0,0.0,0.0,0.0,0.0,0.0,0.0,0.0,0.0,0.0,0.0,0.0,0.0,0.0,0.0,0.0,0.0,0.0,0.0,0.0,0.0,0.0,0.0,0.0,0.0,0.0,0.0,0.0,0.0,0.0,0.0,0.0,0.0,0.0,0.0,0.0,0.0,0.0,0.0,0.0,0.0,0.0,0.0,0.0,0.0,0.0,0.0,0.0,0.0,0.0,0.0,0.0,0.0,0.0,0.0,0.0,0.0,0.0,0.0,0.0,0.0,0.0,0.0,0.0,0.0,0.0,0.0,0.0,0.0,0.0,0.0,0.0,0.0,0.0,0.0,0.0,0.0,0.0,0.0,0.0,0.0,0.0,0.0,0.0,0.0,0.0,0.0,0.0,0.0,0.0,0.0,0.0,0.0,0.0,0.0,0.0,0.0,0.0,0.0,0.0,0.0,0.0,0.0,0.0,0.0,0.0,0.0,0.0,0.0,0.0,0.0,0.0,0.0,0.0,0.0,0.0,0.0,0.0,0.0,0.0,0.0,0.0,0.0] [1311.2619900786005,1321.8202200865917,1332.463464547639,1343.19240799478,1354.0077404728797,1364.9101575830227,1375.9003605272408,1386.9790561536227,1398.1469570017646,1409.4047813486081,1420.7532532546286,1432.193102610412,1443.7250651835902,1455.3498826661717,1467.068302722235,1478.881079036026,1490.78897136042,1502.7927455657994,1514.8931736892998,1527.0910339844697,1539.3871109713293,1551.7821954868166,1564.2770847356642,1576.872582341659,1589.569498399342,1602.368649526097,1615.270858914685,1628.2769563861766,1641.3877784433362,1654.6041683244075,1667.9269760573632,1681.3570585145608,1694.895279467867,1708.5425096441993,1722.2996267815402,1736.1675156853773,1750.1470682856248,1764.2391836939755,1778.4447682617345,1792.7647356381167,1807.2000068289992,1821.7515102561672,1836.4201818170154,1851.2069649447558,1866.112810669078,1881.1386776773347,1896.285532376183,1911.5543489537563,1926.9461094423048,1942.4618037813711,1958.1024298814455,1973.8689936881608,1989.7625092469793,2005.7839987684179,2021.9344926937952,2038.215029761504,2054.626657073813,2071.1704301642176,2087.8474130653335,2104.6586783773164,2121.605307336866,2138.6883898867477,2155.9090247459117,2173.268319480143,2190.767390573309,2208.407363499154,2226.1893727937027,2244.1145621282076,2262.184084382728,2280.399101720259,2298.7607856614945,2317.2703171601615,2335.9288866789793,2354.7376942662327,2373.6979496329395,2392.810872230673,2412.077691329971,2431.4996460994216,2451.0779856853383,2470.813969292122,2490.7088662632277,2510.763956162824,2530.9805288580706,2551.359884602096,2571.9033341176064,2592.612198681206,2613.487810208354,2634.5315113390543,2655.7446555241822,2677.1286071125573,2698.6847414386757,2720.4144449111714,2742.319115101994,2764.4001608362782,2786.6590022829737,2809.097071046162,2831.715810257159,2854.5166746673017,2877.5011307415425,2900.67065675274,2924.0267428767575,2947.570891288285,2971.304616257478,2995.22944424732,3019.346914011829,3043.658576695001,3068.1659959305807,3092.870747942638,3117.7744216469364,3142.87861875312,3168.1849538677375,3193.695054598094,3219.410561656912,3245.333128967883,3271.4644237720117,3297.806126734876,3324.3599320546946,3351.1275475713155,3378.1106948760344,3405.3111094223436,3432.7305406375262,3460.3707520352004,3488.23352132871,3516.320640545493,3544.6339161423107,3573.1751691214417,3601.9462351478164,3630.9489646670518,3660.1852230244945,3689.6568905851636,3719.3658628547196,3749.3140506013438,3779.5033799786634,3809.935792649603,3840.6132459112973,3871.5377128209448,3902.7111823227383,3934.135659375755,3965.8131650829396,3997.7457368210635,4029.9354283717907,4062.3843100537392,4095.0944688556665,4128.068008570669,4161.3070499315045,4194.813730746993,4228.590206039511,4262.638648183577,4296.961247045588,4331.560210124669,4366.437762694626,4401.596147947099,4437.037627135803,4472.764479721992,4508.779003521039,4545.083514850253,4581.680348677821,4618.571858773019,4655.7604178575675,4693.248417758249,4731.038269560753,4769.132403764733,4807.533270440121,4846.243339384716,4885.265100283049,4924.601062866471,4964.253757074609,5004.22573321805,5044.519562142395,5085.137835393579,5126.08316538458,5167.3581855634,5208.965550582488,5250.907936469426,5293.188040799074,5335.808582867062,5378.772303864684,5422.081967055189,5465.740357951513,5509.7502844954415,5554.1145772382,5598.836089522486,5643.917697666003,5689.362301146471,5735.17282278806,5781.352208949439,5827.903429713208,5874.829479076986,5922.133375145914,5969.818160326825,6017.886901523867,6066.342690335802,6115.188643254807,6164.427901866934,6214.06363305417,6264.099029198114,6314.537308385285,6365.381714614103,6416.635518003553,6468.302015003491,6520.384528606639,6572.88640856233,6625.811031591967,6679.16180160615,6732.942149923667,6787.155535492116,6841.805445110439,6896.895393653112,6952.428924296275,7008.409608745552,7064.841047465831,7121.726869912778,7179.070734766296,7236.876330165845,7295.147373947643,7353.887613883764,7413.100827923194,7472.790824434837,7532.961442452409,7593.616551921397,7654.7600539479145,7716.395881049652,7778.527997408752,7841.160399126823,7904.2971144818985,7967.94220418758,8032.099761654146,8096.773913251861,8161.968818576374,8227.688670716232,8293.937696522553,8360.720156880894,8428.04034698531,8495.90259661459,8564.311270410717,8633.270768159597,8702.785525074065,8772.860012079082,8843.498736099358,8914.706240349144,8986.487104624512,9058.845945597834,9131.787417114787,9205.31621049359,9279.437054826807,9354.154717285446,9429.47400342559,9505.399757497484,9581.936862757088,9659.090241780126,9736.864856778713,9815.265709920519,9894.297843650465,9973.966341015032,10054.276325989182,10135.232963805956,10216.841461288606,10299.107067185563,10382.035072507933,10465.630810869876,10549.89965883156,10634.84703624505,10720.478406602804,10806.799277389146,10893.815200434417,10981.531772272076,11069.954634498676,11159.08947413668,11248.94202400021,11339.518063063782,11430.823416834026,11522.863957724268,11615.64560543233,11709.174327321158,11803.456138802712,11898.49710372478,11994.303334761045,12090.880993804161,12188.23629236214,12286.375491957784,12385.304904531427,12485.030892846919,12585.55987090084,12686.898304334996,12789.052710852275,12892.029660635888,12995.8357767719,13100.477735675182,13205.962267518828,13312.296156667053,13419.486242111492,13527.539417911097,13636.462633635434,13746.262894811807,13856.947263375758,13968.522858125163,14080.996855178266,14194.376488435144,14308.66905004285,14423.881890864615] 0.31126199007860056 [Infinity,Infinity,Infinity,Infinity,Infinity,Infinity,Infinity,Infinity,Infinity,Infinity,Infinity,Infinity,Infinity,Infinity,Infinity,Infinity,Infinity,Infinity,Infinity,Infinity,Infinity,Infinity,Infinity,Infinity,Infinity,Infinity,Infinity,Infinity,Infinity,Infinity,Infinity,Infinity,Infinity,Infinity,Infinity,Infinity,Infinity,Infinity,Infinity,Infinity,Infinity,Infinity,Infinity,Infinity,Infinity,Infinity,Infinity,Infinity,Infinity,Infinity,Infinity,Infinity,Infinity,Infinity,Infinity,Infinity,Infinity,Infinity,Infinity,Infinity,Infinity,Infinity,Infinity,Infinity,Infinity,Infinity,Infinity,Infinity,Infinity,Infinity,Infinity,Infinity,Infinity,Infinity,Infinity,Infinity,Infinity,Infinity,Infinity,Infinity,Infinity,Infinity,Infinity,Infinity,Infinity,Infinity,Infinity,Infinity,Infinity,Infinity,Infinity,Infinity,Infinity,Infinity,Infinity,Infinity,Infinity,Infinity,Infinity,Infinity,Infinity,Infinity,Infinity,Infinity,Infinity,Infinity,Infinity,Infinity,Infinity,Infinity,Infinity,Infinity,Infinity,Infinity,Infinity,Infinity,Infinity,Infinity,Infinity,Infinity,Infinity,Infinity,Infinity,Infinity,Infinity,Infinity,Infinity,Infinity,Infinity,Infinity,Infinity,Infinity,Infinity,Infinity,Infinity,Infinity,Infinity,Infinity,Infinity,Infinity,Infinity,Infinity,Infinity,Infinity,Infinity,Infinity,Infinity,Infinity,Infinity,Infinity,Infinity,Infinity,Infinity,Infinity,Infinity,Infinity,Infinity,Infinity,Infinity,Infinity,Infinity,Infinity,Infinity,Infinity,Infinity,Infinity,Infinity,Infinity,Infinity,Infinity,Infinity,Infinity,Infinity,Infinity,Infinity,Infinity,Infinity,Infinity,Infinity,Infinity,Infinity,Infinity,Infinity,Infinity,Infinity,Infinity,Infinity,Infinity,Infinity,Infinity,Infinity,Infinity,Infinity,Infinity,Infinity,Infinity,Infinity,Infinity,Infinity,Infinity,Infinity,Infinity,Infinity,Infinity,Infinity,Infinity,Infinity,Infinity,Infinity,Infinity,Infinity,Infinity,Infinity,Infinity,Infinity,Infinity,Infinity,Infinity,Infinity,Infinity,Infinity,Infinity,Infinity,Infinity,Infinity,Infinity,Infinity,Infinity,Infinity,Infinity,Infinity,Infinity,Infinity,Infinity,Infinity,Infinity,Infinity,Infinity,Infinity,Infinity,Infinity,Infinity,Infinity,Infinity,Infinity,Infinity,Infinity,Infinity,Infinity,Infinity,Infinity,Infinity,Infinity,Infinity,Infinity,Infinity,Infinity,Infinity,Infinity,Infinity,Infinity,Infinity,Infinity,Infinity,Infinity,Infinity,Infinity,Infinity,Infinity,Infinity,Infinity,Infinity,Infinity,Infinity,Infinity,Infinity,Infinity,Infinity,Infinity,Infinity,Infinity,Infinity,Infinity,Infinity,Infinity,Infinity,Infinity,Infinity,Infinity,Infinity,Infinity,Infinity,Infinity,Infinity,Infinity,Infinity,Infinity,Infinity,Infinity,Infinity] [0.0,0.0,0.0,0.0,0.0,0.0,0.0,0.0,0.0,0.0,0.0,0.0,0.0,0.0,0.0,0.0,0.0,0.0,0.0,0.0,0.0,0.0,0.0,0.0,0.0,0.0,0.0,0.0,0.0,0.0,0.0,0.0,0.0,0.0,0.0,0.0,0.0,0.0,0.0,0.0,0.0,0.0,0.0,0.0,0.0,0.0,0.0,0.0,0.0,0.0,0.0,0.0,0.0,0.0,0.0,0.0,0.0,0.0,0.0,0.0,0.0,0.0,0.0,0.0,0.0,0.0,0.0,0.0,0.0,0.0,0.0,0.0,0.0,0.0,0.0,0.0,0.0,0.0,0.0,0.0,0.0,0.0,0.0,0.0,0.0,0.0,0.0,0.0,0.0,0.0,0.0,0.0,0.0,0.0,0.0,0.0,0.0,0.0,0.0,0.0,0.0,0.0,0.0,0.0,0.0,0.0,0.0,0.0,0.0,0.0,0.0,0.0,0.0,0.0,0.0,0.0,0.0,0.0,0.0,0.0,0.0,0.0,0.0,0.0,0.0,0.0,0.0,0.0,0.0,0.0,0.0,0.0,0.0,0.0,0.0,0.0,0.0,0.0,0.0,0.0,0.0,0.0,0.0,0.0,0.0,0.0,0.0,0.0,0.0,0.0,0.0,0.0,0.0,0.0,0.0,0.0,0.0,0.0,0.0,0.0,0.0,0.0,0.0,0.0,0.0,0.0,0.0,0.0,0.0,0.0,0.0,0.0,0.0,0.0,0.0,0.0,0.0,0.0,0.0,0.0,0.0,0.0,0.0,0.0,0.0,0.0,0.0,0.0,0.0,0.0,0.0,0.0,0.0,0.0,0.0,0.0,0.0,0.0,0.0,0.0,0.0,0.0,0.0,0.0,0.0,0.0,0.0,0.0,0.0,0.0,0.0,0.0,0.0,0.0,0.0,0.0,0.0,0.0,0.0,0.0,0.0,0.0,0.0,0.0,0.0,0.0,0.0,0.0,0.0,0.0,0.0,0.0,0.0,0.0,0.0,0.0,0.0,0.0,0.0,0.0,0.0,0.0,0.0,0.0,0.0,0.0,0.0,0.0,0.0,0.0,0.0,0.0,0.0,0.0,0.0,0.0,0.0,0.0,0.0,0.0,0.0,0.0,0.0,0.0,0.0,0.0,0.0,0.0,0.0,0.0,0.0,0.0,0.0,0.0,0.0,0.0,0.0,0.0,0.0,0.0,0.0,0.0,0.0,0.0,0.0,0.0,0.0,0.0,0.0,0.0,0.0,0.0,0.0,0.0,0.0,0.0,0.0,0.0,0.0,0.0]
56142.05273226595 [0.0,0.0,0.0,0.0,0.0,0.0,0.0,0.0,0.0,0.0,0.0,0.0,0.0,0.0,0.0,0.0,0.0,0.0,0.0,0.0,0.0,0.0,0.0,0.0,0.0,0.0,0.0,0.0,0.0,0.0,0.0,0.0,0.0,0.0,0.0,0.0,0.0,0.0,0.0,0.0,0.0,0.0,0.0,0.0,0.0,0.0,0.0,0.0,0.0,0.0,0.0,0.0,0.0,0.0,0.0,0.0,0.0,0.0,0.0,0.0,0.0,0.0,0.0,0.0,0.0,0.0,0.0,0.0,0.0,0.0,0.0,0.0,0.0,0.0,0.0,0.0,0.0,0.0,0.0,0.0,0.0,0.0,0.0,0.0,0.0,0.0,0.0,0.0,0.0,0.0,0.0,0.0,0.0,0.0,0.0,0.0,0.0,0.0,0.0,0.0,0.0,0.0,0.0,0.0,0.0,0.0,0.0,0.0,0.0,0.0,0.0,0.0,0.0,0.0,0.0,0.0,0.0,0.0,0.0,0.0,0.0,0.0,0.0,0.0,0.0,0.0,0.0,0.0,0.0,0.0,0.0,0.0,0.0,0.0,0.0,0.0,0.0,0.0,0.0,0.0,0.0,0.0,0.0,0.0,0.0,0.0,0.0,0.0,0.0,0.0,0.0,0.0,0.0,0.0,0.0,0.0,0.0,0.0,0.0,0.0,0.0,0.0,0.0,0.0,0.0,0.0,0.0,0.0,0.0,0.0,0.0,0.0,0.0,0.0,0.0,0.0,0.0,0.0,0.0,0.0,0.0,0.0,0.0,0.0,0.0,0.0,0.0,0.0,0.0,0.0,0.0,0.0,0.0,0.0,0.0,0.0,0.0,0.0,0.0,0.0,0.0,0.0,0.0,0.0,0.0,0.0,0.0,0.0,0.0,0.0,0.0,0.0,0.0,0.0,0.0,0.0,0.0,0.0,0.0,0.0,0.0,0.0,0.0,0.0,0.0,0.0,0.0,0.0,0.0,0.0,0.0,0.0,0.0,0.0,0.0,0.0,0.0,0.0,0.0,0.0,0.0,0.0,0.0,0.0,0.0,0.0,0.0,0.0,0.0,0.0,0.0,0.0,0.0,0.0,0.0,0.0,0.0,0.0,0.0,0.0,0.0,0.0,0.0,0.0,0.0,0.0,0.0,0.0,0.0,0.0,0.0,0.0,0.0,0.0,0.0,0.0,0.0,0.0,0.0,0.0,0.0,0.0,0.0,0.0,0.0,0.0,0.0,0.0,0.0,0.0,0.0,0.0,0.0,0.0,0.0,0.0,0.0,0.0,0.0,0.0] [1311.2619900786005,1321.8202200865917,1332.463464547639,1343.19240799478,1354.0077404728797,1364.9101575830227,1375.9003605272408,1386.9790561536227,1398.1469570017646,1409.4047813486081,1420.7532532546286,1432.193102610412,1443.7250651835902,1455.3498826661717,1467.068302722235,1478.881079036026,1490.78897136042,1502.7927455657994,1514.8931736892998,1527.0910339844697,1539.3871109713293,1551.7821954868166,1564.2770847356642,1576.872582341659,1589.569498399342,1602.368649526097,1615.270858914685,1628.2769563861766,1641.3877784433362,1654.6041683244075,1667.9269760573632,1681.3570585145608,1694.895279467867,1708.5425096441993,1722.2996267815402,1736.1675156853773,1750.1470682856248,1764.2391836939755,1778.4447682617345,1792.7647356381167,1807.2000068289992,1821.7515102561672,1836.4201818170154,1851.2069649447558,1866.112810669078,1881.1386776773347,1896.285532376183,1911.5543489537563,1926.9461094423048,1942.4618037813711,1958.1024298814455,1973.8689936881608,1989.7625092469793,2005.7839987684179,2021.9344926937952,2038.215029761504,2054.626657073813,2071.1704301642176,2087.8474130653335,2104.6586783773164,2121.605307336866,2138.6883898867477,2155.9090247459117,2173.268319480143,2190.767390573309,2208.407363499154,2226.1893727937027,2244.1145621282076,2262.184084382728,2280.399101720259,2298.7607856614945,2317.2703171601615,2335.9288866789793,2354.7376942662327,2373.6979496329395,2392.810872230673,2412.077691329971,2431.4996460994216,2451.0779856853383,2470.813969292122,2490.7088662632277,2510.763956162824,2530.9805288580706,2551.359884602096,2571.9033341176064,2592.612198681206,2613.487810208354,2634.5315113390543,2655.7446555241822,2677.1286071125573,2698.6847414386757,2720.4144449111714,2742.319115101994,2764.4001608362782,2786.6590022829737,2809.097071046162,2831.715810257159,2854.5166746673017,2877.5011307415425,2900.67065675274,2924.0267428767575,2947.570891288285,2971.304616257478,2995.22944424732,3019.346914011829,3043.658576695001,3068.1659959305807,3092.870747942638,3117.7744216469364,3142.87861875312,3168.1849538677375,3193.695054598094,3219.410561656912,3245.333128967883,3271.4644237720117,3297.806126734876,3324.3599320546946,3351.1275475713155,3378.1106948760344,3405.3111094223436,3432.7305406375262,3460.3707520352004,3488.23352132871,3516.320640545493,3544.6339161423107,3573.1751691214417,3601.9462351478164,3630.9489646670518,3660.1852230244945,3689.6568905851636,3719.3658628547196,3749.3140506013438,3779.5033799786634,3809.935792649603,3840.6132459112973,3871.5377128209448,3902.7111823227383,3934.135659375755,3965.8131650829396,3997.7457368210635,4029.9354283717907,4062.3843100537392,4095.0944688556665,4128.068008570669,4161.3070499315045,4194.813730746993,4228.590206039511,4262.638648183577,4296.961247045588,4331.560210124669,4366.437762694626,4401.596147947099,4437.037627135803,4472.764479721992,4508.779003521039,4545.083514850253,4581.680348677821,4618.571858773019,4655.7604178575675,4693.248417758249,4731.038269560753,4769.132403764733,4807.533270440121,4846.243339384716,4885.265100283049,4924.601062866471,4964.253757074609,5004.22573321805,5044.519562142395,5085.137835393579,5126.08316538458,5167.3581855634,5208.965550582488,5250.907936469426,5293.188040799074,5335.808582867062,5378.772303864684,5422.081967055189,5465.740357951513,5509.7502844954415,5554.1145772382,5598.836089522486,5643.917697666003,5689.362301146471,5735.17282278806,5781.352208949439,5827.903429713208,5874.829479076986,5922.133375145914,5969.818160326825,6017.886901523867,6066.342690335802,6115.188643254807,6164.427901866934,6214.06363305417,6264.099029198114,6314.537308385285,6365.381714614103,6416.635518003553,6468.302015003491,6520.384528606639,6572.88640856233,6625.811031591967,6679.16180160615,6732.942149923667,6787.155535492116,6841.805445110439,6896.895393653112,6952.428924296275,7008.409608745552,7064.841047465831,7121.726869912778,7179.070734766296,7236.876330165845,7295.147373947643,7353.887613883764,7413.100827923194,7472.790824434837,7532.961442452409,7593.616551921397,7654.7600539479145,7716.395881049652,7778.527997408752,7841.160399126823,7904.2971144818985,7967.94220418758,8032.099761654146,8096.773913251861,8161.968818576374,8227.688670716232,8293.937696522553,8360.720156880894,8428.04034698531,8495.90259661459,8564.311270410717,8633.270768159597,8702.785525074065,8772.860012079082,8843.498736099358,8914.706240349144,8986.487104624512,9058.845945597834,9131.787417114787,9205.31621049359,9279.437054826807,9354.154717285446,9429.47400342559,9505.399757497484,9581.936862757088,9659.090241780126,9736.864856778713,9815.265709920519,9894.297843650465,9973.966341015032,10054.276325989182,10135.232963805956,10216.841461288606,10299.107067185563,10382.035072507933,10465.630810869876,10549.89965883156,10634.84703624505,10720.478406602804,10806.799277389146,10893.815200434417,10981.531772272076,11069.954634498676,11159.08947413668,11248.94202400021,11339.518063063782,11430.823416834026,11522.863957724268,11615.64560543233,11709.174327321158,11803.456138802712,11898.49710372478,11994.303334761045,12090.880993804161,12188.23629236214,12286.375491957784,12385.304904531427,12485.030892846919,12585.55987090084,12686.898304334996,12789.052710852275,12892.029660635888,12995.8357767719,13100.477735675182,13205.962267518828,13312.296156667053,13419.486242111492,13527.539417911097,13636.462633635434,13746.262894811807,13856.947263375758,13968.522858125163,14080.996855178266,14194.376488435144,14308.66905004285,14423.881890864615] 0.31126199007860056 [Infinity,Infinity,Infinity,Infinity,Infinity,Infinity,Infinity,Infinity,Infinity,Infinity,Infinity,Infinity,Infinity,Infinity,Infinity,Infinity,Infinity,Infinity,Infinity,Infinity,Infinity,Infinity,Infinity,Infinity,Infinity,Infinity,Infinity,Infinity,Infinity,Infinity,Infinity,Infinity,Infinity,Infinity,Infinity,Infinity,Infinity,Infinity,Infinity,Infinity,Infinity,Infinity,Infinity,Infinity,Infinity,Infinity,Infinity,Infinity,Infinity,Infinity,Infinity,Infinity,Infinity,Infinity,Infinity,Infinity,Infinity,Infinity,Infinity,Infinity,Infinity,Infinity,Infinity,Infinity,Infinity,Infinity,Infinity,Infinity,Infinity,Infinity,Infinity,Infinity,Infinity,Infinity,Infinity,Infinity,Infinity,Infinity,Infinity,Infinity,Infinity,Infinity,Infinity,Infinity,Infinity,Infinity,Infinity,Infinity,Infinity,Infinity,Infinity,Infinity,Infinity,Infinity,Infinity,Infinity,Infinity,Infinity,Infinity,Infinity,Infinity,Infinity,Infinity,Infinity,Infinity,Infinity,Infinity,Infinity,Infinity,Infinity,Infinity,Infinity,Infinity,Infinity,Infinity,Infinity,Infinity,Infinity,Infinity,Infinity,Infinity,Infinity,Infinity,Infinity,Infinity,Infinity,Infinity,Infinity,Infinity,Infinity,Infinity,Infinity,Infinity,Infinity,Infinity,Infinity,Infinity,Infinity,Infinity,Infinity,Infinity,Infinity,Infinity,Infinity,Infinity,Infinity,Infinity,Infinity,Infinity,Infinity,Infinity,Infinity,Infinity,Infinity,Infinity,Infinity,Infinity,Infinity,Infinity,Infinity,Infinity,Infinity,Infinity,Infinity,Infinity,Infinity,Infinity,Infinity,Infinity,Infinity,Infinity,Infinity,Infinity,Infinity,Infinity,Infinity,Infinity,Infinity,Infinity,Infinity,Infinity,Infinity,Infinity,Infinity,Infinity,Infinity,Infinity,Infinity,Infinity,Infinity,Infinity,Infinity,Infinity,Infinity,Infinity,Infinity,Infinity,Infinity,Infinity,Infinity,Infinity,Infinity,Infinity,Infinity,Infinity,Infinity,Infinity,Infinity,Infinity,Infinity,Infinity,Infinity,Infinity,Infinity,Infinity,Infinity,Infinity,Infinity,Infinity,Infinity,Infinity,Infinity,Infinity,Infinity,Infinity,Infinity,Infinity,Infinity,Infinity,Infinity,Infinity,Infinity,Infinity,Infinity,Infinity,Infinity,Infinity,Infinity,Infinity,Infinity,Infinity,Infinity,Infinity,Infinity,Infinity,Infinity,Infinity,Infinity,Infinity,Infinity,Infinity,Infinity,Infinity,Infinity,Infinity,Infinity,Infinity,Infinity,Infinity,Infinity,Infinity,Infinity,Infinity,Infinity,Infinity,Infinity,Infinity,Infinity,Infinity,Infinity,Infinity,Infinity,Infinity,Infinity,Infinity,Infinity,Infinity,Infinity,Infinity,Infinity,Infinity,Infinity,Infinity,Infinity,Infinity,Infinity,Infinity,Infinity,Infinity,Infinity,Infinity,Infinity,Infinity,Infinity,Infinity,Infinity,Infinity,Infinity,Infinity,Infinity] [0.0,0.0,0.0,0.0,0.0,0.0,0.0,0.0,0.0,0.0,0.0,0.0,0.0,0.0,0.0,0.0,0.0,0.0,0.0,0.0,0.0,0.0,0.0,0.0,0.0,0.0,0.0,0.0,0.0,0.0,0.0,0.0,0.0,0.0,0.0,0.0,0.0,0.0,0.0,0.0,0.0,0.0,0.0,0.0,0.0,0.0,0.0,0.0,0.0,0.0,0.0,0.0,0.0,0.0,0.0,0.0,0.0,0.0,0.0,0.0,0.0,0.0,0.0,0.0,0.0,0.0,0.0,0.0,0.0,0.0,0.0,0.0,0.0,0.0,0.0,0.0,0.0,0.0,0.0,0.0,0.0,0.0,0.0,0.0,0.0,0.0,0.0,0.0,0.0,0.0,0.0,0.0,0.0,0.0,0.0,0.0,0.0,0.0,0.0,0.0,0.0,0.0,0.0,0.0,0.0,0.0,0.0,0.0,0.0,0.0,0.0,0.0,0.0,0.0,0.0,0.0,0.0,0.0,0.0,0.0,0.0,0.0,0.0,0.0,0.0,0.0,0.0,0.0,0.0,0.0,0.0,0.0,0.0,0.0,0.0,0.0,0.0,0.0,0.0,0.0,0.0,0.0,0.0,0.0,0.0,0.0,0.0,0.0,0.0,0.0,0.0,0.0,0.0,0.0,0.0,0.0,0.0,0.0,0.0,0.0,0.0,0.0,0.0,0.0,0.0,0.0,0.0,0.0,0.0,0.0,0.0,0.0,0.0,0.0,0.0,0.0,0.0,0.0,0.0,0.0,0.0,0.0,0.0,0.0,0.0,0.0,0.0,0.0,0.0,0.0,0.0,0.0,0.0,0.0,0.0,0.0,0.0,0.0,0.0,0.0,0.0,0.0,0.0,0.0,0.0,0.0,0.0,0.0,0.0,0.0,0.0,0.0,0.0,0.0,0.0,0.0,0.0,0.0,0.0,0.0,0.0,0.0,0.0,0.0,0.0,0.0,0.0,0.0,0.0,0.0,0.0,0.0,0.0,0.0,0.0,0.0,0.0,0.0,0.0,0.0,0.0,0.0,0.0,0.0,0.0,0.0,0.0,0.0,0.0,0.0,0.0,0.0,0.0,0.0,0.0,0.0,0.0,0.0,0.0,0.0,0.0,0.0,0.0,0.0,0.0,0.0,0.0,0.0,0.0,0.0,0.0,0.0,0.0,0.0,0.0,0.0,0.0,0.0,0.0,0.0,0.0,0.0,0.0,0.0,0.0,0.0,0.0,0.0,0.0,0.0,0.0,0.0,0.0,0.0,0.0,0.0,0.0,0.0,0.0,0.0]
56325.55028303008 [0.0,0.0,0.0,0.0,0.0,0.0,0.0,0.0,0.0,0.0,0.0,0.0,0.0,0.0,0.0,0.0,0.0,0.0,0.0,0.0,0.0,0.0,0.0,0.0,0.0,0.0,0.0,0.0,0.0,0.0,0.0,0.0,0.0,0.0,0.0,0.0,0.0,0.0,0.0,0.0,0.0,0.0,0.0,0.0,0.0,0.0,0.0,0.0,0.0,0.0,0.0,0.0,0.0,0.0,0.0,0.0,0.0,0.0,0.0,0.0,0.0,0.0,0.0,0.0,0.0,0.0,0.0,0.0,0.0,0.0,0.0,0.0,0.0,0.0,0.0,0.0,0.0,0.0,0.0,0.0,0.0,0.0,0.0,0.0,0.0,0.0,0.0,0.0,0.0,0.0,0.0,0.0,0.0,0.0,0.0,0.0,0.0,0.0,0.0,0.0,0.0,0.0,0.0,0.0,0.0,0.0,0.0,0.0,0.0,0.0,0.0,0.0,0.0,0.0,0.0,0.0,0.0,0.0,0.0,0.0,0.0,0.0,0.0,0.0,0.0,0.0,0.0,0.0,0.0,0.0,0.0,0.0,0.0,0.0,0.0,0.0,0.0,0.0,0.0,0.0,0.0,0.0,0.0,0.0,0.0,0.0,0.0,0.0,0.0,0.0,0.0,0.0,0.0,0.0,0.0,0.0,0.0,0.0,0.0,0.0,0.0,0.0,0.0,0.0,0.0,0.0,0.0,0.0,0.0,0.0,0.0,0.0,0.0,0.0,0.0,0.0,0.0,0.0,0.0,0.0,0.0,0.0,0.0,0.0,0.0,0.0,0.0,0.0,0.0,0.0,0.0,0.0,0.0,0.0,0.0,0.0,0.0,0.0,0.0,0.0,0.0,0.0,0.0,0.0,0.0,0.0,0.0,0.0,0.0,0.0,0.0,0.0,0.0,0.0,0.0,0.0,0.0,0.0,0.0,0.0,0.0,0.0,0.0,0.0,0.0,0.0,0.0,0.0,0.0,0.0,0.0,0.0,0.0,0.0,0.0,0.0,0.0,0.0,0.0,0.0,0.0,0.0,0.0,0.0,0.0,0.0,0.0,0.0,0.0,0.0,0.0,0.0,0.0,0.0,0.0,0.0,0.0,0.0,0.0,0.0,0.0,0.0,0.0,0.0,0.0,0.0,0.0,0.0,0.0,0.0,0.0,0.0,0.0,0.0,0.0,0.0,0.0,0.0,0.0,0.0,0.0,0.0,0.0,0.0,0.0,0.0,0.0,0.0,0.0,0.0,0.0,0.0,0.0,0.0,0.0,0.0,0.0,0.0,0.0,0.0] [1311.2619900786005,1321.8202200865917,1332.463464547639,1343.19240799478,1354.0077404728797,1364.9101575830227,1375.9003605272408,1386.9790561536227,1398.1469570017646,1409.4047813486081,1420.7532532546286,1432.193102610412,1443.7250651835902,1455.3498826661717,1467.068302722235,1478.881079036026,1490.78897136042,1502.7927455657994,1514.8931736892998,1527.0910339844697,1539.3871109713293,1551.7821954868166,1564.2770847356642,1576.872582341659,1589.569498399342,1602.368649526097,1615.270858914685,1628.2769563861766,1641.3877784433362,1654.6041683244075,1667.9269760573632,1681.3570585145608,1694.895279467867,1708.5425096441993,1722.2996267815402,1736.1675156853773,1750.1470682856248,1764.2391836939755,1778.4447682617345,1792.7647356381167,1807.2000068289992,1821.7515102561672,1836.4201818170154,1851.2069649447558,1866.112810669078,1881.1386776773347,1896.285532376183,1911.5543489537563,1926.9461094423048,1942.4618037813711,1958.1024298814455,1973.8689936881608,1989.7625092469793,2005.7839987684179,2021.9344926937952,2038.215029761504,2054.626657073813,2071.1704301642176,2087.8474130653335,2104.6586783773164,2121.605307336866,2138.6883898867477,2155.9090247459117,2173.268319480143,2190.767390573309,2208.407363499154,2226.1893727937027,2244.1145621282076,2262.184084382728,2280.399101720259,2298.7607856614945,2317.2703171601615,2335.9288866789793,2354.7376942662327,2373.6979496329395,2392.810872230673,2412.077691329971,2431.4996460994216,2451.0779856853383,2470.813969292122,2490.7088662632277,2510.763956162824,2530.9805288580706,2551.359884602096,2571.9033341176064,2592.612198681206,2613.487810208354,2634.5315113390543,2655.7446555241822,2677.1286071125573,2698.6847414386757,2720.4144449111714,2742.319115101994,2764.4001608362782,2786.6590022829737,2809.097071046162,2831.715810257159,2854.5166746673017,2877.5011307415425,2900.67065675274,2924.0267428767575,2947.570891288285,2971.304616257478,2995.22944424732,3019.346914011829,3043.658576695001,3068.1659959305807,3092.870747942638,3117.7744216469364,3142.87861875312,3168.1849538677375,3193.695054598094,3219.410561656912,3245.333128967883,3271.4644237720117,3297.806126734876,3324.3599320546946,3351.1275475713155,3378.1106948760344,3405.3111094223436,3432.7305406375262,3460.3707520352004,3488.23352132871,3516.320640545493,3544.6339161423107,3573.1751691214417,3601.9462351478164,3630.9489646670518,3660.1852230244945,3689.6568905851636,3719.3658628547196,3749.3140506013438,3779.5033799786634,3809.935792649603,3840.6132459112973,3871.5377128209448,3902.7111823227383,3934.135659375755,3965.8131650829396,3997.7457368210635,4029.9354283717907,4062.3843100537392,4095.0944688556665,4128.068008570669,4161.3070499315045,4194.813730746993,4228.590206039511,4262.638648183577,4296.961247045588,4331.560210124669,4366.437762694626,4401.596147947099,4437.037627135803,4472.764479721992,4508.779003521039,4545.083514850253,4581.680348677821,4618.571858773019,4655.7604178575675,4693.248417758249,4731.038269560753,4769.132403764733,4807.533270440121,4846.243339384716,4885.265100283049,4924.601062866471,4964.253757074609,5004.22573321805,5044.519562142395,5085.137835393579,5126.08316538458,5167.3581855634,5208.965550582488,5250.907936469426,5293.188040799074,5335.808582867062,5378.772303864684,5422.081967055189,5465.740357951513,5509.7502844954415,5554.1145772382,5598.836089522486,5643.917697666003,5689.362301146471,5735.17282278806,5781.352208949439,5827.903429713208,5874.829479076986,5922.133375145914,5969.818160326825,6017.886901523867,6066.342690335802,6115.188643254807,6164.427901866934,6214.06363305417,6264.099029198114,6314.537308385285,6365.381714614103,6416.635518003553,6468.302015003491,6520.384528606639,6572.88640856233,6625.811031591967,6679.16180160615,6732.942149923667,6787.155535492116,6841.805445110439,6896.895393653112,6952.428924296275,7008.409608745552,7064.841047465831,7121.726869912778,7179.070734766296,7236.876330165845,7295.147373947643,7353.887613883764,7413.100827923194,7472.790824434837,7532.961442452409,7593.616551921397,7654.7600539479145,7716.395881049652,7778.527997408752,7841.160399126823,7904.2971144818985,7967.94220418758,8032.099761654146,8096.773913251861,8161.968818576374,8227.688670716232,8293.937696522553,8360.720156880894,8428.04034698531,8495.90259661459,8564.311270410717,8633.270768159597,8702.785525074065,8772.860012079082,8843.498736099358,8914.706240349144,8986.487104624512,9058.845945597834,9131.787417114787,9205.31621049359,9279.437054826807,9354.154717285446,9429.47400342559,9505.399757497484,9581.936862757088,9659.090241780126,9736.864856778713,9815.265709920519,9894.297843650465,9973.966341015032,10054.276325989182,10135.232963805956,10216.841461288606,10299.107067185563,10382.035072507933,10465.630810869876,10549.89965883156,10634.84703624505,10720.478406602804,10806.799277389146,10893.815200434417,10981.531772272076,11069.954634498676,11159.08947413668,11248.94202400021,11339.518063063782,11430.823416834026,11522.863957724268,11615.64560543233,11709.174327321158,11803.456138802712,11898.49710372478,11994.303334761045,12090.880993804161,12188.23629236214,12286.375491957784,12385.304904531427,12485.030892846919,12585.55987090084,12686.898304334996,12789.052710852275,12892.029660635888,12995.8357767719,13100.477735675182,13205.962267518828,13312.296156667053,13419.486242111492,13527.539417911097,13636.462633635434,13746.262894811807,13856.947263375758,13968.522858125163,14080.996855178266,14194.376488435144,14308.66905004285,14423.881890864615] 0.31126199007860056 [Infinity,Infinity,Infinity,Infinity,Infinity,Infinity,Infinity,Infinity,Infinity,Infinity,Infinity,Infinity,Infinity,Infinity,Infinity,Infinity,Infinity,Infinity,Infinity,Infinity,Infinity,Infinity,Infinity,Infinity,Infinity,Infinity,Infinity,Infinity,Infinity,Infinity,Infinity,Infinity,Infinity,Infinity,Infinity,Infinity,Infinity,Infinity,Infinity,Infinity,Infinity,Infinity,Infinity,Infinity,Infinity,Infinity,Infinity,Infinity,Infinity,Infinity,Infinity,Infinity,Infinity,Infinity,Infinity,Infinity,Infinity,Infinity,Infinity,Infinity,Infinity,Infinity,Infinity,Infinity,Infinity,Infinity,Infinity,Infinity,Infinity,Infinity,Infinity,Infinity,Infinity,Infinity,Infinity,Infinity,Infinity,Infinity,Infinity,Infinity,Infinity,Infinity,Infinity,Infinity,Infinity,Infinity,Infinity,Infinity,Infinity,Infinity,Infinity,Infinity,Infinity,Infinity,Infinity,Infinity,Infinity,Infinity,Infinity,Infinity,Infinity,Infinity,Infinity,Infinity,Infinity,Infinity,Infinity,Infinity,Infinity,Infinity,Infinity,Infinity,Infinity,Infinity,Infinity,Infinity,Infinity,Infinity,Infinity,Infinity,Infinity,Infinity,Infinity,Infinity,Infinity,Infinity,Infinity,Infinity,Infinity,Infinity,Infinity,Infinity,Infinity,Infinity,Infinity,Infinity,Infinity,Infinity,Infinity,Infinity,Infinity,Infinity,Infinity,Infinity,Infinity,Infinity,Infinity,Infinity,Infinity,Infinity,Infinity,Infinity,Infinity,Infinity,Infinity,Infinity,Infinity,Infinity,Infinity,Infinity,Infinity,Infinity,Infinity,Infinity,Infinity,Infinity,Infinity,Infinity,Infinity,Infinity,Infinity,Infinity,Infinity,Infinity,Infinity,Infinity,Infinity,Infinity,Infinity,Infinity,Infinity,Infinity,Infinity,Infinity,Infinity,Infinity,Infinity,Infinity,Infinity,Infinity,Infinity,Infinity,Infinity,Infinity,Infinity,Infinity,Infinity,Infinity,Infinity,Infinity,Infinity,Infinity,Infinity,Infinity,Infinity,Infinity,Infinity,Infinity,Infinity,Infinity,Infinity,Infinity,Infinity,Infinity,Infinity,Infinity,Infinity,Infinity,Infinity,Infinity,Infinity,Infinity,Infinity,Infinity,Infinity,Infinity,Infinity,Infinity,Infinity,Infinity,Infinity,Infinity,Infinity,Infinity,Infinity,Infinity,Infinity,Infinity,Infinity,Infinity,Infinity,Infinity,Infinity,Infinity,Infinity,Infinity,Infinity,Infinity,Infinity,Infinity,Infinity,Infinity,Infinity,Infinity,Infinity,Infinity,Infinity,Infinity,Infinity,Infinity,Infinity,Infinity,Infinity,Infinity,Infinity,Infinity,Infinity,Infinity,Infinity,Infinity,Infinity,Infinity,Infinity,Infinity,Infinity,Infinity,Infinity,Infinity,Infinity,Infinity,Infinity,Infinity,Infinity,Infinity,Infinity,Infinity,Infinity,Infinity,Infinity,Infinity,Infinity,Infinity,Infinity,Infinity,Infinity,Infinity,Infinity,Infinity,Infinity,Infinity] [0.0,0.0,0.0,0.0,0.0,0.0,0.0,0.0,0.0,0.0,0.0,0.0,0.0,0.0,0.0,0.0,0.0,0.0,0.0,0.0,0.0,0.0,0.0,0.0,0.0,0.0,0.0,0.0,0.0,0.0,0.0,0.0,0.0,0.0,0.0,0.0,0.0,0.0,0.0,0.0,0.0,0.0,0.0,0.0,0.0,0.0,0.0,0.0,0.0,0.0,0.0,0.0,0.0,0.0,0.0,0.0,0.0,0.0,0.0,0.0,0.0,0.0,0.0,0.0,0.0,0.0,0.0,0.0,0.0,0.0,0.0,0.0,0.0,0.0,0.0,0.0,0.0,0.0,0.0,0.0,0.0,0.0,0.0,0.0,0.0,0.0,0.0,0.0,0.0,0.0,0.0,0.0,0.0,0.0,0.0,0.0,0.0,0.0,0.0,0.0,0.0,0.0,0.0,0.0,0.0,0.0,0.0,0.0,0.0,0.0,0.0,0.0,0.0,0.0,0.0,0.0,0.0,0.0,0.0,0.0,0.0,0.0,0.0,0.0,0.0,0.0,0.0,0.0,0.0,0.0,0.0,0.0,0.0,0.0,0.0,0.0,0.0,0.0,0.0,0.0,0.0,0.0,0.0,0.0,0.0,0.0,0.0,0.0,0.0,0.0,0.0,0.0,0.0,0.0,0.0,0.0,0.0,0.0,0.0,0.0,0.0,0.0,0.0,0.0,0.0,0.0,0.0,0.0,0.0,0.0,0.0,0.0,0.0,0.0,0.0,0.0,0.0,0.0,0.0,0.0,0.0,0.0,0.0,0.0,0.0,0.0,0.0,0.0,0.0,0.0,0.0,0.0,0.0,0.0,0.0,0.0,0.0,0.0,0.0,0.0,0.0,0.0,0.0,0.0,0.0,0.0,0.0,0.0,0.0,0.0,0.0,0.0,0.0,0.0,0.0,0.0,0.0,0.0,0.0,0.0,0.0,0.0,0.0,0.0,0.0,0.0,0.0,0.0,0.0,0.0,0.0,0.0,0.0,0.0,0.0,0.0,0.0,0.0,0.0,0.0,0.0,0.0,0.0,0.0,0.0,0.0,0.0,0.0,0.0,0.0,0.0,0.0,0.0,0.0,0.0,0.0,0.0,0.0,0.0,0.0,0.0,0.0,0.0,0.0,0.0,0.0,0.0,0.0,0.0,0.0,0.0,0.0,0.0,0.0,0.0,0.0,0.0,0.0,0.0,0.0,0.0,0.0,0.0,0.0,0.0,0.0,0.0,0.0,0.0,0.0,0.0,0.0,0.0,0.0,0.0,0.0,0.0,0.0,0.0,0.0]
56398.75823900604 [0.0,0.0,0.0,0.0,0.0,0.0,0.0,0.0,0.0,0.0,0.0,0.0,0.0,0.0,0.0,0.0,0.0,0.0,0.0,0.0,0.0,0.0,0.0,0.0,0.0,0.0,0.0,0.0,0.0,0.0,0.0,0.0,0.0,0.0,0.0,0.0,0.0,0.0,0.0,0.0,0.0,0.0,0.0,0.0,0.0,0.0,0.0,0.0,0.0,0.0,0.0,0.0,0.0,0.0,0.0,0.0,0.0,0.0,0.0,0.0,0.0,0.0,0.0,0.0,0.0,0.0,0.0,0.0,0.0,0.0,0.0,0.0,0.0,0.0,0.0,0.0,0.0,0.0,0.0,0.0,0.0,0.0,0.0,0.0,0.0,0.0,0.0,0.0,0.0,0.0,0.0,0.0,0.0,0.0,0.0,0.0,0.0,0.0,0.0,0.0,0.0,0.0,0.0,0.0,0.0,0.0,0.0,0.0,0.0,0.0,0.0,0.0,0.0,0.0,0.0,0.0,0.0,0.0,0.0,0.0,0.0,0.0,0.0,0.0,0.0,0.0,0.0,0.0,0.0,0.0,0.0,0.0,0.0,0.0,0.0,0.0,0.0,0.0,0.0,0.0,0.0,0.0,0.0,0.0,0.0,0.0,0.0,0.0,0.0,0.0,0.0,0.0,0.0,0.0,0.0,0.0,0.0,0.0,0.0,0.0,0.0,0.0,0.0,0.0,0.0,0.0,0.0,0.0,0.0,0.0,0.0,0.0,0.0,0.0,0.0,0.0,0.0,0.0,0.0,0.0,0.0,0.0,0.0,0.0,0.0,0.0,0.0,0.0,0.0,0.0,0.0,0.0,0.0,0.0,0.0,0.0,0.0,0.0,0.0,0.0,0.0,0.0,0.0,0.0,0.0,0.0,0.0,0.0,0.0,0.0,0.0,0.0,0.0,0.0,0.0,0.0,0.0,0.0,0.0,0.0,0.0,0.0,0.0,0.0,0.0,0.0,0.0,0.0,0.0,0.0,0.0,0.0,0.0,0.0,0.0,0.0,0.0,0.0,0.0,0.0,0.0,0.0,0.0,0.0,0.0,0.0,0.0,0.0,0.0,0.0,0.0,0.0,0.0,0.0,0.0,0.0,0.0,0.0,0.0,0.0,0.0,0.0,0.0,0.0,0.0,0.0,0.0,0.0,0.0,0.0,0.0,0.0,0.0,0.0,0.0,0.0,0.0,0.0,0.0,0.0,0.0,0.0,0.0,0.0,0.0,0.0,0.0,0.0,0.0,0.0,0.0,0.0,0.0,0.0,0.0,0.0,0.0,0.0,0.0,0.0] [1311.2619900786005,1321.8202200865917,1332.463464547639,1343.19240799478,1354.0077404728797,1364.9101575830227,1375.9003605272408,1386.9790561536227,1398.1469570017646,1409.4047813486081,1420.7532532546286,1432.193102610412,1443.7250651835902,1455.3498826661717,1467.068302722235,1478.881079036026,1490.78897136042,1502.7927455657994,1514.8931736892998,1527.0910339844697,1539.3871109713293,1551.7821954868166,1564.2770847356642,1576.872582341659,1589.569498399342,1602.368649526097,1615.270858914685,1628.2769563861766,1641.3877784433362,1654.6041683244075,1667.9269760573632,1681.3570585145608,1694.895279467867,1708.5425096441993,1722.2996267815402,1736.1675156853773,1750.1470682856248,1764.2391836939755,1778.4447682617345,1792.7647356381167,1807.2000068289992,1821.7515102561672,1836.4201818170154,1851.2069649447558,1866.112810669078,1881.1386776773347,1896.285532376183,1911.5543489537563,1926.9461094423048,1942.4618037813711,1958.1024298814455,1973.8689936881608,1989.7625092469793,2005.7839987684179,2021.9344926937952,2038.215029761504,2054.626657073813,2071.1704301642176,2087.8474130653335,2104.6586783773164,2121.605307336866,2138.6883898867477,2155.9090247459117,2173.268319480143,2190.767390573309,2208.407363499154,2226.1893727937027,2244.1145621282076,2262.184084382728,2280.399101720259,2298.7607856614945,2317.2703171601615,2335.9288866789793,2354.7376942662327,2373.6979496329395,2392.810872230673,2412.077691329971,2431.4996460994216,2451.0779856853383,2470.813969292122,2490.7088662632277,2510.763956162824,2530.9805288580706,2551.359884602096,2571.9033341176064,2592.612198681206,2613.487810208354,2634.5315113390543,2655.7446555241822,2677.1286071125573,2698.6847414386757,2720.4144449111714,2742.319115101994,2764.4001608362782,2786.6590022829737,2809.097071046162,2831.715810257159,2854.5166746673017,2877.5011307415425,2900.67065675274,2924.0267428767575,2947.570891288285,2971.304616257478,2995.22944424732,3019.346914011829,3043.658576695001,3068.1659959305807,3092.870747942638,3117.7744216469364,3142.87861875312,3168.1849538677375,3193.695054598094,3219.410561656912,3245.333128967883,3271.4644237720117,3297.806126734876,3324.3599320546946,3351.1275475713155,3378.1106948760344,3405.3111094223436,3432.7305406375262,3460.3707520352004,3488.23352132871,3516.320640545493,3544.6339161423107,3573.1751691214417,3601.9462351478164,3630.9489646670518,3660.1852230244945,3689.6568905851636,3719.3658628547196,3749.3140506013438,3779.5033799786634,3809.935792649603,3840.6132459112973,3871.5377128209448,3902.7111823227383,3934.135659375755,3965.8131650829396,3997.7457368210635,4029.9354283717907,4062.3843100537392,4095.0944688556665,4128.068008570669,4161.3070499315045,4194.813730746993,4228.590206039511,4262.638648183577,4296.961247045588,4331.560210124669,4366.437762694626,4401.596147947099,4437.037627135803,4472.764479721992,4508.779003521039,4545.083514850253,4581.680348677821,4618.571858773019,4655.7604178575675,4693.248417758249,4731.038269560753,4769.132403764733,4807.533270440121,4846.243339384716,4885.265100283049,4924.601062866471,4964.253757074609,5004.22573321805,5044.519562142395,5085.137835393579,5126.08316538458,5167.3581855634,5208.965550582488,5250.907936469426,5293.188040799074,5335.808582867062,5378.772303864684,5422.081967055189,5465.740357951513,5509.7502844954415,5554.1145772382,5598.836089522486,5643.917697666003,5689.362301146471,5735.17282278806,5781.352208949439,5827.903429713208,5874.829479076986,5922.133375145914,5969.818160326825,6017.886901523867,6066.342690335802,6115.188643254807,6164.427901866934,6214.06363305417,6264.099029198114,6314.537308385285,6365.381714614103,6416.635518003553,6468.302015003491,6520.384528606639,6572.88640856233,6625.811031591967,6679.16180160615,6732.942149923667,6787.155535492116,6841.805445110439,6896.895393653112,6952.428924296275,7008.409608745552,7064.841047465831,7121.726869912778,7179.070734766296,7236.876330165845,7295.147373947643,7353.887613883764,7413.100827923194,7472.790824434837,7532.961442452409,7593.616551921397,7654.7600539479145,7716.395881049652,7778.527997408752,7841.160399126823,7904.2971144818985,7967.94220418758,8032.099761654146,8096.773913251861,8161.968818576374,8227.688670716232,8293.937696522553,8360.720156880894,8428.04034698531,8495.90259661459,8564.311270410717,8633.270768159597,8702.785525074065,8772.860012079082,8843.498736099358,8914.706240349144,8986.487104624512,9058.845945597834,9131.787417114787,9205.31621049359,9279.437054826807,9354.154717285446,9429.47400342559,9505.399757497484,9581.936862757088,9659.090241780126,9736.864856778713,9815.265709920519,9894.297843650465,9973.966341015032,10054.276325989182,10135.232963805956,10216.841461288606,10299.107067185563,10382.035072507933,10465.630810869876,10549.89965883156,10634.84703624505,10720.478406602804,10806.799277389146,10893.815200434417,10981.531772272076,11069.954634498676,11159.08947413668,11248.94202400021,11339.518063063782,11430.823416834026,11522.863957724268,11615.64560543233,11709.174327321158,11803.456138802712,11898.49710372478,11994.303334761045,12090.880993804161,12188.23629236214,12286.375491957784,12385.304904531427,12485.030892846919,12585.55987090084,12686.898304334996,12789.052710852275,12892.029660635888,12995.8357767719,13100.477735675182,13205.962267518828,13312.296156667053,13419.486242111492,13527.539417911097,13636.462633635434,13746.262894811807,13856.947263375758,13968.522858125163,14080.996855178266,14194.376488435144,14308.66905004285,14423.881890864615] 0.31126199007860056 [Infinity,Infinity,Infinity,Infinity,Infinity,Infinity,Infinity,Infinity,Infinity,Infinity,Infinity,Infinity,Infinity,Infinity,Infinity,Infinity,Infinity,Infinity,Infinity,Infinity,Infinity,Infinity,Infinity,Infinity,Infinity,Infinity,Infinity,Infinity,Infinity,Infinity,Infinity,Infinity,Infinity,Infinity,Infinity,Infinity,Infinity,Infinity,Infinity,Infinity,Infinity,Infinity,Infinity,Infinity,Infinity,Infinity,Infinity,Infinity,Infinity,Infinity,Infinity,Infinity,Infinity,Infinity,Infinity,Infinity,Infinity,Infinity,Infinity,Infinity,Infinity,Infinity,Infinity,Infinity,Infinity,Infinity,Infinity,Infinity,Infinity,Infinity,Infinity,Infinity,Infinity,Infinity,Infinity,Infinity,Infinity,Infinity,Infinity,Infinity,Infinity,Infinity,Infinity,Infinity,Infinity,Infinity,Infinity,Infinity,Infinity,Infinity,Infinity,Infinity,Infinity,Infinity,Infinity,Infinity,Infinity,Infinity,Infinity,Infinity,Infinity,Infinity,Infinity,Infinity,Infinity,Infinity,Infinity,Infinity,Infinity,Infinity,Infinity,Infinity,Infinity,Infinity,Infinity,Infinity,Infinity,Infinity,Infinity,Infinity,Infinity,Infinity,Infinity,Infinity,Infinity,Infinity,Infinity,Infinity,Infinity,Infinity,Infinity,Infinity,Infinity,Infinity,Infinity,Infinity,Infinity,Infinity,Infinity,Infinity,Infinity,Infinity,Infinity,Infinity,Infinity,Infinity,Infinity,Infinity,Infinity,Infinity,Infinity,Infinity,Infinity,Infinity,Infinity,Infinity,Infinity,Infinity,Infinity,Infinity,Infinity,Infinity,Infinity,Infinity,Infinity,Infinity,Infinity,Infinity,Infinity,Infinity,Infinity,Infinity,Infinity,Infinity,Infinity,Infinity,Infinity,Infinity,Infinity,Infinity,Infinity,Infinity,Infinity,Infinity,Infinity,Infinity,Infinity,Infinity,Infinity,Infinity,Infinity,Infinity,Infinity,Infinity,Infinity,Infinity,Infinity,Infinity,Infinity,Infinity,Infinity,Infinity,Infinity,Infinity,Infinity,Infinity,Infinity,Infinity,Infinity,Infinity,Infinity,Infinity,Infinity,Infinity,Infinity,Infinity,Infinity,Infinity,Infinity,Infinity,Infinity,Infinity,Infinity,Infinity,Infinity,Infinity,Infinity,Infinity,Infinity,Infinity,Infinity,Infinity,Infinity,Infinity,Infinity,Infinity,Infinity,Infinity,Infinity,Infinity,Infinity,Infinity,Infinity,Infinity,Infinity,Infinity,Infinity,Infinity,Infinity,Infinity,Infinity,Infinity,Infinity,Infinity,Infinity,Infinity,Infinity,Infinity,Infinity,Infinity,Infinity,Infinity,Infinity,Infinity,Infinity,Infinity,Infinity,Infinity,Infinity,Infinity,Infinity,Infinity,Infinity,Infinity,Infinity,Infinity,Infinity,Infinity,Infinity,Infinity,Infinity,Infinity,Infinity,Infinity,Infinity,Infinity,Infinity,Infinity,Infinity,Infinity,Infinity,Infinity,Infinity,Infinity,Infinity,Infinity,Infinity,Infinity,Infinity,Infinity] [0.0,0.0,0.0,0.0,0.0,0.0,0.0,0.0,0.0,0.0,0.0,0.0,0.0,0.0,0.0,0.0,0.0,0.0,0.0,0.0,0.0,0.0,0.0,0.0,0.0,0.0,0.0,0.0,0.0,0.0,0.0,0.0,0.0,0.0,0.0,0.0,0.0,0.0,0.0,0.0,0.0,0.0,0.0,0.0,0.0,0.0,0.0,0.0,0.0,0.0,0.0,0.0,0.0,0.0,0.0,0.0,0.0,0.0,0.0,0.0,0.0,0.0,0.0,0.0,0.0,0.0,0.0,0.0,0.0,0.0,0.0,0.0,0.0,0.0,0.0,0.0,0.0,0.0,0.0,0.0,0.0,0.0,0.0,0.0,0.0,0.0,0.0,0.0,0.0,0.0,0.0,0.0,0.0,0.0,0.0,0.0,0.0,0.0,0.0,0.0,0.0,0.0,0.0,0.0,0.0,0.0,0.0,0.0,0.0,0.0,0.0,0.0,0.0,0.0,0.0,0.0,0.0,0.0,0.0,0.0,0.0,0.0,0.0,0.0,0.0,0.0,0.0,0.0,0.0,0.0,0.0,0.0,0.0,0.0,0.0,0.0,0.0,0.0,0.0,0.0,0.0,0.0,0.0,0.0,0.0,0.0,0.0,0.0,0.0,0.0,0.0,0.0,0.0,0.0,0.0,0.0,0.0,0.0,0.0,0.0,0.0,0.0,0.0,0.0,0.0,0.0,0.0,0.0,0.0,0.0,0.0,0.0,0.0,0.0,0.0,0.0,0.0,0.0,0.0,0.0,0.0,0.0,0.0,0.0,0.0,0.0,0.0,0.0,0.0,0.0,0.0,0.0,0.0,0.0,0.0,0.0,0.0,0.0,0.0,0.0,0.0,0.0,0.0,0.0,0.0,0.0,0.0,0.0,0.0,0.0,0.0,0.0,0.0,0.0,0.0,0.0,0.0,0.0,0.0,0.0,0.0,0.0,0.0,0.0,0.0,0.0,0.0,0.0,0.0,0.0,0.0,0.0,0.0,0.0,0.0,0.0,0.0,0.0,0.0,0.0,0.0,0.0,0.0,0.0,0.0,0.0,0.0,0.0,0.0,0.0,0.0,0.0,0.0,0.0,0.0,0.0,0.0,0.0,0.0,0.0,0.0,0.0,0.0,0.0,0.0,0.0,0.0,0.0,0.0,0.0,0.0,0.0,0.0,0.0,0.0,0.0,0.0,0.0,0.0,0.0,0.0,0.0,0.0,0.0,0.0,0.0,0.0,0.0,0.0,0.0,0.0,0.0,0.0,0.0,0.0,0.0,0.0,0.0,0.0,0.0]
56125.6939971228 [0.0,0.0,0.0,0.0,0.0,0.0,0.0,0.0,0.0,0.0,0.0,0.0,0.0,0.0,0.0,0.0,0.0,0.0,0.0,0.0,0.0,0.0,0.0,0.0,0.0,0.0,0.0,0.0,0.0,0.0,0.0,0.0,0.0,0.0,0.0,0.0,0.0,0.0,0.0,0.0,0.0,0.0,0.0,0.0,0.0,0.0,0.0,0.0,0.0,0.0,0.0,0.0,0.0,0.0,0.0,0.0,0.0,0.0,0.0,0.0,0.0,0.0,0.0,0.0,0.0,0.0,0.0,0.0,0.0,0.0,0.0,0.0,0.0,0.0,0.0,0.0,0.0,0.0,0.0,0.0,0.0,0.0,0.0,0.0,0.0,0.0,0.0,0.0,0.0,0.0,0.0,0.0,0.0,0.0,0.0,0.0,0.0,0.0,0.0,0.0,0.0,0.0,0.0,0.0,0.0,0.0,0.0,0.0,0.0,0.0,0.0,0.0,0.0,0.0,0.0,0.0,0.0,0.0,0.0,0.0,0.0,0.0,0.0,0.0,0.0,0.0,0.0,0.0,0.0,0.0,0.0,0.0,0.0,0.0,0.0,0.0,0.0,0.0,0.0,0.0,0.0,0.0,0.0,0.0,0.0,0.0,0.0,0.0,0.0,0.0,0.0,0.0,0.0,0.0,0.0,0.0,0.0,0.0,0.0,0.0,0.0,0.0,0.0,0.0,0.0,0.0,0.0,0.0,0.0,0.0,0.0,0.0,0.0,0.0,0.0,0.0,0.0,0.0,0.0,0.0,0.0,0.0,0.0,0.0,0.0,0.0,0.0,0.0,0.0,0.0,0.0,0.0,0.0,0.0,0.0,0.0,0.0,0.0,0.0,0.0,0.0,0.0,0.0,0.0,0.0,0.0,0.0,0.0,0.0,0.0,0.0,0.0,0.0,0.0,0.0,0.0,0.0,0.0,0.0,0.0,0.0,0.0,0.0,0.0,0.0,0.0,0.0,0.0,0.0,0.0,0.0,0.0,0.0,0.0,0.0,0.0,0.0,0.0,0.0,0.0,0.0,0.0,0.0,0.0,0.0,0.0,0.0,0.0,0.0,0.0,0.0,0.0,0.0,0.0,0.0,0.0,0.0,0.0,0.0,0.0,0.0,0.0,0.0,0.0,0.0,0.0,0.0,0.0,0.0,0.0,0.0,0.0,0.0,0.0,0.0,0.0,0.0,0.0,0.0,0.0,0.0,0.0,0.0,0.0,0.0,0.0,0.0,0.0,0.0,0.0,0.0,0.0,0.0,0.0,0.0,0.0,0.0,0.0,0.0,0.0] [1311.2619900786005,1321.8202200865917,1332.463464547639,1343.19240799478,1354.0077404728797,1364.9101575830227,1375.9003605272408,1386.9790561536227,1398.1469570017646,1409.4047813486081,1420.7532532546286,1432.193102610412,1443.7250651835902,1455.3498826661717,1467.068302722235,1478.881079036026,1490.78897136042,1502.7927455657994,1514.8931736892998,1527.0910339844697,1539.3871109713293,1551.7821954868166,1564.2770847356642,1576.872582341659,1589.569498399342,1602.368649526097,1615.270858914685,1628.2769563861766,1641.3877784433362,1654.6041683244075,1667.9269760573632,1681.3570585145608,1694.895279467867,1708.5425096441993,1722.2996267815402,1736.1675156853773,1750.1470682856248,1764.2391836939755,1778.4447682617345,1792.7647356381167,1807.2000068289992,1821.7515102561672,1836.4201818170154,1851.2069649447558,1866.112810669078,1881.1386776773347,1896.285532376183,1911.5543489537563,1926.9461094423048,1942.4618037813711,1958.1024298814455,1973.8689936881608,1989.7625092469793,2005.7839987684179,2021.9344926937952,2038.215029761504,2054.626657073813,2071.1704301642176,2087.8474130653335,2104.6586783773164,2121.605307336866,2138.6883898867477,2155.9090247459117,2173.268319480143,2190.767390573309,2208.407363499154,2226.1893727937027,2244.1145621282076,2262.184084382728,2280.399101720259,2298.7607856614945,2317.2703171601615,2335.9288866789793,2354.7376942662327,2373.6979496329395,2392.810872230673,2412.077691329971,2431.4996460994216,2451.0779856853383,2470.813969292122,2490.7088662632277,2510.763956162824,2530.9805288580706,2551.359884602096,2571.9033341176064,2592.612198681206,2613.487810208354,2634.5315113390543,2655.7446555241822,2677.1286071125573,2698.6847414386757,2720.4144449111714,2742.319115101994,2764.4001608362782,2786.6590022829737,2809.097071046162,2831.715810257159,2854.5166746673017,2877.5011307415425,2900.67065675274,2924.0267428767575,2947.570891288285,2971.304616257478,2995.22944424732,3019.346914011829,3043.658576695001,3068.1659959305807,3092.870747942638,3117.7744216469364,3142.87861875312,3168.1849538677375,3193.695054598094,3219.410561656912,3245.333128967883,3271.4644237720117,3297.806126734876,3324.3599320546946,3351.1275475713155,3378.1106948760344,3405.3111094223436,3432.7305406375262,3460.3707520352004,3488.23352132871,3516.320640545493,3544.6339161423107,3573.1751691214417,3601.9462351478164,3630.9489646670518,3660.1852230244945,3689.6568905851636,3719.3658628547196,3749.3140506013438,3779.5033799786634,3809.935792649603,3840.6132459112973,3871.5377128209448,3902.7111823227383,3934.135659375755,3965.8131650829396,3997.7457368210635,4029.9354283717907,4062.3843100537392,4095.0944688556665,4128.068008570669,4161.3070499315045,4194.813730746993,4228.590206039511,4262.638648183577,4296.961247045588,4331.560210124669,4366.437762694626,4401.596147947099,4437.037627135803,4472.764479721992,4508.779003521039,4545.083514850253,4581.680348677821,4618.571858773019,4655.7604178575675,4693.248417758249,4731.038269560753,4769.132403764733,4807.533270440121,4846.243339384716,4885.265100283049,4924.601062866471,4964.253757074609,5004.22573321805,5044.519562142395,5085.137835393579,5126.08316538458,5167.3581855634,5208.965550582488,5250.907936469426,5293.188040799074,5335.808582867062,5378.772303864684,5422.081967055189,5465.740357951513,5509.7502844954415,5554.1145772382,5598.836089522486,5643.917697666003,5689.362301146471,5735.17282278806,5781.352208949439,5827.903429713208,5874.829479076986,5922.133375145914,5969.818160326825,6017.886901523867,6066.342690335802,6115.188643254807,6164.427901866934,6214.06363305417,6264.099029198114,6314.537308385285,6365.381714614103,6416.635518003553,6468.302015003491,6520.384528606639,6572.88640856233,6625.811031591967,6679.16180160615,6732.942149923667,6787.155535492116,6841.805445110439,6896.895393653112,6952.428924296275,7008.409608745552,7064.841047465831,7121.726869912778,7179.070734766296,7236.876330165845,7295.147373947643,7353.887613883764,7413.100827923194,7472.790824434837,7532.961442452409,7593.616551921397,7654.7600539479145,7716.395881049652,7778.527997408752,7841.160399126823,7904.2971144818985,7967.94220418758,8032.099761654146,8096.773913251861,8161.968818576374,8227.688670716232,8293.937696522553,8360.720156880894,8428.04034698531,8495.90259661459,8564.311270410717,8633.270768159597,8702.785525074065,8772.860012079082,8843.498736099358,8914.706240349144,8986.487104624512,9058.845945597834,9131.787417114787,9205.31621049359,9279.437054826807,9354.154717285446,9429.47400342559,9505.399757497484,9581.936862757088,9659.090241780126,9736.864856778713,9815.265709920519,9894.297843650465,9973.966341015032,10054.276325989182,10135.232963805956,10216.841461288606,10299.107067185563,10382.035072507933,10465.630810869876,10549.89965883156,10634.84703624505,10720.478406602804,10806.799277389146,10893.815200434417,10981.531772272076,11069.954634498676,11159.08947413668,11248.94202400021,11339.518063063782,11430.823416834026,11522.863957724268,11615.64560543233,11709.174327321158,11803.456138802712,11898.49710372478,11994.303334761045,12090.880993804161,12188.23629236214,12286.375491957784,12385.304904531427,12485.030892846919,12585.55987090084,12686.898304334996,12789.052710852275,12892.029660635888,12995.8357767719,13100.477735675182,13205.962267518828,13312.296156667053,13419.486242111492,13527.539417911097,13636.462633635434,13746.262894811807,13856.947263375758,13968.522858125163,14080.996855178266,14194.376488435144,14308.66905004285,14423.881890864615] 0.31126199007860056 [Infinity,Infinity,Infinity,Infinity,Infinity,Infinity,Infinity,Infinity,Infinity,Infinity,Infinity,Infinity,Infinity,Infinity,Infinity,Infinity,Infinity,Infinity,Infinity,Infinity,Infinity,Infinity,Infinity,Infinity,Infinity,Infinity,Infinity,Infinity,Infinity,Infinity,Infinity,Infinity,Infinity,Infinity,Infinity,Infinity,Infinity,Infinity,Infinity,Infinity,Infinity,Infinity,Infinity,Infinity,Infinity,Infinity,Infinity,Infinity,Infinity,Infinity,Infinity,Infinity,Infinity,Infinity,Infinity,Infinity,Infinity,Infinity,Infinity,Infinity,Infinity,Infinity,Infinity,Infinity,Infinity,Infinity,Infinity,Infinity,Infinity,Infinity,Infinity,Infinity,Infinity,Infinity,Infinity,Infinity,Infinity,Infinity,Infinity,Infinity,Infinity,Infinity,Infinity,Infinity,Infinity,Infinity,Infinity,Infinity,Infinity,Infinity,Infinity,Infinity,Infinity,Infinity,Infinity,Infinity,Infinity,Infinity,Infinity,Infinity,Infinity,Infinity,Infinity,Infinity,Infinity,Infinity,Infinity,Infinity,Infinity,Infinity,Infinity,Infinity,Infinity,Infinity,Infinity,Infinity,Infinity,Infinity,Infinity,Infinity,Infinity,Infinity,Infinity,Infinity,Infinity,Infinity,Infinity,Infinity,Infinity,Infinity,Infinity,Infinity,Infinity,Infinity,Infinity,Infinity,Infinity,Infinity,Infinity,Infinity,Infinity,Infinity,Infinity,Infinity,Infinity,Infinity,Infinity,Infinity,Infinity,Infinity,Infinity,Infinity,Infinity,Infinity,Infinity,Infinity,Infinity,Infinity,Infinity,Infinity,Infinity,Infinity,Infinity,Infinity,Infinity,Infinity,Infinity,Infinity,Infinity,Infinity,Infinity,Infinity,Infinity,Infinity,Infinity,Infinity,Infinity,Infinity,Infinity,Infinity,Infinity,Infinity,Infinity,Infinity,Infinity,Infinity,Infinity,Infinity,Infinity,Infinity,Infinity,Infinity,Infinity,Infinity,Infinity,Infinity,Infinity,Infinity,Infinity,Infinity,Infinity,Infinity,Infinity,Infinity,Infinity,Infinity,Infinity,Infinity,Infinity,Infinity,Infinity,Infinity,Infinity,Infinity,Infinity,Infinity,Infinity,Infinity,Infinity,Infinity,Infinity,Infinity,Infinity,Infinity,Infinity,Infinity,Infinity,Infinity,Infinity,Infinity,Infinity,Infinity,Infinity,Infinity,Infinity,Infinity,Infinity,Infinity,Infinity,Infinity,Infinity,Infinity,Infinity,Infinity,Infinity,Infinity,Infinity,Infinity,Infinity,Infinity,Infinity,Infinity,Infinity,Infinity,Infinity,Infinity,Infinity,Infinity,Infinity,Infinity,Infinity,Infinity,Infinity,Infinity,Infinity,Infinity,Infinity,Infinity,Infinity,Infinity,Infinity,Infinity,Infinity,Infinity,Infinity,Infinity,Infinity,Infinity,Infinity,Infinity,Infinity,Infinity,Infinity,Infinity,Infinity,Infinity,Infinity,Infinity,Infinity,Infinity,Infinity,Infinity,Infinity,Infinity,Infinity,Infinity,Infinity,Infinity,Infinity,Infinity] [0.0,0.0,0.0,0.0,0.0,0.0,0.0,0.0,0.0,0.0,0.0,0.0,0.0,0.0,0.0,0.0,0.0,0.0,0.0,0.0,0.0,0.0,0.0,0.0,0.0,0.0,0.0,0.0,0.0,0.0,0.0,0.0,0.0,0.0,0.0,0.0,0.0,0.0,0.0,0.0,0.0,0.0,0.0,0.0,0.0,0.0,0.0,0.0,0.0,0.0,0.0,0.0,0.0,0.0,0.0,0.0,0.0,0.0,0.0,0.0,0.0,0.0,0.0,0.0,0.0,0.0,0.0,0.0,0.0,0.0,0.0,0.0,0.0,0.0,0.0,0.0,0.0,0.0,0.0,0.0,0.0,0.0,0.0,0.0,0.0,0.0,0.0,0.0,0.0,0.0,0.0,0.0,0.0,0.0,0.0,0.0,0.0,0.0,0.0,0.0,0.0,0.0,0.0,0.0,0.0,0.0,0.0,0.0,0.0,0.0,0.0,0.0,0.0,0.0,0.0,0.0,0.0,0.0,0.0,0.0,0.0,0.0,0.0,0.0,0.0,0.0,0.0,0.0,0.0,0.0,0.0,0.0,0.0,0.0,0.0,0.0,0.0,0.0,0.0,0.0,0.0,0.0,0.0,0.0,0.0,0.0,0.0,0.0,0.0,0.0,0.0,0.0,0.0,0.0,0.0,0.0,0.0,0.0,0.0,0.0,0.0,0.0,0.0,0.0,0.0,0.0,0.0,0.0,0.0,0.0,0.0,0.0,0.0,0.0,0.0,0.0,0.0,0.0,0.0,0.0,0.0,0.0,0.0,0.0,0.0,0.0,0.0,0.0,0.0,0.0,0.0,0.0,0.0,0.0,0.0,0.0,0.0,0.0,0.0,0.0,0.0,0.0,0.0,0.0,0.0,0.0,0.0,0.0,0.0,0.0,0.0,0.0,0.0,0.0,0.0,0.0,0.0,0.0,0.0,0.0,0.0,0.0,0.0,0.0,0.0,0.0,0.0,0.0,0.0,0.0,0.0,0.0,0.0,0.0,0.0,0.0,0.0,0.0,0.0,0.0,0.0,0.0,0.0,0.0,0.0,0.0,0.0,0.0,0.0,0.0,0.0,0.0,0.0,0.0,0.0,0.0,0.0,0.0,0.0,0.0,0.0,0.0,0.0,0.0,0.0,0.0,0.0,0.0,0.0,0.0,0.0,0.0,0.0,0.0,0.0,0.0,0.0,0.0,0.0,0.0,0.0,0.0,0.0,0.0,0.0,0.0,0.0,0.0,0.0,0.0,0.0,0.0,0.0,0.0,0.0,0.0,0.0,0.0,0.0,0.0]
56215.81475055357 [0.0,0.0,0.0,0.0,0.0,0.0,0.0,0.0,0.0,0.0,0.0,0.0,0.0,0.0,0.0,0.0,0.0,0.0,0.0,0.0,0.0,0.0,0.0,0.0,0.0,0.0,0.0,0.0,0.0,0.0,0.0,0.0,0.0,0.0,0.0,0.0,0.0,0.0,0.0,0.0,0.0,0.0,0.0,0.0,0.0,0.0,0.0,0.0,0.0,0.0,0.0,0.0,0.0,0.0,0.0,0.0,0.0,0.0,0.0,0.0,0.0,0.0,0.0,0.0,0.0,0.0,0.0,0.0,0.0,0.0,0.0,0.0,0.0,0.0,0.0,0.0,0.0,0.0,0.0,0.0,0.0,0.0,0.0,0.0,0.0,0.0,0.0,0.0,0.0,0.0,0.0,0.0,0.0,0.0,0.0,0.0,0.0,0.0,0.0,0.0,0.0,0.0,0.0,0.0,0.0,0.0,0.0,0.0,0.0,0.0,0.0,0.0,0.0,0.0,0.0,0.0,0.0,0.0,0.0,0.0,0.0,0.0,0.0,0.0,0.0,0.0,0.0,0.0,0.0,0.0,0.0,0.0,0.0,0.0,0.0,0.0,0.0,0.0,0.0,0.0,0.5754134602364875,0.22845190736060758,-0.06036809452425187,-0.11526260832361335,-0.02891653992914478,0.15616044076454566,0.35717761769783185,0.4670555173178238,0.40231071092666887,0.31717882002707476,0.290965679261095,0.45653036312390105,0.6640106446913697,0.7100039494787301,0.6669828508691057,0.6946837885921152,0.7492364943183663,0.7098860655608803,0.7470370991508528,0.586880042395507,0.715006266261885,0.9480069717630956,1.298964379125571,1.1643899730476766,1.136195320294445,1.1082572242660613,1.1260229757087796,1.1812930797312577,1.2606085802036615,1.3220250938760358,1.2764754901576598,1.2814276909065692,1.3420248817866147,1.4713984941452183,1.2586150048933067,1.2397742100847353,1.2391646827794638,1.2443911597684068,1.0604188318950487,0.9830956275826407,0.8854140962974693,1.0786919109716526,1.0538513360650008,1.0081007344146722,0.9788576558897698,1.0253522145857146,1.1433178977984966,1.053616029769993,0.9581003849575292,0.9425839689056631,1.0676103322317438,0.8290606379280818,0.8773161525805925,0.8449663537357338,0.7932881212566352,0.8562035861516581,0.8207112154686249,0.7208223128884768,0.6806870497480675,0.728370262000819,0.7478387159508626,0.8349753146135931,0.8460046369455093,0.8275933858576704,0.8348244828165564,0.8342344608680388,0.7659589465912047,0.8138623814356751,0.7324458016751139,0.682099652602651,0.5875550838461615,0.6160383058108939,0.6449206955115414,0.6196261226972692,0.6521280088748348,0.6566107659987396,0.6040983094895392,0.5616332377317055,0.5867991344774314,0.5605883026379591,0.5938931344630526,0.6033129559710162,0.5011068065599984,0.4636108538681305,0.4543502939175698,0.468498787020376,0.4644764046280597,0.509055809222842,0.5342896282651384,0.5244207544814885,0.50763013844356,0.5283170882049163,0.5350706960985225,0.5015946742225477,0.49687716797857434,0.48843804911227184,0.4705082429918437,0.48569619809962417,0.4785898028834947,0.4339997886943444,0.45669045529595925,0.4055603439798001,0.3701121215749704,0.4172329585898146,0.4046450455632515,0.38847963608809694,0.3662855522996151,0.33727178476045533,0.36480766348391785,0.36247550845515053,0.3237611532691903,0.30081179371789096,0.29791050839129546,0.27758790177959114,0.2939583134827806,0.28031005191481295,0.21809338269734557,0.19597025816323618,0.18649346727529947,0.1745551155724311,0.1966364974041726,0.17659381240151487,0.19846389599852787,0.2043532778090743,0.18501808735152306,0.22207614034317105,0.209577040740701,0.2276779942213365,0.21226476807765612,0.21090818098004227,0.2122271684431003,0.19268910641187043,0.18704514611552414,0.2058380719531011,0.16043352794486437,0.16965919586637118,0.1563664205607412,0.1172819126209167,0.14403853231001057,0.14608730230827058,0.15706400301763943,0.18261522628370963,0.19126018505348596,0.186228432815166,0.17515507225928825,0.17361033230856163,0.16702242204105128,0.15063876555762998,0.12303478837815687,0.09132744687241438,0.06868778812411233,0.030395416565373232,0.04004957552184613,0.038755540303072405,0.04936826823181153,0.03540677671642905,0.03284296146185368,0.020366267998233274,0.02150121560123917,0.018121726327499702] [1311.2619900786005,1321.8202200865917,1332.463464547639,1343.19240799478,1354.0077404728797,1364.9101575830227,1375.9003605272408,1386.9790561536227,1398.1469570017646,1409.4047813486081,1420.7532532546286,1432.193102610412,1443.7250651835902,1455.3498826661717,1467.068302722235,1478.881079036026,1490.78897136042,1502.7927455657994,1514.8931736892998,1527.0910339844697,1539.3871109713293,1551.7821954868166,1564.2770847356642,1576.872582341659,1589.569498399342,1602.368649526097,1615.270858914685,1628.2769563861766,1641.3877784433362,1654.6041683244075,1667.9269760573632,1681.3570585145608,1694.895279467867,1708.5425096441993,1722.2996267815402,1736.1675156853773,1750.1470682856248,1764.2391836939755,1778.4447682617345,1792.7647356381167,1807.2000068289992,1821.7515102561672,1836.4201818170154,1851.2069649447558,1866.112810669078,1881.1386776773347,1896.285532376183,1911.5543489537563,1926.9461094423048,1942.4618037813711,1958.1024298814455,1973.8689936881608,1989.7625092469793,2005.7839987684179,2021.9344926937952,2038.215029761504,2054.626657073813,2071.1704301642176,2087.8474130653335,2104.6586783773164,2121.605307336866,2138.6883898867477,2155.9090247459117,2173.268319480143,2190.767390573309,2208.407363499154,2226.1893727937027,2244.1145621282076,2262.184084382728,2280.399101720259,2298.7607856614945,2317.2703171601615,2335.9288866789793,2354.7376942662327,2373.6979496329395,2392.810872230673,2412.077691329971,2431.4996460994216,2451.0779856853383,2470.813969292122,2490.7088662632277,2510.763956162824,2530.9805288580706,2551.359884602096,2571.9033341176064,2592.612198681206,2613.487810208354,2634.5315113390543,2655.7446555241822,2677.1286071125573,2698.6847414386757,2720.4144449111714,2742.319115101994,2764.4001608362782,2786.6590022829737,2809.097071046162,2831.715810257159,2854.5166746673017,2877.5011307415425,2900.67065675274,2924.0267428767575,2947.570891288285,2971.304616257478,2995.22944424732,3019.346914011829,3043.658576695001,3068.1659959305807,3092.870747942638,3117.7744216469364,3142.87861875312,3168.1849538677375,3193.695054598094,3219.410561656912,3245.333128967883,3271.4644237720117,3297.806126734876,3324.3599320546946,3351.1275475713155,3378.1106948760344,3405.3111094223436,3432.7305406375262,3460.3707520352004,3488.23352132871,3516.320640545493,3544.6339161423107,3573.1751691214417,3601.9462351478164,3630.9489646670518,3660.1852230244945,3689.6568905851636,3719.3658628547196,3749.3140506013438,3779.5033799786634,3809.935792649603,3840.6132459112973,3871.5377128209448,3902.7111823227383,3934.135659375755,3965.8131650829396,3997.7457368210635,4029.9354283717907,4062.3843100537392,4095.0944688556665,4128.068008570669,4161.3070499315045,4194.813730746993,4228.590206039511,4262.638648183577,4296.961247045588,4331.560210124669,4366.437762694626,4401.596147947099,4437.037627135803,4472.764479721992,4508.779003521039,4545.083514850253,4581.680348677821,4618.571858773019,4655.7604178575675,4693.248417758249,4731.038269560753,4769.132403764733,4807.533270440121,4846.243339384716,4885.265100283049,4924.601062866471,4964.253757074609,5004.22573321805,5044.519562142395,5085.137835393579,5126.08316538458,5167.3581855634,5208.965550582488,5250.907936469426,5293.188040799074,5335.808582867062,5378.772303864684,5422.081967055189,5465.740357951513,5509.7502844954415,5554.1145772382,5598.836089522486,5643.917697666003,5689.362301146471,5735.17282278806,5781.352208949439,5827.903429713208,5874.829479076986,5922.133375145914,5969.818160326825,6017.886901523867,6066.342690335802,6115.188643254807,6164.427901866934,6214.06363305417,6264.099029198114,6314.537308385285,6365.381714614103,6416.635518003553,6468.302015003491,6520.384528606639,6572.88640856233,6625.811031591967,6679.16180160615,6732.942149923667,6787.155535492116,6841.805445110439,6896.895393653112,6952.428924296275,7008.409608745552,7064.841047465831,7121.726869912778,7179.070734766296,7236.876330165845,7295.147373947643,7353.887613883764,7413.100827923194,7472.790824434837,7532.961442452409,7593.616551921397,7654.7600539479145,7716.395881049652,7778.527997408752,7841.160399126823,7904.2971144818985,7967.94220418758,8032.099761654146,8096.773913251861,8161.968818576374,8227.688670716232,8293.937696522553,8360.720156880894,8428.04034698531,8495.90259661459,8564.311270410717,8633.270768159597,8702.785525074065,8772.860012079082,8843.498736099358,8914.706240349144,8986.487104624512,9058.845945597834,9131.787417114787,9205.31621049359,9279.437054826807,9354.154717285446,9429.47400342559,9505.399757497484,9581.936862757088,9659.090241780126,9736.864856778713,9815.265709920519,9894.297843650465,9973.966341015032,10054.276325989182,10135.232963805956,10216.841461288606,10299.107067185563,10382.035072507933,10465.630810869876,10549.89965883156,10634.84703624505,10720.478406602804,10806.799277389146,10893.815200434417,10981.531772272076,11069.954634498676,11159.08947413668,11248.94202400021,11339.518063063782,11430.823416834026,11522.863957724268,11615.64560543233,11709.174327321158,11803.456138802712,11898.49710372478,11994.303334761045,12090.880993804161,12188.23629236214,12286.375491957784,12385.304904531427,12485.030892846919,12585.55987090084,12686.898304334996,12789.052710852275,12892.029660635888,12995.8357767719,13100.477735675182,13205.962267518828,13312.296156667053,13419.486242111492,13527.539417911097,13636.462633635434,13746.262894811807,13856.947263375758,13968.522858125163,14080.996855178266,14194.376488435144,14308.66905004285,14423.881890864615] 0.31126199007860056 [Infinity,Infinity,Infinity,Infinity,Infinity,Infinity,Infinity,Infinity,Infinity,Infinity,Infinity,Infinity,Infinity,Infinity,Infinity,Infinity,Infinity,Infinity,Infinity,Infinity,Infinity,Infinity,Infinity,Infinity,Infinity,Infinity,Infinity,Infinity,Infinity,Infinity,Infinity,Infinity,Infinity,Infinity,Infinity,Infinity,Infinity,Infinity,Infinity,Infinity,Infinity,Infinity,Infinity,Infinity,Infinity,Infinity,Infinity,Infinity,Infinity,Infinity,Infinity,Infinity,Infinity,Infinity,Infinity,Infinity,Infinity,Infinity,Infinity,Infinity,Infinity,Infinity,Infinity,Infinity,Infinity,Infinity,Infinity,Infinity,Infinity,Infinity,Infinity,Infinity,Infinity,Infinity,Infinity,Infinity,Infinity,Infinity,Infinity,Infinity,Infinity,Infinity,Infinity,Infinity,Infinity,Infinity,Infinity,Infinity,Infinity,Infinity,Infinity,Infinity,Infinity,Infinity,Infinity,Infinity,Infinity,Infinity,Infinity,Infinity,Infinity,Infinity,Infinity,Infinity,Infinity,Infinity,Infinity,Infinity,Infinity,Infinity,Infinity,Infinity,Infinity,Infinity,Infinity,Infinity,Infinity,Infinity,Infinity,Infinity,Infinity,Infinity,Infinity,Infinity,Infinity,Infinity,Infinity,Infinity,Infinity,Infinity,Infinity,Infinity,Infinity,Infinity,Infinity,Infinity,Infinity,Infinity,Infinity,Infinity,0.0299024125126222,0.011073926203135109,0.0028172538027841985,0.00619819320219259,0.001437277962281078,0.007903010465047714,0.01756225380304443,0.022721481783702074,0.019986819592292527,0.014841350543040149,0.014800371575730126,0.022614380373910663,0.03166491536306671,0.035732050168687954,0.03544870941120565,0.03573199487391213,0.03851939304703637,0.039931486021180476,0.036031832114610356,0.031086133976670864,0.03419870304727225,0.04694701255617343,0.058955861534865005,0.06115359338897447,0.05741884551761219,0.055761580835921774,0.05824951703612433,0.06202106734279915,0.0647513397161931,0.06548646807160831,0.0642512320185544,0.06397439066565591,0.0674811967377502,0.07147693720333456,0.0705917853452475,0.06556455275584606,0.06140117354137901,0.058703039485156164,0.05366852384471393,0.046980894803864484,0.04553393494872623,0.05034971771460992,0.05276799955197883,0.049630351811250265,0.04861501887530047,0.05231220261833386,0.0525827269529658,0.04729360872303026,0.045408536891594894,0.048795500624667074,0.04878212829637703,0.04399085445248604,0.04179866607807461,0.042993917807928925,0.04321761351362938,0.041579484676487304,0.039114598089701025,0.03637270263619495,0.03419149328675381,0.03455693811112977,0.037706440131190025,0.0409260426921248,0.04262084742795737,0.04250204294320432,0.04132348073902544,0.03991112476182585,0.03831322643254634,0.03643346646085956,0.03422236102777694,0.032101069073580846,0.03083578998085702,0.03137825553400796,0.03210449582120582,0.03070687992461516,0.03036180818537444,0.031568714737866446,0.030606188505232466,0.029363096702663745,0.029549489898406202,0.02935017092173209,0.029008392322892908,0.028291571114289628,0.02525485150102817,0.022316757254368942,0.021840900399691325,0.02321518857652389,0.02527182262467203,0.026650015105907747,0.02662084756959457,0.02642325135843961,0.02634449303632704,0.026154875822458984,0.02601469978259786,0.025623741657805104,0.02521401462168658,0.024949564514719545,0.02428579254477313,0.024357724524899177,0.0230787366831366,0.020887462744986745,0.022395209575151794,0.02092626349565121,0.01947561213042442,0.02040614931124792,0.02037107828884518,0.018613715069295888,0.018753094735017288,0.018090737311732632,0.01766834275845609,0.017937349070716792,0.01608798773884869,0.014814813915961409,0.014099298592783189,0.013905528877181434,0.014718543152633698,0.013277185269936797,0.010835676807494988,0.009980683905678736,0.00863634432805128,0.009325171352301436,0.008953540458726716,0.009114083966622727,0.00911059301671612,0.009251152907060127,0.009251689439091229,0.010297563366910737,0.010729152513233132,0.010463114496601426,0.010360037247787298,0.010632570693664415,0.010146617252936852,0.00978624121977059,0.009454893888838637,0.0092721221506262,0.008237549781098797,0.008144132811309174,0.008395088156422,0.006226440354775827,0.006888155867404241,0.0074321986152338275,0.007474626760744075,0.009067206683940883,0.010009889286724399,0.009623640603594143,0.008696341102097278,0.008705914108039985,0.008227882986007438,0.007506736511425545,0.006213577229430793,0.004632981561537337,0.003333661796116191,0.0016297273444000637,0.002030730597386513,0.0019329861658445922,0.0025540948950284184,0.0017888499387869652,0.0018097870779820318,0.0010483997032610316,0.0010907752819268983,0.0008614662761070273] [0.0,0.0,0.0,0.0,0.0,0.0,0.0,0.0,0.0,0.0,0.0,0.0,0.0,0.0,0.0,0.0,0.0,0.0,0.0,0.0,0.0,0.0,0.0,0.0,0.0,0.0,0.0,0.0,0.0,0.0,0.0,0.0,0.0,0.0,0.0,0.0,0.0,0.0,0.0,0.0,0.0,0.0,0.0,0.0,0.0,0.0,0.0,0.0,0.0,0.0,0.0,0.0,0.0,0.0,0.0,0.0,0.0,0.0,0.0,0.0,0.0,0.0,0.0,0.0,0.0,0.0,0.0,0.0,0.0,0.0,0.0,0.0,0.0,0.0,0.0,0.0,0.0,0.0,0.0,0.0,0.0,0.0,0.0,0.0,0.0,0.0,0.0,0.0,0.0,0.0,0.0,0.0,0.0,0.0,0.0,0.0,0.0,0.0,0.0,0.0,0.0,0.0,0.0,0.0,0.0,0.0,0.0,0.0,0.0,0.0,0.0,0.0,0.0,0.0,0.0,0.0,0.0,0.0,0.0,0.0,0.0,0.0,0.0,0.0,0.0,0.0,0.0,0.0,0.0,0.0,0.0,0.0,0.0,0.0,0.0,0.0,0.0,0.0,0.0,0.0,-0.022634790015956474,0.006973383297905398,-0.004023018468567897,0.008701255720238452,-0.00017098068352321892,-0.0018997685364086317,0.005932541636943254,0.012625881643782338,0.002574319080818352,0.02035180916627175,-0.005041752253507477,0.004242755645687754,0.03071233743003554,-0.004637053895029047,-0.041991337355007236,-0.01995610888612739,-0.021151366622361112,-0.08874365486272928,0.026400456858645692,-0.034842637137910346,0.031032205316440024,0.009066720639627044,0.11984714842827077,-0.05868189473181286,-0.012181590057798952,-0.006974392452374093,-0.03896736501370691,-0.0591282671247254,-0.03441821412020032,0.012295732443869821,-0.008549150213427987,0.0019398775934508319,-0.007599052968389433,0.041859750078526846,-0.15322070201164334,-0.07151684503218594,0.011141211951883773,0.07033037006528346,-0.01295164499922986,0.04347773150535099,-0.025264602677055346,0.07169755667945424,-0.0015086549745757815,0.015493698189666935,0.00655727838376047,-0.020891837780962635,0.0916633587391806,0.10774385530938786,0.04992964712563131,-0.0333260435876784,0.09196776630420313,-0.05075645112163898,0.041342831019100294,-0.014912002422844768,-0.07106414901595243,0.024613892621912044,0.03841925367460441,-0.006631739835422204,-0.0031428159870086725,0.037231499778223605,-0.006290086672937903,0.01645446077109713,-0.0064123116136381355,-0.022447473006415943,0.008354868036047583,0.03601196563152181,-0.00030558205972212887,0.08519305221848406,0.047998581119575064,0.04007827113103418,-0.029160715770978885,-0.011526804869265175,0.002830779087425021,0.005488524204966088,0.04489184516734598,0.02523647124141069,-0.008025460615110107,-0.025628696321569413,-0.004190663490692583,-0.02641511579668261,0.013725288005194495,0.03748153368522367,-0.003990223460564953,0.017275708780751686,0.017532285923743285,0.004195015489898259,-0.040960047865380864,-0.02394449289531296,0.0018726768732469559,-0.004044272687303698,-0.019259722282980753,0.005219571755736588,0.014776700446565314,-0.010880158933554467,-0.0074031244551572865,-0.010553241182119052,-0.015207607903618886,-0.0014582923983593684,0.017015069220762673,0.016250533794609476,0.008786263792923398,-0.012964925933224151,-0.019400121033518007,0.009109972364856108,-0.002776520213652136,0.01620533470217915,-0.008776342400730618,-0.02454296147419733,0.011440808314796035,0.0037285270408146743,0.0020013984922165502,0.004515515398662769,0.0159245365356317,-0.0005226757640375035,-0.00041254956989335447,0.014766346516077,0.0013798465474458052,-0.00364341995033853,0.013766580714273903,-0.011948311473597614,0.017565688229638287,-0.005687866930939681,0.01625203566420548,0.01933021966787177,-1.570143030152768e-05,0.016124873004956315,-0.005006009523961658,0.01841570428930797,0.0050640231219101555,-0.0017432328932460287,0.009294823384363248,-0.003035717983541382,-0.0020527316612486274,0.0203956289405771,-0.004317467677111542,0.006776539640187716,-0.011535342567698798,-0.007246894474599854,0.006275414961925736,-0.0025566699964059644,0.0075714678027579245,0.0012710926048919587,-0.00893760068100203,-0.006244379256716851,0.0012282502173426818,-0.000507949852238082,0.0024647623209025494,0.000504035329119066,-0.0012367562104589696,-0.0013321843583323537,0.0020145522017885097,-0.0021991303226280394,-0.0005650364258841297,9.581698618055629e-05,-0.00171362966875684,-0.0003702220593102579,-0.0033527800977869566,-0.0006017260669873586,-0.00031429003729879556,0.0008924008053591559]
56332.344931180545 [0.0,0.0,0.0,0.0,0.0,0.0,0.0,0.0,0.0,0.0,0.0,0.0,0.0,0.0,0.0,0.0,0.0,0.0,0.0,0.0,0.0,0.0,0.0,0.0,0.0,0.0,0.0,0.0,0.0,0.0,0.0,0.0,0.0,0.0,0.0,0.0,0.0,0.0,0.0,0.0,0.0,0.0,0.0,0.0,0.0,0.0,0.0,0.0,0.0,0.0,0.0,0.0,0.0,0.0,0.0,0.0,0.0,0.0,0.0,0.0,0.0,0.0,0.0,0.0,0.0,0.0,0.0,0.0,0.0,0.0,0.0,0.0,0.0,0.0,0.0,0.0,0.0,0.0,0.0,0.0,0.0,0.0,0.0,0.0,0.0,0.0,0.0,0.0,0.0,0.0,0.0,0.0,0.0,0.0,0.0,0.0,0.0,0.0,0.0,0.0,0.0,0.0,0.0,0.0,0.0,0.0,0.0,0.0,0.0,0.0,0.0,0.0,0.0,0.0,0.0,0.0,0.0,0.0,0.0,0.0,0.0,0.0,0.0,0.0,0.0,0.0,0.0,0.0,0.0,0.0,0.0,0.0,0.0,0.0,0.0,0.0,0.0,0.0,0.0,0.0,0.0,0.0,0.0,0.0,0.0,0.0,0.0,0.0,0.0,0.0,0.0,0.0,0.0,0.0,0.0,0.0,0.0,0.0,0.0,0.0,0.0,0.0,0.0,0.0,0.0,0.0,0.0,0.0,0.0,0.0,0.0,0.0,0.0,0.0,0.0,0.0,0.0,0.0,0.0,0.0,0.0,0.0,0.0,0.0,0.0,0.0,0.0,0.0,0.0,0.0,0.0,0.0,0.0,0.0,0.0,0.0,0.0,0.0,0.0,0.0,0.0,0.0,0.0,0.0,0.0,0.0,0.0,0.0,0.0,0.0,0.0,0.0,0.0,0.0,0.0,0.0,0.0,0.0,0.0,0.0,0.0,0.0,0.0,0.0,0.0,0.0,0.0,0.0,0.0,0.0,0.0,0.0,0.0,0.0,0.0,0.0,0.0,0.0,0.0,0.0,0.0,0.0,0.0,0.0,0.0,0.0,0.0,0.0,0.0,0.0,0.0,0.0,0.0,0.0,0.0,0.0,0.0,0.0,0.0,0.0,0.0,0.0,0.0,0.0,0.0,0.0,0.0,0.0,0.0,0.0,0.0,0.0,0.0,0.0,0.0,0.0,0.0,0.0,0.0,0.0,0.0,0.0,0.0,0.0,0.0,0.0,0.0,0.0,0.0,0.0,0.0,0.0,0.0,0.0,0.0,0.0,0.0,0.0,0.0,0.0] [1311.2619900786005,1321.8202200865917,1332.463464547639,1343.19240799478,1354.0077404728797,1364.9101575830227,1375.9003605272408,1386.9790561536227,1398.1469570017646,1409.4047813486081,1420.7532532546286,1432.193102610412,1443.7250651835902,1455.3498826661717,1467.068302722235,1478.881079036026,1490.78897136042,1502.7927455657994,1514.8931736892998,1527.0910339844697,1539.3871109713293,1551.7821954868166,1564.2770847356642,1576.872582341659,1589.569498399342,1602.368649526097,1615.270858914685,1628.2769563861766,1641.3877784433362,1654.6041683244075,1667.9269760573632,1681.3570585145608,1694.895279467867,1708.5425096441993,1722.2996267815402,1736.1675156853773,1750.1470682856248,1764.2391836939755,1778.4447682617345,1792.7647356381167,1807.2000068289992,1821.7515102561672,1836.4201818170154,1851.2069649447558,1866.112810669078,1881.1386776773347,1896.285532376183,1911.5543489537563,1926.9461094423048,1942.4618037813711,1958.1024298814455,1973.8689936881608,1989.7625092469793,2005.7839987684179,2021.9344926937952,2038.215029761504,2054.626657073813,2071.1704301642176,2087.8474130653335,2104.6586783773164,2121.605307336866,2138.6883898867477,2155.9090247459117,2173.268319480143,2190.767390573309,2208.407363499154,2226.1893727937027,2244.1145621282076,2262.184084382728,2280.399101720259,2298.7607856614945,2317.2703171601615,2335.9288866789793,2354.7376942662327,2373.6979496329395,2392.810872230673,2412.077691329971,2431.4996460994216,2451.0779856853383,2470.813969292122,2490.7088662632277,2510.763956162824,2530.9805288580706,2551.359884602096,2571.9033341176064,2592.612198681206,2613.487810208354,2634.5315113390543,2655.7446555241822,2677.1286071125573,2698.6847414386757,2720.4144449111714,2742.319115101994,2764.4001608362782,2786.6590022829737,2809.097071046162,2831.715810257159,2854.5166746673017,2877.5011307415425,2900.67065675274,2924.0267428767575,2947.570891288285,2971.304616257478,2995.22944424732,3019.346914011829,3043.658576695001,3068.1659959305807,3092.870747942638,3117.7744216469364,3142.87861875312,3168.1849538677375,3193.695054598094,3219.410561656912,3245.333128967883,3271.4644237720117,3297.806126734876,3324.3599320546946,3351.1275475713155,3378.1106948760344,3405.3111094223436,3432.7305406375262,3460.3707520352004,3488.23352132871,3516.320640545493,3544.6339161423107,3573.1751691214417,3601.9462351478164,3630.9489646670518,3660.1852230244945,3689.6568905851636,3719.3658628547196,3749.3140506013438,3779.5033799786634,3809.935792649603,3840.6132459112973,3871.5377128209448,3902.7111823227383,3934.135659375755,3965.8131650829396,3997.7457368210635,4029.9354283717907,4062.3843100537392,4095.0944688556665,4128.068008570669,4161.3070499315045,4194.813730746993,4228.590206039511,4262.638648183577,4296.961247045588,4331.560210124669,4366.437762694626,4401.596147947099,4437.037627135803,4472.764479721992,4508.779003521039,4545.083514850253,4581.680348677821,4618.571858773019,4655.7604178575675,4693.248417758249,4731.038269560753,4769.132403764733,4807.533270440121,4846.243339384716,4885.265100283049,4924.601062866471,4964.253757074609,5004.22573321805,5044.519562142395,5085.137835393579,5126.08316538458,5167.3581855634,5208.965550582488,5250.907936469426,5293.188040799074,5335.808582867062,5378.772303864684,5422.081967055189,5465.740357951513,5509.7502844954415,5554.1145772382,5598.836089522486,5643.917697666003,5689.362301146471,5735.17282278806,5781.352208949439,5827.903429713208,5874.829479076986,5922.133375145914,5969.818160326825,6017.886901523867,6066.342690335802,6115.188643254807,6164.427901866934,6214.06363305417,6264.099029198114,6314.537308385285,6365.381714614103,6416.635518003553,6468.302015003491,6520.384528606639,6572.88640856233,6625.811031591967,6679.16180160615,6732.942149923667,6787.155535492116,6841.805445110439,6896.895393653112,6952.428924296275,7008.409608745552,7064.841047465831,7121.726869912778,7179.070734766296,7236.876330165845,7295.147373947643,7353.887613883764,7413.100827923194,7472.790824434837,7532.961442452409,7593.616551921397,7654.7600539479145,7716.395881049652,7778.527997408752,7841.160399126823,7904.2971144818985,7967.94220418758,8032.099761654146,8096.773913251861,8161.968818576374,8227.688670716232,8293.937696522553,8360.720156880894,8428.04034698531,8495.90259661459,8564.311270410717,8633.270768159597,8702.785525074065,8772.860012079082,8843.498736099358,8914.706240349144,8986.487104624512,9058.845945597834,9131.787417114787,9205.31621049359,9279.437054826807,9354.154717285446,9429.47400342559,9505.399757497484,9581.936862757088,9659.090241780126,9736.864856778713,9815.265709920519,9894.297843650465,9973.966341015032,10054.276325989182,10135.232963805956,10216.841461288606,10299.107067185563,10382.035072507933,10465.630810869876,10549.89965883156,10634.84703624505,10720.478406602804,10806.799277389146,10893.815200434417,10981.531772272076,11069.954634498676,11159.08947413668,11248.94202400021,11339.518063063782,11430.823416834026,11522.863957724268,11615.64560543233,11709.174327321158,11803.456138802712,11898.49710372478,11994.303334761045,12090.880993804161,12188.23629236214,12286.375491957784,12385.304904531427,12485.030892846919,12585.55987090084,12686.898304334996,12789.052710852275,12892.029660635888,12995.8357767719,13100.477735675182,13205.962267518828,13312.296156667053,13419.486242111492,13527.539417911097,13636.462633635434,13746.262894811807,13856.947263375758,13968.522858125163,14080.996855178266,14194.376488435144,14308.66905004285,14423.881890864615] 0.31126199007860056 [Infinity,Infinity,Infinity,Infinity,Infinity,Infinity,Infinity,Infinity,Infinity,Infinity,Infinity,Infinity,Infinity,Infinity,Infinity,Infinity,Infinity,Infinity,Infinity,Infinity,Infinity,Infinity,Infinity,Infinity,Infinity,Infinity,Infinity,Infinity,Infinity,Infinity,Infinity,Infinity,Infinity,Infinity,Infinity,Infinity,Infinity,Infinity,Infinity,Infinity,Infinity,Infinity,Infinity,Infinity,Infinity,Infinity,Infinity,Infinity,Infinity,Infinity,Infinity,Infinity,Infinity,Infinity,Infinity,Infinity,Infinity,Infinity,Infinity,Infinity,Infinity,Infinity,Infinity,Infinity,Infinity,Infinity,Infinity,Infinity,Infinity,Infinity,Infinity,Infinity,Infinity,Infinity,Infinity,Infinity,Infinity,Infinity,Infinity,Infinity,Infinity,Infinity,Infinity,Infinity,Infinity,Infinity,Infinity,Infinity,Infinity,Infinity,Infinity,Infinity,Infinity,Infinity,Infinity,Infinity,Infinity,Infinity,Infinity,Infinity,Infinity,Infinity,Infinity,Infinity,Infinity,Infinity,Infinity,Infinity,Infinity,Infinity,Infinity,Infinity,Infinity,Infinity,Infinity,Infinity,Infinity,Infinity,Infinity,Infinity,Infinity,Infinity,Infinity,Infinity,Infinity,Infinity,Infinity,Infinity,Infinity,Infinity,Infinity,Infinity,Infinity,Infinity,Infinity,Infinity,Infinity,Infinity,Infinity,Infinity,Infinity,Infinity,Infinity,Infinity,Infinity,Infinity,Infinity,Infinity,Infinity,Infinity,Infinity,Infinity,Infinity,Infinity,Infinity,Infinity,Infinity,Infinity,Infinity,Infinity,Infinity,Infinity,Infinity,Infinity,Infinity,Infinity,Infinity,Infinity,Infinity,Infinity,Infinity,Infinity,Infinity,Infinity,Infinity,Infinity,Infinity,Infinity,Infinity,Infinity,Infinity,Infinity,Infinity,Infinity,Infinity,Infinity,Infinity,Infinity,Infinity,Infinity,Infinity,Infinity,Infinity,Infinity,Infinity,Infinity,Infinity,Infinity,Infinity,Infinity,Infinity,Infinity,Infinity,Infinity,Infinity,Infinity,Infinity,Infinity,Infinity,Infinity,Infinity,Infinity,Infinity,Infinity,Infinity,Infinity,Infinity,Infinity,Infinity,Infinity,Infinity,Infinity,Infinity,Infinity,Infinity,Infinity,Infinity,Infinity,Infinity,Infinity,Infinity,Infinity,Infinity,Infinity,Infinity,Infinity,Infinity,Infinity,Infinity,Infinity,Infinity,Infinity,Infinity,Infinity,Infinity,Infinity,Infinity,Infinity,Infinity,Infinity,Infinity,Infinity,Infinity,Infinity,Infinity,Infinity,Infinity,Infinity,Infinity,Infinity,Infinity,Infinity,Infinity,Infinity,Infinity,Infinity,Infinity,Infinity,Infinity,Infinity,Infinity,Infinity,Infinity,Infinity,Infinity,Infinity,Infinity,Infinity,Infinity,Infinity,Infinity,Infinity,Infinity,Infinity,Infinity,Infinity,Infinity,Infinity,Infinity,Infinity,Infinity,Infinity,Infinity,Infinity,Infinity,Infinity,Infinity,Infinity,Infinity,Infinity] [0.0,0.0,0.0,0.0,0.0,0.0,0.0,0.0,0.0,0.0,0.0,0.0,0.0,0.0,0.0,0.0,0.0,0.0,0.0,0.0,0.0,0.0,0.0,0.0,0.0,0.0,0.0,0.0,0.0,0.0,0.0,0.0,0.0,0.0,0.0,0.0,0.0,0.0,0.0,0.0,0.0,0.0,0.0,0.0,0.0,0.0,0.0,0.0,0.0,0.0,0.0,0.0,0.0,0.0,0.0,0.0,0.0,0.0,0.0,0.0,0.0,0.0,0.0,0.0,0.0,0.0,0.0,0.0,0.0,0.0,0.0,0.0,0.0,0.0,0.0,0.0,0.0,0.0,0.0,0.0,0.0,0.0,0.0,0.0,0.0,0.0,0.0,0.0,0.0,0.0,0.0,0.0,0.0,0.0,0.0,0.0,0.0,0.0,0.0,0.0,0.0,0.0,0.0,0.0,0.0,0.0,0.0,0.0,0.0,0.0,0.0,0.0,0.0,0.0,0.0,0.0,0.0,0.0,0.0,0.0,0.0,0.0,0.0,0.0,0.0,0.0,0.0,0.0,0.0,0.0,0.0,0.0,0.0,0.0,0.0,0.0,0.0,0.0,0.0,0.0,0.0,0.0,0.0,0.0,0.0,0.0,0.0,0.0,0.0,0.0,0.0,0.0,0.0,0.0,0.0,0.0,0.0,0.0,0.0,0.0,0.0,0.0,0.0,0.0,0.0,0.0,0.0,0.0,0.0,0.0,0.0,0.0,0.0,0.0,0.0,0.0,0.0,0.0,0.0,0.0,0.0,0.0,0.0,0.0,0.0,0.0,0.0,0.0,0.0,0.0,0.0,0.0,0.0,0.0,0.0,0.0,0.0,0.0,0.0,0.0,0.0,0.0,0.0,0.0,0.0,0.0,0.0,0.0,0.0,0.0,0.0,0.0,0.0,0.0,0.0,0.0,0.0,0.0,0.0,0.0,0.0,0.0,0.0,0.0,0.0,0.0,0.0,0.0,0.0,0.0,0.0,0.0,0.0,0.0,0.0,0.0,0.0,0.0,0.0,0.0,0.0,0.0,0.0,0.0,0.0,0.0,0.0,0.0,0.0,0.0,0.0,0.0,0.0,0.0,0.0,0.0,0.0,0.0,0.0,0.0,0.0,0.0,0.0,0.0,0.0,0.0,0.0,0.0,0.0,0.0,0.0,0.0,0.0,0.0,0.0,0.0,0.0,0.0,0.0,0.0,0.0,0.0,0.0,0.0,0.0,0.0,0.0,0.0,0.0,0.0,0.0,0.0,0.0,0.0,0.0,0.0,0.0,0.0,0.0,0.0]
56372.82681730252 [0.0,0.0,0.0,0.0,0.0,0.0,0.0,0.0,0.0,0.0,0.0,0.0,0.0,0.0,0.0,0.0,0.0,0.0,0.0,0.0,0.0,0.0,0.0,0.0,0.0,0.0,0.0,0.0,0.0,0.0,0.0,0.0,0.0,0.0,0.0,0.0,0.0,0.0,0.0,0.0,0.0,0.0,0.0,0.0,0.0,0.0,0.0,0.0,0.0,0.0,0.0,0.0,0.0,0.0,0.0,0.0,0.0,0.0,0.0,0.0,0.0,0.0,0.0,0.0,0.0,0.0,0.0,0.0,0.0,0.0,0.0,0.0,0.0,0.0,0.0,0.0,0.0,0.0,0.0,0.0,0.0,0.0,0.0,0.0,0.0,0.0,0.0,0.0,0.0,0.0,0.0,0.0,0.0,0.0,0.0,0.0,0.0,0.0,0.0,0.0,0.0,0.0,0.0,0.0,0.0,0.0,0.0,0.0,0.0,0.0,0.0,0.0,0.0,0.0,0.0,0.0,0.0,0.0,0.0,0.0,0.0,0.0,0.0,0.0,0.0,0.0,0.0,0.0,0.0,0.0,0.0,0.0,0.0,0.0,0.0,0.0,0.0,0.0,0.0,0.0,0.0,0.0,0.0,0.0,0.0,0.0,0.0,0.0,0.0,0.0,0.0,0.0,0.0,0.0,0.0,0.0,0.0,0.0,0.0,0.0,0.0,0.0,0.0,0.0,0.0,0.0,0.0,0.0,0.0,0.0,0.0,0.0,0.0,0.0,0.0,0.0,0.0,0.0,0.0,0.0,0.0,0.0,0.0,0.0,0.0,0.0,0.0,0.0,0.0,0.0,0.0,0.0,0.0,0.0,0.0,0.0,0.0,0.0,0.0,0.0,0.0,0.0,0.0,0.0,0.0,0.0,0.0,0.0,0.0,0.0,0.0,0.0,0.0,0.0,0.0,0.0,0.0,0.0,0.0,0.0,0.0,0.0,0.0,0.0,0.0,0.0,0.0,0.0,0.0,0.0,0.0,0.0,0.0,0.0,0.0,0.0,0.0,0.0,0.0,0.0,0.0,0.0,0.0,0.0,0.0,0.0,0.0,0.0,0.0,0.0,0.0,0.0,0.0,0.0,0.0,0.0,0.0,0.0,0.0,0.0,0.0,0.0,0.0,0.0,0.0,0.0,0.0,0.0,0.0,0.0,0.0,0.0,0.0,0.0,0.0,0.0,0.0,0.0,0.0,0.0,0.0,0.0,0.0,0.0,0.0,0.0,0.0,0.0,0.0,0.0,0.0,0.0,0.0,0.0,0.0,0.0,0.0,0.0,0.0,0.0] [1311.2619900786005,1321.8202200865917,1332.463464547639,1343.19240799478,1354.0077404728797,1364.9101575830227,1375.9003605272408,1386.9790561536227,1398.1469570017646,1409.4047813486081,1420.7532532546286,1432.193102610412,1443.7250651835902,1455.3498826661717,1467.068302722235,1478.881079036026,1490.78897136042,1502.7927455657994,1514.8931736892998,1527.0910339844697,1539.3871109713293,1551.7821954868166,1564.2770847356642,1576.872582341659,1589.569498399342,1602.368649526097,1615.270858914685,1628.2769563861766,1641.3877784433362,1654.6041683244075,1667.9269760573632,1681.3570585145608,1694.895279467867,1708.5425096441993,1722.2996267815402,1736.1675156853773,1750.1470682856248,1764.2391836939755,1778.4447682617345,1792.7647356381167,1807.2000068289992,1821.7515102561672,1836.4201818170154,1851.2069649447558,1866.112810669078,1881.1386776773347,1896.285532376183,1911.5543489537563,1926.9461094423048,1942.4618037813711,1958.1024298814455,1973.8689936881608,1989.7625092469793,2005.7839987684179,2021.9344926937952,2038.215029761504,2054.626657073813,2071.1704301642176,2087.8474130653335,2104.6586783773164,2121.605307336866,2138.6883898867477,2155.9090247459117,2173.268319480143,2190.767390573309,2208.407363499154,2226.1893727937027,2244.1145621282076,2262.184084382728,2280.399101720259,2298.7607856614945,2317.2703171601615,2335.9288866789793,2354.7376942662327,2373.6979496329395,2392.810872230673,2412.077691329971,2431.4996460994216,2451.0779856853383,2470.813969292122,2490.7088662632277,2510.763956162824,2530.9805288580706,2551.359884602096,2571.9033341176064,2592.612198681206,2613.487810208354,2634.5315113390543,2655.7446555241822,2677.1286071125573,2698.6847414386757,2720.4144449111714,2742.319115101994,2764.4001608362782,2786.6590022829737,2809.097071046162,2831.715810257159,2854.5166746673017,2877.5011307415425,2900.67065675274,2924.0267428767575,2947.570891288285,2971.304616257478,2995.22944424732,3019.346914011829,3043.658576695001,3068.1659959305807,3092.870747942638,3117.7744216469364,3142.87861875312,3168.1849538677375,3193.695054598094,3219.410561656912,3245.333128967883,3271.4644237720117,3297.806126734876,3324.3599320546946,3351.1275475713155,3378.1106948760344,3405.3111094223436,3432.7305406375262,3460.3707520352004,3488.23352132871,3516.320640545493,3544.6339161423107,3573.1751691214417,3601.9462351478164,3630.9489646670518,3660.1852230244945,3689.6568905851636,3719.3658628547196,3749.3140506013438,3779.5033799786634,3809.935792649603,3840.6132459112973,3871.5377128209448,3902.7111823227383,3934.135659375755,3965.8131650829396,3997.7457368210635,4029.9354283717907,4062.3843100537392,4095.0944688556665,4128.068008570669,4161.3070499315045,4194.813730746993,4228.590206039511,4262.638648183577,4296.961247045588,4331.560210124669,4366.437762694626,4401.596147947099,4437.037627135803,4472.764479721992,4508.779003521039,4545.083514850253,4581.680348677821,4618.571858773019,4655.7604178575675,4693.248417758249,4731.038269560753,4769.132403764733,4807.533270440121,4846.243339384716,4885.265100283049,4924.601062866471,4964.253757074609,5004.22573321805,5044.519562142395,5085.137835393579,5126.08316538458,5167.3581855634,5208.965550582488,5250.907936469426,5293.188040799074,5335.808582867062,5378.772303864684,5422.081967055189,5465.740357951513,5509.7502844954415,5554.1145772382,5598.836089522486,5643.917697666003,5689.362301146471,5735.17282278806,5781.352208949439,5827.903429713208,5874.829479076986,5922.133375145914,5969.818160326825,6017.886901523867,6066.342690335802,6115.188643254807,6164.427901866934,6214.06363305417,6264.099029198114,6314.537308385285,6365.381714614103,6416.635518003553,6468.302015003491,6520.384528606639,6572.88640856233,6625.811031591967,6679.16180160615,6732.942149923667,6787.155535492116,6841.805445110439,6896.895393653112,6952.428924296275,7008.409608745552,7064.841047465831,7121.726869912778,7179.070734766296,7236.876330165845,7295.147373947643,7353.887613883764,7413.100827923194,7472.790824434837,7532.961442452409,7593.616551921397,7654.7600539479145,7716.395881049652,7778.527997408752,7841.160399126823,7904.2971144818985,7967.94220418758,8032.099761654146,8096.773913251861,8161.968818576374,8227.688670716232,8293.937696522553,8360.720156880894,8428.04034698531,8495.90259661459,8564.311270410717,8633.270768159597,8702.785525074065,8772.860012079082,8843.498736099358,8914.706240349144,8986.487104624512,9058.845945597834,9131.787417114787,9205.31621049359,9279.437054826807,9354.154717285446,9429.47400342559,9505.399757497484,9581.936862757088,9659.090241780126,9736.864856778713,9815.265709920519,9894.297843650465,9973.966341015032,10054.276325989182,10135.232963805956,10216.841461288606,10299.107067185563,10382.035072507933,10465.630810869876,10549.89965883156,10634.84703624505,10720.478406602804,10806.799277389146,10893.815200434417,10981.531772272076,11069.954634498676,11159.08947413668,11248.94202400021,11339.518063063782,11430.823416834026,11522.863957724268,11615.64560543233,11709.174327321158,11803.456138802712,11898.49710372478,11994.303334761045,12090.880993804161,12188.23629236214,12286.375491957784,12385.304904531427,12485.030892846919,12585.55987090084,12686.898304334996,12789.052710852275,12892.029660635888,12995.8357767719,13100.477735675182,13205.962267518828,13312.296156667053,13419.486242111492,13527.539417911097,13636.462633635434,13746.262894811807,13856.947263375758,13968.522858125163,14080.996855178266,14194.376488435144,14308.66905004285,14423.881890864615] 0.31126199007860056 [Infinity,Infinity,Infinity,Infinity,Infinity,Infinity,Infinity,Infinity,Infinity,Infinity,Infinity,Infinity,Infinity,Infinity,Infinity,Infinity,Infinity,Infinity,Infinity,Infinity,Infinity,Infinity,Infinity,Infinity,Infinity,Infinity,Infinity,Infinity,Infinity,Infinity,Infinity,Infinity,Infinity,Infinity,Infinity,Infinity,Infinity,Infinity,Infinity,Infinity,Infinity,Infinity,Infinity,Infinity,Infinity,Infinity,Infinity,Infinity,Infinity,Infinity,Infinity,Infinity,Infinity,Infinity,Infinity,Infinity,Infinity,Infinity,Infinity,Infinity,Infinity,Infinity,Infinity,Infinity,Infinity,Infinity,Infinity,Infinity,Infinity,Infinity,Infinity,Infinity,Infinity,Infinity,Infinity,Infinity,Infinity,Infinity,Infinity,Infinity,Infinity,Infinity,Infinity,Infinity,Infinity,Infinity,Infinity,Infinity,Infinity,Infinity,Infinity,Infinity,Infinity,Infinity,Infinity,Infinity,Infinity,Infinity,Infinity,Infinity,Infinity,Infinity,Infinity,Infinity,Infinity,Infinity,Infinity,Infinity,Infinity,Infinity,Infinity,Infinity,Infinity,Infinity,Infinity,Infinity,Infinity,Infinity,Infinity,Infinity,Infinity,Infinity,Infinity,Infinity,Infinity,Infinity,Infinity,Infinity,Infinity,Infinity,Infinity,Infinity,Infinity,Infinity,Infinity,Infinity,Infinity,Infinity,Infinity,Infinity,Infinity,Infinity,Infinity,Infinity,Infinity,Infinity,Infinity,Infinity,Infinity,Infinity,Infinity,Infinity,Infinity,Infinity,Infinity,Infinity,Infinity,Infinity,Infinity,Infinity,Infinity,Infinity,Infinity,Infinity,Infinity,Infinity,Infinity,Infinity,Infinity,Infinity,Infinity,Infinity,Infinity,Infinity,Infinity,Infinity,Infinity,Infinity,Infinity,Infinity,Infinity,Infinity,Infinity,Infinity,Infinity,Infinity,Infinity,Infinity,Infinity,Infinity,Infinity,Infinity,Infinity,Infinity,Infinity,Infinity,Infinity,Infinity,Infinity,Infinity,Infinity,Infinity,Infinity,Infinity,Infinity,Infinity,Infinity,Infinity,Infinity,Infinity,Infinity,Infinity,Infinity,Infinity,Infinity,Infinity,Infinity,Infinity,Infinity,Infinity,Infinity,Infinity,Infinity,Infinity,Infinity,Infinity,Infinity,Infinity,Infinity,Infinity,Infinity,Infinity,Infinity,Infinity,Infinity,Infinity,Infinity,Infinity,Infinity,Infinity,Infinity,Infinity,Infinity,Infinity,Infinity,Infinity,Infinity,Infinity,Infinity,Infinity,Infinity,Infinity,Infinity,Infinity,Infinity,Infinity,Infinity,Infinity,Infinity,Infinity,Infinity,Infinity,Infinity,Infinity,Infinity,Infinity,Infinity,Infinity,Infinity,Infinity,Infinity,Infinity,Infinity,Infinity,Infinity,Infinity,Infinity,Infinity,Infinity,Infinity,Infinity,Infinity,Infinity,Infinity,Infinity,Infinity,Infinity,Infinity,Infinity,Infinity,Infinity,Infinity,Infinity,Infinity,Infinity,Infinity,Infinity,Infinity,Infinity,Infinity] [0.0,0.0,0.0,0.0,0.0,0.0,0.0,0.0,0.0,0.0,0.0,0.0,0.0,0.0,0.0,0.0,0.0,0.0,0.0,0.0,0.0,0.0,0.0,0.0,0.0,0.0,0.0,0.0,0.0,0.0,0.0,0.0,0.0,0.0,0.0,0.0,0.0,0.0,0.0,0.0,0.0,0.0,0.0,0.0,0.0,0.0,0.0,0.0,0.0,0.0,0.0,0.0,0.0,0.0,0.0,0.0,0.0,0.0,0.0,0.0,0.0,0.0,0.0,0.0,0.0,0.0,0.0,0.0,0.0,0.0,0.0,0.0,0.0,0.0,0.0,0.0,0.0,0.0,0.0,0.0,0.0,0.0,0.0,0.0,0.0,0.0,0.0,0.0,0.0,0.0,0.0,0.0,0.0,0.0,0.0,0.0,0.0,0.0,0.0,0.0,0.0,0.0,0.0,0.0,0.0,0.0,0.0,0.0,0.0,0.0,0.0,0.0,0.0,0.0,0.0,0.0,0.0,0.0,0.0,0.0,0.0,0.0,0.0,0.0,0.0,0.0,0.0,0.0,0.0,0.0,0.0,0.0,0.0,0.0,0.0,0.0,0.0,0.0,0.0,0.0,0.0,0.0,0.0,0.0,0.0,0.0,0.0,0.0,0.0,0.0,0.0,0.0,0.0,0.0,0.0,0.0,0.0,0.0,0.0,0.0,0.0,0.0,0.0,0.0,0.0,0.0,0.0,0.0,0.0,0.0,0.0,0.0,0.0,0.0,0.0,0.0,0.0,0.0,0.0,0.0,0.0,0.0,0.0,0.0,0.0,0.0,0.0,0.0,0.0,0.0,0.0,0.0,0.0,0.0,0.0,0.0,0.0,0.0,0.0,0.0,0.0,0.0,0.0,0.0,0.0,0.0,0.0,0.0,0.0,0.0,0.0,0.0,0.0,0.0,0.0,0.0,0.0,0.0,0.0,0.0,0.0,0.0,0.0,0.0,0.0,0.0,0.0,0.0,0.0,0.0,0.0,0.0,0.0,0.0,0.0,0.0,0.0,0.0,0.0,0.0,0.0,0.0,0.0,0.0,0.0,0.0,0.0,0.0,0.0,0.0,0.0,0.0,0.0,0.0,0.0,0.0,0.0,0.0,0.0,0.0,0.0,0.0,0.0,0.0,0.0,0.0,0.0,0.0,0.0,0.0,0.0,0.0,0.0,0.0,0.0,0.0,0.0,0.0,0.0,0.0,0.0,0.0,0.0,0.0,0.0,0.0,0.0,0.0,0.0,0.0,0.0,0.0,0.0,0.0,0.0,0.0,0.0,0.0,0.0,0.0]
56134.702612506895 [0.0,0.0,0.0,0.0,0.0,0.0,0.0,0.0,0.0,0.0,0.0,0.0,0.0,0.0,0.0,0.0,0.0,0.0,0.0,0.0,0.0,0.0,0.0,0.0,0.0,0.0,0.0,0.0,0.0,0.0,0.0,0.0,0.0,0.0,0.0,0.0,0.0,0.0,0.0,0.0,0.0,0.0,0.0,0.0,0.0,0.0,0.0,0.0,0.0,0.0,0.0,0.0,0.0,0.0,0.0,0.0,0.0,0.0,0.0,0.0,0.0,0.0,0.0,0.0,0.0,0.0,0.0,0.0,0.0,0.0,0.0,0.0,0.0,0.0,0.0,0.0,0.0,0.0,0.0,0.0,0.0,0.0,0.0,0.0,0.0,0.0,0.0,0.0,0.0,0.0,0.0,0.0,0.0,0.0,0.0,0.0,0.0,0.0,0.0,0.0,0.0,0.0,0.0,0.0,0.0,0.0,0.0,0.0,0.0,0.0,0.0,0.0,0.0,0.0,0.0,0.0,0.0,0.0,0.0,0.0,0.0,0.0,0.0,0.0,0.0,0.0,0.0,0.0,0.0,0.0,0.0,0.0,0.0,0.0,0.0,0.0,0.0,0.0,0.0,0.0,0.0,0.0,0.0,0.0,0.0,0.0,0.0,0.0,0.0,0.0,0.0,0.0,0.0,0.0,0.0,0.0,0.0,0.0,0.0,0.0,0.0,0.0,0.0,0.0,0.0,0.0,0.0,0.0,0.0,0.0,0.0,0.0,0.0,0.0,0.0,0.0,0.0,0.0,0.0,0.0,0.0,0.0,0.0,0.0,0.0,0.0,0.0,0.0,0.0,0.0,0.0,0.0,0.0,0.0,0.0,0.0,0.0,0.0,0.0,0.0,0.0,0.0,0.0,0.0,0.0,0.0,0.0,0.0,0.0,0.0,0.0,0.0,0.0,0.0,0.0,0.0,0.0,0.0,0.0,0.0,0.0,0.0,0.0,0.0,0.0,0.0,0.0,0.0,0.0,0.0,0.0,0.0,0.0,0.0,0.0,0.0,0.0,0.0,0.0,0.0,0.0,0.0,0.0,0.0,0.0,0.0,0.0,0.0,0.0,0.0,0.0,0.0,0.0,0.0,0.0,0.0,0.0,0.0,0.0,0.0,0.0,0.0,0.0,0.0,0.0,0.0,0.0,0.0,0.0,0.0,0.0,0.0,0.0,0.0,0.0,0.0,0.0,0.0,0.0,0.0,0.0,0.0,0.0,0.0,0.0,0.0,0.0,0.0,0.0,0.0,0.0,0.0,0.0,0.0,0.0,0.0,0.0,0.0,0.0,0.0] [1311.2619900786005,1321.8202200865917,1332.463464547639,1343.19240799478,1354.0077404728797,1364.9101575830227,1375.9003605272408,1386.9790561536227,1398.1469570017646,1409.4047813486081,1420.7532532546286,1432.193102610412,1443.7250651835902,1455.3498826661717,1467.068302722235,1478.881079036026,1490.78897136042,1502.7927455657994,1514.8931736892998,1527.0910339844697,1539.3871109713293,1551.7821954868166,1564.2770847356642,1576.872582341659,1589.569498399342,1602.368649526097,1615.270858914685,1628.2769563861766,1641.3877784433362,1654.6041683244075,1667.9269760573632,1681.3570585145608,1694.895279467867,1708.5425096441993,1722.2996267815402,1736.1675156853773,1750.1470682856248,1764.2391836939755,1778.4447682617345,1792.7647356381167,1807.2000068289992,1821.7515102561672,1836.4201818170154,1851.2069649447558,1866.112810669078,1881.1386776773347,1896.285532376183,1911.5543489537563,1926.9461094423048,1942.4618037813711,1958.1024298814455,1973.8689936881608,1989.7625092469793,2005.7839987684179,2021.9344926937952,2038.215029761504,2054.626657073813,2071.1704301642176,2087.8474130653335,2104.6586783773164,2121.605307336866,2138.6883898867477,2155.9090247459117,2173.268319480143,2190.767390573309,2208.407363499154,2226.1893727937027,2244.1145621282076,2262.184084382728,2280.399101720259,2298.7607856614945,2317.2703171601615,2335.9288866789793,2354.7376942662327,2373.6979496329395,2392.810872230673,2412.077691329971,2431.4996460994216,2451.0779856853383,2470.813969292122,2490.7088662632277,2510.763956162824,2530.9805288580706,2551.359884602096,2571.9033341176064,2592.612198681206,2613.487810208354,2634.5315113390543,2655.7446555241822,2677.1286071125573,2698.6847414386757,2720.4144449111714,2742.319115101994,2764.4001608362782,2786.6590022829737,2809.097071046162,2831.715810257159,2854.5166746673017,2877.5011307415425,2900.67065675274,2924.0267428767575,2947.570891288285,2971.304616257478,2995.22944424732,3019.346914011829,3043.658576695001,3068.1659959305807,3092.870747942638,3117.7744216469364,3142.87861875312,3168.1849538677375,3193.695054598094,3219.410561656912,3245.333128967883,3271.4644237720117,3297.806126734876,3324.3599320546946,3351.1275475713155,3378.1106948760344,3405.3111094223436,3432.7305406375262,3460.3707520352004,3488.23352132871,3516.320640545493,3544.6339161423107,3573.1751691214417,3601.9462351478164,3630.9489646670518,3660.1852230244945,3689.6568905851636,3719.3658628547196,3749.3140506013438,3779.5033799786634,3809.935792649603,3840.6132459112973,3871.5377128209448,3902.7111823227383,3934.135659375755,3965.8131650829396,3997.7457368210635,4029.9354283717907,4062.3843100537392,4095.0944688556665,4128.068008570669,4161.3070499315045,4194.813730746993,4228.590206039511,4262.638648183577,4296.961247045588,4331.560210124669,4366.437762694626,4401.596147947099,4437.037627135803,4472.764479721992,4508.779003521039,4545.083514850253,4581.680348677821,4618.571858773019,4655.7604178575675,4693.248417758249,4731.038269560753,4769.132403764733,4807.533270440121,4846.243339384716,4885.265100283049,4924.601062866471,4964.253757074609,5004.22573321805,5044.519562142395,5085.137835393579,5126.08316538458,5167.3581855634,5208.965550582488,5250.907936469426,5293.188040799074,5335.808582867062,5378.772303864684,5422.081967055189,5465.740357951513,5509.7502844954415,5554.1145772382,5598.836089522486,5643.917697666003,5689.362301146471,5735.17282278806,5781.352208949439,5827.903429713208,5874.829479076986,5922.133375145914,5969.818160326825,6017.886901523867,6066.342690335802,6115.188643254807,6164.427901866934,6214.06363305417,6264.099029198114,6314.537308385285,6365.381714614103,6416.635518003553,6468.302015003491,6520.384528606639,6572.88640856233,6625.811031591967,6679.16180160615,6732.942149923667,6787.155535492116,6841.805445110439,6896.895393653112,6952.428924296275,7008.409608745552,7064.841047465831,7121.726869912778,7179.070734766296,7236.876330165845,7295.147373947643,7353.887613883764,7413.100827923194,7472.790824434837,7532.961442452409,7593.616551921397,7654.7600539479145,7716.395881049652,7778.527997408752,7841.160399126823,7904.2971144818985,7967.94220418758,8032.099761654146,8096.773913251861,8161.968818576374,8227.688670716232,8293.937696522553,8360.720156880894,8428.04034698531,8495.90259661459,8564.311270410717,8633.270768159597,8702.785525074065,8772.860012079082,8843.498736099358,8914.706240349144,8986.487104624512,9058.845945597834,9131.787417114787,9205.31621049359,9279.437054826807,9354.154717285446,9429.47400342559,9505.399757497484,9581.936862757088,9659.090241780126,9736.864856778713,9815.265709920519,9894.297843650465,9973.966341015032,10054.276325989182,10135.232963805956,10216.841461288606,10299.107067185563,10382.035072507933,10465.630810869876,10549.89965883156,10634.84703624505,10720.478406602804,10806.799277389146,10893.815200434417,10981.531772272076,11069.954634498676,11159.08947413668,11248.94202400021,11339.518063063782,11430.823416834026,11522.863957724268,11615.64560543233,11709.174327321158,11803.456138802712,11898.49710372478,11994.303334761045,12090.880993804161,12188.23629236214,12286.375491957784,12385.304904531427,12485.030892846919,12585.55987090084,12686.898304334996,12789.052710852275,12892.029660635888,12995.8357767719,13100.477735675182,13205.962267518828,13312.296156667053,13419.486242111492,13527.539417911097,13636.462633635434,13746.262894811807,13856.947263375758,13968.522858125163,14080.996855178266,14194.376488435144,14308.66905004285,14423.881890864615] 0.31126199007860056 [Infinity,Infinity,Infinity,Infinity,Infinity,Infinity,Infinity,Infinity,Infinity,Infinity,Infinity,Infinity,Infinity,Infinity,Infinity,Infinity,Infinity,Infinity,Infinity,Infinity,Infinity,Infinity,Infinity,Infinity,Infinity,Infinity,Infinity,Infinity,Infinity,Infinity,Infinity,Infinity,Infinity,Infinity,Infinity,Infinity,Infinity,Infinity,Infinity,Infinity,Infinity,Infinity,Infinity,Infinity,Infinity,Infinity,Infinity,Infinity,Infinity,Infinity,Infinity,Infinity,Infinity,Infinity,Infinity,Infinity,Infinity,Infinity,Infinity,Infinity,Infinity,Infinity,Infinity,Infinity,Infinity,Infinity,Infinity,Infinity,Infinity,Infinity,Infinity,Infinity,Infinity,Infinity,Infinity,Infinity,Infinity,Infinity,Infinity,Infinity,Infinity,Infinity,Infinity,Infinity,Infinity,Infinity,Infinity,Infinity,Infinity,Infinity,Infinity,Infinity,Infinity,Infinity,Infinity,Infinity,Infinity,Infinity,Infinity,Infinity,Infinity,Infinity,Infinity,Infinity,Infinity,Infinity,Infinity,Infinity,Infinity,Infinity,Infinity,Infinity,Infinity,Infinity,Infinity,Infinity,Infinity,Infinity,Infinity,Infinity,Infinity,Infinity,Infinity,Infinity,Infinity,Infinity,Infinity,Infinity,Infinity,Infinity,Infinity,Infinity,Infinity,Infinity,Infinity,Infinity,Infinity,Infinity,Infinity,Infinity,Infinity,Infinity,Infinity,Infinity,Infinity,Infinity,Infinity,Infinity,Infinity,Infinity,Infinity,Infinity,Infinity,Infinity,Infinity,Infinity,Infinity,Infinity,Infinity,Infinity,Infinity,Infinity,Infinity,Infinity,Infinity,Infinity,Infinity,Infinity,Infinity,Infinity,Infinity,Infinity,Infinity,Infinity,Infinity,Infinity,Infinity,Infinity,Infinity,Infinity,Infinity,Infinity,Infinity,Infinity,Infinity,Infinity,Infinity,Infinity,Infinity,Infinity,Infinity,Infinity,Infinity,Infinity,Infinity,Infinity,Infinity,Infinity,Infinity,Infinity,Infinity,Infinity,Infinity,Infinity,Infinity,Infinity,Infinity,Infinity,Infinity,Infinity,Infinity,Infinity,Infinity,Infinity,Infinity,Infinity,Infinity,Infinity,Infinity,Infinity,Infinity,Infinity,Infinity,Infinity,Infinity,Infinity,Infinity,Infinity,Infinity,Infinity,Infinity,Infinity,Infinity,Infinity,Infinity,Infinity,Infinity,Infinity,Infinity,Infinity,Infinity,Infinity,Infinity,Infinity,Infinity,Infinity,Infinity,Infinity,Infinity,Infinity,Infinity,Infinity,Infinity,Infinity,Infinity,Infinity,Infinity,Infinity,Infinity,Infinity,Infinity,Infinity,Infinity,Infinity,Infinity,Infinity,Infinity,Infinity,Infinity,Infinity,Infinity,Infinity,Infinity,Infinity,Infinity,Infinity,Infinity,Infinity,Infinity,Infinity,Infinity,Infinity,Infinity,Infinity,Infinity,Infinity,Infinity,Infinity,Infinity,Infinity,Infinity,Infinity,Infinity,Infinity,Infinity,Infinity,Infinity,Infinity,Infinity,Infinity] [0.0,0.0,0.0,0.0,0.0,0.0,0.0,0.0,0.0,0.0,0.0,0.0,0.0,0.0,0.0,0.0,0.0,0.0,0.0,0.0,0.0,0.0,0.0,0.0,0.0,0.0,0.0,0.0,0.0,0.0,0.0,0.0,0.0,0.0,0.0,0.0,0.0,0.0,0.0,0.0,0.0,0.0,0.0,0.0,0.0,0.0,0.0,0.0,0.0,0.0,0.0,0.0,0.0,0.0,0.0,0.0,0.0,0.0,0.0,0.0,0.0,0.0,0.0,0.0,0.0,0.0,0.0,0.0,0.0,0.0,0.0,0.0,0.0,0.0,0.0,0.0,0.0,0.0,0.0,0.0,0.0,0.0,0.0,0.0,0.0,0.0,0.0,0.0,0.0,0.0,0.0,0.0,0.0,0.0,0.0,0.0,0.0,0.0,0.0,0.0,0.0,0.0,0.0,0.0,0.0,0.0,0.0,0.0,0.0,0.0,0.0,0.0,0.0,0.0,0.0,0.0,0.0,0.0,0.0,0.0,0.0,0.0,0.0,0.0,0.0,0.0,0.0,0.0,0.0,0.0,0.0,0.0,0.0,0.0,0.0,0.0,0.0,0.0,0.0,0.0,0.0,0.0,0.0,0.0,0.0,0.0,0.0,0.0,0.0,0.0,0.0,0.0,0.0,0.0,0.0,0.0,0.0,0.0,0.0,0.0,0.0,0.0,0.0,0.0,0.0,0.0,0.0,0.0,0.0,0.0,0.0,0.0,0.0,0.0,0.0,0.0,0.0,0.0,0.0,0.0,0.0,0.0,0.0,0.0,0.0,0.0,0.0,0.0,0.0,0.0,0.0,0.0,0.0,0.0,0.0,0.0,0.0,0.0,0.0,0.0,0.0,0.0,0.0,0.0,0.0,0.0,0.0,0.0,0.0,0.0,0.0,0.0,0.0,0.0,0.0,0.0,0.0,0.0,0.0,0.0,0.0,0.0,0.0,0.0,0.0,0.0,0.0,0.0,0.0,0.0,0.0,0.0,0.0,0.0,0.0,0.0,0.0,0.0,0.0,0.0,0.0,0.0,0.0,0.0,0.0,0.0,0.0,0.0,0.0,0.0,0.0,0.0,0.0,0.0,0.0,0.0,0.0,0.0,0.0,0.0,0.0,0.0,0.0,0.0,0.0,0.0,0.0,0.0,0.0,0.0,0.0,0.0,0.0,0.0,0.0,0.0,0.0,0.0,0.0,0.0,0.0,0.0,0.0,0.0,0.0,0.0,0.0,0.0,0.0,0.0,0.0,0.0,0.0,0.0,0.0,0.0,0.0,0.0,0.0,0.0]
56258.6531755784 [0.0,0.0,0.0,0.0,0.0,0.0,0.0,0.0,0.0,0.0,0.0,0.0,0.0,0.0,0.0,0.0,0.0,0.0,0.0,0.0,0.0,0.0,0.0,0.0,0.0,0.0,0.0,0.0,0.0,0.0,0.0,0.0,0.0,0.0,0.0,0.0,0.0,0.0,0.0,0.0,0.0,0.0,0.0,0.0,0.0,0.0,0.0,0.0,0.0,0.0,0.0,0.0,0.0,0.0,0.0,0.0,0.0,0.0,0.0,0.0,0.0,0.0,0.0,0.0,0.0,0.0,0.0,0.0,0.0,0.0,0.0,0.0,0.0,0.0,0.0,0.0,0.0,0.0,0.0,0.0,0.0,0.0,0.0,0.0,0.0,0.0,0.0,0.0,0.0,0.0,0.0,0.0,0.0,0.0,0.0,0.0,0.0,0.0,0.0,0.0,0.0,0.0,0.0,0.0,0.0,0.0,0.0,0.0,0.0,0.0,0.0,0.0,0.0,0.0,0.0,0.0,0.0,0.0,0.0,0.0,0.0,0.0,0.0,0.0,0.0,0.0,0.0,0.0,0.0,0.0,0.0,0.0,0.0,0.0,0.0,0.0,0.0,0.0,0.0,0.0,68.43207190661691,66.9505239738109,58.36839582988335,52.39874857114978,49.64320310806186,63.87570276994017,88.46705757831282,116.57724661974514,149.34506749751827,129.87617351479227,126.04241734536922,95.39697811786974,72.11533314140055,78.5638614989592,112.91792084512794,140.32265393973447,189.83222207198006,218.25222449211745,250.1729355655612,249.16746319611474,269.95521619622895,283.28549486427505,304.0323446242002,297.5491858534618,288.52566397679493,195.1040281825766,173.0209395175346,220.477939218429,322.20981947165603,434.7807871005527,519.9507060014654,531.5655186860163,458.502608444667,375.20069628095706,375.2757159136911,368.35893355846105,423.3851053083233,412.3943049799301,394.3312446081575,438.9783538896765,432.4559187193262,405.94861020355387,362.50322217978845,280.83105471206176,229.76359618537447,233.8888383143414,288.59171353076044,363.94985079022587,470.58697502158657,624.4038793695794,645.1516353909138,559.1906023063152,493.7537517911402,324.3695938911923,271.52602383458844,282.44578675395195,282.7079953853094,285.26464535629776,330.59962548159456,283.11699920221764,287.6456921262172,244.04348966710455,299.7320393990184,281.8799183895683,348.9871103733246,395.5609196866625,485.6366157629165,468.1503941184055,474.56631250309147,421.89487658351504,377.1040809385937,339.46985095804763,332.6828467076594,303.79911223081484,274.6046056228827,250.61331422449138,197.57244741838534,208.32147493595122,226.1309665675304,298.22919397661036,378.4465585090649,353.8385677564989,289.2026687955828,279.8738265461405,275.27168392900705,171.9808028434368,118.76946862064777,145.2219814846175,212.1583258688405,216.43275212924405,231.1815072918852,246.47449515956717,224.88761924384968,214.23636084672805,209.05605815795354,178.11274314830717,143.9078725931115,139.2173815867109,117.51269539053685,105.99842936598874,103.76236953834818,112.17753544823762,98.39815297166152,105.1704276297005,95.70509406347713,98.98425952653233,89.76993126214074,90.22401623069028,80.83567146341122,67.150679733282,70.20940470580499,65.46204468675188,66.48129747843069,64.61084416757791,55.26468696444164,54.743612494438345,64.41033263812865,70.11872905159304,62.58925405059426,58.75604425405215,51.74211147749787,42.28390419809531,18.72149648273811,29.27978261779702,34.77205211296926,54.16175290046819,71.97651973138913,96.63974500843295,121.93655242887057,128.11717482644193,134.66132025786402,111.4868199984191,94.74670862426474,79.0336198085479,74.84633442964909,61.069393205235066,52.470695427843104,43.96832886392691,44.398896587701444,42.17211855182928,37.363147891592156,37.171392795294025,35.16692922887809,32.39028524736856,35.00964530138373,36.33812193476447,26.69571338523292,21.875975416432187,20.866684858984335,16.256479072668704,13.44329410890687,17.162408315760203,17.511624569670385,19.532760209121285,17.0573025722689,15.399045518328013,21.434714950255874,8.823571082345833,13.242675398439323,5.613702629583196] [1311.2619900786005,1321.8202200865917,1332.463464547639,1343.19240799478,1354.0077404728797,1364.9101575830227,1375.9003605272408,1386.9790561536227,1398.1469570017646,1409.4047813486081,1420.7532532546286,1432.193102610412,1443.7250651835902,1455.3498826661717,1467.068302722235,1478.881079036026,1490.78897136042,1502.7927455657994,1514.8931736892998,1527.0910339844697,1539.3871109713293,1551.7821954868166,1564.2770847356642,1576.872582341659,1589.569498399342,1602.368649526097,1615.270858914685,1628.2769563861766,1641.3877784433362,1654.6041683244075,1667.9269760573632,1681.3570585145608,1694.895279467867,1708.5425096441993,1722.2996267815402,1736.1675156853773,1750.1470682856248,1764.2391836939755,1778.4447682617345,1792.7647356381167,1807.2000068289992,1821.7515102561672,1836.4201818170154,1851.2069649447558,1866.112810669078,1881.1386776773347,1896.285532376183,1911.5543489537563,1926.9461094423048,1942.4618037813711,1958.1024298814455,1973.8689936881608,1989.7625092469793,2005.7839987684179,2021.9344926937952,2038.215029761504,2054.626657073813,2071.1704301642176,2087.8474130653335,2104.6586783773164,2121.605307336866,2138.6883898867477,2155.9090247459117,2173.268319480143,2190.767390573309,2208.407363499154,2226.1893727937027,2244.1145621282076,2262.184084382728,2280.399101720259,2298.7607856614945,2317.2703171601615,2335.9288866789793,2354.7376942662327,2373.6979496329395,2392.810872230673,2412.077691329971,2431.4996460994216,2451.0779856853383,2470.813969292122,2490.7088662632277,2510.763956162824,2530.9805288580706,2551.359884602096,2571.9033341176064,2592.612198681206,2613.487810208354,2634.5315113390543,2655.7446555241822,2677.1286071125573,2698.6847414386757,2720.4144449111714,2742.319115101994,2764.4001608362782,2786.6590022829737,2809.097071046162,2831.715810257159,2854.5166746673017,2877.5011307415425,2900.67065675274,2924.0267428767575,2947.570891288285,2971.304616257478,2995.22944424732,3019.346914011829,3043.658576695001,3068.1659959305807,3092.870747942638,3117.7744216469364,3142.87861875312,3168.1849538677375,3193.695054598094,3219.410561656912,3245.333128967883,3271.4644237720117,3297.806126734876,3324.3599320546946,3351.1275475713155,3378.1106948760344,3405.3111094223436,3432.7305406375262,3460.3707520352004,3488.23352132871,3516.320640545493,3544.6339161423107,3573.1751691214417,3601.9462351478164,3630.9489646670518,3660.1852230244945,3689.6568905851636,3719.3658628547196,3749.3140506013438,3779.5033799786634,3809.935792649603,3840.6132459112973,3871.5377128209448,3902.7111823227383,3934.135659375755,3965.8131650829396,3997.7457368210635,4029.9354283717907,4062.3843100537392,4095.0944688556665,4128.068008570669,4161.3070499315045,4194.813730746993,4228.590206039511,4262.638648183577,4296.961247045588,4331.560210124669,4366.437762694626,4401.596147947099,4437.037627135803,4472.764479721992,4508.779003521039,4545.083514850253,4581.680348677821,4618.571858773019,4655.7604178575675,4693.248417758249,4731.038269560753,4769.132403764733,4807.533270440121,4846.243339384716,4885.265100283049,4924.601062866471,4964.253757074609,5004.22573321805,5044.519562142395,5085.137835393579,5126.08316538458,5167.3581855634,5208.965550582488,5250.907936469426,5293.188040799074,5335.808582867062,5378.772303864684,5422.081967055189,5465.740357951513,5509.7502844954415,5554.1145772382,5598.836089522486,5643.917697666003,5689.362301146471,5735.17282278806,5781.352208949439,5827.903429713208,5874.829479076986,5922.133375145914,5969.818160326825,6017.886901523867,6066.342690335802,6115.188643254807,6164.427901866934,6214.06363305417,6264.099029198114,6314.537308385285,6365.381714614103,6416.635518003553,6468.302015003491,6520.384528606639,6572.88640856233,6625.811031591967,6679.16180160615,6732.942149923667,6787.155535492116,6841.805445110439,6896.895393653112,6952.428924296275,7008.409608745552,7064.841047465831,7121.726869912778,7179.070734766296,7236.876330165845,7295.147373947643,7353.887613883764,7413.100827923194,7472.790824434837,7532.961442452409,7593.616551921397,7654.7600539479145,7716.395881049652,7778.527997408752,7841.160399126823,7904.2971144818985,7967.94220418758,8032.099761654146,8096.773913251861,8161.968818576374,8227.688670716232,8293.937696522553,8360.720156880894,8428.04034698531,8495.90259661459,8564.311270410717,8633.270768159597,8702.785525074065,8772.860012079082,8843.498736099358,8914.706240349144,8986.487104624512,9058.845945597834,9131.787417114787,9205.31621049359,9279.437054826807,9354.154717285446,9429.47400342559,9505.399757497484,9581.936862757088,9659.090241780126,9736.864856778713,9815.265709920519,9894.297843650465,9973.966341015032,10054.276325989182,10135.232963805956,10216.841461288606,10299.107067185563,10382.035072507933,10465.630810869876,10549.89965883156,10634.84703624505,10720.478406602804,10806.799277389146,10893.815200434417,10981.531772272076,11069.954634498676,11159.08947413668,11248.94202400021,11339.518063063782,11430.823416834026,11522.863957724268,11615.64560543233,11709.174327321158,11803.456138802712,11898.49710372478,11994.303334761045,12090.880993804161,12188.23629236214,12286.375491957784,12385.304904531427,12485.030892846919,12585.55987090084,12686.898304334996,12789.052710852275,12892.029660635888,12995.8357767719,13100.477735675182,13205.962267518828,13312.296156667053,13419.486242111492,13527.539417911097,13636.462633635434,13746.262894811807,13856.947263375758,13968.522858125163,14080.996855178266,14194.376488435144,14308.66905004285,14423.881890864615] 0.31126199007860056 [Infinity,Infinity,Infinity,Infinity,Infinity,Infinity,Infinity,Infinity,Infinity,Infinity,Infinity,Infinity,Infinity,Infinity,Infinity,Infinity,Infinity,Infinity,Infinity,Infinity,Infinity,Infinity,Infinity,Infinity,Infinity,Infinity,Infinity,Infinity,Infinity,Infinity,Infinity,Infinity,Infinity,Infinity,Infinity,Infinity,Infinity,Infinity,Infinity,Infinity,Infinity,Infinity,Infinity,Infinity,Infinity,Infinity,Infinity,Infinity,Infinity,Infinity,Infinity,Infinity,Infinity,Infinity,Infinity,Infinity,Infinity,Infinity,Infinity,Infinity,Infinity,Infinity,Infinity,Infinity,Infinity,Infinity,Infinity,Infinity,Infinity,Infinity,Infinity,Infinity,Infinity,Infinity,Infinity,Infinity,Infinity,Infinity,Infinity,Infinity,Infinity,Infinity,Infinity,Infinity,Infinity,Infinity,Infinity,Infinity,Infinity,Infinity,Infinity,Infinity,Infinity,Infinity,Infinity,Infinity,Infinity,Infinity,Infinity,Infinity,Infinity,Infinity,Infinity,Infinity,Infinity,Infinity,Infinity,Infinity,Infinity,Infinity,Infinity,Infinity,Infinity,Infinity,Infinity,Infinity,Infinity,Infinity,Infinity,Infinity,Infinity,Infinity,Infinity,Infinity,Infinity,Infinity,Infinity,Infinity,Infinity,Infinity,Infinity,Infinity,Infinity,Infinity,Infinity,Infinity,Infinity,Infinity,Infinity,Infinity,3.039252735226606,3.143607567363317,2.9496955857257716,2.5297762787931064,2.4501299095387705,3.262864267264561,4.732585076595228,6.087638248221646,6.661315734847259,6.445827403677699,5.620939223440274,4.546611342577654,3.8556469282196835,4.1572299955820124,5.435411099796576,7.333718980328167,9.429249056885695,11.188826909993754,12.138263358493273,12.647646134856682,13.552898248506787,14.980883169534078,15.862324461436506,15.21756319671987,13.254818876676804,10.640651328383335,9.013771628606893,10.805473551752996,16.43028164166929,22.654240666698726,26.37378671100027,26.667193550925134,23.468991685265056,19.276258942469553,17.518959462911592,18.323501294568196,19.542609469725676,20.258257445244766,20.839149129159402,21.333234389898813,21.29318415026281,20.263813018904084,17.857299650909113,14.552554621139958,12.318524541837778,12.39329241843857,14.452043412398748,18.171374934560877,23.44692742494645,28.802374100286492,30.953000190984472,28.5682107323831,22.744226665751064,16.55917216639738,14.025251787716604,13.966379183997168,13.325758417865762,13.844596803489347,16.686974658168996,16.974714055464826,13.540632902401452,12.28223653974142,13.853969594130305,15.017509193896103,17.15273449151818,21.415647574498728,24.11347387140851,23.886535869920987,22.45957530198075,20.700768575249736,18.995527822240152,17.53985919621008,16.269509365178273,14.951570422278952,13.4577862393033,11.877748241103236,10.563577129165798,10.013545459084732,11.04090021071029,14.401830372469693,17.646245692947257,18.21740701570273,16.13641664121687,14.34024726391686,13.005903071127753,8.666508119491237,6.057162362932997,7.569508359410359,10.446322095484886,11.731756064808621,11.571269665429003,11.319596117946134,11.165273476605098,11.024132412037561,10.4800283373878,9.240279711777974,7.745578654769534,6.7539788578983915,5.939144141767117,5.263448653293436,5.59914384553092,5.353521032884358,5.026240699854949,5.031100892737355,4.868123057337821,4.661648116055894,4.494085611672924,4.49410453036103,4.2390232989132794,3.653530214237957,3.2912237647131484,3.185254291605298,3.346557486563755,3.196793330211597,2.6844615196180635,2.6502816164130567,3.099353801464373,3.289445110541757,3.2304872691788353,2.9740105259746596,2.5405500541574675,1.9312602434349226,0.9363129612868646,1.4530693829295793,1.7776153540487276,2.521086025747703,3.775293142801874,4.996225874808728,5.771555773302843,6.225380493724929,6.310814238865494,5.6906021552394765,4.480255733877898,3.8872087392477135,3.5873446428567894,2.9948783689906864,2.8681504831911937,2.203836234168018,2.3102939714032766,2.126626102501535,1.8759874449803664,1.9023939967089405,1.7852245863111063,1.7284933787402128,1.778509664424393,1.7900566516356267,1.3630985212813878,1.0485912528600105,0.9717327984353046,0.8016359810997586,0.6792613052077227,0.8015579308652103,0.9078283509071408,0.9851683037731174,0.8711885670684059,0.7873531057083331,1.0434714758614574,0.4863935777959444,0.6287191636159555,0.27750171159113945] [0.0,0.0,0.0,0.0,0.0,0.0,0.0,0.0,0.0,0.0,0.0,0.0,0.0,0.0,0.0,0.0,0.0,0.0,0.0,0.0,0.0,0.0,0.0,0.0,0.0,0.0,0.0,0.0,0.0,0.0,0.0,0.0,0.0,0.0,0.0,0.0,0.0,0.0,0.0,0.0,0.0,0.0,0.0,0.0,0.0,0.0,0.0,0.0,0.0,0.0,0.0,0.0,0.0,0.0,0.0,0.0,0.0,0.0,0.0,0.0,0.0,0.0,0.0,0.0,0.0,0.0,0.0,0.0,0.0,0.0,0.0,0.0,0.0,0.0,0.0,0.0,0.0,0.0,0.0,0.0,0.0,0.0,0.0,0.0,0.0,0.0,0.0,0.0,0.0,0.0,0.0,0.0,0.0,0.0,0.0,0.0,0.0,0.0,0.0,0.0,0.0,0.0,0.0,0.0,0.0,0.0,0.0,0.0,0.0,0.0,0.0,0.0,0.0,0.0,0.0,0.0,0.0,0.0,0.0,0.0,0.0,0.0,0.0,0.0,0.0,0.0,0.0,0.0,0.0,0.0,0.0,0.0,0.0,0.0,0.0,0.0,0.0,0.0,0.0,0.0,7.647017202084796,4.078372626544565,-0.6255158846320836,1.8032229952876513,0.6406049172864537,-1.3815825753510553,-6.18464395359175,-5.175518344687793,16.118752800573112,0.9596254412383058,13.623632876563734,4.464751266316657,-4.997605422993122,-4.580738412681047,4.20969884919643,-6.351725666828883,1.2472409342661668,-5.524313707757601,7.407668395695746,-3.7854595010189165,-1.1027487739068118,-16.332168526406523,-13.214144604529917,-6.802078080935622,23.42928644325884,-17.708998385090087,-7.2544930546032855,4.368468183369072,-6.395813361729801,-18.304026233421855,-7.525028218539988,-1.7783523324863526,-10.877225260634145,-10.324482568433996,24.896526655459247,1.8889076670970972,32.53291591380979,7.229156075034778,-22.451737975030543,12.313666091700217,6.592235714069974,0.6723498254721546,5.357229161606205,-10.220037710737424,-16.60689465138107,-13.97701005443,-0.44915471721449984,0.5223520990083486,1.6484265226575883,48.35639736384955,26.09163157122442,-12.17361234134678,38.8692184761189,-6.81384943675536,-8.979011919743646,3.118203074008564,16.192827027994152,8.37270928651085,-3.1398676817853337,-56.3772819070789,16.833034078188163,-1.6012411277238419,22.652647516412262,-18.47026548835377,5.932420542960932,-32.75203180331202,3.3671383347462918,-9.580323280014278,25.374806463476467,7.879505078520295,-2.8064755062093325,-11.327332966154003,7.292659404093893,4.767703785235813,5.448880836816693,13.058349402426678,-13.699095164930643,8.050565754256574,5.312962353324596,10.19258652721651,25.521644650119768,-10.509572557555718,-33.52566402875459,-6.931118732196686,15.153622506451994,-1.34935954638795,-2.373778638012172,-6.168185703589702,3.2318839591427677,-18.202369166928378,-0.24388601669486912,20.082572800644503,1.5821497117477463,-6.246287394023158,-0.5445085898024669,-6.692851087252303,-11.00370050227916,4.137804428743063,-1.2701874448054913,0.7294563001200315,-8.220507372270221,5.107114790550462,-2.1266610254374623,4.5484097749534,-1.657367083279299,5.751297205414442,-0.11178097131773412,0.34192562346968364,-3.9447945148543844,-5.919924551477134,4.384929411542014,1.756958854645916,-0.44985225284440905,0.6749775633459627,1.5754565720803697,1.7379801661772087,2.4232566088411955,4.3298268407579075,-2.020491332982442,-0.7241662654410392,0.93111039434852,3.658699329396856,-0.004762742999180797,0.21839495920543603,-0.7802549680052845,3.7400323855141244,-3.529343124648348,-3.2847724877416105,6.505436962813704,3.6095649519433413,8.445035480554129,-2.3252231063704296,5.141593946706797,1.289445023593633,3.099441572513305,1.1718258254213376,-4.892314235980771,-0.10839581943345318,-1.8069828403640833,-0.3604034982014237,-0.1566010080151705,-0.8764871388847822,-0.5375624973440368,-2.179582327435698,-0.5605479871041306,0.5369889020519387,-0.5662570403948355,0.9041503592319771,1.4320288902782434,0.22375945067352865,-0.1419319952475831,1.1312496984559954,-0.6449424484724319,-0.17060586634106278,-0.3664687690992167,-0.34801659583864897,0.5652854330267253,-0.9043004735730558,0.6682921261202129,0.06366839776040685]
56354.081242142354 [0.0,0.0,0.0,0.0,0.0,0.0,0.0,0.0,0.0,0.0,0.0,0.0,0.0,0.0,0.0,0.0,0.0,0.0,0.0,0.0,0.0,0.0,0.0,0.0,0.0,0.0,0.0,0.0,0.0,0.0,0.0,0.0,0.0,0.0,0.0,0.0,0.0,0.0,0.0,0.0,0.0,0.0,0.0,0.0,0.0,0.0,0.0,0.0,0.0,0.0,0.0,0.0,0.0,0.0,0.0,0.0,0.0,0.0,0.0,0.0,0.0,0.0,0.0,0.0,0.0,0.0,0.0,0.0,0.0,0.0,0.0,0.0,0.0,0.0,0.0,0.0,0.0,0.0,0.0,0.0,0.0,0.0,0.0,0.0,0.0,0.0,0.0,0.0,0.0,0.0,0.0,0.0,0.0,0.0,0.0,0.0,0.0,0.0,0.0,0.0,0.0,0.0,0.0,0.0,0.0,0.0,0.0,0.0,0.0,0.0,0.0,0.0,0.0,0.0,0.0,0.0,0.0,0.0,0.0,0.0,0.0,0.0,0.0,0.0,0.0,0.0,0.0,0.0,0.0,0.0,0.0,0.0,0.0,0.0,0.0,0.0,0.0,0.0,0.0,0.0,0.0,0.0,0.0,0.0,0.0,0.0,0.0,0.0,0.0,0.0,0.0,0.0,0.0,0.0,0.0,0.0,0.0,0.0,0.0,0.0,0.0,0.0,0.0,0.0,0.0,0.0,0.0,0.0,0.0,0.0,0.0,0.0,0.0,0.0,0.0,0.0,0.0,0.0,0.0,0.0,0.0,0.0,0.0,0.0,0.0,0.0,0.0,0.0,0.0,0.0,0.0,0.0,0.0,0.0,0.0,0.0,0.0,0.0,0.0,0.0,0.0,0.0,0.0,0.0,0.0,0.0,0.0,0.0,0.0,0.0,0.0,0.0,0.0,0.0,0.0,0.0,0.0,0.0,0.0,0.0,0.0,0.0,0.0,0.0,0.0,0.0,0.0,0.0,0.0,0.0,0.0,0.0,0.0,0.0,0.0,0.0,0.0,0.0,0.0,0.0,0.0,0.0,0.0,0.0,0.0,0.0,0.0,0.0,0.0,0.0,0.0,0.0,0.0,0.0,0.0,0.0,0.0,0.0,0.0,0.0,0.0,0.0,0.0,0.0,0.0,0.0,0.0,0.0,0.0,0.0,0.0,0.0,0.0,0.0,0.0,0.0,0.0,0.0,0.0,0.0,0.0,0.0,0.0,0.0,0.0,0.0,0.0,0.0,0.0,0.0,0.0,0.0,0.0,0.0,0.0,0.0,0.0,0.0,0.0,0.0] [1311.2619900786005,1321.8202200865917,1332.463464547639,1343.19240799478,1354.0077404728797,1364.9101575830227,1375.9003605272408,1386.9790561536227,1398.1469570017646,1409.4047813486081,1420.7532532546286,1432.193102610412,1443.7250651835902,1455.3498826661717,1467.068302722235,1478.881079036026,1490.78897136042,1502.7927455657994,1514.8931736892998,1527.0910339844697,1539.3871109713293,1551.7821954868166,1564.2770847356642,1576.872582341659,1589.569498399342,1602.368649526097,1615.270858914685,1628.2769563861766,1641.3877784433362,1654.6041683244075,1667.9269760573632,1681.3570585145608,1694.895279467867,1708.5425096441993,1722.2996267815402,1736.1675156853773,1750.1470682856248,1764.2391836939755,1778.4447682617345,1792.7647356381167,1807.2000068289992,1821.7515102561672,1836.4201818170154,1851.2069649447558,1866.112810669078,1881.1386776773347,1896.285532376183,1911.5543489537563,1926.9461094423048,1942.4618037813711,1958.1024298814455,1973.8689936881608,1989.7625092469793,2005.7839987684179,2021.9344926937952,2038.215029761504,2054.626657073813,2071.1704301642176,2087.8474130653335,2104.6586783773164,2121.605307336866,2138.6883898867477,2155.9090247459117,2173.268319480143,2190.767390573309,2208.407363499154,2226.1893727937027,2244.1145621282076,2262.184084382728,2280.399101720259,2298.7607856614945,2317.2703171601615,2335.9288866789793,2354.7376942662327,2373.6979496329395,2392.810872230673,2412.077691329971,2431.4996460994216,2451.0779856853383,2470.813969292122,2490.7088662632277,2510.763956162824,2530.9805288580706,2551.359884602096,2571.9033341176064,2592.612198681206,2613.487810208354,2634.5315113390543,2655.7446555241822,2677.1286071125573,2698.6847414386757,2720.4144449111714,2742.319115101994,2764.4001608362782,2786.6590022829737,2809.097071046162,2831.715810257159,2854.5166746673017,2877.5011307415425,2900.67065675274,2924.0267428767575,2947.570891288285,2971.304616257478,2995.22944424732,3019.346914011829,3043.658576695001,3068.1659959305807,3092.870747942638,3117.7744216469364,3142.87861875312,3168.1849538677375,3193.695054598094,3219.410561656912,3245.333128967883,3271.4644237720117,3297.806126734876,3324.3599320546946,3351.1275475713155,3378.1106948760344,3405.3111094223436,3432.7305406375262,3460.3707520352004,3488.23352132871,3516.320640545493,3544.6339161423107,3573.1751691214417,3601.9462351478164,3630.9489646670518,3660.1852230244945,3689.6568905851636,3719.3658628547196,3749.3140506013438,3779.5033799786634,3809.935792649603,3840.6132459112973,3871.5377128209448,3902.7111823227383,3934.135659375755,3965.8131650829396,3997.7457368210635,4029.9354283717907,4062.3843100537392,4095.0944688556665,4128.068008570669,4161.3070499315045,4194.813730746993,4228.590206039511,4262.638648183577,4296.961247045588,4331.560210124669,4366.437762694626,4401.596147947099,4437.037627135803,4472.764479721992,4508.779003521039,4545.083514850253,4581.680348677821,4618.571858773019,4655.7604178575675,4693.248417758249,4731.038269560753,4769.132403764733,4807.533270440121,4846.243339384716,4885.265100283049,4924.601062866471,4964.253757074609,5004.22573321805,5044.519562142395,5085.137835393579,5126.08316538458,5167.3581855634,5208.965550582488,5250.907936469426,5293.188040799074,5335.808582867062,5378.772303864684,5422.081967055189,5465.740357951513,5509.7502844954415,5554.1145772382,5598.836089522486,5643.917697666003,5689.362301146471,5735.17282278806,5781.352208949439,5827.903429713208,5874.829479076986,5922.133375145914,5969.818160326825,6017.886901523867,6066.342690335802,6115.188643254807,6164.427901866934,6214.06363305417,6264.099029198114,6314.537308385285,6365.381714614103,6416.635518003553,6468.302015003491,6520.384528606639,6572.88640856233,6625.811031591967,6679.16180160615,6732.942149923667,6787.155535492116,6841.805445110439,6896.895393653112,6952.428924296275,7008.409608745552,7064.841047465831,7121.726869912778,7179.070734766296,7236.876330165845,7295.147373947643,7353.887613883764,7413.100827923194,7472.790824434837,7532.961442452409,7593.616551921397,7654.7600539479145,7716.395881049652,7778.527997408752,7841.160399126823,7904.2971144818985,7967.94220418758,8032.099761654146,8096.773913251861,8161.968818576374,8227.688670716232,8293.937696522553,8360.720156880894,8428.04034698531,8495.90259661459,8564.311270410717,8633.270768159597,8702.785525074065,8772.860012079082,8843.498736099358,8914.706240349144,8986.487104624512,9058.845945597834,9131.787417114787,9205.31621049359,9279.437054826807,9354.154717285446,9429.47400342559,9505.399757497484,9581.936862757088,9659.090241780126,9736.864856778713,9815.265709920519,9894.297843650465,9973.966341015032,10054.276325989182,10135.232963805956,10216.841461288606,10299.107067185563,10382.035072507933,10465.630810869876,10549.89965883156,10634.84703624505,10720.478406602804,10806.799277389146,10893.815200434417,10981.531772272076,11069.954634498676,11159.08947413668,11248.94202400021,11339.518063063782,11430.823416834026,11522.863957724268,11615.64560543233,11709.174327321158,11803.456138802712,11898.49710372478,11994.303334761045,12090.880993804161,12188.23629236214,12286.375491957784,12385.304904531427,12485.030892846919,12585.55987090084,12686.898304334996,12789.052710852275,12892.029660635888,12995.8357767719,13100.477735675182,13205.962267518828,13312.296156667053,13419.486242111492,13527.539417911097,13636.462633635434,13746.262894811807,13856.947263375758,13968.522858125163,14080.996855178266,14194.376488435144,14308.66905004285,14423.881890864615] 0.31126199007860056 [Infinity,Infinity,Infinity,Infinity,Infinity,Infinity,Infinity,Infinity,Infinity,Infinity,Infinity,Infinity,Infinity,Infinity,Infinity,Infinity,Infinity,Infinity,Infinity,Infinity,Infinity,Infinity,Infinity,Infinity,Infinity,Infinity,Infinity,Infinity,Infinity,Infinity,Infinity,Infinity,Infinity,Infinity,Infinity,Infinity,Infinity,Infinity,Infinity,Infinity,Infinity,Infinity,Infinity,Infinity,Infinity,Infinity,Infinity,Infinity,Infinity,Infinity,Infinity,Infinity,Infinity,Infinity,Infinity,Infinity,Infinity,Infinity,Infinity,Infinity,Infinity,Infinity,Infinity,Infinity,Infinity,Infinity,Infinity,Infinity,Infinity,Infinity,Infinity,Infinity,Infinity,Infinity,Infinity,Infinity,Infinity,Infinity,Infinity,Infinity,Infinity,Infinity,Infinity,Infinity,Infinity,Infinity,Infinity,Infinity,Infinity,Infinity,Infinity,Infinity,Infinity,Infinity,Infinity,Infinity,Infinity,Infinity,Infinity,Infinity,Infinity,Infinity,Infinity,Infinity,Infinity,Infinity,Infinity,Infinity,Infinity,Infinity,Infinity,Infinity,Infinity,Infinity,Infinity,Infinity,Infinity,Infinity,Infinity,Infinity,Infinity,Infinity,Infinity,Infinity,Infinity,Infinity,Infinity,Infinity,Infinity,Infinity,Infinity,Infinity,Infinity,Infinity,Infinity,Infinity,Infinity,Infinity,Infinity,Infinity,Infinity,Infinity,Infinity,Infinity,Infinity,Infinity,Infinity,Infinity,Infinity,Infinity,Infinity,Infinity,Infinity,Infinity,Infinity,Infinity,Infinity,Infinity,Infinity,Infinity,Infinity,Infinity,Infinity,Infinity,Infinity,Infinity,Infinity,Infinity,Infinity,Infinity,Infinity,Infinity,Infinity,Infinity,Infinity,Infinity,Infinity,Infinity,Infinity,Infinity,Infinity,Infinity,Infinity,Infinity,Infinity,Infinity,Infinity,Infinity,Infinity,Infinity,Infinity,Infinity,Infinity,Infinity,Infinity,Infinity,Infinity,Infinity,Infinity,Infinity,Infinity,Infinity,Infinity,Infinity,Infinity,Infinity,Infinity,Infinity,Infinity,Infinity,Infinity,Infinity,Infinity,Infinity,Infinity,Infinity,Infinity,Infinity,Infinity,Infinity,Infinity,Infinity,Infinity,Infinity,Infinity,Infinity,Infinity,Infinity,Infinity,Infinity,Infinity,Infinity,Infinity,Infinity,Infinity,Infinity,Infinity,Infinity,Infinity,Infinity,Infinity,Infinity,Infinity,Infinity,Infinity,Infinity,Infinity,Infinity,Infinity,Infinity,Infinity,Infinity,Infinity,Infinity,Infinity,Infinity,Infinity,Infinity,Infinity,Infinity,Infinity,Infinity,Infinity,Infinity,Infinity,Infinity,Infinity,Infinity,Infinity,Infinity,Infinity,Infinity,Infinity,Infinity,Infinity,Infinity,Infinity,Infinity,Infinity,Infinity,Infinity,Infinity,Infinity,Infinity,Infinity,Infinity,Infinity,Infinity,Infinity,Infinity,Infinity,Infinity,Infinity,Infinity,Infinity,Infinity,Infinity,Infinity,Infinity,Infinity] [0.0,0.0,0.0,0.0,0.0,0.0,0.0,0.0,0.0,0.0,0.0,0.0,0.0,0.0,0.0,0.0,0.0,0.0,0.0,0.0,0.0,0.0,0.0,0.0,0.0,0.0,0.0,0.0,0.0,0.0,0.0,0.0,0.0,0.0,0.0,0.0,0.0,0.0,0.0,0.0,0.0,0.0,0.0,0.0,0.0,0.0,0.0,0.0,0.0,0.0,0.0,0.0,0.0,0.0,0.0,0.0,0.0,0.0,0.0,0.0,0.0,0.0,0.0,0.0,0.0,0.0,0.0,0.0,0.0,0.0,0.0,0.0,0.0,0.0,0.0,0.0,0.0,0.0,0.0,0.0,0.0,0.0,0.0,0.0,0.0,0.0,0.0,0.0,0.0,0.0,0.0,0.0,0.0,0.0,0.0,0.0,0.0,0.0,0.0,0.0,0.0,0.0,0.0,0.0,0.0,0.0,0.0,0.0,0.0,0.0,0.0,0.0,0.0,0.0,0.0,0.0,0.0,0.0,0.0,0.0,0.0,0.0,0.0,0.0,0.0,0.0,0.0,0.0,0.0,0.0,0.0,0.0,0.0,0.0,0.0,0.0,0.0,0.0,0.0,0.0,0.0,0.0,0.0,0.0,0.0,0.0,0.0,0.0,0.0,0.0,0.0,0.0,0.0,0.0,0.0,0.0,0.0,0.0,0.0,0.0,0.0,0.0,0.0,0.0,0.0,0.0,0.0,0.0,0.0,0.0,0.0,0.0,0.0,0.0,0.0,0.0,0.0,0.0,0.0,0.0,0.0,0.0,0.0,0.0,0.0,0.0,0.0,0.0,0.0,0.0,0.0,0.0,0.0,0.0,0.0,0.0,0.0,0.0,0.0,0.0,0.0,0.0,0.0,0.0,0.0,0.0,0.0,0.0,0.0,0.0,0.0,0.0,0.0,0.0,0.0,0.0,0.0,0.0,0.0,0.0,0.0,0.0,0.0,0.0,0.0,0.0,0.0,0.0,0.0,0.0,0.0,0.0,0.0,0.0,0.0,0.0,0.0,0.0,0.0,0.0,0.0,0.0,0.0,0.0,0.0,0.0,0.0,0.0,0.0,0.0,0.0,0.0,0.0,0.0,0.0,0.0,0.0,0.0,0.0,0.0,0.0,0.0,0.0,0.0,0.0,0.0,0.0,0.0,0.0,0.0,0.0,0.0,0.0,0.0,0.0,0.0,0.0,0.0,0.0,0.0,0.0,0.0,0.0,0.0,0.0,0.0,0.0,0.0,0.0,0.0,0.0,0.0,0.0,0.0,0.0,0.0,0.0,0.0,0.0,0.0]
56241.02477126873 [0.0,0.0,0.0,0.0,0.0,0.0,0.0,0.0,0.0,0.0,0.0,0.0,0.0,0.0,0.0,0.0,0.0,0.0,0.0,0.0,0.0,0.0,0.0,0.0,0.0,0.0,0.0,0.0,0.0,0.0,0.0,0.0,0.0,0.0,0.0,0.0,0.0,0.0,0.0,0.0,0.0,0.0,0.0,0.0,0.0,0.0,0.0,0.0,0.0,0.0,0.0,0.0,0.0,0.0,0.0,0.0,0.0,0.0,0.0,0.0,0.0,0.0,0.0,0.0,0.0,0.0,0.0,0.0,0.0,0.0,0.0,0.0,0.0,0.0,0.0,0.0,0.0,0.0,0.0,0.0,0.0,0.0,0.0,0.0,0.0,0.0,0.0,0.0,0.0,0.0,0.0,0.0,0.0,0.0,0.0,0.0,0.0,0.0,0.0,0.0,0.0,0.0,0.0,0.0,0.0,0.0,0.0,0.0,0.0,0.0,0.0,0.0,0.0,0.0,0.0,0.0,0.0,0.0,0.0,0.0,0.0,0.0,0.0,0.0,0.0,0.0,0.0,0.0,0.0,0.0,0.0,0.0,0.0,0.0,0.0,0.0,0.0,0.0,0.0,0.0,331.0584561158812,400.63322721178076,473.6591934622981,472.0721431766847,441.134688114742,402.5261133887755,441.2112723198055,479.0331904116998,451.41192968349696,412.5007942438326,414.66695005556363,475.03043170670696,544.452104832442,472.2741878785981,604.9078620637735,707.5710229841287,744.340532842362,831.4248890272185,969.1778260810491,1034.7088095336085,1018.4226187686655,787.1775520852592,640.5011405318675,538.9666605582556,468.26323414611943,449.45454925706855,503.74980005118454,650.0328407544597,804.274753586802,940.760322273575,1100.3738946245846,946.4901692706001,1036.38794551794,1048.5047428707094,978.2663863991585,1078.2172549056727,1129.1859030874298,1111.6105377642123,956.3474045846797,900.2705017332318,730.8444225169952,664.9986132412621,600.8068222801099,637.0163509448122,781.2343682242721,779.9208441772522,729.2624834857543,846.0047876172733,843.9601168198612,857.7040659385682,783.8598365377167,794.1179076246262,629.002547687797,572.470235588384,593.9534585882529,585.4958143579471,544.3587592766129,455.35981695610354,472.18965631376784,464.8170111699597,449.729039781342,486.4581136253101,551.7569711270655,622.5775774840791,599.7367996895451,661.9697314564621,567.8495186462043,490.2848720859511,395.44493239480533,414.58827349491526,464.3310947484371,408.9227847613118,395.2213240468163,449.82433282508924,588.1755715447366,530.0653840395261,513.4598410405008,485.86566460873496,442.1885484122245,455.63165583664727,430.1904117085616,511.19487853778656,437.2106102180905,418.7313953659255,424.26929186191467,292.8681774071584,233.50663265763907,246.72567831299858,350.20956336762595,364.70643212749104,370.6196312420549,360.23683070623804,355.4209548997052,329.33754712684055,272.9340362905831,291.452055901123,259.83531389875736,244.2154964258564,241.82895847384827,229.50548328143933,202.51762635488373,195.92232213757535,192.30776330154077,193.6626943552363,169.94585396132825,172.80405214512643,167.071086493351,165.981161552266,152.38265764239173,139.27996596674123,132.1401314289721,93.39030557864807,107.876419183456,109.62341979063812,119.1511260790741,133.58726973466358,140.28484353689078,142.97087699554982,125.2441232024702,108.26732006044674,117.05099391149363,116.71199579066196,118.91243033320971,99.8270665137761,125.91866669735487,114.96115230998238,120.92435904914782,131.56812974919205,141.12248683094757,122.11079667382454,101.51087181775422,114.95599783766743,94.13769274038252,86.83094216956914,80.96148844719926,74.24715312199338,72.15339250753463,72.96784469839626,74.19155896526937,68.48667076765607,60.69565846611416,62.08081841512899,54.54285338728267,49.30030506415698,48.2863707150441,41.90050341274478,43.8439804678016,38.44687617404139,40.99190747391468,38.296910809599616,35.54719532668987,36.29832745538542,33.36401929411516,30.016023533425596,32.849369162238716,32.496980691570485,31.474336362669014,40.246720325985756,35.89589372428093,39.20123653372958] [1311.2619900786005,1321.8202200865917,1332.463464547639,1343.19240799478,1354.0077404728797,1364.9101575830227,1375.9003605272408,1386.9790561536227,1398.1469570017646,1409.4047813486081,1420.7532532546286,1432.193102610412,1443.7250651835902,1455.3498826661717,1467.068302722235,1478.881079036026,1490.78897136042,1502.7927455657994,1514.8931736892998,1527.0910339844697,1539.3871109713293,1551.7821954868166,1564.2770847356642,1576.872582341659,1589.569498399342,1602.368649526097,1615.270858914685,1628.2769563861766,1641.3877784433362,1654.6041683244075,1667.9269760573632,1681.3570585145608,1694.895279467867,1708.5425096441993,1722.2996267815402,1736.1675156853773,1750.1470682856248,1764.2391836939755,1778.4447682617345,1792.7647356381167,1807.2000068289992,1821.7515102561672,1836.4201818170154,1851.2069649447558,1866.112810669078,1881.1386776773347,1896.285532376183,1911.5543489537563,1926.9461094423048,1942.4618037813711,1958.1024298814455,1973.8689936881608,1989.7625092469793,2005.7839987684179,2021.9344926937952,2038.215029761504,2054.626657073813,2071.1704301642176,2087.8474130653335,2104.6586783773164,2121.605307336866,2138.6883898867477,2155.9090247459117,2173.268319480143,2190.767390573309,2208.407363499154,2226.1893727937027,2244.1145621282076,2262.184084382728,2280.399101720259,2298.7607856614945,2317.2703171601615,2335.9288866789793,2354.7376942662327,2373.6979496329395,2392.810872230673,2412.077691329971,2431.4996460994216,2451.0779856853383,2470.813969292122,2490.7088662632277,2510.763956162824,2530.9805288580706,2551.359884602096,2571.9033341176064,2592.612198681206,2613.487810208354,2634.5315113390543,2655.7446555241822,2677.1286071125573,2698.6847414386757,2720.4144449111714,2742.319115101994,2764.4001608362782,2786.6590022829737,2809.097071046162,2831.715810257159,2854.5166746673017,2877.5011307415425,2900.67065675274,2924.0267428767575,2947.570891288285,2971.304616257478,2995.22944424732,3019.346914011829,3043.658576695001,3068.1659959305807,3092.870747942638,3117.7744216469364,3142.87861875312,3168.1849538677375,3193.695054598094,3219.410561656912,3245.333128967883,3271.4644237720117,3297.806126734876,3324.3599320546946,3351.1275475713155,3378.1106948760344,3405.3111094223436,3432.7305406375262,3460.3707520352004,3488.23352132871,3516.320640545493,3544.6339161423107,3573.1751691214417,3601.9462351478164,3630.9489646670518,3660.1852230244945,3689.6568905851636,3719.3658628547196,3749.3140506013438,3779.5033799786634,3809.935792649603,3840.6132459112973,3871.5377128209448,3902.7111823227383,3934.135659375755,3965.8131650829396,3997.7457368210635,4029.9354283717907,4062.3843100537392,4095.0944688556665,4128.068008570669,4161.3070499315045,4194.813730746993,4228.590206039511,4262.638648183577,4296.961247045588,4331.560210124669,4366.437762694626,4401.596147947099,4437.037627135803,4472.764479721992,4508.779003521039,4545.083514850253,4581.680348677821,4618.571858773019,4655.7604178575675,4693.248417758249,4731.038269560753,4769.132403764733,4807.533270440121,4846.243339384716,4885.265100283049,4924.601062866471,4964.253757074609,5004.22573321805,5044.519562142395,5085.137835393579,5126.08316538458,5167.3581855634,5208.965550582488,5250.907936469426,5293.188040799074,5335.808582867062,5378.772303864684,5422.081967055189,5465.740357951513,5509.7502844954415,5554.1145772382,5598.836089522486,5643.917697666003,5689.362301146471,5735.17282278806,5781.352208949439,5827.903429713208,5874.829479076986,5922.133375145914,5969.818160326825,6017.886901523867,6066.342690335802,6115.188643254807,6164.427901866934,6214.06363305417,6264.099029198114,6314.537308385285,6365.381714614103,6416.635518003553,6468.302015003491,6520.384528606639,6572.88640856233,6625.811031591967,6679.16180160615,6732.942149923667,6787.155535492116,6841.805445110439,6896.895393653112,6952.428924296275,7008.409608745552,7064.841047465831,7121.726869912778,7179.070734766296,7236.876330165845,7295.147373947643,7353.887613883764,7413.100827923194,7472.790824434837,7532.961442452409,7593.616551921397,7654.7600539479145,7716.395881049652,7778.527997408752,7841.160399126823,7904.2971144818985,7967.94220418758,8032.099761654146,8096.773913251861,8161.968818576374,8227.688670716232,8293.937696522553,8360.720156880894,8428.04034698531,8495.90259661459,8564.311270410717,8633.270768159597,8702.785525074065,8772.860012079082,8843.498736099358,8914.706240349144,8986.487104624512,9058.845945597834,9131.787417114787,9205.31621049359,9279.437054826807,9354.154717285446,9429.47400342559,9505.399757497484,9581.936862757088,9659.090241780126,9736.864856778713,9815.265709920519,9894.297843650465,9973.966341015032,10054.276325989182,10135.232963805956,10216.841461288606,10299.107067185563,10382.035072507933,10465.630810869876,10549.89965883156,10634.84703624505,10720.478406602804,10806.799277389146,10893.815200434417,10981.531772272076,11069.954634498676,11159.08947413668,11248.94202400021,11339.518063063782,11430.823416834026,11522.863957724268,11615.64560543233,11709.174327321158,11803.456138802712,11898.49710372478,11994.303334761045,12090.880993804161,12188.23629236214,12286.375491957784,12385.304904531427,12485.030892846919,12585.55987090084,12686.898304334996,12789.052710852275,12892.029660635888,12995.8357767719,13100.477735675182,13205.962267518828,13312.296156667053,13419.486242111492,13527.539417911097,13636.462633635434,13746.262894811807,13856.947263375758,13968.522858125163,14080.996855178266,14194.376488435144,14308.66905004285,14423.881890864615] 0.31126199007860056 [Infinity,Infinity,Infinity,Infinity,Infinity,Infinity,Infinity,Infinity,Infinity,Infinity,Infinity,Infinity,Infinity,Infinity,Infinity,Infinity,Infinity,Infinity,Infinity,Infinity,Infinity,Infinity,Infinity,Infinity,Infinity,Infinity,Infinity,Infinity,Infinity,Infinity,Infinity,Infinity,Infinity,Infinity,Infinity,Infinity,Infinity,Infinity,Infinity,Infinity,Infinity,Infinity,Infinity,Infinity,Infinity,Infinity,Infinity,Infinity,Infinity,Infinity,Infinity,Infinity,Infinity,Infinity,Infinity,Infinity,Infinity,Infinity,Infinity,Infinity,Infinity,Infinity,Infinity,Infinity,Infinity,Infinity,Infinity,Infinity,Infinity,Infinity,Infinity,Infinity,Infinity,Infinity,Infinity,Infinity,Infinity,Infinity,Infinity,Infinity,Infinity,Infinity,Infinity,Infinity,Infinity,Infinity,Infinity,Infinity,Infinity,Infinity,Infinity,Infinity,Infinity,Infinity,Infinity,Infinity,Infinity,Infinity,Infinity,Infinity,Infinity,Infinity,Infinity,Infinity,Infinity,Infinity,Infinity,Infinity,Infinity,Infinity,Infinity,Infinity,Infinity,Infinity,Infinity,Infinity,Infinity,Infinity,Infinity,Infinity,Infinity,Infinity,Infinity,Infinity,Infinity,Infinity,Infinity,Infinity,Infinity,Infinity,Infinity,Infinity,Infinity,Infinity,Infinity,Infinity,Infinity,Infinity,Infinity,Infinity,17.592466246845937,20.49139513299822,22.140160577158674,22.193740313976054,21.734662897507583,21.871766097925658,22.440174534087905,22.41016005603071,21.128550864678754,19.84099186193524,20.347197360037793,23.1787724065852,26.79567427601907,29.614377204381515,31.728473421567493,34.14227155799054,37.57303792041224,42.08248229957777,47.39213573484475,51.08089469349891,49.51904009616204,42.08586493309227,33.228537085444245,27.23170542431812,24.366385760671132,23.691409242105454,25.432578977541446,30.751352016076527,39.07133956870446,46.69964956586631,50.56086953230736,51.32773595122859,50.6162653987279,50.36327242518638,52.42448852410969,55.20991580566435,54.842368622216135,50.998367846002466,46.967025066392225,43.5419354260886,38.06219937783405,31.133018926179783,28.872583624620255,33.08348981300968,37.16503070204536,37.787636699332694,38.82155644510759,41.79806992111002,43.36247309160586,42.18862675575828,40.289721488388366,38.10162905380743,34.26689160215649,30.25242437241201,29.273496531187885,29.355772846948792,26.85944475447527,24.14485581229325,23.841285386084746,23.737984854228714,23.240805563156023,25.33354550583384,29.201533694380238,31.3656029513112,32.058604386114716,31.771280393126943,28.284824395300017,23.18363773658485,21.57219941229749,22.63284453694075,23.246356577849802,21.197683237155445,19.6929476363543,23.543263297883716,26.55490955034515,25.87252108330763,25.634090370388684,25.069768840176195,23.45968970637618,22.94530226588268,23.117495832619046,23.070626516862,23.01641558980601,22.748703998737213,20.471474910796964,14.270967748941334,10.694287569554426,12.633145780840584,16.522600034924363,18.66054302385674,18.76576938414025,18.02397221654582,16.751119829422993,15.736722182360626,14.88542793186122,13.818718999904965,13.019476967171173,12.244360476953242,11.414545596807399,10.709142142874153,10.167081961186943,9.643320597832743,9.313446403289928,9.1210122110619,8.81065566405212,8.471904536371577,8.2483707829407,7.9971020006163,7.325201627772411,6.742985306428369,6.345005535975897,4.855613956554292,5.198022687215802,5.519254379641121,5.880500847772982,6.526949218324971,7.172512361329569,7.187578732641088,6.127714917086178,5.746845509112172,5.484494029836128,6.0391525454629065,6.0875006091434205,5.257288997979275,5.742809311436722,5.872660674162297,6.426513851912448,6.813619666101742,6.404308334318007,6.141380100997696,5.774163756128225,5.31337764178812,4.650088604083507,4.267416157140827,4.079173785358847,3.767737445397354,3.5602836202690775,3.6867087789793955,3.5578083304270316,3.4223076560618053,3.208717871742654,2.9197656601892086,2.693171872964826,2.493998981721819,2.3791625299995625,2.259578745932469,2.164214174658537,2.0627790194119964,1.974146708126294,1.9358515355997425,1.8233469025990225,1.7819301436258683,1.7437649106187405,1.6322168461040676,1.6009610841958781,1.6593119151849058,1.7072336017145413,2.0277478956462276,1.9331665788244081,1.9426119184861126] [0.0,0.0,0.0,0.0,0.0,0.0,0.0,0.0,0.0,0.0,0.0,0.0,0.0,0.0,0.0,0.0,0.0,0.0,0.0,0.0,0.0,0.0,0.0,0.0,0.0,0.0,0.0,0.0,0.0,0.0,0.0,0.0,0.0,0.0,0.0,0.0,0.0,0.0,0.0,0.0,0.0,0.0,0.0,0.0,0.0,0.0,0.0,0.0,0.0,0.0,0.0,0.0,0.0,0.0,0.0,0.0,0.0,0.0,0.0,0.0,0.0,0.0,0.0,0.0,0.0,0.0,0.0,0.0,0.0,0.0,0.0,0.0,0.0,0.0,0.0,0.0,0.0,0.0,0.0,0.0,0.0,0.0,0.0,0.0,0.0,0.0,0.0,0.0,0.0,0.0,0.0,0.0,0.0,0.0,0.0,0.0,0.0,0.0,0.0,0.0,0.0,0.0,0.0,0.0,0.0,0.0,0.0,0.0,0.0,0.0,0.0,0.0,0.0,0.0,0.0,0.0,0.0,0.0,0.0,0.0,0.0,0.0,0.0,0.0,0.0,0.0,0.0,0.0,0.0,0.0,0.0,0.0,0.0,0.0,0.0,0.0,0.0,0.0,0.0,0.0,-20.790868821037567,-9.194675448183668,30.85598191912465,28.19733689716361,6.441430164590334,-34.90920856973763,-7.592218361952558,30.829989291085667,28.84091238992186,15.680957005127807,7.723002854807749,11.454983575003002,8.538619312060646,-120.01335620903215,-29.661606367576425,24.72559182431787,-7.120225565882857,-10.224756964336942,21.335111384154125,13.090915663630204,28.041816845424865,-54.53974657658612,-24.069601177017393,-5.667447928106809,-19.06448106730321,-24.37363558504051,-4.9017794996443795,35.0058004329292,22.847962212712844,6.767330956248733,89.15650397843748,-80.06454975397169,24.06263754338197,41.239294366981774,-70.22338408303524,-25.98106120761431,32.33853064310699,91.6431808441631,17.006903256835106,29.431793211459762,-30.39956503968573,42.33823471766646,23.355149787704796,-24.653445315381276,37.933754183364904,24.16811019059836,-47.16864541639758,10.043389195072903,-23.289345012255875,13.93153082340271,-21.93459323005061,32.085326548477575,-56.335284355332874,-32.57825185985619,8.483527964495245,-1.6196425810287383,7.1698641871074695,-27.537299289761425,-4.636051407927084,-9.942685914614552,-15.08707148177841,-20.212796491366717,-32.2737027605392,-4.734481542144864,-41.435288032749206,26.544123593923203,2.153030740203863,26.61211735425419,-35.99905585114448,-38.06861724389974,-0.5960368085589496,-15.030879981797112,1.3623713197302165,-21.040933132585067,57.07738053783357,12.61496237337352,0.778033632727144,-15.529712194788917,-27.005245715299093,-3.274389481006378,-32.1595049438193,49.78234820054657,-23.11770157802965,-36.242684608818756,14.839793645975364,7.448822428331727,19.620881266550565,-5.937237303813105,19.757562669138693,-8.504428349643716,-4.695756440750082,-0.24261362467831987,20.398558311245296,14.603103479628013,-24.774522346641298,15.077675903023716,-0.5542254446660912,-0.67171311320844,13.538046537700309,15.322640423956233,-0.8240128688551291,3.0559101809204954,6.038835235742205,11.242450133998291,-6.26725931971415,3.365961417694913,2.103670834537004,6.0391215399399885,5.878625086943524,4.420259838173852,5.240020709454166,-3.721973552437776,3.915965439139943,-0.761667802184308,1.54110912361446,3.0482853681641715,-3.1654036897005984,-0.7806976572719335,2.6898248607466493,-6.669590121796713,7.36111331477107,-4.071055118596163,-2.837581849658693,-5.318713445809412,11.062480468620418,-2.492061173263561,-7.6059179891011235,-4.704263572842798,13.036320144587428,-0.7168053461293961,-13.97240330481027,8.688445001905015,1.1359206587123727,1.482619026752584,-0.6219872599776811,-1.1075957859537084,0.94772010215308,-0.7663308811916488,3.035392356728736,0.04051764641995998,-3.478698968738918,3.685505211344816,0.6794159279861423,-0.5796745702793935,0.7031201150528444,-3.2910715059045965,0.559696974630858,-2.808704214198537,1.5089733113888038,-0.4201199023952321,-0.9197427252905803,0.6597245828680515,-1.5112789182596453,-2.6283133886557537,0.8301474783211483,-0.6892576121276338,-2.670335671621813,-0.30823758693879677,-2.76743785220723,0.34899816400732536]
56285.10441231984 [0.0,0.0,0.0,0.0,0.0,0.0,0.0,0.0,0.0,0.0,0.0,0.0,0.0,0.0,0.0,0.0,0.0,0.0,0.0,0.0,0.0,0.0,0.0,0.0,0.0,0.0,0.0,0.0,0.0,0.0,0.0,0.0,0.0,0.0,0.0,0.0,0.0,0.0,0.0,0.0,0.0,0.0,0.0,0.0,0.0,0.0,0.0,0.0,0.0,0.0,0.0,0.0,0.0,0.0,0.0,0.0,0.0,0.0,0.0,0.0,0.0,0.0,0.0,0.0,0.0,0.0,0.0,0.0,0.0,0.0,0.0,0.0,0.0,0.0,0.0,0.0,0.0,0.0,0.0,0.0,0.0,0.0,0.0,0.0,0.0,0.0,0.0,0.0,0.0,0.0,0.0,0.0,0.0,0.0,0.0,0.0,0.0,0.0,0.0,0.0,0.0,0.0,0.0,0.0,0.0,0.0,0.0,0.0,0.0,0.0,0.0,0.0,0.0,0.0,0.0,0.0,0.0,0.0,0.0,0.0,0.0,0.0,0.0,0.0,0.0,0.0,0.0,0.0,0.0,0.0,0.0,0.0,0.0,0.0,0.0,0.0,0.0,0.0,0.0,0.0,2.054911211099395,1.4508285914820485,3.055973570462288,5.519268989798176,9.165985417437414,10.551397649755195,9.545913442134943,7.519756208561661,6.273096696823349,5.997606763368018,8.362128772345155,11.505662469396613,13.840674880809193,13.568810555494004,16.0582688587125,18.15110786071779,24.42810182049006,31.476488714072765,33.133628570670716,33.60884018866023,33.241280132736954,46.71827343157041,57.061312390968425,56.39422780763509,47.36892602188141,40.24285457370278,29.461069397138324,29.3079938153899,39.74194919149473,58.28828498999225,80.4842482347941,83.32276301242493,78.67214512442409,76.86987758469836,69.63654808750542,61.117764361090074,61.52216559613223,57.894359447127506,52.24663985277831,58.756859965349705,63.98337213616757,61.233095548572344,62.351791359769706,60.282303215303315,55.03476019005575,39.1959515277432,41.90244364031116,51.46238168367476,64.88403431143722,101.15120747009516,116.05385693096777,113.86434149591663,100.263067646464,70.37556834490191,51.71739676432905,64.03399889648337,67.31697073585299,75.94431072461514,103.93370169968665,110.51978047115117,95.5915541042475,84.82048879532836,66.2571377677136,68.23802569745499,60.868904375520685,71.32796836528443,89.96195483096517,111.64854230671962,114.39739092964832,109.7134531130123,127.69846118060822,157.85100728864987,196.65856644803696,205.51069510343794,207.8041685248179,180.91990517974068,149.4609233329116,114.91158898906596,138.4187808058727,162.2035681258483,150.8421548869548,150.3461414380273,127.25597270062761,101.78581311962733,106.04796231673059,91.66134970482906,91.83404413963966,98.44641898206982,95.32216848003016,97.52799514678594,103.3287985278053,136.50968830488893,141.67715827355684,160.11282207162324,163.40335716983242,169.71916961176373,116.28042651813007,88.41188935154668,83.68942609405383,85.58027399330341,74.65660856286,74.23109212196594,77.7088880106083,64.26498579025218,59.57451832641523,69.74062992372438,77.02055852740605,78.65649944642271,82.3911572457794,90.89001892314441,105.99873353873352,86.16400173870922,85.85208274952176,107.49499971763868,115.63266947606964,103.9870572648976,92.91103655607446,70.98400737017506,61.117179028091414,57.46164112280597,62.880298182684264,40.86885619355729,19.871139889887296,15.015144669256097,21.540231009738466,31.57436623401574,72.22983256326094,92.37667377777852,94.05872274109944,100.96504363635607,112.11700628580664,107.2703364204766,85.34061264504805,73.97055880429518,62.13729340741139,64.88118269665812,61.382908099007,51.96168890171583,47.9420860303886,55.54867213590737,62.24484617053204,51.73394346167161,38.84786460971687,40.51026279089452,56.86077023132675,66.8692699384536,75.90672158968466,59.95331504969139,54.799061297698444,46.198653777022855,47.9967842308251,47.2522307300359,58.01344583824889,51.28133096456139,41.07964682908886,27.470268648444993,28.272934228755965,34.295556689431194,33.17929657485362,29.102851695061997] [1311.2619900786005,1321.8202200865917,1332.463464547639,1343.19240799478,1354.0077404728797,1364.9101575830227,1375.9003605272408,1386.9790561536227,1398.1469570017646,1409.4047813486081,1420.7532532546286,1432.193102610412,1443.7250651835902,1455.3498826661717,1467.068302722235,1478.881079036026,1490.78897136042,1502.7927455657994,1514.8931736892998,1527.0910339844697,1539.3871109713293,1551.7821954868166,1564.2770847356642,1576.872582341659,1589.569498399342,1602.368649526097,1615.270858914685,1628.2769563861766,1641.3877784433362,1654.6041683244075,1667.9269760573632,1681.3570585145608,1694.895279467867,1708.5425096441993,1722.2996267815402,1736.1675156853773,1750.1470682856248,1764.2391836939755,1778.4447682617345,1792.7647356381167,1807.2000068289992,1821.7515102561672,1836.4201818170154,1851.2069649447558,1866.112810669078,1881.1386776773347,1896.285532376183,1911.5543489537563,1926.9461094423048,1942.4618037813711,1958.1024298814455,1973.8689936881608,1989.7625092469793,2005.7839987684179,2021.9344926937952,2038.215029761504,2054.626657073813,2071.1704301642176,2087.8474130653335,2104.6586783773164,2121.605307336866,2138.6883898867477,2155.9090247459117,2173.268319480143,2190.767390573309,2208.407363499154,2226.1893727937027,2244.1145621282076,2262.184084382728,2280.399101720259,2298.7607856614945,2317.2703171601615,2335.9288866789793,2354.7376942662327,2373.6979496329395,2392.810872230673,2412.077691329971,2431.4996460994216,2451.0779856853383,2470.813969292122,2490.7088662632277,2510.763956162824,2530.9805288580706,2551.359884602096,2571.9033341176064,2592.612198681206,2613.487810208354,2634.5315113390543,2655.7446555241822,2677.1286071125573,2698.6847414386757,2720.4144449111714,2742.319115101994,2764.4001608362782,2786.6590022829737,2809.097071046162,2831.715810257159,2854.5166746673017,2877.5011307415425,2900.67065675274,2924.0267428767575,2947.570891288285,2971.304616257478,2995.22944424732,3019.346914011829,3043.658576695001,3068.1659959305807,3092.870747942638,3117.7744216469364,3142.87861875312,3168.1849538677375,3193.695054598094,3219.410561656912,3245.333128967883,3271.4644237720117,3297.806126734876,3324.3599320546946,3351.1275475713155,3378.1106948760344,3405.3111094223436,3432.7305406375262,3460.3707520352004,3488.23352132871,3516.320640545493,3544.6339161423107,3573.1751691214417,3601.9462351478164,3630.9489646670518,3660.1852230244945,3689.6568905851636,3719.3658628547196,3749.3140506013438,3779.5033799786634,3809.935792649603,3840.6132459112973,3871.5377128209448,3902.7111823227383,3934.135659375755,3965.8131650829396,3997.7457368210635,4029.9354283717907,4062.3843100537392,4095.0944688556665,4128.068008570669,4161.3070499315045,4194.813730746993,4228.590206039511,4262.638648183577,4296.961247045588,4331.560210124669,4366.437762694626,4401.596147947099,4437.037627135803,4472.764479721992,4508.779003521039,4545.083514850253,4581.680348677821,4618.571858773019,4655.7604178575675,4693.248417758249,4731.038269560753,4769.132403764733,4807.533270440121,4846.243339384716,4885.265100283049,4924.601062866471,4964.253757074609,5004.22573321805,5044.519562142395,5085.137835393579,5126.08316538458,5167.3581855634,5208.965550582488,5250.907936469426,5293.188040799074,5335.808582867062,5378.772303864684,5422.081967055189,5465.740357951513,5509.7502844954415,5554.1145772382,5598.836089522486,5643.917697666003,5689.362301146471,5735.17282278806,5781.352208949439,5827.903429713208,5874.829479076986,5922.133375145914,5969.818160326825,6017.886901523867,6066.342690335802,6115.188643254807,6164.427901866934,6214.06363305417,6264.099029198114,6314.537308385285,6365.381714614103,6416.635518003553,6468.302015003491,6520.384528606639,6572.88640856233,6625.811031591967,6679.16180160615,6732.942149923667,6787.155535492116,6841.805445110439,6896.895393653112,6952.428924296275,7008.409608745552,7064.841047465831,7121.726869912778,7179.070734766296,7236.876330165845,7295.147373947643,7353.887613883764,7413.100827923194,7472.790824434837,7532.961442452409,7593.616551921397,7654.7600539479145,7716.395881049652,7778.527997408752,7841.160399126823,7904.2971144818985,7967.94220418758,8032.099761654146,8096.773913251861,8161.968818576374,8227.688670716232,8293.937696522553,8360.720156880894,8428.04034698531,8495.90259661459,8564.311270410717,8633.270768159597,8702.785525074065,8772.860012079082,8843.498736099358,8914.706240349144,8986.487104624512,9058.845945597834,9131.787417114787,9205.31621049359,9279.437054826807,9354.154717285446,9429.47400342559,9505.399757497484,9581.936862757088,9659.090241780126,9736.864856778713,9815.265709920519,9894.297843650465,9973.966341015032,10054.276325989182,10135.232963805956,10216.841461288606,10299.107067185563,10382.035072507933,10465.630810869876,10549.89965883156,10634.84703624505,10720.478406602804,10806.799277389146,10893.815200434417,10981.531772272076,11069.954634498676,11159.08947413668,11248.94202400021,11339.518063063782,11430.823416834026,11522.863957724268,11615.64560543233,11709.174327321158,11803.456138802712,11898.49710372478,11994.303334761045,12090.880993804161,12188.23629236214,12286.375491957784,12385.304904531427,12485.030892846919,12585.55987090084,12686.898304334996,12789.052710852275,12892.029660635888,12995.8357767719,13100.477735675182,13205.962267518828,13312.296156667053,13419.486242111492,13527.539417911097,13636.462633635434,13746.262894811807,13856.947263375758,13968.522858125163,14080.996855178266,14194.376488435144,14308.66905004285,14423.881890864615] 0.31126199007860056 [Infinity,Infinity,Infinity,Infinity,Infinity,Infinity,Infinity,Infinity,Infinity,Infinity,Infinity,Infinity,Infinity,Infinity,Infinity,Infinity,Infinity,Infinity,Infinity,Infinity,Infinity,Infinity,Infinity,Infinity,Infinity,Infinity,Infinity,Infinity,Infinity,Infinity,Infinity,Infinity,Infinity,Infinity,Infinity,Infinity,Infinity,Infinity,Infinity,Infinity,Infinity,Infinity,Infinity,Infinity,Infinity,Infinity,Infinity,Infinity,Infinity,Infinity,Infinity,Infinity,Infinity,Infinity,Infinity,Infinity,Infinity,Infinity,Infinity,Infinity,Infinity,Infinity,Infinity,Infinity,Infinity,Infinity,Infinity,Infinity,Infinity,Infinity,Infinity,Infinity,Infinity,Infinity,Infinity,Infinity,Infinity,Infinity,Infinity,Infinity,Infinity,Infinity,Infinity,Infinity,Infinity,Infinity,Infinity,Infinity,Infinity,Infinity,Infinity,Infinity,Infinity,Infinity,Infinity,Infinity,Infinity,Infinity,Infinity,Infinity,Infinity,Infinity,Infinity,Infinity,Infinity,Infinity,Infinity,Infinity,Infinity,Infinity,Infinity,Infinity,Infinity,Infinity,Infinity,Infinity,Infinity,Infinity,Infinity,Infinity,Infinity,Infinity,Infinity,Infinity,Infinity,Infinity,Infinity,Infinity,Infinity,Infinity,Infinity,Infinity,Infinity,Infinity,Infinity,Infinity,Infinity,Infinity,Infinity,Infinity,0.11088344175259457,0.08145158846114574,0.1419904687081937,0.29041775150103294,0.4386704108535452,0.49685215394822213,0.4603572922038269,0.3823839769064809,0.3173597381278156,0.30910036001351676,0.3990623198154655,0.5719574109930967,0.7216488272859118,0.7516630049590145,0.7465365881247894,0.8911740018434274,1.2393108314846895,1.5642071892364076,1.6342881726785212,1.5858389700978244,1.7580074990928476,2.2391262903288824,2.6927052383436028,2.791426897562198,2.5144920909497857,1.9542270038085952,1.4209738345378788,1.4038144878431615,2.070102128025638,2.9984582186678064,3.7623457561223894,4.18315705941928,4.167323309490033,3.8492703877525996,3.4599236486585037,3.1323446115022686,2.929767666474104,2.860511300004339,2.8784427809888653,2.9567478807702763,3.0968801204785623,3.2552279207341863,3.31484496076668,3.1753195491940476,2.781836802713498,2.2778665952998045,2.14151878408937,2.630032078527476,3.5839255594845256,4.742954724879654,5.755522614029357,6.083099566945584,5.087845541624895,3.519272520064498,3.0321686301038664,3.3890998071559557,3.5969664405985746,4.086142741458331,5.188152072701962,5.640691971364581,4.904589098991663,3.9744186220107514,3.397671003219324,3.2276278482888627,3.3026911553775706,3.5744913782869423,4.433045902003132,5.5351669421085665,5.899892797740515,5.869995610846235,6.317003445218246,7.924629370302459,9.849781023273419,10.476757961923914,10.0568488016363,8.874905555332019,6.938427163727039,6.0016272191774345,6.797086808440805,7.564309879009274,7.685969434878797,7.18106676201374,6.205620450374559,5.319288744480505,4.9340995577788815,4.960051259718494,4.975631232549892,4.885335272080865,4.871479577930426,4.761286772736828,5.067359180413886,6.168730654391617,7.4586652489869465,8.288205578506759,8.4526565262862,7.763370451399171,5.889443708911824,4.568494608175092,4.258399807294138,4.128513333854622,3.806751836239029,3.7800779379417704,3.679944260478787,3.313572698235504,3.1281470451592877,3.433304945662379,3.9712936525016884,4.059074110404542,4.072472891059167,4.78466485978551,5.295621890263722,4.160085586031337,4.199127701861328,5.115938607066253,5.618453700984696,5.359335633929604,4.546484410433213,3.6866944886819875,3.218583651550785,2.9742487336301746,3.0129129635994563,2.1724672606193716,0.963603901535261,0.7790267346284567,1.0953626711294595,1.5295542401283253,3.354720332995999,4.78568299879136,4.7730989712848775,5.0399810883507,5.475208769466443,4.966526231491586,4.394197523145165,3.7133720485989428,3.249027703637103,3.1178883856490898,2.967626698533592,2.8834480591299565,2.3104211769217606,2.6604679781887812,2.911159596321709,2.6011928098586194,2.0738742885766257,2.2208784009606717,2.7373819752352997,3.472631874701829,3.7207456112608477,3.404445447119218,2.8506573889330458,2.40048399483436,2.3201253166256093,2.3211681046239265,2.8297544485180572,2.495544091938309,1.9773366791734381,1.4008771622905845,1.4487644422680372,1.627938810148909,1.6801062439869596,1.446848254897371] [0.0,0.0,0.0,0.0,0.0,0.0,0.0,0.0,0.0,0.0,0.0,0.0,0.0,0.0,0.0,0.0,0.0,0.0,0.0,0.0,0.0,0.0,0.0,0.0,0.0,0.0,0.0,0.0,0.0,0.0,0.0,0.0,0.0,0.0,0.0,0.0,0.0,0.0,0.0,0.0,0.0,0.0,0.0,0.0,0.0,0.0,0.0,0.0,0.0,0.0,0.0,0.0,0.0,0.0,0.0,0.0,0.0,0.0,0.0,0.0,0.0,0.0,0.0,0.0,0.0,0.0,0.0,0.0,0.0,0.0,0.0,0.0,0.0,0.0,0.0,0.0,0.0,0.0,0.0,0.0,0.0,0.0,0.0,0.0,0.0,0.0,0.0,0.0,0.0,0.0,0.0,0.0,0.0,0.0,0.0,0.0,0.0,0.0,0.0,0.0,0.0,0.0,0.0,0.0,0.0,0.0,0.0,0.0,0.0,0.0,0.0,0.0,0.0,0.0,0.0,0.0,0.0,0.0,0.0,0.0,0.0,0.0,0.0,0.0,0.0,0.0,0.0,0.0,0.0,0.0,0.0,0.0,0.0,0.0,0.0,0.0,0.0,0.0,0.0,0.0,-0.16275762395249627,-0.17820317774086636,0.2161641962984135,-0.28908604022248224,0.39257720036651106,0.6143545707907516,0.33876759805840595,-0.12792332956795668,-0.07409806573296357,-0.18440043690231706,0.3808823760358453,0.06651424953467894,-0.5923016649090442,-1.4644495436862868,1.1275370962167115,0.3276278238492419,-0.3581148092037313,0.19234492934461564,0.4478651171002914,1.8920607867037451,-1.9188698491200005,1.9357476249927672,3.20720762409637,0.5656898563911291,-2.9209157971143043,1.1583144975308752,1.0415927063807477,1.2317040585266654,-1.6600933690180257,-1.6808793833638798,5.237333112346309,-0.3403781759606612,-4.674321065376572,-0.11553017035363673,0.4380751143353489,-1.529127868955297,2.926812266650153,0.6841334470407324,-5.322215766999003,-0.3780976500558232,2.045769726596317,-3.871462866111382,-3.9451078555638883,-3.2240877685776397,-0.6019758642142077,-6.361380378252891,-0.927932041476238,-1.1382598868747602,-6.794476878253297,6.292112972502085,0.9434046503806282,-7.797649842995039,-1.4938431860339048,-0.009882056388044298,-8.925975837748279,-3.7479972466357516,-4.6223580761185,-5.7785441045514885,0.17066024564739574,-2.294058956140465,-2.5002278755857668,5.33211635511333,-1.6962822966728697,3.6854687316777266,-5.184918732030723,-0.16185920045441876,1.3010367909025364,0.9452034645482857,-3.6004650251619665,-7.686459103912396,1.3583922762432885,-0.6415801173993247,-0.33705401743139135,-4.024464135040351,6.667192492091908,3.421794073100313,10.692380058370809,-5.120955394482731,2.4770446370566037,10.917370545662838,-2.877233810621132,6.724806197752521,3.143563693136443,-4.599961769982767,7.36597116115296,-7.539675489540811,-7.6785805113581835,0.7397135404525156,-2.107423078578368,2.302259692049377,1.9816149195275814,13.13507521705659,-7.496146706182085,-5.65128949851192,-5.649773355891577,14.451760583780338,-1.508447660106406,-2.9580028119551565,-1.478570051828931,3.010007316210958,-1.4784281619205777,-1.3704666368694693,4.110002801032567,-2.00646817445789,-2.988422576770525,1.0745310104767989,-2.405314522627715,-2.524982761668133,0.9416994245960485,-4.80327827256579,0.08629573345908428,2.9622900180824865,1.8695287122951905,5.176227576313619,3.263595456375719,-3.199655413694467,1.9813483474102052,-2.749882403464681,-3.2544940029242926,-2.023333549797519,2.6220389106951414,-2.5804890188301366,0.5990618591820743,-0.5653900233130379,-0.36702241285072335,0.9832814314492347,5.135425903340958,-3.3369861980486824,-1.4032566845981103,0.16542186934207376,2.6128308964777895,7.939811790644883,-2.543337817855239,-0.29688216768367287,-2.8432606653306722,2.5234149836763162,2.030374128335161,-5.707272280883303,1.7336624919533874,2.3393125721317483,4.021654244097857,-0.28991273550077934,-2.6296211618156393,-3.9073052283189083,2.113130726620756,-2.583367555582986,1.4918093644677115,-8.135593892692976,-2.2140864809624707,-1.8110261196643478,1.5942778983129113,0.8288686375573687,1.418356867887746,1.3704491257952098,1.5329132456200958,-0.5472745973666974,-0.7023546166047787,1.7367804864530156,-0.4228283048855723,0.16588659711457968]
56155.371265456146 [0.0,0.0,0.0,0.0,0.0,0.0,0.0,0.0,0.0,0.0,0.0,0.0,0.0,0.0,0.0,0.0,0.0,0.0,0.0,0.0,0.0,0.0,0.0,0.0,0.0,0.0,0.0,0.0,0.0,0.0,0.0,0.0,0.0,0.0,0.0,0.0,0.0,0.0,0.0,0.0,0.0,0.0,0.0,0.0,0.0,0.0,0.0,0.0,0.0,0.0,0.0,0.0,0.0,0.0,0.0,0.0,0.0,0.0,0.0,0.0,0.0,0.0,0.0,0.0,0.0,0.0,0.0,0.0,0.0,0.0,0.0,0.0,0.0,0.0,0.0,0.0,0.0,0.0,0.0,0.0,0.0,0.0,0.0,0.0,0.0,0.0,0.0,0.0,0.0,0.0,0.0,0.0,0.0,0.0,0.0,0.0,0.0,0.0,0.0,0.0,0.0,0.0,0.0,0.0,0.0,0.0,0.0,0.0,0.0,0.0,0.0,0.0,0.0,0.0,0.0,0.0,0.0,0.0,0.0,0.0,0.0,0.0,0.0,0.0,0.0,0.0,0.0,0.0,0.0,0.0,0.0,0.0,0.0,0.0,0.0,0.0,0.0,0.0,0.0,0.0,0.0,0.0,0.0,0.0,0.0,0.0,0.0,0.0,0.0,0.0,0.0,0.0,0.0,0.0,0.0,0.0,0.0,0.0,0.0,0.0,0.0,0.0,0.0,0.0,0.0,0.0,0.0,0.0,0.0,0.0,0.0,0.0,0.0,0.0,0.0,0.0,0.0,0.0,0.0,0.0,0.0,0.0,0.0,0.0,0.0,0.0,0.0,0.0,0.0,0.0,0.0,0.0,0.0,0.0,0.0,0.0,0.0,0.0,0.0,0.0,0.0,0.0,0.0,0.0,0.0,0.0,0.0,0.0,0.0,0.0,0.0,0.0,0.0,0.0,0.0,0.0,0.0,0.0,0.0,0.0,0.0,0.0,0.0,0.0,0.0,0.0,0.0,0.0,0.0,0.0,0.0,0.0,0.0,0.0,0.0,0.0,0.0,0.0,0.0,0.0,0.0,0.0,0.0,0.0,0.0,0.0,0.0,0.0,0.0,0.0,0.0,0.0,0.0,0.0,0.0,0.0,0.0,0.0,0.0,0.0,0.0,0.0,0.0,0.0,0.0,0.0,0.0,0.0,0.0,0.0,0.0,0.0,0.0,0.0,0.0,0.0,0.0,0.0,0.0,0.0,0.0,0.0,0.0,0.0,0.0,0.0,0.0,0.0,0.0,0.0,0.0,0.0,0.0,0.0,0.0,0.0,0.0,0.0,0.0,0.0] [1311.2619900786005,1321.8202200865917,1332.463464547639,1343.19240799478,1354.0077404728797,1364.9101575830227,1375.9003605272408,1386.9790561536227,1398.1469570017646,1409.4047813486081,1420.7532532546286,1432.193102610412,1443.7250651835902,1455.3498826661717,1467.068302722235,1478.881079036026,1490.78897136042,1502.7927455657994,1514.8931736892998,1527.0910339844697,1539.3871109713293,1551.7821954868166,1564.2770847356642,1576.872582341659,1589.569498399342,1602.368649526097,1615.270858914685,1628.2769563861766,1641.3877784433362,1654.6041683244075,1667.9269760573632,1681.3570585145608,1694.895279467867,1708.5425096441993,1722.2996267815402,1736.1675156853773,1750.1470682856248,1764.2391836939755,1778.4447682617345,1792.7647356381167,1807.2000068289992,1821.7515102561672,1836.4201818170154,1851.2069649447558,1866.112810669078,1881.1386776773347,1896.285532376183,1911.5543489537563,1926.9461094423048,1942.4618037813711,1958.1024298814455,1973.8689936881608,1989.7625092469793,2005.7839987684179,2021.9344926937952,2038.215029761504,2054.626657073813,2071.1704301642176,2087.8474130653335,2104.6586783773164,2121.605307336866,2138.6883898867477,2155.9090247459117,2173.268319480143,2190.767390573309,2208.407363499154,2226.1893727937027,2244.1145621282076,2262.184084382728,2280.399101720259,2298.7607856614945,2317.2703171601615,2335.9288866789793,2354.7376942662327,2373.6979496329395,2392.810872230673,2412.077691329971,2431.4996460994216,2451.0779856853383,2470.813969292122,2490.7088662632277,2510.763956162824,2530.9805288580706,2551.359884602096,2571.9033341176064,2592.612198681206,2613.487810208354,2634.5315113390543,2655.7446555241822,2677.1286071125573,2698.6847414386757,2720.4144449111714,2742.319115101994,2764.4001608362782,2786.6590022829737,2809.097071046162,2831.715810257159,2854.5166746673017,2877.5011307415425,2900.67065675274,2924.0267428767575,2947.570891288285,2971.304616257478,2995.22944424732,3019.346914011829,3043.658576695001,3068.1659959305807,3092.870747942638,3117.7744216469364,3142.87861875312,3168.1849538677375,3193.695054598094,3219.410561656912,3245.333128967883,3271.4644237720117,3297.806126734876,3324.3599320546946,3351.1275475713155,3378.1106948760344,3405.3111094223436,3432.7305406375262,3460.3707520352004,3488.23352132871,3516.320640545493,3544.6339161423107,3573.1751691214417,3601.9462351478164,3630.9489646670518,3660.1852230244945,3689.6568905851636,3719.3658628547196,3749.3140506013438,3779.5033799786634,3809.935792649603,3840.6132459112973,3871.5377128209448,3902.7111823227383,3934.135659375755,3965.8131650829396,3997.7457368210635,4029.9354283717907,4062.3843100537392,4095.0944688556665,4128.068008570669,4161.3070499315045,4194.813730746993,4228.590206039511,4262.638648183577,4296.961247045588,4331.560210124669,4366.437762694626,4401.596147947099,4437.037627135803,4472.764479721992,4508.779003521039,4545.083514850253,4581.680348677821,4618.571858773019,4655.7604178575675,4693.248417758249,4731.038269560753,4769.132403764733,4807.533270440121,4846.243339384716,4885.265100283049,4924.601062866471,4964.253757074609,5004.22573321805,5044.519562142395,5085.137835393579,5126.08316538458,5167.3581855634,5208.965550582488,5250.907936469426,5293.188040799074,5335.808582867062,5378.772303864684,5422.081967055189,5465.740357951513,5509.7502844954415,5554.1145772382,5598.836089522486,5643.917697666003,5689.362301146471,5735.17282278806,5781.352208949439,5827.903429713208,5874.829479076986,5922.133375145914,5969.818160326825,6017.886901523867,6066.342690335802,6115.188643254807,6164.427901866934,6214.06363305417,6264.099029198114,6314.537308385285,6365.381714614103,6416.635518003553,6468.302015003491,6520.384528606639,6572.88640856233,6625.811031591967,6679.16180160615,6732.942149923667,6787.155535492116,6841.805445110439,6896.895393653112,6952.428924296275,7008.409608745552,7064.841047465831,7121.726869912778,7179.070734766296,7236.876330165845,7295.147373947643,7353.887613883764,7413.100827923194,7472.790824434837,7532.961442452409,7593.616551921397,7654.7600539479145,7716.395881049652,7778.527997408752,7841.160399126823,7904.2971144818985,7967.94220418758,8032.099761654146,8096.773913251861,8161.968818576374,8227.688670716232,8293.937696522553,8360.720156880894,8428.04034698531,8495.90259661459,8564.311270410717,8633.270768159597,8702.785525074065,8772.860012079082,8843.498736099358,8914.706240349144,8986.487104624512,9058.845945597834,9131.787417114787,9205.31621049359,9279.437054826807,9354.154717285446,9429.47400342559,9505.399757497484,9581.936862757088,9659.090241780126,9736.864856778713,9815.265709920519,9894.297843650465,9973.966341015032,10054.276325989182,10135.232963805956,10216.841461288606,10299.107067185563,10382.035072507933,10465.630810869876,10549.89965883156,10634.84703624505,10720.478406602804,10806.799277389146,10893.815200434417,10981.531772272076,11069.954634498676,11159.08947413668,11248.94202400021,11339.518063063782,11430.823416834026,11522.863957724268,11615.64560543233,11709.174327321158,11803.456138802712,11898.49710372478,11994.303334761045,12090.880993804161,12188.23629236214,12286.375491957784,12385.304904531427,12485.030892846919,12585.55987090084,12686.898304334996,12789.052710852275,12892.029660635888,12995.8357767719,13100.477735675182,13205.962267518828,13312.296156667053,13419.486242111492,13527.539417911097,13636.462633635434,13746.262894811807,13856.947263375758,13968.522858125163,14080.996855178266,14194.376488435144,14308.66905004285,14423.881890864615] 0.31126199007860056 [Infinity,Infinity,Infinity,Infinity,Infinity,Infinity,Infinity,Infinity,Infinity,Infinity,Infinity,Infinity,Infinity,Infinity,Infinity,Infinity,Infinity,Infinity,Infinity,Infinity,Infinity,Infinity,Infinity,Infinity,Infinity,Infinity,Infinity,Infinity,Infinity,Infinity,Infinity,Infinity,Infinity,Infinity,Infinity,Infinity,Infinity,Infinity,Infinity,Infinity,Infinity,Infinity,Infinity,Infinity,Infinity,Infinity,Infinity,Infinity,Infinity,Infinity,Infinity,Infinity,Infinity,Infinity,Infinity,Infinity,Infinity,Infinity,Infinity,Infinity,Infinity,Infinity,Infinity,Infinity,Infinity,Infinity,Infinity,Infinity,Infinity,Infinity,Infinity,Infinity,Infinity,Infinity,Infinity,Infinity,Infinity,Infinity,Infinity,Infinity,Infinity,Infinity,Infinity,Infinity,Infinity,Infinity,Infinity,Infinity,Infinity,Infinity,Infinity,Infinity,Infinity,Infinity,Infinity,Infinity,Infinity,Infinity,Infinity,Infinity,Infinity,Infinity,Infinity,Infinity,Infinity,Infinity,Infinity,Infinity,Infinity,Infinity,Infinity,Infinity,Infinity,Infinity,Infinity,Infinity,Infinity,Infinity,Infinity,Infinity,Infinity,Infinity,Infinity,Infinity,Infinity,Infinity,Infinity,Infinity,Infinity,Infinity,Infinity,Infinity,Infinity,Infinity,Infinity,Infinity,Infinity,Infinity,Infinity,Infinity,Infinity,Infinity,Infinity,Infinity,Infinity,Infinity,Infinity,Infinity,Infinity,Infinity,Infinity,Infinity,Infinity,Infinity,Infinity,Infinity,Infinity,Infinity,Infinity,Infinity,Infinity,Infinity,Infinity,Infinity,Infinity,Infinity,Infinity,Infinity,Infinity,Infinity,Infinity,Infinity,Infinity,Infinity,Infinity,Infinity,Infinity,Infinity,Infinity,Infinity,Infinity,Infinity,Infinity,Infinity,Infinity,Infinity,Infinity,Infinity,Infinity,Infinity,Infinity,Infinity,Infinity,Infinity,Infinity,Infinity,Infinity,Infinity,Infinity,Infinity,Infinity,Infinity,Infinity,Infinity,Infinity,Infinity,Infinity,Infinity,Infinity,Infinity,Infinity,Infinity,Infinity,Infinity,Infinity,Infinity,Infinity,Infinity,Infinity,Infinity,Infinity,Infinity,Infinity,Infinity,Infinity,Infinity,Infinity,Infinity,Infinity,Infinity,Infinity,Infinity,Infinity,Infinity,Infinity,Infinity,Infinity,Infinity,Infinity,Infinity,Infinity,Infinity,Infinity,Infinity,Infinity,Infinity,Infinity,Infinity,Infinity,Infinity,Infinity,Infinity,Infinity,Infinity,Infinity,Infinity,Infinity,Infinity,Infinity,Infinity,Infinity,Infinity,Infinity,Infinity,Infinity,Infinity,Infinity,Infinity,Infinity,Infinity,Infinity,Infinity,Infinity,Infinity,Infinity,Infinity,Infinity,Infinity,Infinity,Infinity,Infinity,Infinity,Infinity,Infinity,Infinity,Infinity,Infinity,Infinity,Infinity,Infinity,Infinity,Infinity,Infinity,Infinity,Infinity,Infinity,Infinity,Infinity,Infinity,Infinity] [0.0,0.0,0.0,0.0,0.0,0.0,0.0,0.0,0.0,0.0,0.0,0.0,0.0,0.0,0.0,0.0,0.0,0.0,0.0,0.0,0.0,0.0,0.0,0.0,0.0,0.0,0.0,0.0,0.0,0.0,0.0,0.0,0.0,0.0,0.0,0.0,0.0,0.0,0.0,0.0,0.0,0.0,0.0,0.0,0.0,0.0,0.0,0.0,0.0,0.0,0.0,0.0,0.0,0.0,0.0,0.0,0.0,0.0,0.0,0.0,0.0,0.0,0.0,0.0,0.0,0.0,0.0,0.0,0.0,0.0,0.0,0.0,0.0,0.0,0.0,0.0,0.0,0.0,0.0,0.0,0.0,0.0,0.0,0.0,0.0,0.0,0.0,0.0,0.0,0.0,0.0,0.0,0.0,0.0,0.0,0.0,0.0,0.0,0.0,0.0,0.0,0.0,0.0,0.0,0.0,0.0,0.0,0.0,0.0,0.0,0.0,0.0,0.0,0.0,0.0,0.0,0.0,0.0,0.0,0.0,0.0,0.0,0.0,0.0,0.0,0.0,0.0,0.0,0.0,0.0,0.0,0.0,0.0,0.0,0.0,0.0,0.0,0.0,0.0,0.0,0.0,0.0,0.0,0.0,0.0,0.0,0.0,0.0,0.0,0.0,0.0,0.0,0.0,0.0,0.0,0.0,0.0,0.0,0.0,0.0,0.0,0.0,0.0,0.0,0.0,0.0,0.0,0.0,0.0,0.0,0.0,0.0,0.0,0.0,0.0,0.0,0.0,0.0,0.0,0.0,0.0,0.0,0.0,0.0,0.0,0.0,0.0,0.0,0.0,0.0,0.0,0.0,0.0,0.0,0.0,0.0,0.0,0.0,0.0,0.0,0.0,0.0,0.0,0.0,0.0,0.0,0.0,0.0,0.0,0.0,0.0,0.0,0.0,0.0,0.0,0.0,0.0,0.0,0.0,0.0,0.0,0.0,0.0,0.0,0.0,0.0,0.0,0.0,0.0,0.0,0.0,0.0,0.0,0.0,0.0,0.0,0.0,0.0,0.0,0.0,0.0,0.0,0.0,0.0,0.0,0.0,0.0,0.0,0.0,0.0,0.0,0.0,0.0,0.0,0.0,0.0,0.0,0.0,0.0,0.0,0.0,0.0,0.0,0.0,0.0,0.0,0.0,0.0,0.0,0.0,0.0,0.0,0.0,0.0,0.0,0.0,0.0,0.0,0.0,0.0,0.0,0.0,0.0,0.0,0.0,0.0,0.0,0.0,0.0,0.0,0.0,0.0,0.0,0.0,0.0,0.0,0.0,0.0,0.0,0.0]
56223.632911645385 [0.0,0.0,0.0,0.0,0.0,0.0,0.0,0.0,0.0,0.0,0.0,0.0,0.0,0.0,0.0,0.0,0.0,0.0,0.0,0.0,0.0,0.0,0.0,0.0,0.0,0.0,0.0,0.0,0.0,0.0,0.0,0.0,0.0,0.0,0.0,0.0,0.0,0.0,0.0,0.0,0.0,0.0,0.0,0.0,0.0,0.0,0.0,0.0,0.0,0.0,0.0,0.0,0.0,0.0,0.0,0.0,0.0,0.0,0.0,0.0,0.0,0.0,0.0,0.0,0.0,0.0,0.0,0.0,0.0,0.0,0.0,0.0,0.0,0.0,0.0,0.0,0.0,0.0,0.0,0.0,0.0,0.0,0.0,0.0,0.0,0.0,0.0,0.0,0.0,0.0,0.0,0.0,0.0,0.0,0.0,0.0,0.0,0.0,0.0,0.0,0.0,0.0,0.0,0.0,0.0,0.0,0.0,0.0,0.0,0.0,0.0,0.0,0.0,0.0,0.0,0.0,0.0,0.0,0.0,0.0,0.0,0.0,0.0,0.0,0.0,0.0,0.0,0.0,0.0,0.0,0.0,0.0,0.0,0.0,0.0,0.0,0.0,0.0,0.0,0.0,114.73380943707642,70.4444507990586,38.21675415358183,23.664388938595117,26.50454705580774,40.35871852354166,65.4145643084163,78.51536537145546,65.4069120264443,72.93429512493479,75.88055987586405,91.24630669859674,124.51211827130933,130.11234358329094,142.69675437116067,153.8665542315602,149.582229864387,149.77351978964683,141.76338085841397,128.0491202758292,138.17634891788373,129.50247869887852,145.9118399240663,156.85966130474114,162.38493523006792,171.5530658128769,164.30049950601824,203.59658397507292,189.63195605257533,228.93724416172125,226.04935428067944,216.73132114155115,211.63438552291234,219.4094256938686,238.74730584501856,197.63496345551349,204.00269157432803,192.14783015689878,184.58532421608058,151.90091870426266,135.93216697826261,161.36238198164614,161.18710501443726,151.4970027629919,165.24094137216235,171.5992366091316,155.96593920472208,154.67765708418702,158.7983547928525,159.18469288042618,141.73190264393395,146.17190330127005,128.3870273367899,139.80143827491904,119.47928596159736,133.44346775123955,127.1888379738083,108.44415896241405,93.19939044983015,103.61260155788895,114.35255940752938,105.95607838609543,117.6921088964365,123.33668105555093,110.83703580858852,134.47719082219277,114.27071391957566,112.66191199660592,109.51772594513832,81.29845260068994,99.15013284056559,100.30120428852668,103.0949438988484,93.62056980666964,95.95093106499884,97.99538823804076,92.86189258406363,94.87404069842557,85.12533164856494,82.61391996743629,87.57247054396136,90.527793001181,77.02792369184834,74.37336945802551,66.14260756777104,68.90263439321157,69.99646812982752,75.36659473959365,73.09273742012692,78.1039541090987,71.98070710222939,80.19353770254892,77.3962511926475,71.96021420639059,67.7420685469268,67.9110653501602,64.60707915271185,64.70136466449692,68.53376080558796,63.80656076631506,63.03055132980978,57.574119041751615,57.25809120112861,55.16384124143202,53.87895515918975,53.8529292427216,47.626868718638335,51.65711699155547,49.859496074084895,44.44148315318296,45.110723391434234,43.729303041104195,38.122895840541396,39.60939133853738,38.70718575454456,37.302627968641865,33.597316568663885,29.203632249758915,31.560138153719258,29.405463624513313,27.68677338543168,27.701937281196567,27.48491451597838,26.76160737144886,27.61004134260464,31.058096452427566,30.828325347731923,31.035633155690533,31.340938585771287,30.19200543587472,28.530588254039888,26.14462719705249,28.456260011718516,28.040790399711955,23.551758909432042,24.569111861887855,24.41137302768084,20.160507228159496,21.55818561288643,22.37948202145564,21.266046714457264,25.15381106705478,28.258918643643657,26.552804325448868,24.25458613713134,23.372520996070424,23.402500299551466,19.26692065287954,18.72011689607206,15.190073968385448,11.140901662752391,7.461318219543964,8.628861973192816,7.8650226234108045,8.040786711534073,6.924886827217177,7.156878831677618,6.578051994740188,5.6920179545147125,5.037742945947943] [1311.2619900786005,1321.8202200865917,1332.463464547639,1343.19240799478,1354.0077404728797,1364.9101575830227,1375.9003605272408,1386.9790561536227,1398.1469570017646,1409.4047813486081,1420.7532532546286,1432.193102610412,1443.7250651835902,1455.3498826661717,1467.068302722235,1478.881079036026,1490.78897136042,1502.7927455657994,1514.8931736892998,1527.0910339844697,1539.3871109713293,1551.7821954868166,1564.2770847356642,1576.872582341659,1589.569498399342,1602.368649526097,1615.270858914685,1628.2769563861766,1641.3877784433362,1654.6041683244075,1667.9269760573632,1681.3570585145608,1694.895279467867,1708.5425096441993,1722.2996267815402,1736.1675156853773,1750.1470682856248,1764.2391836939755,1778.4447682617345,1792.7647356381167,1807.2000068289992,1821.7515102561672,1836.4201818170154,1851.2069649447558,1866.112810669078,1881.1386776773347,1896.285532376183,1911.5543489537563,1926.9461094423048,1942.4618037813711,1958.1024298814455,1973.8689936881608,1989.7625092469793,2005.7839987684179,2021.9344926937952,2038.215029761504,2054.626657073813,2071.1704301642176,2087.8474130653335,2104.6586783773164,2121.605307336866,2138.6883898867477,2155.9090247459117,2173.268319480143,2190.767390573309,2208.407363499154,2226.1893727937027,2244.1145621282076,2262.184084382728,2280.399101720259,2298.7607856614945,2317.2703171601615,2335.9288866789793,2354.7376942662327,2373.6979496329395,2392.810872230673,2412.077691329971,2431.4996460994216,2451.0779856853383,2470.813969292122,2490.7088662632277,2510.763956162824,2530.9805288580706,2551.359884602096,2571.9033341176064,2592.612198681206,2613.487810208354,2634.5315113390543,2655.7446555241822,2677.1286071125573,2698.6847414386757,2720.4144449111714,2742.319115101994,2764.4001608362782,2786.6590022829737,2809.097071046162,2831.715810257159,2854.5166746673017,2877.5011307415425,2900.67065675274,2924.0267428767575,2947.570891288285,2971.304616257478,2995.22944424732,3019.346914011829,3043.658576695001,3068.1659959305807,3092.870747942638,3117.7744216469364,3142.87861875312,3168.1849538677375,3193.695054598094,3219.410561656912,3245.333128967883,3271.4644237720117,3297.806126734876,3324.3599320546946,3351.1275475713155,3378.1106948760344,3405.3111094223436,3432.7305406375262,3460.3707520352004,3488.23352132871,3516.320640545493,3544.6339161423107,3573.1751691214417,3601.9462351478164,3630.9489646670518,3660.1852230244945,3689.6568905851636,3719.3658628547196,3749.3140506013438,3779.5033799786634,3809.935792649603,3840.6132459112973,3871.5377128209448,3902.7111823227383,3934.135659375755,3965.8131650829396,3997.7457368210635,4029.9354283717907,4062.3843100537392,4095.0944688556665,4128.068008570669,4161.3070499315045,4194.813730746993,4228.590206039511,4262.638648183577,4296.961247045588,4331.560210124669,4366.437762694626,4401.596147947099,4437.037627135803,4472.764479721992,4508.779003521039,4545.083514850253,4581.680348677821,4618.571858773019,4655.7604178575675,4693.248417758249,4731.038269560753,4769.132403764733,4807.533270440121,4846.243339384716,4885.265100283049,4924.601062866471,4964.253757074609,5004.22573321805,5044.519562142395,5085.137835393579,5126.08316538458,5167.3581855634,5208.965550582488,5250.907936469426,5293.188040799074,5335.808582867062,5378.772303864684,5422.081967055189,5465.740357951513,5509.7502844954415,5554.1145772382,5598.836089522486,5643.917697666003,5689.362301146471,5735.17282278806,5781.352208949439,5827.903429713208,5874.829479076986,5922.133375145914,5969.818160326825,6017.886901523867,6066.342690335802,6115.188643254807,6164.427901866934,6214.06363305417,6264.099029198114,6314.537308385285,6365.381714614103,6416.635518003553,6468.302015003491,6520.384528606639,6572.88640856233,6625.811031591967,6679.16180160615,6732.942149923667,6787.155535492116,6841.805445110439,6896.895393653112,6952.428924296275,7008.409608745552,7064.841047465831,7121.726869912778,7179.070734766296,7236.876330165845,7295.147373947643,7353.887613883764,7413.100827923194,7472.790824434837,7532.961442452409,7593.616551921397,7654.7600539479145,7716.395881049652,7778.527997408752,7841.160399126823,7904.2971144818985,7967.94220418758,8032.099761654146,8096.773913251861,8161.968818576374,8227.688670716232,8293.937696522553,8360.720156880894,8428.04034698531,8495.90259661459,8564.311270410717,8633.270768159597,8702.785525074065,8772.860012079082,8843.498736099358,8914.706240349144,8986.487104624512,9058.845945597834,9131.787417114787,9205.31621049359,9279.437054826807,9354.154717285446,9429.47400342559,9505.399757497484,9581.936862757088,9659.090241780126,9736.864856778713,9815.265709920519,9894.297843650465,9973.966341015032,10054.276325989182,10135.232963805956,10216.841461288606,10299.107067185563,10382.035072507933,10465.630810869876,10549.89965883156,10634.84703624505,10720.478406602804,10806.799277389146,10893.815200434417,10981.531772272076,11069.954634498676,11159.08947413668,11248.94202400021,11339.518063063782,11430.823416834026,11522.863957724268,11615.64560543233,11709.174327321158,11803.456138802712,11898.49710372478,11994.303334761045,12090.880993804161,12188.23629236214,12286.375491957784,12385.304904531427,12485.030892846919,12585.55987090084,12686.898304334996,12789.052710852275,12892.029660635888,12995.8357767719,13100.477735675182,13205.962267518828,13312.296156667053,13419.486242111492,13527.539417911097,13636.462633635434,13746.262894811807,13856.947263375758,13968.522858125163,14080.996855178266,14194.376488435144,14308.66905004285,14423.881890864615] 0.31126199007860056 [Infinity,Infinity,Infinity,Infinity,Infinity,Infinity,Infinity,Infinity,Infinity,Infinity,Infinity,Infinity,Infinity,Infinity,Infinity,Infinity,Infinity,Infinity,Infinity,Infinity,Infinity,Infinity,Infinity,Infinity,Infinity,Infinity,Infinity,Infinity,Infinity,Infinity,Infinity,Infinity,Infinity,Infinity,Infinity,Infinity,Infinity,Infinity,Infinity,Infinity,Infinity,Infinity,Infinity,Infinity,Infinity,Infinity,Infinity,Infinity,Infinity,Infinity,Infinity,Infinity,Infinity,Infinity,Infinity,Infinity,Infinity,Infinity,Infinity,Infinity,Infinity,Infinity,Infinity,Infinity,Infinity,Infinity,Infinity,Infinity,Infinity,Infinity,Infinity,Infinity,Infinity,Infinity,Infinity,Infinity,Infinity,Infinity,Infinity,Infinity,Infinity,Infinity,Infinity,Infinity,Infinity,Infinity,Infinity,Infinity,Infinity,Infinity,Infinity,Infinity,Infinity,Infinity,Infinity,Infinity,Infinity,Infinity,Infinity,Infinity,Infinity,Infinity,Infinity,Infinity,Infinity,Infinity,Infinity,Infinity,Infinity,Infinity,Infinity,Infinity,Infinity,Infinity,Infinity,Infinity,Infinity,Infinity,Infinity,Infinity,Infinity,Infinity,Infinity,Infinity,Infinity,Infinity,Infinity,Infinity,Infinity,Infinity,Infinity,Infinity,Infinity,Infinity,Infinity,Infinity,Infinity,Infinity,Infinity,Infinity,5.460374540415687,3.5774599261386633,1.957500336107828,1.222158218860147,1.3179016912056492,2.1169491524288953,3.185997409986169,3.880490839949188,3.753534440164907,3.3659504162225864,3.570730312221607,4.640990328147403,5.9007653223048315,6.650323081381083,6.913102164079807,7.104370658530874,7.422068953993166,7.590297129272072,7.3213801799903795,6.870532282260108,6.793981137633816,7.2753675756193035,7.865226809210415,8.145717948880336,8.230450103859178,8.399625782577672,8.784007811727887,9.391904501383182,10.09521097728333,10.53340364620791,10.493642218744288,10.407561973104517,10.75366219065161,11.217313109282758,11.177341826131427,10.642830593660006,10.049685049633073,9.440145245599371,8.46009815735807,7.289799239030617,6.822467785312159,7.281275274634785,7.739077024012398,7.725921239100908,7.754065854719114,8.043641453650725,8.136657427111057,7.897461349345197,7.810132502133513,7.949565646551004,7.771225210649765,7.21897749873732,6.796377458663585,6.664123287555256,6.675772563404003,6.564914967090056,6.093644632931303,5.492386897308757,5.100646586042453,5.119344505020186,5.530331150474334,6.020287421998075,6.371907491102335,6.484175690775198,6.377944796287708,6.116914827447969,5.760149763432823,5.399472095635406,5.139602780272153,4.940211464789978,4.778049537915513,4.788901302890784,4.844092484632009,4.709054806788945,4.66276425857657,4.754714413931749,4.653008917485905,4.4807597966438095,4.411043225708613,4.405406233289552,4.383122881996591,4.238942054131063,3.89092015135495,3.543040143896783,3.3688264097562373,3.3474830326946146,3.502046509769241,3.7260634204691785,3.8378367754576646,3.8728195413364213,3.8700488177671937,3.8231652810747563,3.711288467706228,3.6053892734482895,3.5334376664418423,3.4567290537862796,3.3491782116657234,3.3166806869255994,3.1690726813094168,2.909042696735041,2.940257390542835,2.83847068569407,2.7344643323323883,2.7472895567138975,2.704341710865157,2.5813190277572695,2.4960469942047934,2.4336396636962263,2.3961348032624263,2.356002044989885,2.2377368456461184,2.087047249244848,1.9774351639428218,2.0179911881844372,2.0749815475636817,1.9265509326790837,1.7085998722232705,1.5596125238880025,1.4059618841204764,1.425615184154568,1.396124529445737,1.4004093619337081,1.3828592171447192,1.3984259727696866,1.3947868340421388,1.498142010661231,1.5615930081789418,1.523368894152818,1.5065051372627762,1.525143093326482,1.4682188675072485,1.4298895784936838,1.3723274476765615,1.3373265611077532,1.228303379268825,1.2222928364228283,1.2637284219410114,1.0370757231488477,1.0543843108541224,1.1113943825820332,1.1013118365303043,1.271105217270596,1.3724580829451085,1.3281015282136541,1.231178635473484,1.2218943607613888,1.1514271414025443,1.0365033554473162,0.8800508921955009,0.7070039742937722,0.5602885232913113,0.37146789745345915,0.4014829580417829,0.38972954591513687,0.4369682097828254,0.3762747129706529,0.3828510808857547,0.2927358702539152,0.2858074830826264,0.26128940062625866] [0.0,0.0,0.0,0.0,0.0,0.0,0.0,0.0,0.0,0.0,0.0,0.0,0.0,0.0,0.0,0.0,0.0,0.0,0.0,0.0,0.0,0.0,0.0,0.0,0.0,0.0,0.0,0.0,0.0,0.0,0.0,0.0,0.0,0.0,0.0,0.0,0.0,0.0,0.0,0.0,0.0,0.0,0.0,0.0,0.0,0.0,0.0,0.0,0.0,0.0,0.0,0.0,0.0,0.0,0.0,0.0,0.0,0.0,0.0,0.0,0.0,0.0,0.0,0.0,0.0,0.0,0.0,0.0,0.0,0.0,0.0,0.0,0.0,0.0,0.0,0.0,0.0,0.0,0.0,0.0,0.0,0.0,0.0,0.0,0.0,0.0,0.0,0.0,0.0,0.0,0.0,0.0,0.0,0.0,0.0,0.0,0.0,0.0,0.0,0.0,0.0,0.0,0.0,0.0,0.0,0.0,0.0,0.0,0.0,0.0,0.0,0.0,0.0,0.0,0.0,0.0,0.0,0.0,0.0,0.0,0.0,0.0,0.0,0.0,0.0,0.0,0.0,0.0,0.0,0.0,0.0,0.0,0.0,0.0,0.0,0.0,0.0,0.0,0.0,0.0,5.526318628762679,-1.104747723714667,-0.9332525685747265,-0.7787754386078238,0.14651323169475858,-1.9802645250362407,1.6946161086929166,0.9055485724717008,-9.663776776853831,5.615286800483068,4.465953631431915,-1.573499864351319,6.496811825212701,-2.894118044330729,4.434711089564517,11.779141060942724,1.1408507845236864,-2.032422795794605,-4.664222741393619,-9.361525369372933,2.296726165207423,-16.00487281350755,-11.392696260142015,-6.054697672865556,-2.2240668471156293,3.560550161323441,-11.37965672853953,15.758493947409272,-12.272263493091268,18.269171237563057,16.17650990579367,8.580081679460783,-3.4388582901198608,-4.936836491786552,15.200469322390024,-15.221648417686648,3.008990581666545,3.3449252449113667,15.383361068919188,6.1049339236503135,-0.5171887279805785,15.736876488950436,6.405564534189286,-3.0214220190262333,10.159624277780082,10.726407536117074,-6.767209337499077,-3.271569902716919,2.5957047501822523,0.19337994940611256,-13.69260156906134,1.7923533265236669,-7.540521836481795,6.518972523813901,-14.0361653064827,2.1451684094384373,5.315945315182231,-1.40357898376109,-8.813541271018918,1.2257114574852506,3.7459363980427165,-14.449670053866086,-9.746040925610199,-6.346832759953045,-16.72186011716563,12.138894273233394,-0.9322813490808116,4.672470083897805,6.7256703396952755,-17.505776695109617,3.5891420822553166,4.523178230710991,6.213094206208219,-0.5605263291092674,2.695645893467448,2.901099959405785,-0.19828576565447,5.258844765549381,-3.095532865607324,-5.494204698354757,-0.08998709597045837,5.748951918559736,-0.7904793352506562,3.512566580089853,-1.2339206273537164,1.9529737393192779,-0.044462065557302005,0.8453263302100872,-3.6639980890263697,0.6475632823702683,-5.420269253114481,3.7302320810538,3.1704818385229308,-0.14757126257519454,-2.9266847819100366,-1.2235157255653883,-2.376485080602615,-1.632249074015062,5.152307179399629,5.625706831614238,4.225403518953086,0.8047053278702131,2.5688045544808427,0.21805010715406822,-0.20787905811338742,2.2265486875762117,-2.294071165457531,2.9843237176309425,1.9368000088363633,-2.67855774661474,0.3559864785118677,1.9883580562072336,-1.4258074383150399,-0.7504324251513688,-2.792445196729072,-1.228390684939809,-0.574680875801528,-1.9886182280011366,3.4409004713097264,0.8931599414219563,-0.23571720348305422,-0.30624995747759365,-0.17226982691600112,-1.2069120839448713,-0.2856953382381336,1.0952562392029455,-0.4035348158469105,0.5682552726341705,1.210835840515764,-0.31085643065492224,-0.8337890961050811,-2.453164372821185,1.0097110581872863,1.2942591775568937,-1.0143086759444568,0.12325513343128841,-0.8631954111393906,-0.5810072348174564,0.47049939580397854,0.1515943698149747,-0.7601900161488219,-0.2682932783571431,0.8097569847414852,-0.00922623882421606,-0.3689865723383379,-1.0653662191573516,0.3739574715005822,-1.4631464560667837,1.1190990521620419,1.0499944825100045,-0.06486880307383465,0.03196027047478139,0.5992028123571571,0.07043170510806747,-0.6985774841224341,-0.6006074321958814,-0.5001427860374753,0.7233345896618854,-0.024131707137815532,-0.1880450665772305]
56249.63023891657 [0.0,0.0,0.0,0.0,0.0,0.0,0.0,0.0,0.0,0.0,0.0,0.0,0.0,0.0,0.0,0.0,0.0,0.0,0.0,0.0,0.0,0.0,0.0,0.0,0.0,0.0,0.0,0.0,0.0,0.0,0.0,0.0,0.0,0.0,0.0,0.0,0.0,0.0,0.0,0.0,0.0,0.0,0.0,0.0,0.0,0.0,0.0,0.0,0.0,0.0,0.0,0.0,0.0,0.0,0.0,0.0,0.0,0.0,0.0,0.0,0.0,0.0,0.0,0.0,0.0,0.0,0.0,0.0,0.0,0.0,0.0,0.0,0.0,0.0,0.0,0.0,0.0,0.0,0.0,0.0,0.0,0.0,0.0,0.0,0.0,0.0,0.0,0.0,0.0,0.0,0.0,0.0,0.0,0.0,0.0,0.0,0.0,0.0,0.0,0.0,0.0,0.0,0.0,0.0,0.0,0.0,0.0,0.0,0.0,0.0,0.0,0.0,0.0,0.0,0.0,0.0,0.0,0.0,0.0,0.0,0.0,0.0,0.0,0.0,0.0,0.0,0.0,0.0,0.0,0.0,0.0,0.0,0.0,0.0,0.0,0.0,0.0,0.0,0.0,0.0,168.15062581875893,191.18116909450518,194.98667083115467,150.76015193848872,128.91051700650758,156.5491241767155,204.68787125325883,275.4759007432992,279.41110552607694,274.2203934699491,273.9311368526102,239.38566040480427,234.54289650284778,252.68224203602307,274.4201948680994,332.2674643814451,356.96113807600454,425.844055436675,484.37273185930445,615.5242109035592,678.6763154289617,659.5277805053769,588.6352080434087,500.29598650428187,391.9836816396046,347.1406302531724,364.03326179589584,429.790037063162,580.9086060772968,802.2082980205097,879.2605515854931,827.2547178624504,831.799315520628,726.4106805239147,687.5722206722688,848.5294330681731,785.3079013148171,772.1511701929257,755.4796342072826,824.7456982661346,725.2651964049221,572.5431154558555,455.2183801569528,493.55728587471924,461.63739696043547,552.2922370887555,665.761050278619,693.9611206389816,749.2598094943032,794.8136903627399,823.4387322045075,709.2298986930972,625.3021403742514,486.1753264986545,503.35021192959476,451.2035770007721,436.11578435119725,429.503660068533,451.9444908784942,425.30036027817823,405.04146250509456,380.63735344843536,459.4221800267447,513.1985850311901,586.4500108802227,628.2577306665379,556.4161099814181,516.8372990992341,428.8980358467179,393.1269483306337,487.697611022586,414.21547823303274,340.66520234679905,461.8609273102518,451.98595653366965,462.11920515239393,488.0431018748381,448.4971637678723,431.60355598641985,445.7651648270146,443.4018777760856,484.40188516421165,443.7767161414393,445.1260486111017,400.6384244619252,287.94660993504186,166.14161396755802,197.391451995537,296.17094497867635,377.8387629410207,349.8420427000916,315.84893002121566,284.0538341074206,291.9723561655887,286.63076279123754,256.2578831936129,238.1396997346515,217.03620458022795,227.98939837266047,203.76572272864462,194.97404528116058,159.49046175082606,169.38540989834271,172.89103929358544,142.77795409158082,142.62482295010122,138.64137681534964,141.73202280681917,137.27388632249634,113.14032210952746,95.19775865324935,91.0819136814745,95.62160646746317,91.1519343072685,91.48359201965272,89.33841357790638,110.83882980975122,113.83031324969664,116.23719387038685,99.55222837707161,85.91661238379794,86.31096255721513,64.5976365749257,64.15139890877954,67.54779185688744,81.75228144561474,108.94664165285141,119.9091468466531,116.39525614875734,116.0282523403052,126.65218853645358,103.69647687326959,81.5089141628925,80.14462112905176,70.95186229920564,62.191342537273506,55.21000001908133,52.95142970449491,47.673772009136044,47.36009702275811,42.00868030066402,36.81438599234328,33.63728477508837,30.790956668844892,27.89091596173435,26.805870039859997,23.849920136150836,25.73817001584707,23.621584930125753,22.53916586738304,24.263803124488508,21.206168275547416,20.44605521029553,19.67593623585638,19.135680618271447,19.349463497580164,20.257730253430243,21.327614079601133,20.02387931667596,21.52484847197802] [1311.2619900786005,1321.8202200865917,1332.463464547639,1343.19240799478,1354.0077404728797,1364.9101575830227,1375.9003605272408,1386.9790561536227,1398.1469570017646,1409.4047813486081,1420.7532532546286,1432.193102610412,1443.7250651835902,1455.3498826661717,1467.068302722235,1478.881079036026,1490.78897136042,1502.7927455657994,1514.8931736892998,1527.0910339844697,1539.3871109713293,1551.7821954868166,1564.2770847356642,1576.872582341659,1589.569498399342,1602.368649526097,1615.270858914685,1628.2769563861766,1641.3877784433362,1654.6041683244075,1667.9269760573632,1681.3570585145608,1694.895279467867,1708.5425096441993,1722.2996267815402,1736.1675156853773,1750.1470682856248,1764.2391836939755,1778.4447682617345,1792.7647356381167,1807.2000068289992,1821.7515102561672,1836.4201818170154,1851.2069649447558,1866.112810669078,1881.1386776773347,1896.285532376183,1911.5543489537563,1926.9461094423048,1942.4618037813711,1958.1024298814455,1973.8689936881608,1989.7625092469793,2005.7839987684179,2021.9344926937952,2038.215029761504,2054.626657073813,2071.1704301642176,2087.8474130653335,2104.6586783773164,2121.605307336866,2138.6883898867477,2155.9090247459117,2173.268319480143,2190.767390573309,2208.407363499154,2226.1893727937027,2244.1145621282076,2262.184084382728,2280.399101720259,2298.7607856614945,2317.2703171601615,2335.9288866789793,2354.7376942662327,2373.6979496329395,2392.810872230673,2412.077691329971,2431.4996460994216,2451.0779856853383,2470.813969292122,2490.7088662632277,2510.763956162824,2530.9805288580706,2551.359884602096,2571.9033341176064,2592.612198681206,2613.487810208354,2634.5315113390543,2655.7446555241822,2677.1286071125573,2698.6847414386757,2720.4144449111714,2742.319115101994,2764.4001608362782,2786.6590022829737,2809.097071046162,2831.715810257159,2854.5166746673017,2877.5011307415425,2900.67065675274,2924.0267428767575,2947.570891288285,2971.304616257478,2995.22944424732,3019.346914011829,3043.658576695001,3068.1659959305807,3092.870747942638,3117.7744216469364,3142.87861875312,3168.1849538677375,3193.695054598094,3219.410561656912,3245.333128967883,3271.4644237720117,3297.806126734876,3324.3599320546946,3351.1275475713155,3378.1106948760344,3405.3111094223436,3432.7305406375262,3460.3707520352004,3488.23352132871,3516.320640545493,3544.6339161423107,3573.1751691214417,3601.9462351478164,3630.9489646670518,3660.1852230244945,3689.6568905851636,3719.3658628547196,3749.3140506013438,3779.5033799786634,3809.935792649603,3840.6132459112973,3871.5377128209448,3902.7111823227383,3934.135659375755,3965.8131650829396,3997.7457368210635,4029.9354283717907,4062.3843100537392,4095.0944688556665,4128.068008570669,4161.3070499315045,4194.813730746993,4228.590206039511,4262.638648183577,4296.961247045588,4331.560210124669,4366.437762694626,4401.596147947099,4437.037627135803,4472.764479721992,4508.779003521039,4545.083514850253,4581.680348677821,4618.571858773019,4655.7604178575675,4693.248417758249,4731.038269560753,4769.132403764733,4807.533270440121,4846.243339384716,4885.265100283049,4924.601062866471,4964.253757074609,5004.22573321805,5044.519562142395,5085.137835393579,5126.08316538458,5167.3581855634,5208.965550582488,5250.907936469426,5293.188040799074,5335.808582867062,5378.772303864684,5422.081967055189,5465.740357951513,5509.7502844954415,5554.1145772382,5598.836089522486,5643.917697666003,5689.362301146471,5735.17282278806,5781.352208949439,5827.903429713208,5874.829479076986,5922.133375145914,5969.818160326825,6017.886901523867,6066.342690335802,6115.188643254807,6164.427901866934,6214.06363305417,6264.099029198114,6314.537308385285,6365.381714614103,6416.635518003553,6468.302015003491,6520.384528606639,6572.88640856233,6625.811031591967,6679.16180160615,6732.942149923667,6787.155535492116,6841.805445110439,6896.895393653112,6952.428924296275,7008.409608745552,7064.841047465831,7121.726869912778,7179.070734766296,7236.876330165845,7295.147373947643,7353.887613883764,7413.100827923194,7472.790824434837,7532.961442452409,7593.616551921397,7654.7600539479145,7716.395881049652,7778.527997408752,7841.160399126823,7904.2971144818985,7967.94220418758,8032.099761654146,8096.773913251861,8161.968818576374,8227.688670716232,8293.937696522553,8360.720156880894,8428.04034698531,8495.90259661459,8564.311270410717,8633.270768159597,8702.785525074065,8772.860012079082,8843.498736099358,8914.706240349144,8986.487104624512,9058.845945597834,9131.787417114787,9205.31621049359,9279.437054826807,9354.154717285446,9429.47400342559,9505.399757497484,9581.936862757088,9659.090241780126,9736.864856778713,9815.265709920519,9894.297843650465,9973.966341015032,10054.276325989182,10135.232963805956,10216.841461288606,10299.107067185563,10382.035072507933,10465.630810869876,10549.89965883156,10634.84703624505,10720.478406602804,10806.799277389146,10893.815200434417,10981.531772272076,11069.954634498676,11159.08947413668,11248.94202400021,11339.518063063782,11430.823416834026,11522.863957724268,11615.64560543233,11709.174327321158,11803.456138802712,11898.49710372478,11994.303334761045,12090.880993804161,12188.23629236214,12286.375491957784,12385.304904531427,12485.030892846919,12585.55987090084,12686.898304334996,12789.052710852275,12892.029660635888,12995.8357767719,13100.477735675182,13205.962267518828,13312.296156667053,13419.486242111492,13527.539417911097,13636.462633635434,13746.262894811807,13856.947263375758,13968.522858125163,14080.996855178266,14194.376488435144,14308.66905004285,14423.881890864615] 0.31126199007860056 [Infinity,Infinity,Infinity,Infinity,Infinity,Infinity,Infinity,Infinity,Infinity,Infinity,Infinity,Infinity,Infinity,Infinity,Infinity,Infinity,Infinity,Infinity,Infinity,Infinity,Infinity,Infinity,Infinity,Infinity,Infinity,Infinity,Infinity,Infinity,Infinity,Infinity,Infinity,Infinity,Infinity,Infinity,Infinity,Infinity,Infinity,Infinity,Infinity,Infinity,Infinity,Infinity,Infinity,Infinity,Infinity,Infinity,Infinity,Infinity,Infinity,Infinity,Infinity,Infinity,Infinity,Infinity,Infinity,Infinity,Infinity,Infinity,Infinity,Infinity,Infinity,Infinity,Infinity,Infinity,Infinity,Infinity,Infinity,Infinity,Infinity,Infinity,Infinity,Infinity,Infinity,Infinity,Infinity,Infinity,Infinity,Infinity,Infinity,Infinity,Infinity,Infinity,Infinity,Infinity,Infinity,Infinity,Infinity,Infinity,Infinity,Infinity,Infinity,Infinity,Infinity,Infinity,Infinity,Infinity,Infinity,Infinity,Infinity,Infinity,Infinity,Infinity,Infinity,Infinity,Infinity,Infinity,Infinity,Infinity,Infinity,Infinity,Infinity,Infinity,Infinity,Infinity,Infinity,Infinity,Infinity,Infinity,Infinity,Infinity,Infinity,Infinity,Infinity,Infinity,Infinity,Infinity,Infinity,Infinity,Infinity,Infinity,Infinity,Infinity,Infinity,Infinity,Infinity,Infinity,Infinity,Infinity,Infinity,Infinity,7.997322013138661,9.600241457715398,9.58897558566181,8.004393914633521,6.762181063791752,7.773411528971711,10.606606356225928,13.237814472405091,14.00392113710205,13.348122834887912,12.313776731429389,11.647438655446694,11.579860056147918,12.28903332740815,13.789038302495442,16.005177187619857,18.941987285711413,22.77324049538162,27.5504037336107,32.04795034960318,34.315024059738555,33.391469703834915,30.01433074822277,25.219618802509995,20.519733809298643,17.6196007541528,17.888154124842387,22.41297247012273,30.527994217786507,38.484375227377356,42.89885198109513,43.25567854504893,40.08103768754342,36.53826169519304,36.634058155130546,39.32748005979467,40.172937541393196,38.42376621845183,37.11065869408857,36.69913405973507,34.09288807584849,28.739688683655565,24.53376110735593,23.730045143533115,24.98958411301749,27.39679641808566,31.382241483133697,36.11545681030935,38.58712284258958,38.047764840256,37.039753740945834,35.74136904500938,31.740946370699625,26.354364944565553,23.483655841236974,22.605976238726495,21.41107946205627,20.845414414254314,21.722108523612665,21.47942731825169,19.68808473809854,19.948189139816076,22.850113613107396,26.411843619324078,29.31472051261743,30.43093588249217,28.56226123357913,24.75513969789193,22.117254638584377,21.72336515880511,22.51188402953527,20.954454312204625,19.18167119934597,21.87356733973311,24.21400492406023,23.530000865560222,22.54523171666974,21.41074910137176,20.41935821644563,21.33898221519166,22.809048128250005,22.939033657309874,21.641260015445987,20.95877978210567,19.567114278397668,12.906347390988444,8.603866719107957,10.673729282927063,15.162083855074238,17.167339610697212,16.87606771731425,16.3913656863919,15.764234842035162,15.058737222296113,14.26345245136333,13.284695948981636,12.182945707800155,11.455541122135728,10.757499682489465,9.93832337932485,9.651231173980552,8.856815240248402,8.268438022475452,8.001004136451773,7.485055612309532,7.34219604370696,7.266956292996149,7.019209308615485,6.495013940504585,5.76345921775505,4.983419882255994,4.350931186872073,4.49092459609121,4.557353581730335,4.590626667244251,4.931030597657424,5.503881738178658,5.6900285335443055,5.244363126088514,4.934503828602216,4.2000899004913865,4.037699038244587,3.418223554375024,2.9301150727595298,3.567212018927484,4.131480752027039,5.398027635691921,6.153769574186354,6.252280565506007,6.095342218504689,5.733268179388007,5.309024463428664,4.532211607396768,3.87487283630231,3.5057061987093987,3.137018392550491,2.800659495522445,2.7037422846321846,2.5513181692381095,2.3608738363439947,2.1499164919865903,1.9408600855495393,1.7895359902079004,1.645197291693567,1.561414259663406,1.420216548567645,1.359095680388298,1.360546650180107,1.3080764926555268,1.1915074486155306,1.118924367836685,1.0174537089747724,1.0009734562018775,0.9728591263354934,0.9478624728614384,1.0079367878754035,1.0457854582499433,1.054188073499453,1.0795802805850234,1.0589805499431912] [0.0,0.0,0.0,0.0,0.0,0.0,0.0,0.0,0.0,0.0,0.0,0.0,0.0,0.0,0.0,0.0,0.0,0.0,0.0,0.0,0.0,0.0,0.0,0.0,0.0,0.0,0.0,0.0,0.0,0.0,0.0,0.0,0.0,0.0,0.0,0.0,0.0,0.0,0.0,0.0,0.0,0.0,0.0,0.0,0.0,0.0,0.0,0.0,0.0,0.0,0.0,0.0,0.0,0.0,0.0,0.0,0.0,0.0,0.0,0.0,0.0,0.0,0.0,0.0,0.0,0.0,0.0,0.0,0.0,0.0,0.0,0.0,0.0,0.0,0.0,0.0,0.0,0.0,0.0,0.0,0.0,0.0,0.0,0.0,0.0,0.0,0.0,0.0,0.0,0.0,0.0,0.0,0.0,0.0,0.0,0.0,0.0,0.0,0.0,0.0,0.0,0.0,0.0,0.0,0.0,0.0,0.0,0.0,0.0,0.0,0.0,0.0,0.0,0.0,0.0,0.0,0.0,0.0,0.0,0.0,0.0,0.0,0.0,0.0,0.0,0.0,0.0,0.0,0.0,0.0,0.0,0.0,0.0,0.0,0.0,0.0,0.0,0.0,0.0,0.0,8.204185555985694,-0.8236600598027936,3.2071591179184646,-9.327726354181692,-6.333104269327451,1.0808935972812765,-7.444255871259699,10.719611295197373,-0.667317215964117,7.257936772190889,27.655602224022445,6.436887295870405,2.9456953798894108,6.901575487860081,-1.3605711818094546,12.163920629047949,-21.878607638223745,-29.620754470957408,-66.63534281290953,-25.434796088504452,-7.62416576580938,-8.301613571321504,-11.651406921046629,-4.096389545918054,-18.4109945463683,-5.2513848298835875,6.270179299048107,-18.469412339292667,-29.651278278433303,32.520793472962595,21.283511963590552,-37.85885303852818,30.17856176975963,-4.35455337994617,-45.10894243034211,61.979831872279924,-18.15084951304687,3.675845823889025,13.266460325511133,90.76301707143307,43.40743488795225,-2.250658217255828,-35.45684199016578,18.956383004056903,-38.154285299914335,4.356308727042385,38.116220615945025,-28.34801556720543,-22.482647357488254,33.85839355761988,82.6436573855908,-5.597482207090408,-9.51678703974104,-40.911972392656565,33.67709510485526,-0.9159477737578331,7.894195110071794,12.59537178344668,17.502320406240937,-4.288186086855615,11.279767743123788,-18.326429347886194,2.419907764596779,-15.038287355291482,0.15560062787412135,19.639013016694424,-14.829114690164436,21.73450514139546,-13.447056924969676,-41.340354845468454,37.459930431880586,-4.873608011059733,-42.968221640120376,24.38958051558954,-32.29414194753494,-8.480812158810519,37.13846754144327,20.282181740437075,23.216391657507224,18.985520523181354,-12.779084788914489,25.621212018014162,10.951515832519615,25.950452968988298,9.296138893971822,29.819662115272966,-5.935720414601108,-16.083133663004237,-7.070732122808401,34.491970727076506,12.32068835380667,-11.978383706622306,-31.23086273328265,-9.20238828033362,1.3617137639709465,-9.436035786019847,-5.519214421351579,-12.074617862486592,12.839404722871176,4.9992551421476445,1.9494218015495712,-17.645843054141967,4.016649448833677,12.870956564550012,-6.923158154609806,-4.219097924037995,-6.697749044573336,1.3478366345094501,7.373607512404642,-2.1288622455735347,-4.470638991870534,4.063289944033062,5.803114545638958,0.004862672661805544,-0.3289413252323039,-9.28219837524209,0.7611950461780792,0.029742578810520223,11.349931348616575,0.8621518050273048,1.9148143739702108,5.556981792323391,-3.7668345125747806,5.549097453588946,-3.7964485216622355,-0.8773335949260268,0.9860889390129889,-3.166244637073978,-8.650355161362816,-5.878592029788562,11.986824948693442,-2.484012395303687,-9.135317985042862,2.6471644030055583,0.8377383250176621,-0.5490253137363122,-0.8031898913675627,-1.1234159881487769,-3.3525913756261505,0.14262029587821404,-0.9896495390677889,-2.0028157186475073,-2.1534350290696436,-2.112989165026448,-3.337369231533766,-1.5984609314929041,-3.3319934716151245,-1.4727629877550634,-2.5399449229847835,-1.290983104927573,1.8853157677548114,0.8570940960519691,0.42658608625798083,0.21875370914651082,0.17843116104267887,-0.809272259927904,-0.6579789115686246,0.24385260961206806,-1.5677262950245094,0.3452374731141949]
56101.64615692882 [0.0,0.0,0.0,0.0,0.0,0.0,0.0,0.0,0.0,0.0,0.0,0.0,0.0,0.0,0.0,0.0,0.0,0.0,0.0,0.0,0.0,0.0,0.0,0.0,0.0,0.0,0.0,0.0,0.0,0.0,0.0,0.0,0.0,0.0,0.0,0.0,0.0,0.0,0.0,0.0,0.0,0.0,0.0,0.0,0.0,0.0,0.0,0.0,0.0,0.0,0.0,0.0,0.0,0.0,0.0,0.0,0.0,0.0,0.0,0.0,0.0,0.0,0.0,0.0,0.0,0.0,0.0,0.0,0.0,0.0,0.0,0.0,0.0,0.0,0.0,0.0,0.0,0.0,0.0,0.0,0.0,0.0,0.0,0.0,0.0,0.0,0.0,0.0,0.0,0.0,0.0,0.0,0.0,0.0,0.0,0.0,0.0,0.0,0.0,0.0,0.0,0.0,0.0,0.0,0.0,0.0,0.0,0.0,0.0,0.0,0.0,0.0,0.0,0.0,0.0,0.0,0.0,0.0,0.0,0.0,0.0,0.0,0.0,0.0,0.0,0.0,0.0,0.0,0.0,0.0,0.0,0.0,0.0,0.0,0.0,0.0,0.0,0.0,0.0,0.0,0.0,0.0,0.0,0.0,0.0,0.0,0.0,0.0,0.0,0.0,0.0,0.0,0.0,0.0,0.0,0.0,0.0,0.0,0.0,0.0,0.0,0.0,0.0,0.0,0.0,0.0,0.0,0.0,0.0,0.0,0.0,0.0,0.0,0.0,0.0,0.0,0.0,0.0,0.0,0.0,0.0,0.0,0.0,0.0,0.0,0.0,0.0,0.0,0.0,0.0,0.0,0.0,0.0,0.0,0.0,0.0,0.0,0.0,0.0,0.0,0.0,0.0,0.0,0.0,0.0,0.0,0.0,0.0,0.0,0.0,0.0,0.0,0.0,0.0,0.0,0.0,0.0,0.0,0.0,0.0,0.0,0.0,0.0,0.0,0.0,0.0,0.0,0.0,0.0,0.0,0.0,0.0,0.0,0.0,0.0,0.0,0.0,0.0,0.0,0.0,0.0,0.0,0.0,0.0,0.0,0.0,0.0,0.0,0.0,0.0,0.0,0.0,0.0,0.0,0.0,0.0,0.0,0.0,0.0,0.0,0.0,0.0,0.0,0.0,0.0,0.0,0.0,0.0,0.0,0.0,0.0,0.0,0.0,0.0,0.0,0.0,0.0,0.0,0.0,0.0,0.0,0.0,0.0,0.0,0.0,0.0,0.0,0.0,0.0,0.0,0.0,0.0,0.0,0.0,0.0,0.0,0.0,0.0,0.0,0.0] [1311.2619900786005,1321.8202200865917,1332.463464547639,1343.19240799478,1354.0077404728797,1364.9101575830227,1375.9003605272408,1386.9790561536227,1398.1469570017646,1409.4047813486081,1420.7532532546286,1432.193102610412,1443.7250651835902,1455.3498826661717,1467.068302722235,1478.881079036026,1490.78897136042,1502.7927455657994,1514.8931736892998,1527.0910339844697,1539.3871109713293,1551.7821954868166,1564.2770847356642,1576.872582341659,1589.569498399342,1602.368649526097,1615.270858914685,1628.2769563861766,1641.3877784433362,1654.6041683244075,1667.9269760573632,1681.3570585145608,1694.895279467867,1708.5425096441993,1722.2996267815402,1736.1675156853773,1750.1470682856248,1764.2391836939755,1778.4447682617345,1792.7647356381167,1807.2000068289992,1821.7515102561672,1836.4201818170154,1851.2069649447558,1866.112810669078,1881.1386776773347,1896.285532376183,1911.5543489537563,1926.9461094423048,1942.4618037813711,1958.1024298814455,1973.8689936881608,1989.7625092469793,2005.7839987684179,2021.9344926937952,2038.215029761504,2054.626657073813,2071.1704301642176,2087.8474130653335,2104.6586783773164,2121.605307336866,2138.6883898867477,2155.9090247459117,2173.268319480143,2190.767390573309,2208.407363499154,2226.1893727937027,2244.1145621282076,2262.184084382728,2280.399101720259,2298.7607856614945,2317.2703171601615,2335.9288866789793,2354.7376942662327,2373.6979496329395,2392.810872230673,2412.077691329971,2431.4996460994216,2451.0779856853383,2470.813969292122,2490.7088662632277,2510.763956162824,2530.9805288580706,2551.359884602096,2571.9033341176064,2592.612198681206,2613.487810208354,2634.5315113390543,2655.7446555241822,2677.1286071125573,2698.6847414386757,2720.4144449111714,2742.319115101994,2764.4001608362782,2786.6590022829737,2809.097071046162,2831.715810257159,2854.5166746673017,2877.5011307415425,2900.67065675274,2924.0267428767575,2947.570891288285,2971.304616257478,2995.22944424732,3019.346914011829,3043.658576695001,3068.1659959305807,3092.870747942638,3117.7744216469364,3142.87861875312,3168.1849538677375,3193.695054598094,3219.410561656912,3245.333128967883,3271.4644237720117,3297.806126734876,3324.3599320546946,3351.1275475713155,3378.1106948760344,3405.3111094223436,3432.7305406375262,3460.3707520352004,3488.23352132871,3516.320640545493,3544.6339161423107,3573.1751691214417,3601.9462351478164,3630.9489646670518,3660.1852230244945,3689.6568905851636,3719.3658628547196,3749.3140506013438,3779.5033799786634,3809.935792649603,3840.6132459112973,3871.5377128209448,3902.7111823227383,3934.135659375755,3965.8131650829396,3997.7457368210635,4029.9354283717907,4062.3843100537392,4095.0944688556665,4128.068008570669,4161.3070499315045,4194.813730746993,4228.590206039511,4262.638648183577,4296.961247045588,4331.560210124669,4366.437762694626,4401.596147947099,4437.037627135803,4472.764479721992,4508.779003521039,4545.083514850253,4581.680348677821,4618.571858773019,4655.7604178575675,4693.248417758249,4731.038269560753,4769.132403764733,4807.533270440121,4846.243339384716,4885.265100283049,4924.601062866471,4964.253757074609,5004.22573321805,5044.519562142395,5085.137835393579,5126.08316538458,5167.3581855634,5208.965550582488,5250.907936469426,5293.188040799074,5335.808582867062,5378.772303864684,5422.081967055189,5465.740357951513,5509.7502844954415,5554.1145772382,5598.836089522486,5643.917697666003,5689.362301146471,5735.17282278806,5781.352208949439,5827.903429713208,5874.829479076986,5922.133375145914,5969.818160326825,6017.886901523867,6066.342690335802,6115.188643254807,6164.427901866934,6214.06363305417,6264.099029198114,6314.537308385285,6365.381714614103,6416.635518003553,6468.302015003491,6520.384528606639,6572.88640856233,6625.811031591967,6679.16180160615,6732.942149923667,6787.155535492116,6841.805445110439,6896.895393653112,6952.428924296275,7008.409608745552,7064.841047465831,7121.726869912778,7179.070734766296,7236.876330165845,7295.147373947643,7353.887613883764,7413.100827923194,7472.790824434837,7532.961442452409,7593.616551921397,7654.7600539479145,7716.395881049652,7778.527997408752,7841.160399126823,7904.2971144818985,7967.94220418758,8032.099761654146,8096.773913251861,8161.968818576374,8227.688670716232,8293.937696522553,8360.720156880894,8428.04034698531,8495.90259661459,8564.311270410717,8633.270768159597,8702.785525074065,8772.860012079082,8843.498736099358,8914.706240349144,8986.487104624512,9058.845945597834,9131.787417114787,9205.31621049359,9279.437054826807,9354.154717285446,9429.47400342559,9505.399757497484,9581.936862757088,9659.090241780126,9736.864856778713,9815.265709920519,9894.297843650465,9973.966341015032,10054.276325989182,10135.232963805956,10216.841461288606,10299.107067185563,10382.035072507933,10465.630810869876,10549.89965883156,10634.84703624505,10720.478406602804,10806.799277389146,10893.815200434417,10981.531772272076,11069.954634498676,11159.08947413668,11248.94202400021,11339.518063063782,11430.823416834026,11522.863957724268,11615.64560543233,11709.174327321158,11803.456138802712,11898.49710372478,11994.303334761045,12090.880993804161,12188.23629236214,12286.375491957784,12385.304904531427,12485.030892846919,12585.55987090084,12686.898304334996,12789.052710852275,12892.029660635888,12995.8357767719,13100.477735675182,13205.962267518828,13312.296156667053,13419.486242111492,13527.539417911097,13636.462633635434,13746.262894811807,13856.947263375758,13968.522858125163,14080.996855178266,14194.376488435144,14308.66905004285,14423.881890864615] 0.31126199007860056 [Infinity,Infinity,Infinity,Infinity,Infinity,Infinity,Infinity,Infinity,Infinity,Infinity,Infinity,Infinity,Infinity,Infinity,Infinity,Infinity,Infinity,Infinity,Infinity,Infinity,Infinity,Infinity,Infinity,Infinity,Infinity,Infinity,Infinity,Infinity,Infinity,Infinity,Infinity,Infinity,Infinity,Infinity,Infinity,Infinity,Infinity,Infinity,Infinity,Infinity,Infinity,Infinity,Infinity,Infinity,Infinity,Infinity,Infinity,Infinity,Infinity,Infinity,Infinity,Infinity,Infinity,Infinity,Infinity,Infinity,Infinity,Infinity,Infinity,Infinity,Infinity,Infinity,Infinity,Infinity,Infinity,Infinity,Infinity,Infinity,Infinity,Infinity,Infinity,Infinity,Infinity,Infinity,Infinity,Infinity,Infinity,Infinity,Infinity,Infinity,Infinity,Infinity,Infinity,Infinity,Infinity,Infinity,Infinity,Infinity,Infinity,Infinity,Infinity,Infinity,Infinity,Infinity,Infinity,Infinity,Infinity,Infinity,Infinity,Infinity,Infinity,Infinity,Infinity,Infinity,Infinity,Infinity,Infinity,Infinity,Infinity,Infinity,Infinity,Infinity,Infinity,Infinity,Infinity,Infinity,Infinity,Infinity,Infinity,Infinity,Infinity,Infinity,Infinity,Infinity,Infinity,Infinity,Infinity,Infinity,Infinity,Infinity,Infinity,Infinity,Infinity,Infinity,Infinity,Infinity,Infinity,Infinity,Infinity,Infinity,Infinity,Infinity,Infinity,Infinity,Infinity,Infinity,Infinity,Infinity,Infinity,Infinity,Infinity,Infinity,Infinity,Infinity,Infinity,Infinity,Infinity,Infinity,Infinity,Infinity,Infinity,Infinity,Infinity,Infinity,Infinity,Infinity,Infinity,Infinity,Infinity,Infinity,Infinity,Infinity,Infinity,Infinity,Infinity,Infinity,Infinity,Infinity,Infinity,Infinity,Infinity,Infinity,Infinity,Infinity,Infinity,Infinity,Infinity,Infinity,Infinity,Infinity,Infinity,Infinity,Infinity,Infinity,Infinity,Infinity,Infinity,Infinity,Infinity,Infinity,Infinity,Infinity,Infinity,Infinity,Infinity,Infinity,Infinity,Infinity,Infinity,Infinity,Infinity,Infinity,Infinity,Infinity,Infinity,Infinity,Infinity,Infinity,Infinity,Infinity,Infinity,Infinity,Infinity,Infinity,Infinity,Infinity,Infinity,Infinity,Infinity,Infinity,Infinity,Infinity,Infinity,Infinity,Infinity,Infinity,Infinity,Infinity,Infinity,Infinity,Infinity,Infinity,Infinity,Infinity,Infinity,Infinity,Infinity,Infinity,Infinity,Infinity,Infinity,Infinity,Infinity,Infinity,Infinity,Infinity,Infinity,Infinity,Infinity,Infinity,Infinity,Infinity,Infinity,Infinity,Infinity,Infinity,Infinity,Infinity,Infinity,Infinity,Infinity,Infinity,Infinity,Infinity,Infinity,Infinity,Infinity,Infinity,Infinity,Infinity,Infinity,Infinity,Infinity,Infinity,Infinity,Infinity,Infinity,Infinity,Infinity,Infinity,Infinity,Infinity,Infinity,Infinity,Infinity,Infinity,Infinity,Infinity,Infinity,Infinity] [0.0,0.0,0.0,0.0,0.0,0.0,0.0,0.0,0.0,0.0,0.0,0.0,0.0,0.0,0.0,0.0,0.0,0.0,0.0,0.0,0.0,0.0,0.0,0.0,0.0,0.0,0.0,0.0,0.0,0.0,0.0,0.0,0.0,0.0,0.0,0.0,0.0,0.0,0.0,0.0,0.0,0.0,0.0,0.0,0.0,0.0,0.0,0.0,0.0,0.0,0.0,0.0,0.0,0.0,0.0,0.0,0.0,0.0,0.0,0.0,0.0,0.0,0.0,0.0,0.0,0.0,0.0,0.0,0.0,0.0,0.0,0.0,0.0,0.0,0.0,0.0,0.0,0.0,0.0,0.0,0.0,0.0,0.0,0.0,0.0,0.0,0.0,0.0,0.0,0.0,0.0,0.0,0.0,0.0,0.0,0.0,0.0,0.0,0.0,0.0,0.0,0.0,0.0,0.0,0.0,0.0,0.0,0.0,0.0,0.0,0.0,0.0,0.0,0.0,0.0,0.0,0.0,0.0,0.0,0.0,0.0,0.0,0.0,0.0,0.0,0.0,0.0,0.0,0.0,0.0,0.0,0.0,0.0,0.0,0.0,0.0,0.0,0.0,0.0,0.0,0.0,0.0,0.0,0.0,0.0,0.0,0.0,0.0,0.0,0.0,0.0,0.0,0.0,0.0,0.0,0.0,0.0,0.0,0.0,0.0,0.0,0.0,0.0,0.0,0.0,0.0,0.0,0.0,0.0,0.0,0.0,0.0,0.0,0.0,0.0,0.0,0.0,0.0,0.0,0.0,0.0,0.0,0.0,0.0,0.0,0.0,0.0,0.0,0.0,0.0,0.0,0.0,0.0,0.0,0.0,0.0,0.0,0.0,0.0,0.0,0.0,0.0,0.0,0.0,0.0,0.0,0.0,0.0,0.0,0.0,0.0,0.0,0.0,0.0,0.0,0.0,0.0,0.0,0.0,0.0,0.0,0.0,0.0,0.0,0.0,0.0,0.0,0.0,0.0,0.0,0.0,0.0,0.0,0.0,0.0,0.0,0.0,0.0,0.0,0.0,0.0,0.0,0.0,0.0,0.0,0.0,0.0,0.0,0.0,0.0,0.0,0.0,0.0,0.0,0.0,0.0,0.0,0.0,0.0,0.0,0.0,0.0,0.0,0.0,0.0,0.0,0.0,0.0,0.0,0.0,0.0,0.0,0.0,0.0,0.0,0.0,0.0,0.0,0.0,0.0,0.0,0.0,0.0,0.0,0.0,0.0,0.0,0.0,0.0,0.0,0.0,0.0,0.0,0.0,0.0,0.0,0.0,0.0,0.0,0.0]
56274.36177628265 [0.0,0.0,0.0,0.0,0.0,0.0,0.0,0.0,0.0,0.0,0.0,0.0,0.0,0.0,0.0,0.0,0.0,0.0,0.0,0.0,0.0,0.0,0.0,0.0,0.0,0.0,0.0,0.0,0.0,0.0,0.0,0.0,0.0,0.0,0.0,0.0,0.0,0.0,0.0,0.0,0.0,0.0,0.0,0.0,0.0,0.0,0.0,0.0,0.0,0.0,0.0,0.0,0.0,0.0,0.0,0.0,0.0,0.0,0.0,0.0,0.0,0.0,0.0,0.0,0.0,0.0,0.0,0.0,0.0,0.0,0.0,0.0,0.0,0.0,0.0,0.0,0.0,0.0,0.0,0.0,0.0,0.0,0.0,0.0,0.0,0.0,0.0,0.0,0.0,0.0,0.0,0.0,0.0,0.0,0.0,0.0,0.0,0.0,0.0,0.0,0.0,0.0,0.0,0.0,0.0,0.0,0.0,0.0,0.0,0.0,0.0,0.0,0.0,0.0,0.0,0.0,0.0,0.0,0.0,0.0,0.0,0.0,0.0,0.0,0.0,0.0,0.0,0.0,0.0,0.0,0.0,0.0,0.0,0.0,0.0,0.0,0.0,0.0,0.0,0.0,12.12928135849566,5.126335509640932,5.9843802823736585,14.646516242269465,19.560919882595766,15.105212143701872,3.134810375902903,-7.269825659244607,-9.367801980959864,-1.26043395375154,8.834562794158478,19.111492458956896,24.644539309132067,28.67338026953233,28.574911042776392,38.573314823247536,49.02669730112742,55.939265623802655,61.38282289870678,64.51286431653982,62.89153245378971,74.50260249454351,75.36613384705481,83.97860089436927,75.80919762315095,60.26272760398681,44.83320294835187,52.585728309651934,76.90514299287885,104.65335460539244,146.78746723898206,156.93848231919776,141.3931350070025,133.59253791070955,120.26586192115596,103.96007140923687,102.21532407917312,102.47978044413968,105.82938898928018,98.30760178287083,103.5205162871236,117.92896033741724,125.20048332956806,109.14747702478338,86.66416649664392,74.91829971316119,73.89000628022349,86.71242853832592,120.31330775136996,182.96939349098776,243.4358668857684,239.12111432426502,207.17150782363487,130.79712897393856,101.01902198821669,122.40023511413537,119.03443221743373,130.80800063654763,197.5702121656677,188.8619779863461,157.68421037774576,124.26278843028415,106.87842390504905,102.71332875247367,115.7378458988487,116.56707605159212,157.87583593368225,209.98839829472354,199.31971391960167,221.71199177749077,245.1053180821871,253.8309562024724,284.5350888514133,285.6065209873416,217.43362434918902,201.2271619419468,169.4373975257638,135.95052963042454,140.0304149883822,158.92077876611577,228.47252520314052,238.88253483609222,207.66315342828142,143.76506656873883,154.31140491378295,141.66622995388573,140.00787502491792,121.7835947631901,125.32935616567741,139.36360621239646,156.9844576861148,188.83643230650824,227.99371051573257,220.1365751712741,232.67798198917887,202.55564852968965,143.23437624572873,120.64634284064324,102.90255172241598,87.39588022701162,83.22018306369175,88.0256447484628,83.32765578227827,73.30663844392843,71.78369489552891,85.10958183464189,89.51814881687474,93.7735501428215,111.20772486784986,107.68270752232335,105.79695890612406,93.21733428262809,93.59018955204489,103.35202531193971,99.8161792288336,93.84992475843616,90.74437197317145,83.0652355448272,67.06057595625714,65.59568838903661,50.86339977162169,40.373544191651646,17.983485061093493,16.309136886245554,22.211189494944744,33.17411165353028,62.095865673003765,92.04044907233977,122.34273566829205,115.43163614766368,131.8303211755791,133.41721929245213,118.0190512246389,104.69843302578109,94.0635255596608,86.07385886850317,69.97771340886187,72.69350695139586,51.63905240044217,60.682808679274956,58.22722803244919,48.69255054868185,49.024946186797116,49.4829990905661,49.002297028932006,54.821057172451404,49.47033571189914,48.81952536080332,40.699119860337056,34.618168699949194,33.445601028255076,32.48886928764741,38.58490080978554,39.095647643196465,41.48059573921385,35.62066371861355,32.238673361752404,34.71517876447566,30.581262369730315,25.73373577975109] [1311.2619900786005,1321.8202200865917,1332.463464547639,1343.19240799478,1354.0077404728797,1364.9101575830227,1375.9003605272408,1386.9790561536227,1398.1469570017646,1409.4047813486081,1420.7532532546286,1432.193102610412,1443.7250651835902,1455.3498826661717,1467.068302722235,1478.881079036026,1490.78897136042,1502.7927455657994,1514.8931736892998,1527.0910339844697,1539.3871109713293,1551.7821954868166,1564.2770847356642,1576.872582341659,1589.569498399342,1602.368649526097,1615.270858914685,1628.2769563861766,1641.3877784433362,1654.6041683244075,1667.9269760573632,1681.3570585145608,1694.895279467867,1708.5425096441993,1722.2996267815402,1736.1675156853773,1750.1470682856248,1764.2391836939755,1778.4447682617345,1792.7647356381167,1807.2000068289992,1821.7515102561672,1836.4201818170154,1851.2069649447558,1866.112810669078,1881.1386776773347,1896.285532376183,1911.5543489537563,1926.9461094423048,1942.4618037813711,1958.1024298814455,1973.8689936881608,1989.7625092469793,2005.7839987684179,2021.9344926937952,2038.215029761504,2054.626657073813,2071.1704301642176,2087.8474130653335,2104.6586783773164,2121.605307336866,2138.6883898867477,2155.9090247459117,2173.268319480143,2190.767390573309,2208.407363499154,2226.1893727937027,2244.1145621282076,2262.184084382728,2280.399101720259,2298.7607856614945,2317.2703171601615,2335.9288866789793,2354.7376942662327,2373.6979496329395,2392.810872230673,2412.077691329971,2431.4996460994216,2451.0779856853383,2470.813969292122,2490.7088662632277,2510.763956162824,2530.9805288580706,2551.359884602096,2571.9033341176064,2592.612198681206,2613.487810208354,2634.5315113390543,2655.7446555241822,2677.1286071125573,2698.6847414386757,2720.4144449111714,2742.319115101994,2764.4001608362782,2786.6590022829737,2809.097071046162,2831.715810257159,2854.5166746673017,2877.5011307415425,2900.67065675274,2924.0267428767575,2947.570891288285,2971.304616257478,2995.22944424732,3019.346914011829,3043.658576695001,3068.1659959305807,3092.870747942638,3117.7744216469364,3142.87861875312,3168.1849538677375,3193.695054598094,3219.410561656912,3245.333128967883,3271.4644237720117,3297.806126734876,3324.3599320546946,3351.1275475713155,3378.1106948760344,3405.3111094223436,3432.7305406375262,3460.3707520352004,3488.23352132871,3516.320640545493,3544.6339161423107,3573.1751691214417,3601.9462351478164,3630.9489646670518,3660.1852230244945,3689.6568905851636,3719.3658628547196,3749.3140506013438,3779.5033799786634,3809.935792649603,3840.6132459112973,3871.5377128209448,3902.7111823227383,3934.135659375755,3965.8131650829396,3997.7457368210635,4029.9354283717907,4062.3843100537392,4095.0944688556665,4128.068008570669,4161.3070499315045,4194.813730746993,4228.590206039511,4262.638648183577,4296.961247045588,4331.560210124669,4366.437762694626,4401.596147947099,4437.037627135803,4472.764479721992,4508.779003521039,4545.083514850253,4581.680348677821,4618.571858773019,4655.7604178575675,4693.248417758249,4731.038269560753,4769.132403764733,4807.533270440121,4846.243339384716,4885.265100283049,4924.601062866471,4964.253757074609,5004.22573321805,5044.519562142395,5085.137835393579,5126.08316538458,5167.3581855634,5208.965550582488,5250.907936469426,5293.188040799074,5335.808582867062,5378.772303864684,5422.081967055189,5465.740357951513,5509.7502844954415,5554.1145772382,5598.836089522486,5643.917697666003,5689.362301146471,5735.17282278806,5781.352208949439,5827.903429713208,5874.829479076986,5922.133375145914,5969.818160326825,6017.886901523867,6066.342690335802,6115.188643254807,6164.427901866934,6214.06363305417,6264.099029198114,6314.537308385285,6365.381714614103,6416.635518003553,6468.302015003491,6520.384528606639,6572.88640856233,6625.811031591967,6679.16180160615,6732.942149923667,6787.155535492116,6841.805445110439,6896.895393653112,6952.428924296275,7008.409608745552,7064.841047465831,7121.726869912778,7179.070734766296,7236.876330165845,7295.147373947643,7353.887613883764,7413.100827923194,7472.790824434837,7532.961442452409,7593.616551921397,7654.7600539479145,7716.395881049652,7778.527997408752,7841.160399126823,7904.2971144818985,7967.94220418758,8032.099761654146,8096.773913251861,8161.968818576374,8227.688670716232,8293.937696522553,8360.720156880894,8428.04034698531,8495.90259661459,8564.311270410717,8633.270768159597,8702.785525074065,8772.860012079082,8843.498736099358,8914.706240349144,8986.487104624512,9058.845945597834,9131.787417114787,9205.31621049359,9279.437054826807,9354.154717285446,9429.47400342559,9505.399757497484,9581.936862757088,9659.090241780126,9736.864856778713,9815.265709920519,9894.297843650465,9973.966341015032,10054.276325989182,10135.232963805956,10216.841461288606,10299.107067185563,10382.035072507933,10465.630810869876,10549.89965883156,10634.84703624505,10720.478406602804,10806.799277389146,10893.815200434417,10981.531772272076,11069.954634498676,11159.08947413668,11248.94202400021,11339.518063063782,11430.823416834026,11522.863957724268,11615.64560543233,11709.174327321158,11803.456138802712,11898.49710372478,11994.303334761045,12090.880993804161,12188.23629236214,12286.375491957784,12385.304904531427,12485.030892846919,12585.55987090084,12686.898304334996,12789.052710852275,12892.029660635888,12995.8357767719,13100.477735675182,13205.962267518828,13312.296156667053,13419.486242111492,13527.539417911097,13636.462633635434,13746.262894811807,13856.947263375758,13968.522858125163,14080.996855178266,14194.376488435144,14308.66905004285,14423.881890864615] 0.31126199007860056 [Infinity,Infinity,Infinity,Infinity,Infinity,Infinity,Infinity,Infinity,Infinity,Infinity,Infinity,Infinity,Infinity,Infinity,Infinity,Infinity,Infinity,Infinity,Infinity,Infinity,Infinity,Infinity,Infinity,Infinity,Infinity,Infinity,Infinity,Infinity,Infinity,Infinity,Infinity,Infinity,Infinity,Infinity,Infinity,Infinity,Infinity,Infinity,Infinity,Infinity,Infinity,Infinity,Infinity,Infinity,Infinity,Infinity,Infinity,Infinity,Infinity,Infinity,Infinity,Infinity,Infinity,Infinity,Infinity,Infinity,Infinity,Infinity,Infinity,Infinity,Infinity,Infinity,Infinity,Infinity,Infinity,Infinity,Infinity,Infinity,Infinity,Infinity,Infinity,Infinity,Infinity,Infinity,Infinity,Infinity,Infinity,Infinity,Infinity,Infinity,Infinity,Infinity,Infinity,Infinity,Infinity,Infinity,Infinity,Infinity,Infinity,Infinity,Infinity,Infinity,Infinity,Infinity,Infinity,Infinity,Infinity,Infinity,Infinity,Infinity,Infinity,Infinity,Infinity,Infinity,Infinity,Infinity,Infinity,Infinity,Infinity,Infinity,Infinity,Infinity,Infinity,Infinity,Infinity,Infinity,Infinity,Infinity,Infinity,Infinity,Infinity,Infinity,Infinity,Infinity,Infinity,Infinity,Infinity,Infinity,Infinity,Infinity,Infinity,Infinity,Infinity,Infinity,Infinity,Infinity,Infinity,Infinity,Infinity,Infinity,0.5868169587766406,0.2653088787250001,0.30451274657398264,0.6966784064929957,1.0017158509250224,0.7820990377439595,0.15600110737929856,0.38049293043447874,0.41882312641449654,0.06178440511115694,0.4420756735311853,0.9068713750201308,1.2570212100008193,1.4423432550409403,1.5713406309265423,1.841659589880995,2.3159611369625455,2.7679014939385764,2.963496302505591,3.0223083468588436,3.258494415960411,3.7422132195234203,4.130889550667646,4.096879072341021,3.641722369197898,2.895375754555627,2.3113869053221174,2.607838874136818,3.978649373476961,5.66314925608818,6.91261919704657,7.461088597921831,7.206803860967206,6.461973101338707,5.71036189408002,5.188509760687907,4.95640552530607,4.9627032607500485,5.04802432195689,5.169122366695224,5.4397485864465285,5.78440025315383,5.8132808013962425,5.328635096929171,4.524588775596987,3.757185924567749,3.5911680930650958,4.409077063647574,6.2502132269121535,8.788696017876623,11.220747142822166,12.18187795144987,9.970907421512948,6.2853348065330525,5.057440087535409,5.714612127362062,5.9002864823271315,6.728909960157902,9.097398820626998,10.077563556926089,8.413218075077264,6.425828707195005,5.300749966488464,5.0175999491883845,5.187797197143576,5.761106119914871,7.759102419207599,10.294486296273616,10.877417089412635,10.769160862311077,11.797835393189498,13.404344780453759,14.373044889967556,13.666444188367644,12.093757676299001,10.288339502407416,8.235667313625159,6.963908376116538,7.390214354093809,9.413308865139701,11.592236463798852,12.074396120857216,9.828398783116942,7.5414712291071755,7.013310968878974,6.876763338756136,6.529116790221801,6.265160247703054,6.5392858273057115,6.684648908460287,7.782903176466283,10.01470075619319,10.890705141752386,11.292686348534074,11.174310759654926,9.730038867259704,7.725040388373015,6.029275374647558,5.025632443250611,4.569524413858973,4.336850879051092,4.3322395334368995,4.17613837831116,3.8504913793901947,3.846936254677695,4.304158128941595,4.530904621487374,4.604225237331568,4.965501336281639,5.468443623737284,5.39986066833743,4.77726715528319,4.8951638063352565,5.221214019120215,5.215150185670828,4.992326991428285,4.625334303187213,4.202492451238777,3.806925598344838,3.155460059293343,2.7035698250851428,2.148072826872873,0.92623854377614,0.8616256056515095,1.0204657199926577,1.648611468461403,3.235450401808413,4.850158952835341,5.6181277103603104,6.214439443004178,6.613522820053572,6.314408327606455,5.797219739554958,5.073092948878536,4.516457133794077,4.440844477312945,3.756712442323688,3.5050312658249765,2.593683181342083,2.8852709961330403,2.7534021365411863,2.5843440101395774,2.4489633727235636,2.6023323158195395,2.652107704265183,2.541324971804946,2.505734402365709,2.3333110432907107,1.8811605672454736,1.6627104020989916,1.6294800225536001,1.623978123531701,1.7887626241550116,1.9375006398668801,1.9932148648113528,1.8475481820041044,1.7207420909922604,1.6745961311515516,1.6339911885790932,1.3280751120888932] [0.0,0.0,0.0,0.0,0.0,0.0,0.0,0.0,0.0,0.0,0.0,0.0,0.0,0.0,0.0,0.0,0.0,0.0,0.0,0.0,0.0,0.0,0.0,0.0,0.0,0.0,0.0,0.0,0.0,0.0,0.0,0.0,0.0,0.0,0.0,0.0,0.0,0.0,0.0,0.0,0.0,0.0,0.0,0.0,0.0,0.0,0.0,0.0,0.0,0.0,0.0,0.0,0.0,0.0,0.0,0.0,0.0,0.0,0.0,0.0,0.0,0.0,0.0,0.0,0.0,0.0,0.0,0.0,0.0,0.0,0.0,0.0,0.0,0.0,0.0,0.0,0.0,0.0,0.0,0.0,0.0,0.0,0.0,0.0,0.0,0.0,0.0,0.0,0.0,0.0,0.0,0.0,0.0,0.0,0.0,0.0,0.0,0.0,0.0,0.0,0.0,0.0,0.0,0.0,0.0,0.0,0.0,0.0,0.0,0.0,0.0,0.0,0.0,0.0,0.0,0.0,0.0,0.0,0.0,0.0,0.0,0.0,0.0,0.0,0.0,0.0,0.0,0.0,0.0,0.0,0.0,0.0,0.0,0.0,0.0,0.0,0.0,0.0,0.0,0.0,0.3929421829628487,-0.1798420648590698,-0.10587464910599446,0.7129481124095501,-0.47339713590467974,-0.5367686111773194,0.014788228316931678,0.34003294944496826,-0.9913394526699338,-0.024745851528401287,-0.0069506764652282815,0.97406495855428,-0.4958848908843193,-0.1734848312864757,-2.851901575754454,1.7401230256276314,2.7074745618765084,0.5812357450311252,2.11289684859496,4.066697379362942,-2.2783558654185017,-0.3416618959249029,-7.251657166298114,2.041019447548855,2.974750239192979,2.355212512874273,-1.3945351580904868,0.4289508269155757,-2.6678444766603584,-8.609630516371157,8.535083298050665,7.71671036076115,-2.742942212341599,4.353075883935415,6.058624039555569,0.18987619547872983,3.0872135730517103,3.2257152291386957,4.868902550142368,-5.074845551033648,-5.274455441806979,2.240955274340639,8.934867301643207,2.574775086199959,-3.827609015295826,-0.2254187781937892,2.066644418921574,-1.4691127346255712,-4.690956786873098,7.195473133455294,19.020924029325084,-4.516444704732388,7.753359393375919,5.090432843277505,-0.12977976249148712,8.107992566894124,1.0287025708911022,-3.7701985666104276,15.62223575312773,-12.689293152175686,-10.58015112379952,-4.253785713615952,0.8634245752797618,2.3613297687059824,11.981901955977177,1.3449536532947088,2.6937875495302697,4.098672369251201,-18.228627868651028,6.3287745312692385,9.14861021839713,-14.255939406602737,-2.925808947937815,12.277637219988742,-24.441529176791008,-4.539628106201514,4.724051253260617,-3.327637891906224,-7.773872093493956,-29.34539853667827,-3.3722040728365084,-2.6053875810521037,11.095177765942585,-7.0643580134046795,14.045185536203471,4.130963178763021,9.425539220481896,-3.5196101908709974,-5.456360380436813,5.670628043190726,1.3263941567891553,-11.457582817355567,10.179607680684857,-5.717151799407402,9.191766796080355,7.954871184495585,-11.266431521731578,0.06083534769209015,2.389902857403756,-3.994608050167837,-3.5168345173300835,1.3808540797248183,-0.19511178394493514,-3.703189143875469,-5.155030198024984,-0.9735807441900097,-1.099943612872736,1.6890453961901455,11.8976981422171,-1.6861649524223168,-2.2002544606245373,-2.3280088230357157,-4.313086574660242,-1.0722550704645983,-4.4868244845829635,-5.996615070129534,-1.7623140905727948,-0.984613479948354,-9.077936010639622,2.4864872031697476,-3.2079967300811676,-2.5879123458058144,-0.5412858144293096,-0.9233752267846354,1.8018750950915872,0.20188228430221924,-2.61314236316449,-4.962729984367044,9.980181461085836,-8.857152712419882,-0.4401352254923509,7.129052740323044,2.074656433539742,3.2365740482103726,3.734382883779264,-2.7430306777557227,-5.156535437611888,2.5928816348963233,-0.23461122639949356,2.9773887566141557,3.159185301625464,-2.9943296541096958,0.04567873232584746,-2.5636472258246887,-4.039857056371656,3.9945577363524807,-0.644352335415045,2.1533044949891,3.075908515427583,1.3639606579693642,0.8560005771830732,0.009306817013387559,2.8096483266853087,0.3456348458588624,1.6162984429867862,-1.3302999214685367,-2.176168458092803,1.2232561414446266,-2.098561401851551,-0.8277664620267722]
56253.662599703785 [0.0,0.0,0.0,0.0,0.0,0.0,0.0,0.0,0.0,0.0,0.0,0.0,0.0,0.0,0.0,0.0,0.0,0.0,0.0,0.0,0.0,0.0,0.0,0.0,0.0,0.0,0.0,0.0,0.0,0.0,0.0,0.0,0.0,0.0,0.0,0.0,0.0,0.0,0.0,0.0,0.0,0.0,0.0,0.0,0.0,0.0,0.0,0.0,0.0,0.0,0.0,0.0,0.0,0.0,0.0,0.0,0.0,0.0,0.0,0.0,0.0,0.0,0.0,0.0,0.0,0.0,0.0,0.0,0.0,0.0,0.0,0.0,0.0,0.0,0.0,0.0,0.0,0.0,0.0,0.0,0.0,0.0,0.0,0.0,0.0,0.0,0.0,0.0,0.0,0.0,0.0,0.0,0.0,0.0,0.0,0.0,0.0,0.0,0.0,0.0,0.0,0.0,0.0,0.0,0.0,0.0,0.0,0.0,0.0,0.0,0.0,0.0,0.0,0.0,0.0,0.0,0.0,0.0,0.0,0.0,0.0,0.0,0.0,0.0,0.0,0.0,0.0,0.0,0.0,0.0,0.0,0.0,0.0,0.0,0.0,0.0,0.0,0.0,0.0,0.0,105.93745560802512,60.582234695362175,25.92280891856198,30.12895303648466,58.10610612834735,112.78119464612492,152.98637996490223,201.47731972324956,218.59423888462342,215.04861033397162,200.4496758384088,166.39348808032625,167.60863358125442,175.9464091685245,198.48124654645633,252.41525682499645,304.64331349956166,408.0475555112869,364.7677710541525,394.83246121894314,430.5722648906543,503.80234283601527,528.3433649697558,480.07808305777075,382.66224686655573,207.17581146472824,201.35055437312974,300.41157111230615,513.988574950337,698.1579676616685,772.1431881419209,724.0561282104238,675.3181994950538,537.7342510921578,468.26469509648723,629.7291980982069,580.551901946126,625.5848802745448,620.9348178530826,611.6881822681347,598.2720044186731,552.9016049549189,440.3554834050123,384.1398756053155,374.3314837406457,395.4461567343536,503.4480807810548,600.1360691445128,710.4430972037254,732.1095602964393,729.4621777283356,691.0270312697331,573.4500263891307,425.3450129154518,372.66041416323543,401.48554338979557,359.885049584317,375.8423816703519,409.6934492345366,361.78241484782365,334.07191330521596,341.5804346207573,387.9773423149802,409.06965404505377,459.00097488194376,520.0582297217913,546.4001995939643,451.9601458417885,435.73152663305706,446.08140637698443,429.73052149638255,406.4602201599858,374.992885349385,380.4100728722084,418.83050761984566,396.49006797236785,350.11193496126793,319.7156926889122,353.51030806973387,386.31365976037955,404.8503439317818,396.63328595637313,393.74072779136526,362.7672530250033,336.75629105996745,210.66783149099084,139.34302897074969,199.43056683012333,248.08377969906346,277.0935349008911,295.30814117401144,260.34322013051445,274.576664086563,267.79605561004405,255.59210231869773,240.64915442425672,204.57479714973073,196.29753614364856,161.23438678831377,166.55698634936556,149.25260811207988,141.1777889225427,132.1792931189346,112.5234136370295,124.07777254697362,121.85298022405571,118.73437439459093,114.31826122077288,116.59833887531082,104.45412792467775,87.34493708931222,81.66330727397636,73.13509428612183,73.62650973039655,69.54176761612976,73.85330302903415,85.59088952498836,81.94878586062433,77.01462103060281,80.26317303836838,77.98310323798181,57.81455531320116,42.80712707535749,40.91452749910322,56.75358894361269,71.06114763527523,79.50164429906775,106.0391181300512,123.876123841796,119.2307273270517,115.55673028254408,107.08152432299029,81.8769033717354,74.24503127096307,66.7060269623916,58.43903562211655,50.311273334922454,53.88108794017246,40.74662632245175,41.08957910325199,37.664256214002094,33.223724470243155,29.70791815234103,28.155791694428938,27.411457388127253,23.159942141208205,23.824396295333237,26.240648630817148,23.90787520794052,23.881178258992115,24.301282167033072,17.753195213783503,17.63683688739426,19.71320675972692,16.905544330308924,16.29945859324453,15.113505286747843,15.764002569977901,14.070569500315692,15.659110385656824] [1311.2619900786005,1321.8202200865917,1332.463464547639,1343.19240799478,1354.0077404728797,1364.9101575830227,1375.9003605272408,1386.9790561536227,1398.1469570017646,1409.4047813486081,1420.7532532546286,1432.193102610412,1443.7250651835902,1455.3498826661717,1467.068302722235,1478.881079036026,1490.78897136042,1502.7927455657994,1514.8931736892998,1527.0910339844697,1539.3871109713293,1551.7821954868166,1564.2770847356642,1576.872582341659,1589.569498399342,1602.368649526097,1615.270858914685,1628.2769563861766,1641.3877784433362,1654.6041683244075,1667.9269760573632,1681.3570585145608,1694.895279467867,1708.5425096441993,1722.2996267815402,1736.1675156853773,1750.1470682856248,1764.2391836939755,1778.4447682617345,1792.7647356381167,1807.2000068289992,1821.7515102561672,1836.4201818170154,1851.2069649447558,1866.112810669078,1881.1386776773347,1896.285532376183,1911.5543489537563,1926.9461094423048,1942.4618037813711,1958.1024298814455,1973.8689936881608,1989.7625092469793,2005.7839987684179,2021.9344926937952,2038.215029761504,2054.626657073813,2071.1704301642176,2087.8474130653335,2104.6586783773164,2121.605307336866,2138.6883898867477,2155.9090247459117,2173.268319480143,2190.767390573309,2208.407363499154,2226.1893727937027,2244.1145621282076,2262.184084382728,2280.399101720259,2298.7607856614945,2317.2703171601615,2335.9288866789793,2354.7376942662327,2373.6979496329395,2392.810872230673,2412.077691329971,2431.4996460994216,2451.0779856853383,2470.813969292122,2490.7088662632277,2510.763956162824,2530.9805288580706,2551.359884602096,2571.9033341176064,2592.612198681206,2613.487810208354,2634.5315113390543,2655.7446555241822,2677.1286071125573,2698.6847414386757,2720.4144449111714,2742.319115101994,2764.4001608362782,2786.6590022829737,2809.097071046162,2831.715810257159,2854.5166746673017,2877.5011307415425,2900.67065675274,2924.0267428767575,2947.570891288285,2971.304616257478,2995.22944424732,3019.346914011829,3043.658576695001,3068.1659959305807,3092.870747942638,3117.7744216469364,3142.87861875312,3168.1849538677375,3193.695054598094,3219.410561656912,3245.333128967883,3271.4644237720117,3297.806126734876,3324.3599320546946,3351.1275475713155,3378.1106948760344,3405.3111094223436,3432.7305406375262,3460.3707520352004,3488.23352132871,3516.320640545493,3544.6339161423107,3573.1751691214417,3601.9462351478164,3630.9489646670518,3660.1852230244945,3689.6568905851636,3719.3658628547196,3749.3140506013438,3779.5033799786634,3809.935792649603,3840.6132459112973,3871.5377128209448,3902.7111823227383,3934.135659375755,3965.8131650829396,3997.7457368210635,4029.9354283717907,4062.3843100537392,4095.0944688556665,4128.068008570669,4161.3070499315045,4194.813730746993,4228.590206039511,4262.638648183577,4296.961247045588,4331.560210124669,4366.437762694626,4401.596147947099,4437.037627135803,4472.764479721992,4508.779003521039,4545.083514850253,4581.680348677821,4618.571858773019,4655.7604178575675,4693.248417758249,4731.038269560753,4769.132403764733,4807.533270440121,4846.243339384716,4885.265100283049,4924.601062866471,4964.253757074609,5004.22573321805,5044.519562142395,5085.137835393579,5126.08316538458,5167.3581855634,5208.965550582488,5250.907936469426,5293.188040799074,5335.808582867062,5378.772303864684,5422.081967055189,5465.740357951513,5509.7502844954415,5554.1145772382,5598.836089522486,5643.917697666003,5689.362301146471,5735.17282278806,5781.352208949439,5827.903429713208,5874.829479076986,5922.133375145914,5969.818160326825,6017.886901523867,6066.342690335802,6115.188643254807,6164.427901866934,6214.06363305417,6264.099029198114,6314.537308385285,6365.381714614103,6416.635518003553,6468.302015003491,6520.384528606639,6572.88640856233,6625.811031591967,6679.16180160615,6732.942149923667,6787.155535492116,6841.805445110439,6896.895393653112,6952.428924296275,7008.409608745552,7064.841047465831,7121.726869912778,7179.070734766296,7236.876330165845,7295.147373947643,7353.887613883764,7413.100827923194,7472.790824434837,7532.961442452409,7593.616551921397,7654.7600539479145,7716.395881049652,7778.527997408752,7841.160399126823,7904.2971144818985,7967.94220418758,8032.099761654146,8096.773913251861,8161.968818576374,8227.688670716232,8293.937696522553,8360.720156880894,8428.04034698531,8495.90259661459,8564.311270410717,8633.270768159597,8702.785525074065,8772.860012079082,8843.498736099358,8914.706240349144,8986.487104624512,9058.845945597834,9131.787417114787,9205.31621049359,9279.437054826807,9354.154717285446,9429.47400342559,9505.399757497484,9581.936862757088,9659.090241780126,9736.864856778713,9815.265709920519,9894.297843650465,9973.966341015032,10054.276325989182,10135.232963805956,10216.841461288606,10299.107067185563,10382.035072507933,10465.630810869876,10549.89965883156,10634.84703624505,10720.478406602804,10806.799277389146,10893.815200434417,10981.531772272076,11069.954634498676,11159.08947413668,11248.94202400021,11339.518063063782,11430.823416834026,11522.863957724268,11615.64560543233,11709.174327321158,11803.456138802712,11898.49710372478,11994.303334761045,12090.880993804161,12188.23629236214,12286.375491957784,12385.304904531427,12485.030892846919,12585.55987090084,12686.898304334996,12789.052710852275,12892.029660635888,12995.8357767719,13100.477735675182,13205.962267518828,13312.296156667053,13419.486242111492,13527.539417911097,13636.462633635434,13746.262894811807,13856.947263375758,13968.522858125163,14080.996855178266,14194.376488435144,14308.66905004285,14423.881890864615] 0.31126199007860056 [Infinity,Infinity,Infinity,Infinity,Infinity,Infinity,Infinity,Infinity,Infinity,Infinity,Infinity,Infinity,Infinity,Infinity,Infinity,Infinity,Infinity,Infinity,Infinity,Infinity,Infinity,Infinity,Infinity,Infinity,Infinity,Infinity,Infinity,Infinity,Infinity,Infinity,Infinity,Infinity,Infinity,Infinity,Infinity,Infinity,Infinity,Infinity,Infinity,Infinity,Infinity,Infinity,Infinity,Infinity,Infinity,Infinity,Infinity,Infinity,Infinity,Infinity,Infinity,Infinity,Infinity,Infinity,Infinity,Infinity,Infinity,Infinity,Infinity,Infinity,Infinity,Infinity,Infinity,Infinity,Infinity,Infinity,Infinity,Infinity,Infinity,Infinity,Infinity,Infinity,Infinity,Infinity,Infinity,Infinity,Infinity,Infinity,Infinity,Infinity,Infinity,Infinity,Infinity,Infinity,Infinity,Infinity,Infinity,Infinity,Infinity,Infinity,Infinity,Infinity,Infinity,Infinity,Infinity,Infinity,Infinity,Infinity,Infinity,Infinity,Infinity,Infinity,Infinity,Infinity,Infinity,Infinity,Infinity,Infinity,Infinity,Infinity,Infinity,Infinity,Infinity,Infinity,Infinity,Infinity,Infinity,Infinity,Infinity,Infinity,Infinity,Infinity,Infinity,Infinity,Infinity,Infinity,Infinity,Infinity,Infinity,Infinity,Infinity,Infinity,Infinity,Infinity,Infinity,Infinity,Infinity,Infinity,Infinity,Infinity,5.785566777074008,3.1387176678509725,1.399134764818593,1.485849873546931,2.9976155372576967,5.41296648409431,8.038012780575068,10.055269556996977,10.810135679152527,10.54034745052594,9.742252955299385,8.880625575690795,8.345710521931881,8.523191593382979,9.65629224238573,11.916599989932305,15.087450347533737,18.149344450579544,20.10307643734778,21.44947767681299,23.508800318171645,26.125415484546227,26.669314956086037,22.994264151372082,16.90650695342921,11.550590887477739,9.853017235041655,14.55745534698155,25.13856828443843,35.27538154133303,39.48906474711553,38.13395537133128,33.17267209414305,28.17562737259832,27.144699700585527,29.376720612829622,30.96728530345023,30.79446315504429,30.59969116347574,30.68630330481048,29.314154869066652,25.875664455202383,21.814161810561572,18.624661370624445,17.542648859725812,19.349228115449915,24.029349701162282,30.216939923239842,34.56051139212754,35.750215777918626,35.482863106255124,33.77340197133036,28.80751972401515,22.337070836324273,18.571774075168154,17.51482841180815,17.273648924710084,18.024680748755678,19.603042629547264,19.025851392273445,16.18177823402744,15.880204042224856,18.466259020039022,20.99530638131368,24.18913436995149,28.221728864733127,28.62392924954886,25.249131350897574,22.649514290206003,21.604411129668605,21.081193398744997,19.834520786713984,18.777876792513556,19.63787238752701,20.203676294899218,19.224968872077405,17.87775991377263,16.862523772463813,16.847642584774064,18.524250581036853,20.611947525539698,21.126293506735117,19.037438533708226,17.58813981953655,16.354886547551622,10.176964825304768,6.89348899069316,9.568464617164516,13.00834682560065,14.380056933419155,14.250380516330324,14.010240494090464,13.583118084887829,13.108275642742095,12.360650206813954,11.230783060155629,10.306014324025272,9.240324183383027,8.466501976559645,8.135694730995377,7.3646569186885245,7.113039908335011,6.779126242028205,6.363834902520644,6.356884716075883,5.9858134300669805,5.845109313394016,5.976259367756148,5.784832231329641,5.058611950105748,4.283133510816944,3.8562152227063384,3.750263867604068,3.610431420467574,3.4517620111828657,3.720762798503732,4.1545642850842714,4.23462473215241,4.2845160829954505,4.241081785626686,3.612795531593238,2.843418512231885,1.9527872487016211,2.2237739547530735,2.7843758215614063,3.6130862736955107,4.623952403951557,5.3191290009314205,5.527717671894939,5.7434278306863575,5.588204267735682,5.218691686437138,4.396992063035804,3.6677679154333567,3.1264186618978447,2.957175975777227,2.3915242128199607,2.59634204209599,1.9794702468875875,1.9842396887585756,1.856541571850321,1.7638499588910441,1.6120812694597195,1.5040953656744331,1.331767336403919,1.261374732262075,1.189891122972698,1.3164081975845756,1.2512416520545284,1.1980041668688828,1.10676342831591,0.9375533979279191,0.9369119746242764,0.9889477275790937,0.877046531581291,0.8701643778740206,0.7902553415614881,0.7826543874055771,0.7357746118053603,0.7515719542387567] [0.0,0.0,0.0,0.0,0.0,0.0,0.0,0.0,0.0,0.0,0.0,0.0,0.0,0.0,0.0,0.0,0.0,0.0,0.0,0.0,0.0,0.0,0.0,0.0,0.0,0.0,0.0,0.0,0.0,0.0,0.0,0.0,0.0,0.0,0.0,0.0,0.0,0.0,0.0,0.0,0.0,0.0,0.0,0.0,0.0,0.0,0.0,0.0,0.0,0.0,0.0,0.0,0.0,0.0,0.0,0.0,0.0,0.0,0.0,0.0,0.0,0.0,0.0,0.0,0.0,0.0,0.0,0.0,0.0,0.0,0.0,0.0,0.0,0.0,0.0,0.0,0.0,0.0,0.0,0.0,0.0,0.0,0.0,0.0,0.0,0.0,0.0,0.0,0.0,0.0,0.0,0.0,0.0,0.0,0.0,0.0,0.0,0.0,0.0,0.0,0.0,0.0,0.0,0.0,0.0,0.0,0.0,0.0,0.0,0.0,0.0,0.0,0.0,0.0,0.0,0.0,0.0,0.0,0.0,0.0,0.0,0.0,0.0,0.0,0.0,0.0,0.0,0.0,0.0,0.0,0.0,0.0,0.0,0.0,0.0,0.0,0.0,0.0,0.0,0.0,-9.77387993345505,-2.192118661657273,-2.0598863778098795,0.41195556554604,-1.8462046168065795,4.521864964238706,-7.773875646599127,0.3719285833100183,2.391525301572889,4.24166132345281,5.604616732421111,-11.21902343348963,0.6944231426167936,5.4825773008649,5.355401698741743,14.083257026350338,2.8943065488868864,45.060666499695955,-37.29375769280312,-34.15709231731664,-39.60374147277863,-18.705966854909256,-5.042934151964958,20.19280003032913,44.5321077979715,-23.836006284826535,4.29020967229663,9.262464172675166,11.217209261568375,-7.3496631649921795,-17.638106800389682,-38.62297921620179,11.864757612192767,-25.778296359808536,-74.62929891522336,42.19478584161445,-38.793804122878576,9.695617173659043,8.940994583567791,-2.037883828074844,11.988907037340077,35.38831585087118,4.072247193780855,11.646648192826666,23.478506546129434,8.461594425355313,22.861086757809133,-4.202729320284009,19.23286936117475,17.105244738066745,19.804915603233205,15.558991843125982,-2.700368091172307,-21.396403811033657,1.2249326598723842,51.18897515363258,14.412071090115315,15.348766695238396,17.632596643591338,-18.734612997645296,10.43634862466716,23.97635377626015,18.65216191419981,-10.836473581219842,-24.781712517086046,-44.37634757287116,-26.07838539701289,-53.02248117616294,-17.25875917106297,13.993183783612324,8.106653521482574,9.769804425706102,-0.5646505008860828,-12.34737487833185,14.756981721861344,11.990690530819759,-7.443263314184647,-17.534782760364088,16.55745637425258,15.828648139642473,-7.388606579012113,-25.892584178329187,12.991957117200764,11.004456634272307,9.65856010893499,7.128534984895447,1.473249156886488,8.061274486833026,-12.083156812949555,-10.507603767491991,10.30053084740493,-19.86158975129485,2.9143023888064414,5.6305427552021525,8.37909818241865,16.033493221144155,-1.545489330774713,11.491052475987988,-8.095652742879127,3.843091729458032,1.959469738309385,-1.0830092441575159,-3.403231721629498,-14.753284413383362,-3.0599217745440423,2.1367116227161063,1.8321881267105997,-5.206926134350091,0.901694248717989,3.281888922562795,1.6822668729733485,4.53900281984958,-1.870183065959543,1.4178813210450765,0.5065273924724506,-0.5619529410404862,2.499603823302913,-2.7437087824238855,-8.675700629306203,-4.558462674165344,5.727192606117046,0.9461850685634613,3.751382101325071,-3.560951595958251,1.0660725123845674,-1.2005778386349781,-12.977403779963385,-0.3434618885772048,13.321770403897219,4.36217071332454,3.792644927830432,2.7076905942475396,-6.062937888980681,0.8896729622959305,4.177653724434711,-0.7044838934279875,2.480789078523235,1.9542470982526612,1.1572213847000037,1.4047853280804756,0.5334247769956724,-2.053274707577731,-2.533707236853361,-1.9261156190597248,0.7761106600488712,-2.067552504033295,0.026573835879276093,-0.08751532087436266,-1.1169578331500503,-0.07890507838554345,2.166013600714873,-0.9978727447748801,-1.1014026050912713,-0.06574779185495226,-0.6353863013168948,-1.1038289642358807,-0.6916015444819191,0.11091482186635798,-0.6449227357915138,0.6276713008816901]
56395.49176065366 [0.0,0.0,0.0,0.0,0.0,0.0,0.0,0.0,0.0,0.0,0.0,0.0,0.0,0.0,0.0,0.0,0.0,0.0,0.0,0.0,0.0,0.0,0.0,0.0,0.0,0.0,0.0,0.0,0.0,0.0,0.0,0.0,0.0,0.0,0.0,0.0,0.0,0.0,0.0,0.0,0.0,0.0,0.0,0.0,0.0,0.0,0.0,0.0,0.0,0.0,0.0,0.0,0.0,0.0,0.0,0.0,0.0,0.0,0.0,0.0,0.0,0.0,0.0,0.0,0.0,0.0,0.0,0.0,0.0,0.0,0.0,0.0,0.0,0.0,0.0,0.0,0.0,0.0,0.0,0.0,0.0,0.0,0.0,0.0,0.0,0.0,0.0,0.0,0.0,0.0,0.0,0.0,0.0,0.0,0.0,0.0,0.0,0.0,0.0,0.0,0.0,0.0,0.0,0.0,0.0,0.0,0.0,0.0,0.0,0.0,0.0,0.0,0.0,0.0,0.0,0.0,0.0,0.0,0.0,0.0,0.0,0.0,0.0,0.0,0.0,0.0,0.0,0.0,0.0,0.0,0.0,0.0,0.0,0.0,0.0,0.0,0.0,0.0,0.0,0.0,0.0,0.0,0.0,0.0,0.0,0.0,0.0,0.0,0.0,0.0,0.0,0.0,0.0,0.0,0.0,0.0,0.0,0.0,0.0,0.0,0.0,0.0,0.0,0.0,0.0,0.0,0.0,0.0,0.0,0.0,0.0,0.0,0.0,0.0,0.0,0.0,0.0,0.0,0.0,0.0,0.0,0.0,0.0,0.0,0.0,0.0,0.0,0.0,0.0,0.0,0.0,0.0,0.0,0.0,0.0,0.0,0.0,0.0,0.0,0.0,0.0,0.0,0.0,0.0,0.0,0.0,0.0,0.0,0.0,0.0,0.0,0.0,0.0,0.0,0.0,0.0,0.0,0.0,0.0,0.0,0.0,0.0,0.0,0.0,0.0,0.0,0.0,0.0,0.0,0.0,0.0,0.0,0.0,0.0,0.0,0.0,0.0,0.0,0.0,0.0,0.0,0.0,0.0,0.0,0.0,0.0,0.0,0.0,0.0,0.0,0.0,0.0,0.0,0.0,0.0,0.0,0.0,0.0,0.0,0.0,0.0,0.0,0.0,0.0,0.0,0.0,0.0,0.0,0.0,0.0,0.0,0.0,0.0,0.0,0.0,0.0,0.0,0.0,0.0,0.0,0.0,0.0,0.0,0.0,0.0,0.0,0.0,0.0,0.0,0.0,0.0,0.0,0.0,0.0,0.0,0.0,0.0,0.0,0.0,0.0] [1311.2619900786005,1321.8202200865917,1332.463464547639,1343.19240799478,1354.0077404728797,1364.9101575830227,1375.9003605272408,1386.9790561536227,1398.1469570017646,1409.4047813486081,1420.7532532546286,1432.193102610412,1443.7250651835902,1455.3498826661717,1467.068302722235,1478.881079036026,1490.78897136042,1502.7927455657994,1514.8931736892998,1527.0910339844697,1539.3871109713293,1551.7821954868166,1564.2770847356642,1576.872582341659,1589.569498399342,1602.368649526097,1615.270858914685,1628.2769563861766,1641.3877784433362,1654.6041683244075,1667.9269760573632,1681.3570585145608,1694.895279467867,1708.5425096441993,1722.2996267815402,1736.1675156853773,1750.1470682856248,1764.2391836939755,1778.4447682617345,1792.7647356381167,1807.2000068289992,1821.7515102561672,1836.4201818170154,1851.2069649447558,1866.112810669078,1881.1386776773347,1896.285532376183,1911.5543489537563,1926.9461094423048,1942.4618037813711,1958.1024298814455,1973.8689936881608,1989.7625092469793,2005.7839987684179,2021.9344926937952,2038.215029761504,2054.626657073813,2071.1704301642176,2087.8474130653335,2104.6586783773164,2121.605307336866,2138.6883898867477,2155.9090247459117,2173.268319480143,2190.767390573309,2208.407363499154,2226.1893727937027,2244.1145621282076,2262.184084382728,2280.399101720259,2298.7607856614945,2317.2703171601615,2335.9288866789793,2354.7376942662327,2373.6979496329395,2392.810872230673,2412.077691329971,2431.4996460994216,2451.0779856853383,2470.813969292122,2490.7088662632277,2510.763956162824,2530.9805288580706,2551.359884602096,2571.9033341176064,2592.612198681206,2613.487810208354,2634.5315113390543,2655.7446555241822,2677.1286071125573,2698.6847414386757,2720.4144449111714,2742.319115101994,2764.4001608362782,2786.6590022829737,2809.097071046162,2831.715810257159,2854.5166746673017,2877.5011307415425,2900.67065675274,2924.0267428767575,2947.570891288285,2971.304616257478,2995.22944424732,3019.346914011829,3043.658576695001,3068.1659959305807,3092.870747942638,3117.7744216469364,3142.87861875312,3168.1849538677375,3193.695054598094,3219.410561656912,3245.333128967883,3271.4644237720117,3297.806126734876,3324.3599320546946,3351.1275475713155,3378.1106948760344,3405.3111094223436,3432.7305406375262,3460.3707520352004,3488.23352132871,3516.320640545493,3544.6339161423107,3573.1751691214417,3601.9462351478164,3630.9489646670518,3660.1852230244945,3689.6568905851636,3719.3658628547196,3749.3140506013438,3779.5033799786634,3809.935792649603,3840.6132459112973,3871.5377128209448,3902.7111823227383,3934.135659375755,3965.8131650829396,3997.7457368210635,4029.9354283717907,4062.3843100537392,4095.0944688556665,4128.068008570669,4161.3070499315045,4194.813730746993,4228.590206039511,4262.638648183577,4296.961247045588,4331.560210124669,4366.437762694626,4401.596147947099,4437.037627135803,4472.764479721992,4508.779003521039,4545.083514850253,4581.680348677821,4618.571858773019,4655.7604178575675,4693.248417758249,4731.038269560753,4769.132403764733,4807.533270440121,4846.243339384716,4885.265100283049,4924.601062866471,4964.253757074609,5004.22573321805,5044.519562142395,5085.137835393579,5126.08316538458,5167.3581855634,5208.965550582488,5250.907936469426,5293.188040799074,5335.808582867062,5378.772303864684,5422.081967055189,5465.740357951513,5509.7502844954415,5554.1145772382,5598.836089522486,5643.917697666003,5689.362301146471,5735.17282278806,5781.352208949439,5827.903429713208,5874.829479076986,5922.133375145914,5969.818160326825,6017.886901523867,6066.342690335802,6115.188643254807,6164.427901866934,6214.06363305417,6264.099029198114,6314.537308385285,6365.381714614103,6416.635518003553,6468.302015003491,6520.384528606639,6572.88640856233,6625.811031591967,6679.16180160615,6732.942149923667,6787.155535492116,6841.805445110439,6896.895393653112,6952.428924296275,7008.409608745552,7064.841047465831,7121.726869912778,7179.070734766296,7236.876330165845,7295.147373947643,7353.887613883764,7413.100827923194,7472.790824434837,7532.961442452409,7593.616551921397,7654.7600539479145,7716.395881049652,7778.527997408752,7841.160399126823,7904.2971144818985,7967.94220418758,8032.099761654146,8096.773913251861,8161.968818576374,8227.688670716232,8293.937696522553,8360.720156880894,8428.04034698531,8495.90259661459,8564.311270410717,8633.270768159597,8702.785525074065,8772.860012079082,8843.498736099358,8914.706240349144,8986.487104624512,9058.845945597834,9131.787417114787,9205.31621049359,9279.437054826807,9354.154717285446,9429.47400342559,9505.399757497484,9581.936862757088,9659.090241780126,9736.864856778713,9815.265709920519,9894.297843650465,9973.966341015032,10054.276325989182,10135.232963805956,10216.841461288606,10299.107067185563,10382.035072507933,10465.630810869876,10549.89965883156,10634.84703624505,10720.478406602804,10806.799277389146,10893.815200434417,10981.531772272076,11069.954634498676,11159.08947413668,11248.94202400021,11339.518063063782,11430.823416834026,11522.863957724268,11615.64560543233,11709.174327321158,11803.456138802712,11898.49710372478,11994.303334761045,12090.880993804161,12188.23629236214,12286.375491957784,12385.304904531427,12485.030892846919,12585.55987090084,12686.898304334996,12789.052710852275,12892.029660635888,12995.8357767719,13100.477735675182,13205.962267518828,13312.296156667053,13419.486242111492,13527.539417911097,13636.462633635434,13746.262894811807,13856.947263375758,13968.522858125163,14080.996855178266,14194.376488435144,14308.66905004285,14423.881890864615] 0.31126199007860056 [Infinity,Infinity,Infinity,Infinity,Infinity,Infinity,Infinity,Infinity,Infinity,Infinity,Infinity,Infinity,Infinity,Infinity,Infinity,Infinity,Infinity,Infinity,Infinity,Infinity,Infinity,Infinity,Infinity,Infinity,Infinity,Infinity,Infinity,Infinity,Infinity,Infinity,Infinity,Infinity,Infinity,Infinity,Infinity,Infinity,Infinity,Infinity,Infinity,Infinity,Infinity,Infinity,Infinity,Infinity,Infinity,Infinity,Infinity,Infinity,Infinity,Infinity,Infinity,Infinity,Infinity,Infinity,Infinity,Infinity,Infinity,Infinity,Infinity,Infinity,Infinity,Infinity,Infinity,Infinity,Infinity,Infinity,Infinity,Infinity,Infinity,Infinity,Infinity,Infinity,Infinity,Infinity,Infinity,Infinity,Infinity,Infinity,Infinity,Infinity,Infinity,Infinity,Infinity,Infinity,Infinity,Infinity,Infinity,Infinity,Infinity,Infinity,Infinity,Infinity,Infinity,Infinity,Infinity,Infinity,Infinity,Infinity,Infinity,Infinity,Infinity,Infinity,Infinity,Infinity,Infinity,Infinity,Infinity,Infinity,Infinity,Infinity,Infinity,Infinity,Infinity,Infinity,Infinity,Infinity,Infinity,Infinity,Infinity,Infinity,Infinity,Infinity,Infinity,Infinity,Infinity,Infinity,Infinity,Infinity,Infinity,Infinity,Infinity,Infinity,Infinity,Infinity,Infinity,Infinity,Infinity,Infinity,Infinity,Infinity,Infinity,Infinity,Infinity,Infinity,Infinity,Infinity,Infinity,Infinity,Infinity,Infinity,Infinity,Infinity,Infinity,Infinity,Infinity,Infinity,Infinity,Infinity,Infinity,Infinity,Infinity,Infinity,Infinity,Infinity,Infinity,Infinity,Infinity,Infinity,Infinity,Infinity,Infinity,Infinity,Infinity,Infinity,Infinity,Infinity,Infinity,Infinity,Infinity,Infinity,Infinity,Infinity,Infinity,Infinity,Infinity,Infinity,Infinity,Infinity,Infinity,Infinity,Infinity,Infinity,Infinity,Infinity,Infinity,Infinity,Infinity,Infinity,Infinity,Infinity,Infinity,Infinity,Infinity,Infinity,Infinity,Infinity,Infinity,Infinity,Infinity,Infinity,Infinity,Infinity,Infinity,Infinity,Infinity,Infinity,Infinity,Infinity,Infinity,Infinity,Infinity,Infinity,Infinity,Infinity,Infinity,Infinity,Infinity,Infinity,Infinity,Infinity,Infinity,Infinity,Infinity,Infinity,Infinity,Infinity,Infinity,Infinity,Infinity,Infinity,Infinity,Infinity,Infinity,Infinity,Infinity,Infinity,Infinity,Infinity,Infinity,Infinity,Infinity,Infinity,Infinity,Infinity,Infinity,Infinity,Infinity,Infinity,Infinity,Infinity,Infinity,Infinity,Infinity,Infinity,Infinity,Infinity,Infinity,Infinity,Infinity,Infinity,Infinity,Infinity,Infinity,Infinity,Infinity,Infinity,Infinity,Infinity,Infinity,Infinity,Infinity,Infinity,Infinity,Infinity,Infinity,Infinity,Infinity,Infinity,Infinity,Infinity,Infinity,Infinity,Infinity,Infinity,Infinity,Infinity,Infinity,Infinity,Infinity,Infinity] [0.0,0.0,0.0,0.0,0.0,0.0,0.0,0.0,0.0,0.0,0.0,0.0,0.0,0.0,0.0,0.0,0.0,0.0,0.0,0.0,0.0,0.0,0.0,0.0,0.0,0.0,0.0,0.0,0.0,0.0,0.0,0.0,0.0,0.0,0.0,0.0,0.0,0.0,0.0,0.0,0.0,0.0,0.0,0.0,0.0,0.0,0.0,0.0,0.0,0.0,0.0,0.0,0.0,0.0,0.0,0.0,0.0,0.0,0.0,0.0,0.0,0.0,0.0,0.0,0.0,0.0,0.0,0.0,0.0,0.0,0.0,0.0,0.0,0.0,0.0,0.0,0.0,0.0,0.0,0.0,0.0,0.0,0.0,0.0,0.0,0.0,0.0,0.0,0.0,0.0,0.0,0.0,0.0,0.0,0.0,0.0,0.0,0.0,0.0,0.0,0.0,0.0,0.0,0.0,0.0,0.0,0.0,0.0,0.0,0.0,0.0,0.0,0.0,0.0,0.0,0.0,0.0,0.0,0.0,0.0,0.0,0.0,0.0,0.0,0.0,0.0,0.0,0.0,0.0,0.0,0.0,0.0,0.0,0.0,0.0,0.0,0.0,0.0,0.0,0.0,0.0,0.0,0.0,0.0,0.0,0.0,0.0,0.0,0.0,0.0,0.0,0.0,0.0,0.0,0.0,0.0,0.0,0.0,0.0,0.0,0.0,0.0,0.0,0.0,0.0,0.0,0.0,0.0,0.0,0.0,0.0,0.0,0.0,0.0,0.0,0.0,0.0,0.0,0.0,0.0,0.0,0.0,0.0,0.0,0.0,0.0,0.0,0.0,0.0,0.0,0.0,0.0,0.0,0.0,0.0,0.0,0.0,0.0,0.0,0.0,0.0,0.0,0.0,0.0,0.0,0.0,0.0,0.0,0.0,0.0,0.0,0.0,0.0,0.0,0.0,0.0,0.0,0.0,0.0,0.0,0.0,0.0,0.0,0.0,0.0,0.0,0.0,0.0,0.0,0.0,0.0,0.0,0.0,0.0,0.0,0.0,0.0,0.0,0.0,0.0,0.0,0.0,0.0,0.0,0.0,0.0,0.0,0.0,0.0,0.0,0.0,0.0,0.0,0.0,0.0,0.0,0.0,0.0,0.0,0.0,0.0,0.0,0.0,0.0,0.0,0.0,0.0,0.0,0.0,0.0,0.0,0.0,0.0,0.0,0.0,0.0,0.0,0.0,0.0,0.0,0.0,0.0,0.0,0.0,0.0,0.0,0.0,0.0,0.0,0.0,0.0,0.0,0.0,0.0,0.0,0.0,0.0,0.0,0.0,0.0]
56289.062345061495 [0.0,0.0,0.0,0.0,0.0,0.0,0.0,0.0,0.0,0.0,0.0,0.0,0.0,0.0,0.0,0.0,0.0,0.0,0.0,0.0,0.0,0.0,0.0,0.0,0.0,0.0,0.0,0.0,0.0,0.0,0.0,0.0,0.0,0.0,0.0,0.0,0.0,0.0,0.0,0.0,0.0,0.0,0.0,0.0,0.0,0.0,0.0,0.0,0.0,0.0,0.0,0.0,0.0,0.0,0.0,0.0,0.0,0.0,0.0,0.0,0.0,0.0,0.0,0.0,0.0,0.0,0.0,0.0,0.0,0.0,0.0,0.0,0.0,0.0,0.0,0.0,0.0,0.0,0.0,0.0,0.0,0.0,0.0,0.0,0.0,0.0,0.0,0.0,0.0,0.0,0.0,0.0,0.0,0.0,0.0,0.0,0.0,0.0,0.0,0.0,0.0,0.0,0.0,0.0,0.0,0.0,0.0,0.0,0.0,0.0,0.0,0.0,0.0,0.0,0.0,0.0,0.0,0.0,0.0,0.0,0.0,0.0,0.0,0.0,0.0,0.0,0.0,0.0,0.0,0.0,0.0,0.0,0.0,0.0,0.0,0.0,0.0,0.0,0.0,0.0,1.8168999971925188,1.5121810492442387,2.00689708092972,3.9056410548484677,5.477923065858089,7.1115180763447094,7.510360689859564,6.9694903016822485,6.160762227984998,4.463572872850875,5.239883215421684,8.52731711085514,9.342835665161342,9.315742201633624,9.032677910086898,11.92897975918256,19.77864579037239,27.185330115114542,28.122150526507472,28.48213471852349,28.9967388769666,39.66892629817641,49.262331569141615,58.674850457623315,55.51549001015486,43.9178099669514,28.146620266296907,21.885972305359644,41.5994260429301,59.11092209581756,84.50135676985596,85.30080572990296,80.84641976281799,65.47506055812097,60.46291677847787,51.82308059793725,51.32702913818665,52.897351577998926,51.07986405837657,48.38641367332179,49.63807738498598,60.70828551923301,55.77585217467171,55.19815077248972,43.647100000558964,35.178881596970335,35.637589128530266,44.760629411216264,59.46737787887527,87.62768545632815,94.08516086945022,112.16693452674264,88.22789296084242,61.603954168713976,53.33758498315923,55.874331109376165,58.77180048263789,64.07769626589052,80.9466629004456,97.11380834397478,77.21009840652967,68.83894011921537,55.40493723861788,53.45479180823405,57.93028497124923,65.96682019791358,74.88957681143259,97.77052976351676,93.14659351449328,105.56749449531766,106.66928281311098,135.7648845503318,167.72132075437585,179.5102055712846,166.8935897926199,134.94847375458286,117.30081189249071,89.751268310318,118.43890412929991,141.23488467877206,128.2193063658925,124.78864729863966,107.08405657748392,90.56786950910603,73.01649785207167,75.61633158413542,80.32219695883383,87.45422378689643,81.35146588977003,71.13221007029327,78.79511642618007,98.8410747117673,119.38727430991851,137.08895882626396,131.0730601066846,128.87657726618102,102.84071127678223,69.91162400814495,62.45404808738484,66.12942665175488,61.40999391123305,59.02552409831547,59.46176366248612,55.30713921849853,51.961777865796954,55.77126761814072,69.43639285919774,64.96484448163314,71.84699474870422,77.8576827777265,89.45048337541769,73.24219901404116,72.75021932051783,82.64831933101686,92.45048703320167,96.88766827679011,75.36509562005858,63.759385830581564,56.37176433791684,48.67110440097764,49.27940818386278,35.591165600602075,14.59449076575108,13.815918742045213,19.730222441076993,29.14808265588583,65.25345815198177,79.28037636908002,85.91305018792798,78.66587205371464,96.74498931006244,77.8744021007345,70.16194613205775,60.271210235087196,52.27817983077831,48.632365256750255,53.96635688819765,49.44683236056542,39.63858029565955,47.361623553081515,55.31884418509582,42.74279061059602,37.704925076972245,37.428722413942694,45.41318356149614,57.022955755256,65.86890955444146,72.15430265961369,56.033171566815916,43.610331931300436,38.38542457660974,41.759115772305584,47.660548368043,48.00536583485668,37.09289714579764,26.465084636938343,28.479774483297426,30.19173806818724,33.47433439355299,24.453444328457635] [1311.2619900786005,1321.8202200865917,1332.463464547639,1343.19240799478,1354.0077404728797,1364.9101575830227,1375.9003605272408,1386.9790561536227,1398.1469570017646,1409.4047813486081,1420.7532532546286,1432.193102610412,1443.7250651835902,1455.3498826661717,1467.068302722235,1478.881079036026,1490.78897136042,1502.7927455657994,1514.8931736892998,1527.0910339844697,1539.3871109713293,1551.7821954868166,1564.2770847356642,1576.872582341659,1589.569498399342,1602.368649526097,1615.270858914685,1628.2769563861766,1641.3877784433362,1654.6041683244075,1667.9269760573632,1681.3570585145608,1694.895279467867,1708.5425096441993,1722.2996267815402,1736.1675156853773,1750.1470682856248,1764.2391836939755,1778.4447682617345,1792.7647356381167,1807.2000068289992,1821.7515102561672,1836.4201818170154,1851.2069649447558,1866.112810669078,1881.1386776773347,1896.285532376183,1911.5543489537563,1926.9461094423048,1942.4618037813711,1958.1024298814455,1973.8689936881608,1989.7625092469793,2005.7839987684179,2021.9344926937952,2038.215029761504,2054.626657073813,2071.1704301642176,2087.8474130653335,2104.6586783773164,2121.605307336866,2138.6883898867477,2155.9090247459117,2173.268319480143,2190.767390573309,2208.407363499154,2226.1893727937027,2244.1145621282076,2262.184084382728,2280.399101720259,2298.7607856614945,2317.2703171601615,2335.9288866789793,2354.7376942662327,2373.6979496329395,2392.810872230673,2412.077691329971,2431.4996460994216,2451.0779856853383,2470.813969292122,2490.7088662632277,2510.763956162824,2530.9805288580706,2551.359884602096,2571.9033341176064,2592.612198681206,2613.487810208354,2634.5315113390543,2655.7446555241822,2677.1286071125573,2698.6847414386757,2720.4144449111714,2742.319115101994,2764.4001608362782,2786.6590022829737,2809.097071046162,2831.715810257159,2854.5166746673017,2877.5011307415425,2900.67065675274,2924.0267428767575,2947.570891288285,2971.304616257478,2995.22944424732,3019.346914011829,3043.658576695001,3068.1659959305807,3092.870747942638,3117.7744216469364,3142.87861875312,3168.1849538677375,3193.695054598094,3219.410561656912,3245.333128967883,3271.4644237720117,3297.806126734876,3324.3599320546946,3351.1275475713155,3378.1106948760344,3405.3111094223436,3432.7305406375262,3460.3707520352004,3488.23352132871,3516.320640545493,3544.6339161423107,3573.1751691214417,3601.9462351478164,3630.9489646670518,3660.1852230244945,3689.6568905851636,3719.3658628547196,3749.3140506013438,3779.5033799786634,3809.935792649603,3840.6132459112973,3871.5377128209448,3902.7111823227383,3934.135659375755,3965.8131650829396,3997.7457368210635,4029.9354283717907,4062.3843100537392,4095.0944688556665,4128.068008570669,4161.3070499315045,4194.813730746993,4228.590206039511,4262.638648183577,4296.961247045588,4331.560210124669,4366.437762694626,4401.596147947099,4437.037627135803,4472.764479721992,4508.779003521039,4545.083514850253,4581.680348677821,4618.571858773019,4655.7604178575675,4693.248417758249,4731.038269560753,4769.132403764733,4807.533270440121,4846.243339384716,4885.265100283049,4924.601062866471,4964.253757074609,5004.22573321805,5044.519562142395,5085.137835393579,5126.08316538458,5167.3581855634,5208.965550582488,5250.907936469426,5293.188040799074,5335.808582867062,5378.772303864684,5422.081967055189,5465.740357951513,5509.7502844954415,5554.1145772382,5598.836089522486,5643.917697666003,5689.362301146471,5735.17282278806,5781.352208949439,5827.903429713208,5874.829479076986,5922.133375145914,5969.818160326825,6017.886901523867,6066.342690335802,6115.188643254807,6164.427901866934,6214.06363305417,6264.099029198114,6314.537308385285,6365.381714614103,6416.635518003553,6468.302015003491,6520.384528606639,6572.88640856233,6625.811031591967,6679.16180160615,6732.942149923667,6787.155535492116,6841.805445110439,6896.895393653112,6952.428924296275,7008.409608745552,7064.841047465831,7121.726869912778,7179.070734766296,7236.876330165845,7295.147373947643,7353.887613883764,7413.100827923194,7472.790824434837,7532.961442452409,7593.616551921397,7654.7600539479145,7716.395881049652,7778.527997408752,7841.160399126823,7904.2971144818985,7967.94220418758,8032.099761654146,8096.773913251861,8161.968818576374,8227.688670716232,8293.937696522553,8360.720156880894,8428.04034698531,8495.90259661459,8564.311270410717,8633.270768159597,8702.785525074065,8772.860012079082,8843.498736099358,8914.706240349144,8986.487104624512,9058.845945597834,9131.787417114787,9205.31621049359,9279.437054826807,9354.154717285446,9429.47400342559,9505.399757497484,9581.936862757088,9659.090241780126,9736.864856778713,9815.265709920519,9894.297843650465,9973.966341015032,10054.276325989182,10135.232963805956,10216.841461288606,10299.107067185563,10382.035072507933,10465.630810869876,10549.89965883156,10634.84703624505,10720.478406602804,10806.799277389146,10893.815200434417,10981.531772272076,11069.954634498676,11159.08947413668,11248.94202400021,11339.518063063782,11430.823416834026,11522.863957724268,11615.64560543233,11709.174327321158,11803.456138802712,11898.49710372478,11994.303334761045,12090.880993804161,12188.23629236214,12286.375491957784,12385.304904531427,12485.030892846919,12585.55987090084,12686.898304334996,12789.052710852275,12892.029660635888,12995.8357767719,13100.477735675182,13205.962267518828,13312.296156667053,13419.486242111492,13527.539417911097,13636.462633635434,13746.262894811807,13856.947263375758,13968.522858125163,14080.996855178266,14194.376488435144,14308.66905004285,14423.881890864615] 0.31126199007860056 [Infinity,Infinity,Infinity,Infinity,Infinity,Infinity,Infinity,Infinity,Infinity,Infinity,Infinity,Infinity,Infinity,Infinity,Infinity,Infinity,Infinity,Infinity,Infinity,Infinity,Infinity,Infinity,Infinity,Infinity,Infinity,Infinity,Infinity,Infinity,Infinity,Infinity,Infinity,Infinity,Infinity,Infinity,Infinity,Infinity,Infinity,Infinity,Infinity,Infinity,Infinity,Infinity,Infinity,Infinity,Infinity,Infinity,Infinity,Infinity,Infinity,Infinity,Infinity,Infinity,Infinity,Infinity,Infinity,Infinity,Infinity,Infinity,Infinity,Infinity,Infinity,Infinity,Infinity,Infinity,Infinity,Infinity,Infinity,Infinity,Infinity,Infinity,Infinity,Infinity,Infinity,Infinity,Infinity,Infinity,Infinity,Infinity,Infinity,Infinity,Infinity,Infinity,Infinity,Infinity,Infinity,Infinity,Infinity,Infinity,Infinity,Infinity,Infinity,Infinity,Infinity,Infinity,Infinity,Infinity,Infinity,Infinity,Infinity,Infinity,Infinity,Infinity,Infinity,Infinity,Infinity,Infinity,Infinity,Infinity,Infinity,Infinity,Infinity,Infinity,Infinity,Infinity,Infinity,Infinity,Infinity,Infinity,Infinity,Infinity,Infinity,Infinity,Infinity,Infinity,Infinity,Infinity,Infinity,Infinity,Infinity,Infinity,Infinity,Infinity,Infinity,Infinity,Infinity,Infinity,Infinity,Infinity,Infinity,Infinity,0.09734091811191757,0.0760827807442957,0.1038351360867267,0.18375262728033975,0.2788146226993192,0.34950163962623926,0.3761925838872763,0.35258779766165016,0.28422290731930144,0.2277900165964945,0.2552061401243079,0.3721806302700349,0.4772586392065553,0.47762115593733856,0.46237600609015683,0.6215858342951714,1.0049549631103054,1.3626253246423299,1.4389249345492157,1.3689645603625078,1.5037043883817194,1.972307068797668,2.5262880394797045,2.883468698756233,2.826037691892299,2.186114219001839,1.359311066121727,1.2016006715296492,2.027606575467266,3.1521734058535547,3.9128369656509063,4.173179342790609,3.9469385568567112,3.469553550857215,3.0623405747049994,2.814966632388527,2.6565936784070945,2.5548101105522787,2.519244472083629,2.5586814362717036,2.677330804956827,2.8199598893143927,2.839366529768847,2.6476985494969725,2.2792162291275355,1.8849634585283748,1.7956227021938571,2.207747805785599,3.0652151950296957,4.146025155081588,5.03238233214225,5.25853949375922,4.396474148136725,3.0715393814399814,2.589217946917187,2.786806690590279,2.9171976673176574,3.344394031007802,4.320805846661295,4.7575327347120195,4.1686915676137755,3.356768707410199,2.8323219470400027,2.7341869447130716,2.8787973815624848,3.1448730875654056,3.83766022829779,4.762334645454967,5.234912863317763,5.250982598571552,5.377206746157394,6.68891962563273,8.458099179889183,8.943577842264887,8.519080383289317,7.482495342644521,5.674120972036042,4.9220777269412,5.982091479072175,6.900687962151738,6.957500945582022,6.2681630521184015,5.27393270415285,4.452771212587918,4.06380060320877,4.0319562017099155,4.166441589400551,4.272875733288679,4.190819715692957,3.86343992337394,4.024578378880926,5.099699087424009,6.272281161101867,6.890292745544374,6.871750314619497,6.271551725926439,4.911094397141548,3.660216887147133,3.116205863998897,3.096372405623585,3.0450235112537922,2.9302224979485567,2.848840539018614,2.7233909116641444,2.5857238242240994,2.829311888646857,3.3551903879126797,3.5042722054035904,3.5320442092051314,4.062650487746061,4.39546269934336,3.494664168669196,3.538605853717069,4.219116312502869,4.712869722118402,4.582998379572638,3.868776951248262,3.160615342058643,2.735762007310322,2.442046943350575,2.5782455388182197,1.711214213467096,0.748876480735835,0.7308001952526998,1.034289240130255,1.5230635476973902,3.167529967763551,4.051416080466947,3.7303171328597413,4.064549896297136,4.385768071386206,3.9233923758953644,3.4473289240263454,2.8625342753688403,2.585071379701159,2.3112590286632697,2.4505105829545326,2.423003195684923,2.0514173681814563,2.4078568557961186,2.63494300218674,2.171408467550893,1.96764409332583,2.027704096962536,2.3168014656757165,2.9350119466395146,3.3625766535586394,3.4507187319797965,2.702149623139877,2.283271919668092,2.0409267089317558,1.9541631534370474,2.3448865809211115,2.3124609157017253,1.8505191456175338,1.3173020668503992,1.4205385670016635,1.5748541163319705,1.5945301448911045,1.3740534423718815] [0.0,0.0,0.0,0.0,0.0,0.0,0.0,0.0,0.0,0.0,0.0,0.0,0.0,0.0,0.0,0.0,0.0,0.0,0.0,0.0,0.0,0.0,0.0,0.0,0.0,0.0,0.0,0.0,0.0,0.0,0.0,0.0,0.0,0.0,0.0,0.0,0.0,0.0,0.0,0.0,0.0,0.0,0.0,0.0,0.0,0.0,0.0,0.0,0.0,0.0,0.0,0.0,0.0,0.0,0.0,0.0,0.0,0.0,0.0,0.0,0.0,0.0,0.0,0.0,0.0,0.0,0.0,0.0,0.0,0.0,0.0,0.0,0.0,0.0,0.0,0.0,0.0,0.0,0.0,0.0,0.0,0.0,0.0,0.0,0.0,0.0,0.0,0.0,0.0,0.0,0.0,0.0,0.0,0.0,0.0,0.0,0.0,0.0,0.0,0.0,0.0,0.0,0.0,0.0,0.0,0.0,0.0,0.0,0.0,0.0,0.0,0.0,0.0,0.0,0.0,0.0,0.0,0.0,0.0,0.0,0.0,0.0,0.0,0.0,0.0,0.0,0.0,0.0,0.0,0.0,0.0,0.0,0.0,0.0,0.0,0.0,0.0,0.0,0.0,0.0,-0.1299183650458326,-0.009474565641675349,-0.06980564080481397,0.23058850924167232,-0.09836938812829474,0.12148528381992449,-0.01349098788596266,-0.08226565155075445,0.4763040815989696,-0.092227459079015,0.13576041293552485,1.0837045054544412,-0.2023371189697637,-0.2366809171131474,-0.21484221171623882,-0.5027369267208687,-0.32045347183371964,-0.06717637773205688,-0.656348164476843,1.102843511273336,-1.0773488906677875,0.22278492222304647,-1.2634292204524697,1.0054764824986475,-1.0052638276911199,0.19552558691462155,0.9603989438623699,-2.1460411252333405,1.047294533584783,-3.9325460212535335,6.244617456837827,1.8372188740907636,1.9076486256837666,-3.916010459023321,-0.7838947156221173,-4.476252049833289,-1.8048444299552397,1.8011493669533543,0.6949746167039864,-2.7872150521122805,-3.908538714150552,4.309087732945154,-1.0114784207052305,2.2441797825502667,-1.937224581991748,-2.520387573597164,-0.27486491534687724,0.6056732955042796,-1.8369260217186485,4.707182354696381,-6.562485773394781,6.996144651558243,0.298409998107931,0.1731665399143452,1.553226044815486,0.13819729757058627,0.427847136284746,-2.810184354265515,-5.469454032780287,1.963153649734389,-6.163732945745852,1.7035659710113906,-1.241501702182171,-1.228947086027384,0.35433733999953093,3.0693584466054644,-1.8636277545232054,2.5238368544174232,-11.551663751861973,0.547842523886616,-0.8748521100368951,1.986492037677213,-1.44066284340781,0.6386487259868427,-3.488017873166454,-14.70143309830755,3.818392451769869,-8.690286228506016,-1.2029254521435844,3.221125435737283,-10.930712545747943,-0.5746137437283579,1.6054024944269185,1.5124452573476623,-8.259514212103726,-5.02279245006288,-3.006634829177196,1.9967091211228603,-2.46492842408911,-6.136588397185527,-1.6964511514384426,-3.152907036712881,-6.058348912118846,-0.7168960846235306,-6.361946185705343,3.445542747652252,4.618823333951251,-3.2927137347977014,0.12993080740689378,4.201978539283182,0.5095236861572068,0.421074139344336,2.484952882113848,0.8393209852156337,0.24730138131495996,-0.8149701547964224,2.332585100944149,-5.12059962643868,1.2061105646015822,-3.3953269771947325,1.5412293885504706,3.348915640657237,1.9781022461764461,-1.734006919040506,-1.8069074091663713,5.2277006853373456,-2.010443404906651,0.5470789894087011,1.6565241917103963,-0.16983446603386204,-2.2855025925016172,1.3668813312601498,-0.38303884896562024,-0.8000851630087823,-0.9555623615281049,-1.3131882980619753,1.9028587967107458,-1.7479452402589095,11.306707530733151,-2.625125872228085,9.029627882338321,-0.5934454171727871,1.2153676515308476,3.0205247277103853,0.576752236755131,2.4071846834848545,4.956145229107001,0.9867684468669633,-1.389767067969571,-0.7955135628408595,2.61998414136102,-0.6853787404218448,-1.6479567895443523,-3.1253595253080286,-0.9228457520181901,-1.6772831775342945,-1.382623516731327,3.139928020017764,1.9901791040183814,-2.0551064620614055,-2.433109602025373,2.675852703564635,0.7628167496207747,1.7561475208221733,0.08251423344696483,0.11904329993035966,0.06900314326415649,-1.30534425845217,1.5837314957308963,-3.027624518979993]
56174.51627280539 [0.0,0.0,0.0,0.0,0.0,0.0,0.0,0.0,0.0,0.0,0.0,0.0,0.0,0.0,0.0,0.0,0.0,0.0,0.0,0.0,0.0,0.0,0.0,0.0,0.0,0.0,0.0,0.0,0.0,0.0,0.0,0.0,0.0,0.0,0.0,0.0,0.0,0.0,0.0,0.0,0.0,0.0,0.0,0.0,0.0,0.0,0.0,0.0,0.0,0.0,0.0,0.0,0.0,0.0,0.0,0.0,0.0,0.0,0.0,0.0,0.0,0.0,0.0,0.0,0.0,0.0,0.0,0.0,0.0,0.0,0.0,0.0,0.0,0.0,0.0,0.0,0.0,0.0,0.0,0.0,0.0,0.0,0.0,0.0,0.0,0.0,0.0,0.0,0.0,0.0,0.0,0.0,0.0,0.0,0.0,0.0,0.0,0.0,0.0,0.0,0.0,0.0,0.0,0.0,0.0,0.0,0.0,0.0,0.0,0.0,0.0,0.0,0.0,0.0,0.0,0.0,0.0,0.0,0.0,0.0,0.0,0.0,0.0,0.0,0.0,0.0,0.0,0.0,0.0,0.0,0.0,0.0,0.0,0.0,0.0,0.0,0.0,0.0,0.0,0.0,0.0,0.0,0.0,0.0,0.0,0.0,0.0,0.0,0.0,0.0,0.0,0.0,0.0,0.0,0.0,0.0,0.0,0.0,0.0,0.0,0.0,0.0,0.0,0.0,0.0,0.0,0.0,0.0,0.0,0.0,0.0,0.0,0.0,0.0,0.0,0.0,0.0,0.0,0.0,0.0,0.0,0.0,0.0,0.0,0.0,0.0,0.0,0.0,0.0,0.0,0.0,0.0,0.0,0.0,0.0,0.0,0.0,0.0,0.0,0.0,0.0,0.0,0.0,0.0,0.0,0.0,0.0,0.0,0.0,0.0,0.0,0.0,0.0,0.0,0.0,0.0,0.0,0.0,0.0,0.0,0.0,0.0,0.0,0.0,0.0,0.0,0.0,0.0,0.0,0.0,0.0,0.0,0.0,0.0,0.0,0.0,0.0,0.0,0.0,0.0,0.0,0.0,0.0,0.0,0.0,0.0,0.0,0.0,0.0,0.0,0.0,0.0,0.0,0.0,0.0,0.0,0.0,0.0,0.0,0.0,0.0,0.0,0.0,0.0,0.0,0.0,0.0,0.0,0.0,0.0,0.0,0.0,0.0,0.0,0.0,0.0,0.0,0.0,0.0,0.0,0.0,0.0,0.0,0.0,0.0,0.0,0.0,0.0,0.0,0.0,0.0,0.0,0.0,0.0,0.0,0.0,0.0,0.0,0.0,0.0] [1311.2619900786005,1321.8202200865917,1332.463464547639,1343.19240799478,1354.0077404728797,1364.9101575830227,1375.9003605272408,1386.9790561536227,1398.1469570017646,1409.4047813486081,1420.7532532546286,1432.193102610412,1443.7250651835902,1455.3498826661717,1467.068302722235,1478.881079036026,1490.78897136042,1502.7927455657994,1514.8931736892998,1527.0910339844697,1539.3871109713293,1551.7821954868166,1564.2770847356642,1576.872582341659,1589.569498399342,1602.368649526097,1615.270858914685,1628.2769563861766,1641.3877784433362,1654.6041683244075,1667.9269760573632,1681.3570585145608,1694.895279467867,1708.5425096441993,1722.2996267815402,1736.1675156853773,1750.1470682856248,1764.2391836939755,1778.4447682617345,1792.7647356381167,1807.2000068289992,1821.7515102561672,1836.4201818170154,1851.2069649447558,1866.112810669078,1881.1386776773347,1896.285532376183,1911.5543489537563,1926.9461094423048,1942.4618037813711,1958.1024298814455,1973.8689936881608,1989.7625092469793,2005.7839987684179,2021.9344926937952,2038.215029761504,2054.626657073813,2071.1704301642176,2087.8474130653335,2104.6586783773164,2121.605307336866,2138.6883898867477,2155.9090247459117,2173.268319480143,2190.767390573309,2208.407363499154,2226.1893727937027,2244.1145621282076,2262.184084382728,2280.399101720259,2298.7607856614945,2317.2703171601615,2335.9288866789793,2354.7376942662327,2373.6979496329395,2392.810872230673,2412.077691329971,2431.4996460994216,2451.0779856853383,2470.813969292122,2490.7088662632277,2510.763956162824,2530.9805288580706,2551.359884602096,2571.9033341176064,2592.612198681206,2613.487810208354,2634.5315113390543,2655.7446555241822,2677.1286071125573,2698.6847414386757,2720.4144449111714,2742.319115101994,2764.4001608362782,2786.6590022829737,2809.097071046162,2831.715810257159,2854.5166746673017,2877.5011307415425,2900.67065675274,2924.0267428767575,2947.570891288285,2971.304616257478,2995.22944424732,3019.346914011829,3043.658576695001,3068.1659959305807,3092.870747942638,3117.7744216469364,3142.87861875312,3168.1849538677375,3193.695054598094,3219.410561656912,3245.333128967883,3271.4644237720117,3297.806126734876,3324.3599320546946,3351.1275475713155,3378.1106948760344,3405.3111094223436,3432.7305406375262,3460.3707520352004,3488.23352132871,3516.320640545493,3544.6339161423107,3573.1751691214417,3601.9462351478164,3630.9489646670518,3660.1852230244945,3689.6568905851636,3719.3658628547196,3749.3140506013438,3779.5033799786634,3809.935792649603,3840.6132459112973,3871.5377128209448,3902.7111823227383,3934.135659375755,3965.8131650829396,3997.7457368210635,4029.9354283717907,4062.3843100537392,4095.0944688556665,4128.068008570669,4161.3070499315045,4194.813730746993,4228.590206039511,4262.638648183577,4296.961247045588,4331.560210124669,4366.437762694626,4401.596147947099,4437.037627135803,4472.764479721992,4508.779003521039,4545.083514850253,4581.680348677821,4618.571858773019,4655.7604178575675,4693.248417758249,4731.038269560753,4769.132403764733,4807.533270440121,4846.243339384716,4885.265100283049,4924.601062866471,4964.253757074609,5004.22573321805,5044.519562142395,5085.137835393579,5126.08316538458,5167.3581855634,5208.965550582488,5250.907936469426,5293.188040799074,5335.808582867062,5378.772303864684,5422.081967055189,5465.740357951513,5509.7502844954415,5554.1145772382,5598.836089522486,5643.917697666003,5689.362301146471,5735.17282278806,5781.352208949439,5827.903429713208,5874.829479076986,5922.133375145914,5969.818160326825,6017.886901523867,6066.342690335802,6115.188643254807,6164.427901866934,6214.06363305417,6264.099029198114,6314.537308385285,6365.381714614103,6416.635518003553,6468.302015003491,6520.384528606639,6572.88640856233,6625.811031591967,6679.16180160615,6732.942149923667,6787.155535492116,6841.805445110439,6896.895393653112,6952.428924296275,7008.409608745552,7064.841047465831,7121.726869912778,7179.070734766296,7236.876330165845,7295.147373947643,7353.887613883764,7413.100827923194,7472.790824434837,7532.961442452409,7593.616551921397,7654.7600539479145,7716.395881049652,7778.527997408752,7841.160399126823,7904.2971144818985,7967.94220418758,8032.099761654146,8096.773913251861,8161.968818576374,8227.688670716232,8293.937696522553,8360.720156880894,8428.04034698531,8495.90259661459,8564.311270410717,8633.270768159597,8702.785525074065,8772.860012079082,8843.498736099358,8914.706240349144,8986.487104624512,9058.845945597834,9131.787417114787,9205.31621049359,9279.437054826807,9354.154717285446,9429.47400342559,9505.399757497484,9581.936862757088,9659.090241780126,9736.864856778713,9815.265709920519,9894.297843650465,9973.966341015032,10054.276325989182,10135.232963805956,10216.841461288606,10299.107067185563,10382.035072507933,10465.630810869876,10549.89965883156,10634.84703624505,10720.478406602804,10806.799277389146,10893.815200434417,10981.531772272076,11069.954634498676,11159.08947413668,11248.94202400021,11339.518063063782,11430.823416834026,11522.863957724268,11615.64560543233,11709.174327321158,11803.456138802712,11898.49710372478,11994.303334761045,12090.880993804161,12188.23629236214,12286.375491957784,12385.304904531427,12485.030892846919,12585.55987090084,12686.898304334996,12789.052710852275,12892.029660635888,12995.8357767719,13100.477735675182,13205.962267518828,13312.296156667053,13419.486242111492,13527.539417911097,13636.462633635434,13746.262894811807,13856.947263375758,13968.522858125163,14080.996855178266,14194.376488435144,14308.66905004285,14423.881890864615] 0.31126199007860056 [Infinity,Infinity,Infinity,Infinity,Infinity,Infinity,Infinity,Infinity,Infinity,Infinity,Infinity,Infinity,Infinity,Infinity,Infinity,Infinity,Infinity,Infinity,Infinity,Infinity,Infinity,Infinity,Infinity,Infinity,Infinity,Infinity,Infinity,Infinity,Infinity,Infinity,Infinity,Infinity,Infinity,Infinity,Infinity,Infinity,Infinity,Infinity,Infinity,Infinity,Infinity,Infinity,Infinity,Infinity,Infinity,Infinity,Infinity,Infinity,Infinity,Infinity,Infinity,Infinity,Infinity,Infinity,Infinity,Infinity,Infinity,Infinity,Infinity,Infinity,Infinity,Infinity,Infinity,Infinity,Infinity,Infinity,Infinity,Infinity,Infinity,Infinity,Infinity,Infinity,Infinity,Infinity,Infinity,Infinity,Infinity,Infinity,Infinity,Infinity,Infinity,Infinity,Infinity,Infinity,Infinity,Infinity,Infinity,Infinity,Infinity,Infinity,Infinity,Infinity,Infinity,Infinity,Infinity,Infinity,Infinity,Infinity,Infinity,Infinity,Infinity,Infinity,Infinity,Infinity,Infinity,Infinity,Infinity,Infinity,Infinity,Infinity,Infinity,Infinity,Infinity,Infinity,Infinity,Infinity,Infinity,Infinity,Infinity,Infinity,Infinity,Infinity,Infinity,Infinity,Infinity,Infinity,Infinity,Infinity,Infinity,Infinity,Infinity,Infinity,Infinity,Infinity,Infinity,Infinity,Infinity,Infinity,Infinity,Infinity,Infinity,Infinity,Infinity,Infinity,Infinity,Infinity,Infinity,Infinity,Infinity,Infinity,Infinity,Infinity,Infinity,Infinity,Infinity,Infinity,Infinity,Infinity,Infinity,Infinity,Infinity,Infinity,Infinity,Infinity,Infinity,Infinity,Infinity,Infinity,Infinity,Infinity,Infinity,Infinity,Infinity,Infinity,Infinity,Infinity,Infinity,Infinity,Infinity,Infinity,Infinity,Infinity,Infinity,Infinity,Infinity,Infinity,Infinity,Infinity,Infinity,Infinity,Infinity,Infinity,Infinity,Infinity,Infinity,Infinity,Infinity,Infinity,Infinity,Infinity,Infinity,Infinity,Infinity,Infinity,Infinity,Infinity,Infinity,Infinity,Infinity,Infinity,Infinity,Infinity,Infinity,Infinity,Infinity,Infinity,Infinity,Infinity,Infinity,Infinity,Infinity,Infinity,Infinity,Infinity,Infinity,Infinity,Infinity,Infinity,Infinity,Infinity,Infinity,Infinity,Infinity,Infinity,Infinity,Infinity,Infinity,Infinity,Infinity,Infinity,Infinity,Infinity,Infinity,Infinity,Infinity,Infinity,Infinity,Infinity,Infinity,Infinity,Infinity,Infinity,Infinity,Infinity,Infinity,Infinity,Infinity,Infinity,Infinity,Infinity,Infinity,Infinity,Infinity,Infinity,Infinity,Infinity,Infinity,Infinity,Infinity,Infinity,Infinity,Infinity,Infinity,Infinity,Infinity,Infinity,Infinity,Infinity,Infinity,Infinity,Infinity,Infinity,Infinity,Infinity,Infinity,Infinity,Infinity,Infinity,Infinity,Infinity,Infinity,Infinity,Infinity,Infinity,Infinity,Infinity,Infinity,Infinity,Infinity,Infinity] [0.0,0.0,0.0,0.0,0.0,0.0,0.0,0.0,0.0,0.0,0.0,0.0,0.0,0.0,0.0,0.0,0.0,0.0,0.0,0.0,0.0,0.0,0.0,0.0,0.0,0.0,0.0,0.0,0.0,0.0,0.0,0.0,0.0,0.0,0.0,0.0,0.0,0.0,0.0,0.0,0.0,0.0,0.0,0.0,0.0,0.0,0.0,0.0,0.0,0.0,0.0,0.0,0.0,0.0,0.0,0.0,0.0,0.0,0.0,0.0,0.0,0.0,0.0,0.0,0.0,0.0,0.0,0.0,0.0,0.0,0.0,0.0,0.0,0.0,0.0,0.0,0.0,0.0,0.0,0.0,0.0,0.0,0.0,0.0,0.0,0.0,0.0,0.0,0.0,0.0,0.0,0.0,0.0,0.0,0.0,0.0,0.0,0.0,0.0,0.0,0.0,0.0,0.0,0.0,0.0,0.0,0.0,0.0,0.0,0.0,0.0,0.0,0.0,0.0,0.0,0.0,0.0,0.0,0.0,0.0,0.0,0.0,0.0,0.0,0.0,0.0,0.0,0.0,0.0,0.0,0.0,0.0,0.0,0.0,0.0,0.0,0.0,0.0,0.0,0.0,0.0,0.0,0.0,0.0,0.0,0.0,0.0,0.0,0.0,0.0,0.0,0.0,0.0,0.0,0.0,0.0,0.0,0.0,0.0,0.0,0.0,0.0,0.0,0.0,0.0,0.0,0.0,0.0,0.0,0.0,0.0,0.0,0.0,0.0,0.0,0.0,0.0,0.0,0.0,0.0,0.0,0.0,0.0,0.0,0.0,0.0,0.0,0.0,0.0,0.0,0.0,0.0,0.0,0.0,0.0,0.0,0.0,0.0,0.0,0.0,0.0,0.0,0.0,0.0,0.0,0.0,0.0,0.0,0.0,0.0,0.0,0.0,0.0,0.0,0.0,0.0,0.0,0.0,0.0,0.0,0.0,0.0,0.0,0.0,0.0,0.0,0.0,0.0,0.0,0.0,0.0,0.0,0.0,0.0,0.0,0.0,0.0,0.0,0.0,0.0,0.0,0.0,0.0,0.0,0.0,0.0,0.0,0.0,0.0,0.0,0.0,0.0,0.0,0.0,0.0,0.0,0.0,0.0,0.0,0.0,0.0,0.0,0.0,0.0,0.0,0.0,0.0,0.0,0.0,0.0,0.0,0.0,0.0,0.0,0.0,0.0,0.0,0.0,0.0,0.0,0.0,0.0,0.0,0.0,0.0,0.0,0.0,0.0,0.0,0.0,0.0,0.0,0.0,0.0,0.0,0.0,0.0,0.0,0.0,0.0]
56333.82182029409 [0.0,0.0,0.0,0.0,0.0,0.0,0.0,0.0,0.0,0.0,0.0,0.0,0.0,0.0,0.0,0.0,0.0,0.0,0.0,0.0,0.0,0.0,0.0,0.0,0.0,0.0,0.0,0.0,0.0,0.0,0.0,0.0,0.0,0.0,0.0,0.0,0.0,0.0,0.0,0.0,0.0,0.0,0.0,0.0,0.0,0.0,0.0,0.0,0.0,0.0,0.0,0.0,0.0,0.0,0.0,0.0,0.0,0.0,0.0,0.0,0.0,0.0,0.0,0.0,0.0,0.0,0.0,0.0,0.0,0.0,0.0,0.0,0.0,0.0,0.0,0.0,0.0,0.0,0.0,0.0,0.0,0.0,0.0,0.0,0.0,0.0,0.0,0.0,0.0,0.0,0.0,0.0,0.0,0.0,0.0,0.0,0.0,0.0,0.0,0.0,0.0,0.0,0.0,0.0,0.0,0.0,0.0,0.0,0.0,0.0,0.0,0.0,0.0,0.0,0.0,0.0,0.0,0.0,0.0,0.0,0.0,0.0,0.0,0.0,0.0,0.0,0.0,0.0,0.0,0.0,0.0,0.0,0.0,0.0,0.0,0.0,0.0,0.0,0.0,0.0,0.0,0.0,0.0,0.0,0.0,0.0,0.0,0.0,0.0,0.0,0.0,0.0,0.0,0.0,0.0,0.0,0.0,0.0,0.0,0.0,0.0,0.0,0.0,0.0,0.0,0.0,0.0,0.0,0.0,0.0,0.0,0.0,0.0,0.0,0.0,0.0,0.0,0.0,0.0,0.0,0.0,0.0,0.0,0.0,0.0,0.0,0.0,0.0,0.0,0.0,0.0,0.0,0.0,0.0,0.0,0.0,0.0,0.0,0.0,0.0,0.0,0.0,0.0,0.0,0.0,0.0,0.0,0.0,0.0,0.0,0.0,0.0,0.0,0.0,0.0,0.0,0.0,0.0,0.0,0.0,0.0,0.0,0.0,0.0,0.0,0.0,0.0,0.0,0.0,0.0,0.0,0.0,0.0,0.0,0.0,0.0,0.0,0.0,0.0,0.0,0.0,0.0,0.0,0.0,0.0,0.0,0.0,0.0,0.0,0.0,0.0,0.0,0.0,0.0,0.0,0.0,0.0,0.0,0.0,0.0,0.0,0.0,0.0,0.0,0.0,0.0,0.0,0.0,0.0,0.0,0.0,0.0,0.0,0.0,0.0,0.0,0.0,0.0,0.0,0.0,0.0,0.0,0.0,0.0,0.0,0.0,0.0,0.0,0.0,0.0,0.0,0.0,0.0,0.0,0.0,0.0,0.0,0.0,0.0,0.0] [1311.2619900786005,1321.8202200865917,1332.463464547639,1343.19240799478,1354.0077404728797,1364.9101575830227,1375.9003605272408,1386.9790561536227,1398.1469570017646,1409.4047813486081,1420.7532532546286,1432.193102610412,1443.7250651835902,1455.3498826661717,1467.068302722235,1478.881079036026,1490.78897136042,1502.7927455657994,1514.8931736892998,1527.0910339844697,1539.3871109713293,1551.7821954868166,1564.2770847356642,1576.872582341659,1589.569498399342,1602.368649526097,1615.270858914685,1628.2769563861766,1641.3877784433362,1654.6041683244075,1667.9269760573632,1681.3570585145608,1694.895279467867,1708.5425096441993,1722.2996267815402,1736.1675156853773,1750.1470682856248,1764.2391836939755,1778.4447682617345,1792.7647356381167,1807.2000068289992,1821.7515102561672,1836.4201818170154,1851.2069649447558,1866.112810669078,1881.1386776773347,1896.285532376183,1911.5543489537563,1926.9461094423048,1942.4618037813711,1958.1024298814455,1973.8689936881608,1989.7625092469793,2005.7839987684179,2021.9344926937952,2038.215029761504,2054.626657073813,2071.1704301642176,2087.8474130653335,2104.6586783773164,2121.605307336866,2138.6883898867477,2155.9090247459117,2173.268319480143,2190.767390573309,2208.407363499154,2226.1893727937027,2244.1145621282076,2262.184084382728,2280.399101720259,2298.7607856614945,2317.2703171601615,2335.9288866789793,2354.7376942662327,2373.6979496329395,2392.810872230673,2412.077691329971,2431.4996460994216,2451.0779856853383,2470.813969292122,2490.7088662632277,2510.763956162824,2530.9805288580706,2551.359884602096,2571.9033341176064,2592.612198681206,2613.487810208354,2634.5315113390543,2655.7446555241822,2677.1286071125573,2698.6847414386757,2720.4144449111714,2742.319115101994,2764.4001608362782,2786.6590022829737,2809.097071046162,2831.715810257159,2854.5166746673017,2877.5011307415425,2900.67065675274,2924.0267428767575,2947.570891288285,2971.304616257478,2995.22944424732,3019.346914011829,3043.658576695001,3068.1659959305807,3092.870747942638,3117.7744216469364,3142.87861875312,3168.1849538677375,3193.695054598094,3219.410561656912,3245.333128967883,3271.4644237720117,3297.806126734876,3324.3599320546946,3351.1275475713155,3378.1106948760344,3405.3111094223436,3432.7305406375262,3460.3707520352004,3488.23352132871,3516.320640545493,3544.6339161423107,3573.1751691214417,3601.9462351478164,3630.9489646670518,3660.1852230244945,3689.6568905851636,3719.3658628547196,3749.3140506013438,3779.5033799786634,3809.935792649603,3840.6132459112973,3871.5377128209448,3902.7111823227383,3934.135659375755,3965.8131650829396,3997.7457368210635,4029.9354283717907,4062.3843100537392,4095.0944688556665,4128.068008570669,4161.3070499315045,4194.813730746993,4228.590206039511,4262.638648183577,4296.961247045588,4331.560210124669,4366.437762694626,4401.596147947099,4437.037627135803,4472.764479721992,4508.779003521039,4545.083514850253,4581.680348677821,4618.571858773019,4655.7604178575675,4693.248417758249,4731.038269560753,4769.132403764733,4807.533270440121,4846.243339384716,4885.265100283049,4924.601062866471,4964.253757074609,5004.22573321805,5044.519562142395,5085.137835393579,5126.08316538458,5167.3581855634,5208.965550582488,5250.907936469426,5293.188040799074,5335.808582867062,5378.772303864684,5422.081967055189,5465.740357951513,5509.7502844954415,5554.1145772382,5598.836089522486,5643.917697666003,5689.362301146471,5735.17282278806,5781.352208949439,5827.903429713208,5874.829479076986,5922.133375145914,5969.818160326825,6017.886901523867,6066.342690335802,6115.188643254807,6164.427901866934,6214.06363305417,6264.099029198114,6314.537308385285,6365.381714614103,6416.635518003553,6468.302015003491,6520.384528606639,6572.88640856233,6625.811031591967,6679.16180160615,6732.942149923667,6787.155535492116,6841.805445110439,6896.895393653112,6952.428924296275,7008.409608745552,7064.841047465831,7121.726869912778,7179.070734766296,7236.876330165845,7295.147373947643,7353.887613883764,7413.100827923194,7472.790824434837,7532.961442452409,7593.616551921397,7654.7600539479145,7716.395881049652,7778.527997408752,7841.160399126823,7904.2971144818985,7967.94220418758,8032.099761654146,8096.773913251861,8161.968818576374,8227.688670716232,8293.937696522553,8360.720156880894,8428.04034698531,8495.90259661459,8564.311270410717,8633.270768159597,8702.785525074065,8772.860012079082,8843.498736099358,8914.706240349144,8986.487104624512,9058.845945597834,9131.787417114787,9205.31621049359,9279.437054826807,9354.154717285446,9429.47400342559,9505.399757497484,9581.936862757088,9659.090241780126,9736.864856778713,9815.265709920519,9894.297843650465,9973.966341015032,10054.276325989182,10135.232963805956,10216.841461288606,10299.107067185563,10382.035072507933,10465.630810869876,10549.89965883156,10634.84703624505,10720.478406602804,10806.799277389146,10893.815200434417,10981.531772272076,11069.954634498676,11159.08947413668,11248.94202400021,11339.518063063782,11430.823416834026,11522.863957724268,11615.64560543233,11709.174327321158,11803.456138802712,11898.49710372478,11994.303334761045,12090.880993804161,12188.23629236214,12286.375491957784,12385.304904531427,12485.030892846919,12585.55987090084,12686.898304334996,12789.052710852275,12892.029660635888,12995.8357767719,13100.477735675182,13205.962267518828,13312.296156667053,13419.486242111492,13527.539417911097,13636.462633635434,13746.262894811807,13856.947263375758,13968.522858125163,14080.996855178266,14194.376488435144,14308.66905004285,14423.881890864615] 0.31126199007860056 [Infinity,Infinity,Infinity,Infinity,Infinity,Infinity,Infinity,Infinity,Infinity,Infinity,Infinity,Infinity,Infinity,Infinity,Infinity,Infinity,Infinity,Infinity,Infinity,Infinity,Infinity,Infinity,Infinity,Infinity,Infinity,Infinity,Infinity,Infinity,Infinity,Infinity,Infinity,Infinity,Infinity,Infinity,Infinity,Infinity,Infinity,Infinity,Infinity,Infinity,Infinity,Infinity,Infinity,Infinity,Infinity,Infinity,Infinity,Infinity,Infinity,Infinity,Infinity,Infinity,Infinity,Infinity,Infinity,Infinity,Infinity,Infinity,Infinity,Infinity,Infinity,Infinity,Infinity,Infinity,Infinity,Infinity,Infinity,Infinity,Infinity,Infinity,Infinity,Infinity,Infinity,Infinity,Infinity,Infinity,Infinity,Infinity,Infinity,Infinity,Infinity,Infinity,Infinity,Infinity,Infinity,Infinity,Infinity,Infinity,Infinity,Infinity,Infinity,Infinity,Infinity,Infinity,Infinity,Infinity,Infinity,Infinity,Infinity,Infinity,Infinity,Infinity,Infinity,Infinity,Infinity,Infinity,Infinity,Infinity,Infinity,Infinity,Infinity,Infinity,Infinity,Infinity,Infinity,Infinity,Infinity,Infinity,Infinity,Infinity,Infinity,Infinity,Infinity,Infinity,Infinity,Infinity,Infinity,Infinity,Infinity,Infinity,Infinity,Infinity,Infinity,Infinity,Infinity,Infinity,Infinity,Infinity,Infinity,Infinity,Infinity,Infinity,Infinity,Infinity,Infinity,Infinity,Infinity,Infinity,Infinity,Infinity,Infinity,Infinity,Infinity,Infinity,Infinity,Infinity,Infinity,Infinity,Infinity,Infinity,Infinity,Infinity,Infinity,Infinity,Infinity,Infinity,Infinity,Infinity,Infinity,Infinity,Infinity,Infinity,Infinity,Infinity,Infinity,Infinity,Infinity,Infinity,Infinity,Infinity,Infinity,Infinity,Infinity,Infinity,Infinity,Infinity,Infinity,Infinity,Infinity,Infinity,Infinity,Infinity,Infinity,Infinity,Infinity,Infinity,Infinity,Infinity,Infinity,Infinity,Infinity,Infinity,Infinity,Infinity,Infinity,Infinity,Infinity,Infinity,Infinity,Infinity,Infinity,Infinity,Infinity,Infinity,Infinity,Infinity,Infinity,Infinity,Infinity,Infinity,Infinity,Infinity,Infinity,Infinity,Infinity,Infinity,Infinity,Infinity,Infinity,Infinity,Infinity,Infinity,Infinity,Infinity,Infinity,Infinity,Infinity,Infinity,Infinity,Infinity,Infinity,Infinity,Infinity,Infinity,Infinity,Infinity,Infinity,Infinity,Infinity,Infinity,Infinity,Infinity,Infinity,Infinity,Infinity,Infinity,Infinity,Infinity,Infinity,Infinity,Infinity,Infinity,Infinity,Infinity,Infinity,Infinity,Infinity,Infinity,Infinity,Infinity,Infinity,Infinity,Infinity,Infinity,Infinity,Infinity,Infinity,Infinity,Infinity,Infinity,Infinity,Infinity,Infinity,Infinity,Infinity,Infinity,Infinity,Infinity,Infinity,Infinity,Infinity,Infinity,Infinity,Infinity,Infinity,Infinity,Infinity,Infinity,Infinity,Infinity] [0.0,0.0,0.0,0.0,0.0,0.0,0.0,0.0,0.0,0.0,0.0,0.0,0.0,0.0,0.0,0.0,0.0,0.0,0.0,0.0,0.0,0.0,0.0,0.0,0.0,0.0,0.0,0.0,0.0,0.0,0.0,0.0,0.0,0.0,0.0,0.0,0.0,0.0,0.0,0.0,0.0,0.0,0.0,0.0,0.0,0.0,0.0,0.0,0.0,0.0,0.0,0.0,0.0,0.0,0.0,0.0,0.0,0.0,0.0,0.0,0.0,0.0,0.0,0.0,0.0,0.0,0.0,0.0,0.0,0.0,0.0,0.0,0.0,0.0,0.0,0.0,0.0,0.0,0.0,0.0,0.0,0.0,0.0,0.0,0.0,0.0,0.0,0.0,0.0,0.0,0.0,0.0,0.0,0.0,0.0,0.0,0.0,0.0,0.0,0.0,0.0,0.0,0.0,0.0,0.0,0.0,0.0,0.0,0.0,0.0,0.0,0.0,0.0,0.0,0.0,0.0,0.0,0.0,0.0,0.0,0.0,0.0,0.0,0.0,0.0,0.0,0.0,0.0,0.0,0.0,0.0,0.0,0.0,0.0,0.0,0.0,0.0,0.0,0.0,0.0,0.0,0.0,0.0,0.0,0.0,0.0,0.0,0.0,0.0,0.0,0.0,0.0,0.0,0.0,0.0,0.0,0.0,0.0,0.0,0.0,0.0,0.0,0.0,0.0,0.0,0.0,0.0,0.0,0.0,0.0,0.0,0.0,0.0,0.0,0.0,0.0,0.0,0.0,0.0,0.0,0.0,0.0,0.0,0.0,0.0,0.0,0.0,0.0,0.0,0.0,0.0,0.0,0.0,0.0,0.0,0.0,0.0,0.0,0.0,0.0,0.0,0.0,0.0,0.0,0.0,0.0,0.0,0.0,0.0,0.0,0.0,0.0,0.0,0.0,0.0,0.0,0.0,0.0,0.0,0.0,0.0,0.0,0.0,0.0,0.0,0.0,0.0,0.0,0.0,0.0,0.0,0.0,0.0,0.0,0.0,0.0,0.0,0.0,0.0,0.0,0.0,0.0,0.0,0.0,0.0,0.0,0.0,0.0,0.0,0.0,0.0,0.0,0.0,0.0,0.0,0.0,0.0,0.0,0.0,0.0,0.0,0.0,0.0,0.0,0.0,0.0,0.0,0.0,0.0,0.0,0.0,0.0,0.0,0.0,0.0,0.0,0.0,0.0,0.0,0.0,0.0,0.0,0.0,0.0,0.0,0.0,0.0,0.0,0.0,0.0,0.0,0.0,0.0,0.0,0.0,0.0,0.0,0.0,0.0,0.0]
56188.540554173574 [0.0,0.0,0.0,0.0,0.0,0.0,0.0,0.0,0.0,0.0,0.0,0.0,0.0,0.0,0.0,0.0,0.0,0.0,0.0,0.0,0.0,0.0,0.0,0.0,0.0,0.0,0.0,0.0,0.0,0.0,0.0,0.0,0.0,0.0,0.0,0.0,0.0,0.0,0.0,0.0,0.0,0.0,0.0,0.0,0.0,0.0,0.0,0.0,0.0,0.0,0.0,0.0,0.0,0.0,0.0,0.0,0.0,0.0,0.0,0.0,0.0,0.0,0.0,0.0,0.0,0.0,0.0,0.0,0.0,0.0,0.0,0.0,0.0,0.0,0.0,0.0,0.0,0.0,0.0,0.0,0.0,0.0,0.0,0.0,0.0,0.0,0.0,0.0,0.0,0.0,0.0,0.0,0.0,0.0,0.0,0.0,0.0,0.0,0.0,0.0,0.0,0.0,0.0,0.0,0.0,0.0,0.0,0.0,0.0,0.0,0.0,0.0,0.0,0.0,0.0,0.0,0.0,0.0,0.0,0.0,0.0,0.0,0.0,0.0,0.0,0.0,0.0,0.0,0.0,0.0,0.0,0.0,0.0,0.0,0.0,0.0,0.0,0.0,0.0,0.0,0.0,0.0,0.0,0.0,0.0,0.0,0.0,0.0,0.0,0.0,0.0,0.0,0.0,0.0,0.0,0.0,0.0,0.0,0.0,0.0,0.0,0.0,0.0,0.0,0.0,0.0,0.0,0.0,0.0,0.0,0.0,0.0,0.0,0.0,0.0,0.0,0.0,0.0,0.0,0.0,0.0,0.0,0.0,0.0,0.0,0.0,0.0,0.0,0.0,0.0,0.0,0.0,0.0,0.0,0.0,0.0,0.0,0.0,0.0,0.0,0.0,0.0,0.0,0.0,0.0,0.0,0.0,0.0,0.0,0.0,0.0,0.0,0.0,0.0,0.0,0.0,0.0,0.0,0.0,0.0,0.0,0.0,0.0,0.0,0.0,0.0,0.0,0.0,0.0,0.0,0.0,0.0,0.0,0.0,0.0,0.0,0.0,0.0,0.0,0.0,0.0,0.0,0.0,0.0,0.0,0.0,0.0,0.0,0.0,0.0,0.0,0.0,0.0,0.0,0.0,0.0,0.0,0.0,0.0,0.0,0.0,0.0,0.0,0.0,0.0,0.0,0.0,0.0,0.0,0.0,0.0,0.0,0.0,0.0,0.0,0.0,0.0,0.0,0.0,0.0,0.0,0.0,0.0,0.0,0.0,0.0,0.0,0.0,0.0,0.0,0.0,0.0,0.0,0.0,0.0,0.0,0.0,0.0,0.0,0.0] [1311.2619900786005,1321.8202200865917,1332.463464547639,1343.19240799478,1354.0077404728797,1364.9101575830227,1375.9003605272408,1386.9790561536227,1398.1469570017646,1409.4047813486081,1420.7532532546286,1432.193102610412,1443.7250651835902,1455.3498826661717,1467.068302722235,1478.881079036026,1490.78897136042,1502.7927455657994,1514.8931736892998,1527.0910339844697,1539.3871109713293,1551.7821954868166,1564.2770847356642,1576.872582341659,1589.569498399342,1602.368649526097,1615.270858914685,1628.2769563861766,1641.3877784433362,1654.6041683244075,1667.9269760573632,1681.3570585145608,1694.895279467867,1708.5425096441993,1722.2996267815402,1736.1675156853773,1750.1470682856248,1764.2391836939755,1778.4447682617345,1792.7647356381167,1807.2000068289992,1821.7515102561672,1836.4201818170154,1851.2069649447558,1866.112810669078,1881.1386776773347,1896.285532376183,1911.5543489537563,1926.9461094423048,1942.4618037813711,1958.1024298814455,1973.8689936881608,1989.7625092469793,2005.7839987684179,2021.9344926937952,2038.215029761504,2054.626657073813,2071.1704301642176,2087.8474130653335,2104.6586783773164,2121.605307336866,2138.6883898867477,2155.9090247459117,2173.268319480143,2190.767390573309,2208.407363499154,2226.1893727937027,2244.1145621282076,2262.184084382728,2280.399101720259,2298.7607856614945,2317.2703171601615,2335.9288866789793,2354.7376942662327,2373.6979496329395,2392.810872230673,2412.077691329971,2431.4996460994216,2451.0779856853383,2470.813969292122,2490.7088662632277,2510.763956162824,2530.9805288580706,2551.359884602096,2571.9033341176064,2592.612198681206,2613.487810208354,2634.5315113390543,2655.7446555241822,2677.1286071125573,2698.6847414386757,2720.4144449111714,2742.319115101994,2764.4001608362782,2786.6590022829737,2809.097071046162,2831.715810257159,2854.5166746673017,2877.5011307415425,2900.67065675274,2924.0267428767575,2947.570891288285,2971.304616257478,2995.22944424732,3019.346914011829,3043.658576695001,3068.1659959305807,3092.870747942638,3117.7744216469364,3142.87861875312,3168.1849538677375,3193.695054598094,3219.410561656912,3245.333128967883,3271.4644237720117,3297.806126734876,3324.3599320546946,3351.1275475713155,3378.1106948760344,3405.3111094223436,3432.7305406375262,3460.3707520352004,3488.23352132871,3516.320640545493,3544.6339161423107,3573.1751691214417,3601.9462351478164,3630.9489646670518,3660.1852230244945,3689.6568905851636,3719.3658628547196,3749.3140506013438,3779.5033799786634,3809.935792649603,3840.6132459112973,3871.5377128209448,3902.7111823227383,3934.135659375755,3965.8131650829396,3997.7457368210635,4029.9354283717907,4062.3843100537392,4095.0944688556665,4128.068008570669,4161.3070499315045,4194.813730746993,4228.590206039511,4262.638648183577,4296.961247045588,4331.560210124669,4366.437762694626,4401.596147947099,4437.037627135803,4472.764479721992,4508.779003521039,4545.083514850253,4581.680348677821,4618.571858773019,4655.7604178575675,4693.248417758249,4731.038269560753,4769.132403764733,4807.533270440121,4846.243339384716,4885.265100283049,4924.601062866471,4964.253757074609,5004.22573321805,5044.519562142395,5085.137835393579,5126.08316538458,5167.3581855634,5208.965550582488,5250.907936469426,5293.188040799074,5335.808582867062,5378.772303864684,5422.081967055189,5465.740357951513,5509.7502844954415,5554.1145772382,5598.836089522486,5643.917697666003,5689.362301146471,5735.17282278806,5781.352208949439,5827.903429713208,5874.829479076986,5922.133375145914,5969.818160326825,6017.886901523867,6066.342690335802,6115.188643254807,6164.427901866934,6214.06363305417,6264.099029198114,6314.537308385285,6365.381714614103,6416.635518003553,6468.302015003491,6520.384528606639,6572.88640856233,6625.811031591967,6679.16180160615,6732.942149923667,6787.155535492116,6841.805445110439,6896.895393653112,6952.428924296275,7008.409608745552,7064.841047465831,7121.726869912778,7179.070734766296,7236.876330165845,7295.147373947643,7353.887613883764,7413.100827923194,7472.790824434837,7532.961442452409,7593.616551921397,7654.7600539479145,7716.395881049652,7778.527997408752,7841.160399126823,7904.2971144818985,7967.94220418758,8032.099761654146,8096.773913251861,8161.968818576374,8227.688670716232,8293.937696522553,8360.720156880894,8428.04034698531,8495.90259661459,8564.311270410717,8633.270768159597,8702.785525074065,8772.860012079082,8843.498736099358,8914.706240349144,8986.487104624512,9058.845945597834,9131.787417114787,9205.31621049359,9279.437054826807,9354.154717285446,9429.47400342559,9505.399757497484,9581.936862757088,9659.090241780126,9736.864856778713,9815.265709920519,9894.297843650465,9973.966341015032,10054.276325989182,10135.232963805956,10216.841461288606,10299.107067185563,10382.035072507933,10465.630810869876,10549.89965883156,10634.84703624505,10720.478406602804,10806.799277389146,10893.815200434417,10981.531772272076,11069.954634498676,11159.08947413668,11248.94202400021,11339.518063063782,11430.823416834026,11522.863957724268,11615.64560543233,11709.174327321158,11803.456138802712,11898.49710372478,11994.303334761045,12090.880993804161,12188.23629236214,12286.375491957784,12385.304904531427,12485.030892846919,12585.55987090084,12686.898304334996,12789.052710852275,12892.029660635888,12995.8357767719,13100.477735675182,13205.962267518828,13312.296156667053,13419.486242111492,13527.539417911097,13636.462633635434,13746.262894811807,13856.947263375758,13968.522858125163,14080.996855178266,14194.376488435144,14308.66905004285,14423.881890864615] 0.31126199007860056 [Infinity,Infinity,Infinity,Infinity,Infinity,Infinity,Infinity,Infinity,Infinity,Infinity,Infinity,Infinity,Infinity,Infinity,Infinity,Infinity,Infinity,Infinity,Infinity,Infinity,Infinity,Infinity,Infinity,Infinity,Infinity,Infinity,Infinity,Infinity,Infinity,Infinity,Infinity,Infinity,Infinity,Infinity,Infinity,Infinity,Infinity,Infinity,Infinity,Infinity,Infinity,Infinity,Infinity,Infinity,Infinity,Infinity,Infinity,Infinity,Infinity,Infinity,Infinity,Infinity,Infinity,Infinity,Infinity,Infinity,Infinity,Infinity,Infinity,Infinity,Infinity,Infinity,Infinity,Infinity,Infinity,Infinity,Infinity,Infinity,Infinity,Infinity,Infinity,Infinity,Infinity,Infinity,Infinity,Infinity,Infinity,Infinity,Infinity,Infinity,Infinity,Infinity,Infinity,Infinity,Infinity,Infinity,Infinity,Infinity,Infinity,Infinity,Infinity,Infinity,Infinity,Infinity,Infinity,Infinity,Infinity,Infinity,Infinity,Infinity,Infinity,Infinity,Infinity,Infinity,Infinity,Infinity,Infinity,Infinity,Infinity,Infinity,Infinity,Infinity,Infinity,Infinity,Infinity,Infinity,Infinity,Infinity,Infinity,Infinity,Infinity,Infinity,Infinity,Infinity,Infinity,Infinity,Infinity,Infinity,Infinity,Infinity,Infinity,Infinity,Infinity,Infinity,Infinity,Infinity,Infinity,Infinity,Infinity,Infinity,Infinity,Infinity,Infinity,Infinity,Infinity,Infinity,Infinity,Infinity,Infinity,Infinity,Infinity,Infinity,Infinity,Infinity,Infinity,Infinity,Infinity,Infinity,Infinity,Infinity,Infinity,Infinity,Infinity,Infinity,Infinity,Infinity,Infinity,Infinity,Infinity,Infinity,Infinity,Infinity,Infinity,Infinity,Infinity,Infinity,Infinity,Infinity,Infinity,Infinity,Infinity,Infinity,Infinity,Infinity,Infinity,Infinity,Infinity,Infinity,Infinity,Infinity,Infinity,Infinity,Infinity,Infinity,Infinity,Infinity,Infinity,Infinity,Infinity,Infinity,Infinity,Infinity,Infinity,Infinity,Infinity,Infinity,Infinity,Infinity,Infinity,Infinity,Infinity,Infinity,Infinity,Infinity,Infinity,Infinity,Infinity,Infinity,Infinity,Infinity,Infinity,Infinity,Infinity,Infinity,Infinity,Infinity,Infinity,Infinity,Infinity,Infinity,Infinity,Infinity,Infinity,Infinity,Infinity,Infinity,Infinity,Infinity,Infinity,Infinity,Infinity,Infinity,Infinity,Infinity,Infinity,Infinity,Infinity,Infinity,Infinity,Infinity,Infinity,Infinity,Infinity,Infinity,Infinity,Infinity,Infinity,Infinity,Infinity,Infinity,Infinity,Infinity,Infinity,Infinity,Infinity,Infinity,Infinity,Infinity,Infinity,Infinity,Infinity,Infinity,Infinity,Infinity,Infinity,Infinity,Infinity,Infinity,Infinity,Infinity,Infinity,Infinity,Infinity,Infinity,Infinity,Infinity,Infinity,Infinity,Infinity,Infinity,Infinity,Infinity,Infinity,Infinity,Infinity,Infinity,Infinity,Infinity,Infinity,Infinity] [0.0,0.0,0.0,0.0,0.0,0.0,0.0,0.0,0.0,0.0,0.0,0.0,0.0,0.0,0.0,0.0,0.0,0.0,0.0,0.0,0.0,0.0,0.0,0.0,0.0,0.0,0.0,0.0,0.0,0.0,0.0,0.0,0.0,0.0,0.0,0.0,0.0,0.0,0.0,0.0,0.0,0.0,0.0,0.0,0.0,0.0,0.0,0.0,0.0,0.0,0.0,0.0,0.0,0.0,0.0,0.0,0.0,0.0,0.0,0.0,0.0,0.0,0.0,0.0,0.0,0.0,0.0,0.0,0.0,0.0,0.0,0.0,0.0,0.0,0.0,0.0,0.0,0.0,0.0,0.0,0.0,0.0,0.0,0.0,0.0,0.0,0.0,0.0,0.0,0.0,0.0,0.0,0.0,0.0,0.0,0.0,0.0,0.0,0.0,0.0,0.0,0.0,0.0,0.0,0.0,0.0,0.0,0.0,0.0,0.0,0.0,0.0,0.0,0.0,0.0,0.0,0.0,0.0,0.0,0.0,0.0,0.0,0.0,0.0,0.0,0.0,0.0,0.0,0.0,0.0,0.0,0.0,0.0,0.0,0.0,0.0,0.0,0.0,0.0,0.0,0.0,0.0,0.0,0.0,0.0,0.0,0.0,0.0,0.0,0.0,0.0,0.0,0.0,0.0,0.0,0.0,0.0,0.0,0.0,0.0,0.0,0.0,0.0,0.0,0.0,0.0,0.0,0.0,0.0,0.0,0.0,0.0,0.0,0.0,0.0,0.0,0.0,0.0,0.0,0.0,0.0,0.0,0.0,0.0,0.0,0.0,0.0,0.0,0.0,0.0,0.0,0.0,0.0,0.0,0.0,0.0,0.0,0.0,0.0,0.0,0.0,0.0,0.0,0.0,0.0,0.0,0.0,0.0,0.0,0.0,0.0,0.0,0.0,0.0,0.0,0.0,0.0,0.0,0.0,0.0,0.0,0.0,0.0,0.0,0.0,0.0,0.0,0.0,0.0,0.0,0.0,0.0,0.0,0.0,0.0,0.0,0.0,0.0,0.0,0.0,0.0,0.0,0.0,0.0,0.0,0.0,0.0,0.0,0.0,0.0,0.0,0.0,0.0,0.0,0.0,0.0,0.0,0.0,0.0,0.0,0.0,0.0,0.0,0.0,0.0,0.0,0.0,0.0,0.0,0.0,0.0,0.0,0.0,0.0,0.0,0.0,0.0,0.0,0.0,0.0,0.0,0.0,0.0,0.0,0.0,0.0,0.0,0.0,0.0,0.0,0.0,0.0,0.0,0.0,0.0,0.0,0.0,0.0,0.0,0.0]
56192.39882920903 [0.0,0.0,0.0,0.0,0.0,0.0,0.0,0.0,0.0,0.0,0.0,0.0,0.0,0.0,0.0,0.0,0.0,0.0,0.0,0.0,0.0,0.0,0.0,0.0,0.0,0.0,0.0,0.0,0.0,0.0,0.0,0.0,0.0,0.0,0.0,0.0,0.0,0.0,0.0,0.0,0.0,0.0,0.0,0.0,0.0,0.0,0.0,0.0,0.0,0.0,0.0,0.0,0.0,0.0,0.0,0.0,0.0,0.0,0.0,0.0,0.0,0.0,0.0,0.0,0.0,0.0,0.0,0.0,0.0,0.0,0.0,0.0,0.0,0.0,0.0,0.0,0.0,0.0,0.0,0.0,0.0,0.0,0.0,0.0,0.0,0.0,0.0,0.0,0.0,0.0,0.0,0.0,0.0,0.0,0.0,0.0,0.0,0.0,0.0,0.0,0.0,0.0,0.0,0.0,0.0,0.0,0.0,0.0,0.0,0.0,0.0,0.0,0.0,0.0,0.0,0.0,0.0,0.0,0.0,0.0,0.0,0.0,0.0,0.0,0.0,0.0,0.0,0.0,0.0,0.0,0.0,0.0,0.0,0.0,0.0,0.0,0.0,0.0,0.0,0.0,0.0,0.0,0.0,0.0,0.0,0.0,0.0,0.0,0.0,0.0,0.0,0.0,0.0,0.0,0.0,0.0,0.0,0.0,0.0,0.0,0.0,0.0,0.0,0.0,0.0,0.0,0.0,0.0,0.0,0.0,0.0,0.0,0.0,0.0,0.0,0.0,0.0,0.0,0.0,0.0,0.0,0.0,0.0,0.0,0.0,0.0,0.0,0.0,0.0,0.0,0.0,0.0,0.0,0.0,0.0,0.0,0.0,0.0,0.0,0.0,0.0,0.0,0.0,0.0,0.0,0.0,0.0,0.0,0.0,0.0,0.0,0.0,0.0,0.0,0.0,0.0,0.0,0.0,0.0,0.0,0.0,0.0,0.0,0.0,0.0,0.0,0.0,0.0,0.0,0.0,0.0,0.0,0.0,0.0,0.0,0.0,0.0,0.0,0.0,0.0,0.0,0.0,0.0,0.0,0.0,0.0,0.0,0.0,0.0,0.0,0.0,0.0,0.0,0.0,0.0,0.0,0.0,0.0,0.0,0.0,0.0,0.0,0.0,0.0,0.0,0.0,0.0,0.0,0.0,0.0,0.0,0.0,0.0,0.0,0.0,0.0,0.0,0.0,0.0,0.0,0.0,0.0,0.0,0.0,0.0,0.0,0.0,0.0,0.0,0.0,0.0,0.0,0.0,0.0,0.0,0.0,0.0,0.0,0.0,0.0] [1311.2619900786005,1321.8202200865917,1332.463464547639,1343.19240799478,1354.0077404728797,1364.9101575830227,1375.9003605272408,1386.9790561536227,1398.1469570017646,1409.4047813486081,1420.7532532546286,1432.193102610412,1443.7250651835902,1455.3498826661717,1467.068302722235,1478.881079036026,1490.78897136042,1502.7927455657994,1514.8931736892998,1527.0910339844697,1539.3871109713293,1551.7821954868166,1564.2770847356642,1576.872582341659,1589.569498399342,1602.368649526097,1615.270858914685,1628.2769563861766,1641.3877784433362,1654.6041683244075,1667.9269760573632,1681.3570585145608,1694.895279467867,1708.5425096441993,1722.2996267815402,1736.1675156853773,1750.1470682856248,1764.2391836939755,1778.4447682617345,1792.7647356381167,1807.2000068289992,1821.7515102561672,1836.4201818170154,1851.2069649447558,1866.112810669078,1881.1386776773347,1896.285532376183,1911.5543489537563,1926.9461094423048,1942.4618037813711,1958.1024298814455,1973.8689936881608,1989.7625092469793,2005.7839987684179,2021.9344926937952,2038.215029761504,2054.626657073813,2071.1704301642176,2087.8474130653335,2104.6586783773164,2121.605307336866,2138.6883898867477,2155.9090247459117,2173.268319480143,2190.767390573309,2208.407363499154,2226.1893727937027,2244.1145621282076,2262.184084382728,2280.399101720259,2298.7607856614945,2317.2703171601615,2335.9288866789793,2354.7376942662327,2373.6979496329395,2392.810872230673,2412.077691329971,2431.4996460994216,2451.0779856853383,2470.813969292122,2490.7088662632277,2510.763956162824,2530.9805288580706,2551.359884602096,2571.9033341176064,2592.612198681206,2613.487810208354,2634.5315113390543,2655.7446555241822,2677.1286071125573,2698.6847414386757,2720.4144449111714,2742.319115101994,2764.4001608362782,2786.6590022829737,2809.097071046162,2831.715810257159,2854.5166746673017,2877.5011307415425,2900.67065675274,2924.0267428767575,2947.570891288285,2971.304616257478,2995.22944424732,3019.346914011829,3043.658576695001,3068.1659959305807,3092.870747942638,3117.7744216469364,3142.87861875312,3168.1849538677375,3193.695054598094,3219.410561656912,3245.333128967883,3271.4644237720117,3297.806126734876,3324.3599320546946,3351.1275475713155,3378.1106948760344,3405.3111094223436,3432.7305406375262,3460.3707520352004,3488.23352132871,3516.320640545493,3544.6339161423107,3573.1751691214417,3601.9462351478164,3630.9489646670518,3660.1852230244945,3689.6568905851636,3719.3658628547196,3749.3140506013438,3779.5033799786634,3809.935792649603,3840.6132459112973,3871.5377128209448,3902.7111823227383,3934.135659375755,3965.8131650829396,3997.7457368210635,4029.9354283717907,4062.3843100537392,4095.0944688556665,4128.068008570669,4161.3070499315045,4194.813730746993,4228.590206039511,4262.638648183577,4296.961247045588,4331.560210124669,4366.437762694626,4401.596147947099,4437.037627135803,4472.764479721992,4508.779003521039,4545.083514850253,4581.680348677821,4618.571858773019,4655.7604178575675,4693.248417758249,4731.038269560753,4769.132403764733,4807.533270440121,4846.243339384716,4885.265100283049,4924.601062866471,4964.253757074609,5004.22573321805,5044.519562142395,5085.137835393579,5126.08316538458,5167.3581855634,5208.965550582488,5250.907936469426,5293.188040799074,5335.808582867062,5378.772303864684,5422.081967055189,5465.740357951513,5509.7502844954415,5554.1145772382,5598.836089522486,5643.917697666003,5689.362301146471,5735.17282278806,5781.352208949439,5827.903429713208,5874.829479076986,5922.133375145914,5969.818160326825,6017.886901523867,6066.342690335802,6115.188643254807,6164.427901866934,6214.06363305417,6264.099029198114,6314.537308385285,6365.381714614103,6416.635518003553,6468.302015003491,6520.384528606639,6572.88640856233,6625.811031591967,6679.16180160615,6732.942149923667,6787.155535492116,6841.805445110439,6896.895393653112,6952.428924296275,7008.409608745552,7064.841047465831,7121.726869912778,7179.070734766296,7236.876330165845,7295.147373947643,7353.887613883764,7413.100827923194,7472.790824434837,7532.961442452409,7593.616551921397,7654.7600539479145,7716.395881049652,7778.527997408752,7841.160399126823,7904.2971144818985,7967.94220418758,8032.099761654146,8096.773913251861,8161.968818576374,8227.688670716232,8293.937696522553,8360.720156880894,8428.04034698531,8495.90259661459,8564.311270410717,8633.270768159597,8702.785525074065,8772.860012079082,8843.498736099358,8914.706240349144,8986.487104624512,9058.845945597834,9131.787417114787,9205.31621049359,9279.437054826807,9354.154717285446,9429.47400342559,9505.399757497484,9581.936862757088,9659.090241780126,9736.864856778713,9815.265709920519,9894.297843650465,9973.966341015032,10054.276325989182,10135.232963805956,10216.841461288606,10299.107067185563,10382.035072507933,10465.630810869876,10549.89965883156,10634.84703624505,10720.478406602804,10806.799277389146,10893.815200434417,10981.531772272076,11069.954634498676,11159.08947413668,11248.94202400021,11339.518063063782,11430.823416834026,11522.863957724268,11615.64560543233,11709.174327321158,11803.456138802712,11898.49710372478,11994.303334761045,12090.880993804161,12188.23629236214,12286.375491957784,12385.304904531427,12485.030892846919,12585.55987090084,12686.898304334996,12789.052710852275,12892.029660635888,12995.8357767719,13100.477735675182,13205.962267518828,13312.296156667053,13419.486242111492,13527.539417911097,13636.462633635434,13746.262894811807,13856.947263375758,13968.522858125163,14080.996855178266,14194.376488435144,14308.66905004285,14423.881890864615] 0.31126199007860056 [Infinity,Infinity,Infinity,Infinity,Infinity,Infinity,Infinity,Infinity,Infinity,Infinity,Infinity,Infinity,Infinity,Infinity,Infinity,Infinity,Infinity,Infinity,Infinity,Infinity,Infinity,Infinity,Infinity,Infinity,Infinity,Infinity,Infinity,Infinity,Infinity,Infinity,Infinity,Infinity,Infinity,Infinity,Infinity,Infinity,Infinity,Infinity,Infinity,Infinity,Infinity,Infinity,Infinity,Infinity,Infinity,Infinity,Infinity,Infinity,Infinity,Infinity,Infinity,Infinity,Infinity,Infinity,Infinity,Infinity,Infinity,Infinity,Infinity,Infinity,Infinity,Infinity,Infinity,Infinity,Infinity,Infinity,Infinity,Infinity,Infinity,Infinity,Infinity,Infinity,Infinity,Infinity,Infinity,Infinity,Infinity,Infinity,Infinity,Infinity,Infinity,Infinity,Infinity,Infinity,Infinity,Infinity,Infinity,Infinity,Infinity,Infinity,Infinity,Infinity,Infinity,Infinity,Infinity,Infinity,Infinity,Infinity,Infinity,Infinity,Infinity,Infinity,Infinity,Infinity,Infinity,Infinity,Infinity,Infinity,Infinity,Infinity,Infinity,Infinity,Infinity,Infinity,Infinity,Infinity,Infinity,Infinity,Infinity,Infinity,Infinity,Infinity,Infinity,Infinity,Infinity,Infinity,Infinity,Infinity,Infinity,Infinity,Infinity,Infinity,Infinity,Infinity,Infinity,Infinity,Infinity,Infinity,Infinity,Infinity,Infinity,Infinity,Infinity,Infinity,Infinity,Infinity,Infinity,Infinity,Infinity,Infinity,Infinity,Infinity,Infinity,Infinity,Infinity,Infinity,Infinity,Infinity,Infinity,Infinity,Infinity,Infinity,Infinity,Infinity,Infinity,Infinity,Infinity,Infinity,Infinity,Infinity,Infinity,Infinity,Infinity,Infinity,Infinity,Infinity,Infinity,Infinity,Infinity,Infinity,Infinity,Infinity,Infinity,Infinity,Infinity,Infinity,Infinity,Infinity,Infinity,Infinity,Infinity,Infinity,Infinity,Infinity,Infinity,Infinity,Infinity,Infinity,Infinity,Infinity,Infinity,Infinity,Infinity,Infinity,Infinity,Infinity,Infinity,Infinity,Infinity,Infinity,Infinity,Infinity,Infinity,Infinity,Infinity,Infinity,Infinity,Infinity,Infinity,Infinity,Infinity,Infinity,Infinity,Infinity,Infinity,Infinity,Infinity,Infinity,Infinity,Infinity,Infinity,Infinity,Infinity,Infinity,Infinity,Infinity,Infinity,Infinity,Infinity,Infinity,Infinity,Infinity,Infinity,Infinity,Infinity,Infinity,Infinity,Infinity,Infinity,Infinity,Infinity,Infinity,Infinity,Infinity,Infinity,Infinity,Infinity,Infinity,Infinity,Infinity,Infinity,Infinity,Infinity,Infinity,Infinity,Infinity,Infinity,Infinity,Infinity,Infinity,Infinity,Infinity,Infinity,Infinity,Infinity,Infinity,Infinity,Infinity,Infinity,Infinity,Infinity,Infinity,Infinity,Infinity,Infinity,Infinity,Infinity,Infinity,Infinity,Infinity,Infinity,Infinity,Infinity,Infinity,Infinity,Infinity,Infinity,Infinity,Infinity,Infinity] [0.0,0.0,0.0,0.0,0.0,0.0,0.0,0.0,0.0,0.0,0.0,0.0,0.0,0.0,0.0,0.0,0.0,0.0,0.0,0.0,0.0,0.0,0.0,0.0,0.0,0.0,0.0,0.0,0.0,0.0,0.0,0.0,0.0,0.0,0.0,0.0,0.0,0.0,0.0,0.0,0.0,0.0,0.0,0.0,0.0,0.0,0.0,0.0,0.0,0.0,0.0,0.0,0.0,0.0,0.0,0.0,0.0,0.0,0.0,0.0,0.0,0.0,0.0,0.0,0.0,0.0,0.0,0.0,0.0,0.0,0.0,0.0,0.0,0.0,0.0,0.0,0.0,0.0,0.0,0.0,0.0,0.0,0.0,0.0,0.0,0.0,0.0,0.0,0.0,0.0,0.0,0.0,0.0,0.0,0.0,0.0,0.0,0.0,0.0,0.0,0.0,0.0,0.0,0.0,0.0,0.0,0.0,0.0,0.0,0.0,0.0,0.0,0.0,0.0,0.0,0.0,0.0,0.0,0.0,0.0,0.0,0.0,0.0,0.0,0.0,0.0,0.0,0.0,0.0,0.0,0.0,0.0,0.0,0.0,0.0,0.0,0.0,0.0,0.0,0.0,0.0,0.0,0.0,0.0,0.0,0.0,0.0,0.0,0.0,0.0,0.0,0.0,0.0,0.0,0.0,0.0,0.0,0.0,0.0,0.0,0.0,0.0,0.0,0.0,0.0,0.0,0.0,0.0,0.0,0.0,0.0,0.0,0.0,0.0,0.0,0.0,0.0,0.0,0.0,0.0,0.0,0.0,0.0,0.0,0.0,0.0,0.0,0.0,0.0,0.0,0.0,0.0,0.0,0.0,0.0,0.0,0.0,0.0,0.0,0.0,0.0,0.0,0.0,0.0,0.0,0.0,0.0,0.0,0.0,0.0,0.0,0.0,0.0,0.0,0.0,0.0,0.0,0.0,0.0,0.0,0.0,0.0,0.0,0.0,0.0,0.0,0.0,0.0,0.0,0.0,0.0,0.0,0.0,0.0,0.0,0.0,0.0,0.0,0.0,0.0,0.0,0.0,0.0,0.0,0.0,0.0,0.0,0.0,0.0,0.0,0.0,0.0,0.0,0.0,0.0,0.0,0.0,0.0,0.0,0.0,0.0,0.0,0.0,0.0,0.0,0.0,0.0,0.0,0.0,0.0,0.0,0.0,0.0,0.0,0.0,0.0,0.0,0.0,0.0,0.0,0.0,0.0,0.0,0.0,0.0,0.0,0.0,0.0,0.0,0.0,0.0,0.0,0.0,0.0,0.0,0.0,0.0,0.0,0.0,0.0]
56380.53601213549 [0.0,0.0,0.0,0.0,0.0,0.0,0.0,0.0,0.0,0.0,0.0,0.0,0.0,0.0,0.0,0.0,0.0,0.0,0.0,0.0,0.0,0.0,0.0,0.0,0.0,0.0,0.0,0.0,0.0,0.0,0.0,0.0,0.0,0.0,0.0,0.0,0.0,0.0,0.0,0.0,0.0,0.0,0.0,0.0,0.0,0.0,0.0,0.0,0.0,0.0,0.0,0.0,0.0,0.0,0.0,0.0,0.0,0.0,0.0,0.0,0.0,0.0,0.0,0.0,0.0,0.0,0.0,0.0,0.0,0.0,0.0,0.0,0.0,0.0,0.0,0.0,0.0,0.0,0.0,0.0,0.0,0.0,0.0,0.0,0.0,0.0,0.0,0.0,0.0,0.0,0.0,0.0,0.0,0.0,0.0,0.0,0.0,0.0,0.0,0.0,0.0,0.0,0.0,0.0,0.0,0.0,0.0,0.0,0.0,0.0,0.0,0.0,0.0,0.0,0.0,0.0,0.0,0.0,0.0,0.0,0.0,0.0,0.0,0.0,0.0,0.0,0.0,0.0,0.0,0.0,0.0,0.0,0.0,0.0,0.0,0.0,0.0,0.0,0.0,0.0,0.0,0.0,0.0,0.0,0.0,0.0,0.0,0.0,0.0,0.0,0.0,0.0,0.0,0.0,0.0,0.0,0.0,0.0,0.0,0.0,0.0,0.0,0.0,0.0,0.0,0.0,0.0,0.0,0.0,0.0,0.0,0.0,0.0,0.0,0.0,0.0,0.0,0.0,0.0,0.0,0.0,0.0,0.0,0.0,0.0,0.0,0.0,0.0,0.0,0.0,0.0,0.0,0.0,0.0,0.0,0.0,0.0,0.0,0.0,0.0,0.0,0.0,0.0,0.0,0.0,0.0,0.0,0.0,0.0,0.0,0.0,0.0,0.0,0.0,0.0,0.0,0.0,0.0,0.0,0.0,0.0,0.0,0.0,0.0,0.0,0.0,0.0,0.0,0.0,0.0,0.0,0.0,0.0,0.0,0.0,0.0,0.0,0.0,0.0,0.0,0.0,0.0,0.0,0.0,0.0,0.0,0.0,0.0,0.0,0.0,0.0,0.0,0.0,0.0,0.0,0.0,0.0,0.0,0.0,0.0,0.0,0.0,0.0,0.0,0.0,0.0,0.0,0.0,0.0,0.0,0.0,0.0,0.0,0.0,0.0,0.0,0.0,0.0,0.0,0.0,0.0,0.0,0.0,0.0,0.0,0.0,0.0,0.0,0.0,0.0,0.0,0.0,0.0,0.0,0.0,0.0,0.0,0.0,0.0,0.0] [1311.2619900786005,1321.8202200865917,1332.463464547639,1343.19240799478,1354.0077404728797,1364.9101575830227,1375.9003605272408,1386.9790561536227,1398.1469570017646,1409.4047813486081,1420.7532532546286,1432.193102610412,1443.7250651835902,1455.3498826661717,1467.068302722235,1478.881079036026,1490.78897136042,1502.7927455657994,1514.8931736892998,1527.0910339844697,1539.3871109713293,1551.7821954868166,1564.2770847356642,1576.872582341659,1589.569498399342,1602.368649526097,1615.270858914685,1628.2769563861766,1641.3877784433362,1654.6041683244075,1667.9269760573632,1681.3570585145608,1694.895279467867,1708.5425096441993,1722.2996267815402,1736.1675156853773,1750.1470682856248,1764.2391836939755,1778.4447682617345,1792.7647356381167,1807.2000068289992,1821.7515102561672,1836.4201818170154,1851.2069649447558,1866.112810669078,1881.1386776773347,1896.285532376183,1911.5543489537563,1926.9461094423048,1942.4618037813711,1958.1024298814455,1973.8689936881608,1989.7625092469793,2005.7839987684179,2021.9344926937952,2038.215029761504,2054.626657073813,2071.1704301642176,2087.8474130653335,2104.6586783773164,2121.605307336866,2138.6883898867477,2155.9090247459117,2173.268319480143,2190.767390573309,2208.407363499154,2226.1893727937027,2244.1145621282076,2262.184084382728,2280.399101720259,2298.7607856614945,2317.2703171601615,2335.9288866789793,2354.7376942662327,2373.6979496329395,2392.810872230673,2412.077691329971,2431.4996460994216,2451.0779856853383,2470.813969292122,2490.7088662632277,2510.763956162824,2530.9805288580706,2551.359884602096,2571.9033341176064,2592.612198681206,2613.487810208354,2634.5315113390543,2655.7446555241822,2677.1286071125573,2698.6847414386757,2720.4144449111714,2742.319115101994,2764.4001608362782,2786.6590022829737,2809.097071046162,2831.715810257159,2854.5166746673017,2877.5011307415425,2900.67065675274,2924.0267428767575,2947.570891288285,2971.304616257478,2995.22944424732,3019.346914011829,3043.658576695001,3068.1659959305807,3092.870747942638,3117.7744216469364,3142.87861875312,3168.1849538677375,3193.695054598094,3219.410561656912,3245.333128967883,3271.4644237720117,3297.806126734876,3324.3599320546946,3351.1275475713155,3378.1106948760344,3405.3111094223436,3432.7305406375262,3460.3707520352004,3488.23352132871,3516.320640545493,3544.6339161423107,3573.1751691214417,3601.9462351478164,3630.9489646670518,3660.1852230244945,3689.6568905851636,3719.3658628547196,3749.3140506013438,3779.5033799786634,3809.935792649603,3840.6132459112973,3871.5377128209448,3902.7111823227383,3934.135659375755,3965.8131650829396,3997.7457368210635,4029.9354283717907,4062.3843100537392,4095.0944688556665,4128.068008570669,4161.3070499315045,4194.813730746993,4228.590206039511,4262.638648183577,4296.961247045588,4331.560210124669,4366.437762694626,4401.596147947099,4437.037627135803,4472.764479721992,4508.779003521039,4545.083514850253,4581.680348677821,4618.571858773019,4655.7604178575675,4693.248417758249,4731.038269560753,4769.132403764733,4807.533270440121,4846.243339384716,4885.265100283049,4924.601062866471,4964.253757074609,5004.22573321805,5044.519562142395,5085.137835393579,5126.08316538458,5167.3581855634,5208.965550582488,5250.907936469426,5293.188040799074,5335.808582867062,5378.772303864684,5422.081967055189,5465.740357951513,5509.7502844954415,5554.1145772382,5598.836089522486,5643.917697666003,5689.362301146471,5735.17282278806,5781.352208949439,5827.903429713208,5874.829479076986,5922.133375145914,5969.818160326825,6017.886901523867,6066.342690335802,6115.188643254807,6164.427901866934,6214.06363305417,6264.099029198114,6314.537308385285,6365.381714614103,6416.635518003553,6468.302015003491,6520.384528606639,6572.88640856233,6625.811031591967,6679.16180160615,6732.942149923667,6787.155535492116,6841.805445110439,6896.895393653112,6952.428924296275,7008.409608745552,7064.841047465831,7121.726869912778,7179.070734766296,7236.876330165845,7295.147373947643,7353.887613883764,7413.100827923194,7472.790824434837,7532.961442452409,7593.616551921397,7654.7600539479145,7716.395881049652,7778.527997408752,7841.160399126823,7904.2971144818985,7967.94220418758,8032.099761654146,8096.773913251861,8161.968818576374,8227.688670716232,8293.937696522553,8360.720156880894,8428.04034698531,8495.90259661459,8564.311270410717,8633.270768159597,8702.785525074065,8772.860012079082,8843.498736099358,8914.706240349144,8986.487104624512,9058.845945597834,9131.787417114787,9205.31621049359,9279.437054826807,9354.154717285446,9429.47400342559,9505.399757497484,9581.936862757088,9659.090241780126,9736.864856778713,9815.265709920519,9894.297843650465,9973.966341015032,10054.276325989182,10135.232963805956,10216.841461288606,10299.107067185563,10382.035072507933,10465.630810869876,10549.89965883156,10634.84703624505,10720.478406602804,10806.799277389146,10893.815200434417,10981.531772272076,11069.954634498676,11159.08947413668,11248.94202400021,11339.518063063782,11430.823416834026,11522.863957724268,11615.64560543233,11709.174327321158,11803.456138802712,11898.49710372478,11994.303334761045,12090.880993804161,12188.23629236214,12286.375491957784,12385.304904531427,12485.030892846919,12585.55987090084,12686.898304334996,12789.052710852275,12892.029660635888,12995.8357767719,13100.477735675182,13205.962267518828,13312.296156667053,13419.486242111492,13527.539417911097,13636.462633635434,13746.262894811807,13856.947263375758,13968.522858125163,14080.996855178266,14194.376488435144,14308.66905004285,14423.881890864615] 0.31126199007860056 [Infinity,Infinity,Infinity,Infinity,Infinity,Infinity,Infinity,Infinity,Infinity,Infinity,Infinity,Infinity,Infinity,Infinity,Infinity,Infinity,Infinity,Infinity,Infinity,Infinity,Infinity,Infinity,Infinity,Infinity,Infinity,Infinity,Infinity,Infinity,Infinity,Infinity,Infinity,Infinity,Infinity,Infinity,Infinity,Infinity,Infinity,Infinity,Infinity,Infinity,Infinity,Infinity,Infinity,Infinity,Infinity,Infinity,Infinity,Infinity,Infinity,Infinity,Infinity,Infinity,Infinity,Infinity,Infinity,Infinity,Infinity,Infinity,Infinity,Infinity,Infinity,Infinity,Infinity,Infinity,Infinity,Infinity,Infinity,Infinity,Infinity,Infinity,Infinity,Infinity,Infinity,Infinity,Infinity,Infinity,Infinity,Infinity,Infinity,Infinity,Infinity,Infinity,Infinity,Infinity,Infinity,Infinity,Infinity,Infinity,Infinity,Infinity,Infinity,Infinity,Infinity,Infinity,Infinity,Infinity,Infinity,Infinity,Infinity,Infinity,Infinity,Infinity,Infinity,Infinity,Infinity,Infinity,Infinity,Infinity,Infinity,Infinity,Infinity,Infinity,Infinity,Infinity,Infinity,Infinity,Infinity,Infinity,Infinity,Infinity,Infinity,Infinity,Infinity,Infinity,Infinity,Infinity,Infinity,Infinity,Infinity,Infinity,Infinity,Infinity,Infinity,Infinity,Infinity,Infinity,Infinity,Infinity,Infinity,Infinity,Infinity,Infinity,Infinity,Infinity,Infinity,Infinity,Infinity,Infinity,Infinity,Infinity,Infinity,Infinity,Infinity,Infinity,Infinity,Infinity,Infinity,Infinity,Infinity,Infinity,Infinity,Infinity,Infinity,Infinity,Infinity,Infinity,Infinity,Infinity,Infinity,Infinity,Infinity,Infinity,Infinity,Infinity,Infinity,Infinity,Infinity,Infinity,Infinity,Infinity,Infinity,Infinity,Infinity,Infinity,Infinity,Infinity,Infinity,Infinity,Infinity,Infinity,Infinity,Infinity,Infinity,Infinity,Infinity,Infinity,Infinity,Infinity,Infinity,Infinity,Infinity,Infinity,Infinity,Infinity,Infinity,Infinity,Infinity,Infinity,Infinity,Infinity,Infinity,Infinity,Infinity,Infinity,Infinity,Infinity,Infinity,Infinity,Infinity,Infinity,Infinity,Infinity,Infinity,Infinity,Infinity,Infinity,Infinity,Infinity,Infinity,Infinity,Infinity,Infinity,Infinity,Infinity,Infinity,Infinity,Infinity,Infinity,Infinity,Infinity,Infinity,Infinity,Infinity,Infinity,Infinity,Infinity,Infinity,Infinity,Infinity,Infinity,Infinity,Infinity,Infinity,Infinity,Infinity,Infinity,Infinity,Infinity,Infinity,Infinity,Infinity,Infinity,Infinity,Infinity,Infinity,Infinity,Infinity,Infinity,Infinity,Infinity,Infinity,Infinity,Infinity,Infinity,Infinity,Infinity,Infinity,Infinity,Infinity,Infinity,Infinity,Infinity,Infinity,Infinity,Infinity,Infinity,Infinity,Infinity,Infinity,Infinity,Infinity,Infinity,Infinity,Infinity,Infinity,Infinity,Infinity,Infinity,Infinity,Infinity] [0.0,0.0,0.0,0.0,0.0,0.0,0.0,0.0,0.0,0.0,0.0,0.0,0.0,0.0,0.0,0.0,0.0,0.0,0.0,0.0,0.0,0.0,0.0,0.0,0.0,0.0,0.0,0.0,0.0,0.0,0.0,0.0,0.0,0.0,0.0,0.0,0.0,0.0,0.0,0.0,0.0,0.0,0.0,0.0,0.0,0.0,0.0,0.0,0.0,0.0,0.0,0.0,0.0,0.0,0.0,0.0,0.0,0.0,0.0,0.0,0.0,0.0,0.0,0.0,0.0,0.0,0.0,0.0,0.0,0.0,0.0,0.0,0.0,0.0,0.0,0.0,0.0,0.0,0.0,0.0,0.0,0.0,0.0,0.0,0.0,0.0,0.0,0.0,0.0,0.0,0.0,0.0,0.0,0.0,0.0,0.0,0.0,0.0,0.0,0.0,0.0,0.0,0.0,0.0,0.0,0.0,0.0,0.0,0.0,0.0,0.0,0.0,0.0,0.0,0.0,0.0,0.0,0.0,0.0,0.0,0.0,0.0,0.0,0.0,0.0,0.0,0.0,0.0,0.0,0.0,0.0,0.0,0.0,0.0,0.0,0.0,0.0,0.0,0.0,0.0,0.0,0.0,0.0,0.0,0.0,0.0,0.0,0.0,0.0,0.0,0.0,0.0,0.0,0.0,0.0,0.0,0.0,0.0,0.0,0.0,0.0,0.0,0.0,0.0,0.0,0.0,0.0,0.0,0.0,0.0,0.0,0.0,0.0,0.0,0.0,0.0,0.0,0.0,0.0,0.0,0.0,0.0,0.0,0.0,0.0,0.0,0.0,0.0,0.0,0.0,0.0,0.0,0.0,0.0,0.0,0.0,0.0,0.0,0.0,0.0,0.0,0.0,0.0,0.0,0.0,0.0,0.0,0.0,0.0,0.0,0.0,0.0,0.0,0.0,0.0,0.0,0.0,0.0,0.0,0.0,0.0,0.0,0.0,0.0,0.0,0.0,0.0,0.0,0.0,0.0,0.0,0.0,0.0,0.0,0.0,0.0,0.0,0.0,0.0,0.0,0.0,0.0,0.0,0.0,0.0,0.0,0.0,0.0,0.0,0.0,0.0,0.0,0.0,0.0,0.0,0.0,0.0,0.0,0.0,0.0,0.0,0.0,0.0,0.0,0.0,0.0,0.0,0.0,0.0,0.0,0.0,0.0,0.0,0.0,0.0,0.0,0.0,0.0,0.0,0.0,0.0,0.0,0.0,0.0,0.0,0.0,0.0,0.0,0.0,0.0,0.0,0.0,0.0,0.0,0.0,0.0,0.0,0.0,0.0,0.0]
56158.707453178 [0.0,0.0,0.0,0.0,0.0,0.0,0.0,0.0,0.0,0.0,0.0,0.0,0.0,0.0,0.0,0.0,0.0,0.0,0.0,0.0,0.0,0.0,0.0,0.0,0.0,0.0,0.0,0.0,0.0,0.0,0.0,0.0,0.0,0.0,0.0,0.0,0.0,0.0,0.0,0.0,0.0,0.0,0.0,0.0,0.0,0.0,0.0,0.0,0.0,0.0,0.0,0.0,0.0,0.0,0.0,0.0,0.0,0.0,0.0,0.0,0.0,0.0,0.0,0.0,0.0,0.0,0.0,0.0,0.0,0.0,0.0,0.0,0.0,0.0,0.0,0.0,0.0,0.0,0.0,0.0,0.0,0.0,0.0,0.0,0.0,0.0,0.0,0.0,0.0,0.0,0.0,0.0,0.0,0.0,0.0,0.0,0.0,0.0,0.0,0.0,0.0,0.0,0.0,0.0,0.0,0.0,0.0,0.0,0.0,0.0,0.0,0.0,0.0,0.0,0.0,0.0,0.0,0.0,0.0,0.0,0.0,0.0,0.0,0.0,0.0,0.0,0.0,0.0,0.0,0.0,0.0,0.0,0.0,0.0,0.0,0.0,0.0,0.0,0.0,0.0,0.0,0.0,0.0,0.0,0.0,0.0,0.0,0.0,0.0,0.0,0.0,0.0,0.0,0.0,0.0,0.0,0.0,0.0,0.0,0.0,0.0,0.0,0.0,0.0,0.0,0.0,0.0,0.0,0.0,0.0,0.0,0.0,0.0,0.0,0.0,0.0,0.0,0.0,0.0,0.0,0.0,0.0,0.0,0.0,0.0,0.0,0.0,0.0,0.0,0.0,0.0,0.0,0.0,0.0,0.0,0.0,0.0,0.0,0.0,0.0,0.0,0.0,0.0,0.0,0.0,0.0,0.0,0.0,0.0,0.0,0.0,0.0,0.0,0.0,0.0,0.0,0.0,0.0,0.0,0.0,0.0,0.0,0.0,0.0,0.0,0.0,0.0,0.0,0.0,0.0,0.0,0.0,0.0,0.0,0.0,0.0,0.0,0.0,0.0,0.0,0.0,0.0,0.0,0.0,0.0,0.0,0.0,0.0,0.0,0.0,0.0,0.0,0.0,0.0,0.0,0.0,0.0,0.0,0.0,0.0,0.0,0.0,0.0,0.0,0.0,0.0,0.0,0.0,0.0,0.0,0.0,0.0,0.0,0.0,0.0,0.0,0.0,0.0,0.0,0.0,0.0,0.0,0.0,0.0,0.0,0.0,0.0,0.0,0.0,0.0,0.0,0.0,0.0,0.0,0.0,0.0,0.0,0.0,0.0,0.0] [1311.2619900786005,1321.8202200865917,1332.463464547639,1343.19240799478,1354.0077404728797,1364.9101575830227,1375.9003605272408,1386.9790561536227,1398.1469570017646,1409.4047813486081,1420.7532532546286,1432.193102610412,1443.7250651835902,1455.3498826661717,1467.068302722235,1478.881079036026,1490.78897136042,1502.7927455657994,1514.8931736892998,1527.0910339844697,1539.3871109713293,1551.7821954868166,1564.2770847356642,1576.872582341659,1589.569498399342,1602.368649526097,1615.270858914685,1628.2769563861766,1641.3877784433362,1654.6041683244075,1667.9269760573632,1681.3570585145608,1694.895279467867,1708.5425096441993,1722.2996267815402,1736.1675156853773,1750.1470682856248,1764.2391836939755,1778.4447682617345,1792.7647356381167,1807.2000068289992,1821.7515102561672,1836.4201818170154,1851.2069649447558,1866.112810669078,1881.1386776773347,1896.285532376183,1911.5543489537563,1926.9461094423048,1942.4618037813711,1958.1024298814455,1973.8689936881608,1989.7625092469793,2005.7839987684179,2021.9344926937952,2038.215029761504,2054.626657073813,2071.1704301642176,2087.8474130653335,2104.6586783773164,2121.605307336866,2138.6883898867477,2155.9090247459117,2173.268319480143,2190.767390573309,2208.407363499154,2226.1893727937027,2244.1145621282076,2262.184084382728,2280.399101720259,2298.7607856614945,2317.2703171601615,2335.9288866789793,2354.7376942662327,2373.6979496329395,2392.810872230673,2412.077691329971,2431.4996460994216,2451.0779856853383,2470.813969292122,2490.7088662632277,2510.763956162824,2530.9805288580706,2551.359884602096,2571.9033341176064,2592.612198681206,2613.487810208354,2634.5315113390543,2655.7446555241822,2677.1286071125573,2698.6847414386757,2720.4144449111714,2742.319115101994,2764.4001608362782,2786.6590022829737,2809.097071046162,2831.715810257159,2854.5166746673017,2877.5011307415425,2900.67065675274,2924.0267428767575,2947.570891288285,2971.304616257478,2995.22944424732,3019.346914011829,3043.658576695001,3068.1659959305807,3092.870747942638,3117.7744216469364,3142.87861875312,3168.1849538677375,3193.695054598094,3219.410561656912,3245.333128967883,3271.4644237720117,3297.806126734876,3324.3599320546946,3351.1275475713155,3378.1106948760344,3405.3111094223436,3432.7305406375262,3460.3707520352004,3488.23352132871,3516.320640545493,3544.6339161423107,3573.1751691214417,3601.9462351478164,3630.9489646670518,3660.1852230244945,3689.6568905851636,3719.3658628547196,3749.3140506013438,3779.5033799786634,3809.935792649603,3840.6132459112973,3871.5377128209448,3902.7111823227383,3934.135659375755,3965.8131650829396,3997.7457368210635,4029.9354283717907,4062.3843100537392,4095.0944688556665,4128.068008570669,4161.3070499315045,4194.813730746993,4228.590206039511,4262.638648183577,4296.961247045588,4331.560210124669,4366.437762694626,4401.596147947099,4437.037627135803,4472.764479721992,4508.779003521039,4545.083514850253,4581.680348677821,4618.571858773019,4655.7604178575675,4693.248417758249,4731.038269560753,4769.132403764733,4807.533270440121,4846.243339384716,4885.265100283049,4924.601062866471,4964.253757074609,5004.22573321805,5044.519562142395,5085.137835393579,5126.08316538458,5167.3581855634,5208.965550582488,5250.907936469426,5293.188040799074,5335.808582867062,5378.772303864684,5422.081967055189,5465.740357951513,5509.7502844954415,5554.1145772382,5598.836089522486,5643.917697666003,5689.362301146471,5735.17282278806,5781.352208949439,5827.903429713208,5874.829479076986,5922.133375145914,5969.818160326825,6017.886901523867,6066.342690335802,6115.188643254807,6164.427901866934,6214.06363305417,6264.099029198114,6314.537308385285,6365.381714614103,6416.635518003553,6468.302015003491,6520.384528606639,6572.88640856233,6625.811031591967,6679.16180160615,6732.942149923667,6787.155535492116,6841.805445110439,6896.895393653112,6952.428924296275,7008.409608745552,7064.841047465831,7121.726869912778,7179.070734766296,7236.876330165845,7295.147373947643,7353.887613883764,7413.100827923194,7472.790824434837,7532.961442452409,7593.616551921397,7654.7600539479145,7716.395881049652,7778.527997408752,7841.160399126823,7904.2971144818985,7967.94220418758,8032.099761654146,8096.773913251861,8161.968818576374,8227.688670716232,8293.937696522553,8360.720156880894,8428.04034698531,8495.90259661459,8564.311270410717,8633.270768159597,8702.785525074065,8772.860012079082,8843.498736099358,8914.706240349144,8986.487104624512,9058.845945597834,9131.787417114787,9205.31621049359,9279.437054826807,9354.154717285446,9429.47400342559,9505.399757497484,9581.936862757088,9659.090241780126,9736.864856778713,9815.265709920519,9894.297843650465,9973.966341015032,10054.276325989182,10135.232963805956,10216.841461288606,10299.107067185563,10382.035072507933,10465.630810869876,10549.89965883156,10634.84703624505,10720.478406602804,10806.799277389146,10893.815200434417,10981.531772272076,11069.954634498676,11159.08947413668,11248.94202400021,11339.518063063782,11430.823416834026,11522.863957724268,11615.64560543233,11709.174327321158,11803.456138802712,11898.49710372478,11994.303334761045,12090.880993804161,12188.23629236214,12286.375491957784,12385.304904531427,12485.030892846919,12585.55987090084,12686.898304334996,12789.052710852275,12892.029660635888,12995.8357767719,13100.477735675182,13205.962267518828,13312.296156667053,13419.486242111492,13527.539417911097,13636.462633635434,13746.262894811807,13856.947263375758,13968.522858125163,14080.996855178266,14194.376488435144,14308.66905004285,14423.881890864615] 0.31126199007860056 [Infinity,Infinity,Infinity,Infinity,Infinity,Infinity,Infinity,Infinity,Infinity,Infinity,Infinity,Infinity,Infinity,Infinity,Infinity,Infinity,Infinity,Infinity,Infinity,Infinity,Infinity,Infinity,Infinity,Infinity,Infinity,Infinity,Infinity,Infinity,Infinity,Infinity,Infinity,Infinity,Infinity,Infinity,Infinity,Infinity,Infinity,Infinity,Infinity,Infinity,Infinity,Infinity,Infinity,Infinity,Infinity,Infinity,Infinity,Infinity,Infinity,Infinity,Infinity,Infinity,Infinity,Infinity,Infinity,Infinity,Infinity,Infinity,Infinity,Infinity,Infinity,Infinity,Infinity,Infinity,Infinity,Infinity,Infinity,Infinity,Infinity,Infinity,Infinity,Infinity,Infinity,Infinity,Infinity,Infinity,Infinity,Infinity,Infinity,Infinity,Infinity,Infinity,Infinity,Infinity,Infinity,Infinity,Infinity,Infinity,Infinity,Infinity,Infinity,Infinity,Infinity,Infinity,Infinity,Infinity,Infinity,Infinity,Infinity,Infinity,Infinity,Infinity,Infinity,Infinity,Infinity,Infinity,Infinity,Infinity,Infinity,Infinity,Infinity,Infinity,Infinity,Infinity,Infinity,Infinity,Infinity,Infinity,Infinity,Infinity,Infinity,Infinity,Infinity,Infinity,Infinity,Infinity,Infinity,Infinity,Infinity,Infinity,Infinity,Infinity,Infinity,Infinity,Infinity,Infinity,Infinity,Infinity,Infinity,Infinity,Infinity,Infinity,Infinity,Infinity,Infinity,Infinity,Infinity,Infinity,Infinity,Infinity,Infinity,Infinity,Infinity,Infinity,Infinity,Infinity,Infinity,Infinity,Infinity,Infinity,Infinity,Infinity,Infinity,Infinity,Infinity,Infinity,Infinity,Infinity,Infinity,Infinity,Infinity,Infinity,Infinity,Infinity,Infinity,Infinity,Infinity,Infinity,Infinity,Infinity,Infinity,Infinity,Infinity,Infinity,Infinity,Infinity,Infinity,Infinity,Infinity,Infinity,Infinity,Infinity,Infinity,Infinity,Infinity,Infinity,Infinity,Infinity,Infinity,Infinity,Infinity,Infinity,Infinity,Infinity,Infinity,Infinity,Infinity,Infinity,Infinity,Infinity,Infinity,Infinity,Infinity,Infinity,Infinity,Infinity,Infinity,Infinity,Infinity,Infinity,Infinity,Infinity,Infinity,Infinity,Infinity,Infinity,Infinity,Infinity,Infinity,Infinity,Infinity,Infinity,Infinity,Infinity,Infinity,Infinity,Infinity,Infinity,Infinity,Infinity,Infinity,Infinity,Infinity,Infinity,Infinity,Infinity,Infinity,Infinity,Infinity,Infinity,Infinity,Infinity,Infinity,Infinity,Infinity,Infinity,Infinity,Infinity,Infinity,Infinity,Infinity,Infinity,Infinity,Infinity,Infinity,Infinity,Infinity,Infinity,Infinity,Infinity,Infinity,Infinity,Infinity,Infinity,Infinity,Infinity,Infinity,Infinity,Infinity,Infinity,Infinity,Infinity,Infinity,Infinity,Infinity,Infinity,Infinity,Infinity,Infinity,Infinity,Infinity,Infinity,Infinity,Infinity,Infinity,Infinity,Infinity,Infinity,Infinity,Infinity] [0.0,0.0,0.0,0.0,0.0,0.0,0.0,0.0,0.0,0.0,0.0,0.0,0.0,0.0,0.0,0.0,0.0,0.0,0.0,0.0,0.0,0.0,0.0,0.0,0.0,0.0,0.0,0.0,0.0,0.0,0.0,0.0,0.0,0.0,0.0,0.0,0.0,0.0,0.0,0.0,0.0,0.0,0.0,0.0,0.0,0.0,0.0,0.0,0.0,0.0,0.0,0.0,0.0,0.0,0.0,0.0,0.0,0.0,0.0,0.0,0.0,0.0,0.0,0.0,0.0,0.0,0.0,0.0,0.0,0.0,0.0,0.0,0.0,0.0,0.0,0.0,0.0,0.0,0.0,0.0,0.0,0.0,0.0,0.0,0.0,0.0,0.0,0.0,0.0,0.0,0.0,0.0,0.0,0.0,0.0,0.0,0.0,0.0,0.0,0.0,0.0,0.0,0.0,0.0,0.0,0.0,0.0,0.0,0.0,0.0,0.0,0.0,0.0,0.0,0.0,0.0,0.0,0.0,0.0,0.0,0.0,0.0,0.0,0.0,0.0,0.0,0.0,0.0,0.0,0.0,0.0,0.0,0.0,0.0,0.0,0.0,0.0,0.0,0.0,0.0,0.0,0.0,0.0,0.0,0.0,0.0,0.0,0.0,0.0,0.0,0.0,0.0,0.0,0.0,0.0,0.0,0.0,0.0,0.0,0.0,0.0,0.0,0.0,0.0,0.0,0.0,0.0,0.0,0.0,0.0,0.0,0.0,0.0,0.0,0.0,0.0,0.0,0.0,0.0,0.0,0.0,0.0,0.0,0.0,0.0,0.0,0.0,0.0,0.0,0.0,0.0,0.0,0.0,0.0,0.0,0.0,0.0,0.0,0.0,0.0,0.0,0.0,0.0,0.0,0.0,0.0,0.0,0.0,0.0,0.0,0.0,0.0,0.0,0.0,0.0,0.0,0.0,0.0,0.0,0.0,0.0,0.0,0.0,0.0,0.0,0.0,0.0,0.0,0.0,0.0,0.0,0.0,0.0,0.0,0.0,0.0,0.0,0.0,0.0,0.0,0.0,0.0,0.0,0.0,0.0,0.0,0.0,0.0,0.0,0.0,0.0,0.0,0.0,0.0,0.0,0.0,0.0,0.0,0.0,0.0,0.0,0.0,0.0,0.0,0.0,0.0,0.0,0.0,0.0,0.0,0.0,0.0,0.0,0.0,0.0,0.0,0.0,0.0,0.0,0.0,0.0,0.0,0.0,0.0,0.0,0.0,0.0,0.0,0.0,0.0,0.0,0.0,0.0,0.0,0.0,0.0,0.0,0.0,0.0,0.0]
56274.76587321919 [0.0,0.0,0.0,0.0,0.0,0.0,0.0,0.0,0.0,0.0,0.0,0.0,0.0,0.0,0.0,0.0,0.0,0.0,0.0,0.0,0.0,0.0,0.0,0.0,0.0,0.0,0.0,0.0,0.0,0.0,0.0,0.0,0.0,0.0,0.0,0.0,0.0,0.0,0.0,0.0,0.0,0.0,0.0,0.0,0.0,0.0,0.0,0.0,0.0,0.0,0.0,0.0,0.0,0.0,0.0,0.0,0.0,0.0,0.0,0.0,0.0,0.0,0.0,0.0,0.0,0.0,0.0,0.0,0.0,0.0,0.0,0.0,0.0,0.0,0.0,0.0,0.0,0.0,0.0,0.0,0.0,0.0,0.0,0.0,0.0,0.0,0.0,0.0,0.0,0.0,0.0,0.0,0.0,0.0,0.0,0.0,0.0,0.0,0.0,0.0,0.0,0.0,0.0,0.0,0.0,0.0,0.0,0.0,0.0,0.0,0.0,0.0,0.0,0.0,0.0,0.0,0.0,0.0,0.0,0.0,0.0,0.0,0.0,0.0,0.0,0.0,0.0,0.0,0.0,0.0,0.0,0.0,0.0,0.0,0.0,0.0,0.0,0.0,0.0,0.0,12.284378398493903,5.651470170540009,6.452347064700899,13.758538582778355,16.434983408964975,14.12906152244494,3.1090423298007224,-7.355485476203856,-8.06170112508477,-2.4271219872210246,6.796666979284482,15.68503719273567,21.63136561353758,29.479565799957513,30.724703243038114,38.92598027551691,41.593648888656716,55.759479992399456,55.40451792139148,51.628055747468345,51.545184560526835,79.32750818208093,84.49509628655024,79.83744234349837,62.65247278701909,52.13049156102184,47.78020902202778,49.27993228800172,77.28775774219326,117.10584880145274,142.79433358408266,170.5935270060873,143.62154409597355,128.19133969975735,121.32717108328467,99.0861738124601,100.71274299128315,98.76203116121881,94.03304561299409,102.08971032785685,105.91778075704669,108.2960160494765,112.23574041437965,105.14428881987455,90.60780710347142,73.05557658598222,70.6398466661656,82.43277660647686,132.15640658226124,171.0366180404416,219.52399405298283,242.73482754650328,198.8932349210444,132.3594720151493,98.44573529240277,114.60946349047401,108.00638605788176,129.7235825176503,171.24952099597715,204.1936238428053,170.60061956915175,137.2906849662159,109.54172372921403,89.06358529498839,104.47205929924571,110.75467701376554,149.16235441501863,202.97749773990043,215.5440832391957,193.0053098173112,235.36009244693506,256.76577618688185,296.4594220066637,283.4034041403656,234.74058890669687,198.74808541640448,171.73057456862796,136.75244107431237,140.02167399086974,184.6231615259988,249.69086842047625,210.00601549721372,206.01352384584993,151.33633460918804,142.67662543704793,130.6286806978181,135.40778264764756,134.08805413336137,133.9713178081613,118.87038183285189,159.2064358419431,208.50256744983145,228.71936270664506,227.9029903060665,226.2157431059799,187.668462239604,162.65966773039474,122.45968359159595,95.52695588789175,89.79459035663557,82.08566409106194,86.01385076708456,81.13747404315504,75.35194354761823,77.42308027197454,84.84769297108443,92.32673910854622,85.66015011005355,107.56894955864067,105.64341420472189,124.52001980774097,96.55400584358867,99.92836104780164,114.83735472847657,110.28117614142167,106.27049196994385,96.0724040859422,88.38536043090525,78.55142490945023,66.54320901997691,54.29500413158058,41.155504631031306,18.912174813613976,17.1388833802104,20.21200251709122,33.27421248092309,62.41359853484174,99.41362170428289,115.87263789257052,126.83035152193824,131.88249507776746,124.83852936212766,119.35137509811454,101.01141796730975,87.95262416778345,84.31479329719964,67.99953633281494,75.63797839567307,50.743529559894945,53.30607279759089,54.2635583752478,48.23515581229845,46.04586363665043,55.96737781962838,51.633750313141825,52.786592958410075,52.895858649069524,47.009864101647985,36.95831629546353,31.13766581327304,33.41316474169655,31.702611669118735,37.21867797436631,39.20478664109056,38.19192145852593,35.329969264979376,34.25408498604279,33.13100472270316,34.3796202855576,27.14133192257383] [1311.2619900786005,1321.8202200865917,1332.463464547639,1343.19240799478,1354.0077404728797,1364.9101575830227,1375.9003605272408,1386.9790561536227,1398.1469570017646,1409.4047813486081,1420.7532532546286,1432.193102610412,1443.7250651835902,1455.3498826661717,1467.068302722235,1478.881079036026,1490.78897136042,1502.7927455657994,1514.8931736892998,1527.0910339844697,1539.3871109713293,1551.7821954868166,1564.2770847356642,1576.872582341659,1589.569498399342,1602.368649526097,1615.270858914685,1628.2769563861766,1641.3877784433362,1654.6041683244075,1667.9269760573632,1681.3570585145608,1694.895279467867,1708.5425096441993,1722.2996267815402,1736.1675156853773,1750.1470682856248,1764.2391836939755,1778.4447682617345,1792.7647356381167,1807.2000068289992,1821.7515102561672,1836.4201818170154,1851.2069649447558,1866.112810669078,1881.1386776773347,1896.285532376183,1911.5543489537563,1926.9461094423048,1942.4618037813711,1958.1024298814455,1973.8689936881608,1989.7625092469793,2005.7839987684179,2021.9344926937952,2038.215029761504,2054.626657073813,2071.1704301642176,2087.8474130653335,2104.6586783773164,2121.605307336866,2138.6883898867477,2155.9090247459117,2173.268319480143,2190.767390573309,2208.407363499154,2226.1893727937027,2244.1145621282076,2262.184084382728,2280.399101720259,2298.7607856614945,2317.2703171601615,2335.9288866789793,2354.7376942662327,2373.6979496329395,2392.810872230673,2412.077691329971,2431.4996460994216,2451.0779856853383,2470.813969292122,2490.7088662632277,2510.763956162824,2530.9805288580706,2551.359884602096,2571.9033341176064,2592.612198681206,2613.487810208354,2634.5315113390543,2655.7446555241822,2677.1286071125573,2698.6847414386757,2720.4144449111714,2742.319115101994,2764.4001608362782,2786.6590022829737,2809.097071046162,2831.715810257159,2854.5166746673017,2877.5011307415425,2900.67065675274,2924.0267428767575,2947.570891288285,2971.304616257478,2995.22944424732,3019.346914011829,3043.658576695001,3068.1659959305807,3092.870747942638,3117.7744216469364,3142.87861875312,3168.1849538677375,3193.695054598094,3219.410561656912,3245.333128967883,3271.4644237720117,3297.806126734876,3324.3599320546946,3351.1275475713155,3378.1106948760344,3405.3111094223436,3432.7305406375262,3460.3707520352004,3488.23352132871,3516.320640545493,3544.6339161423107,3573.1751691214417,3601.9462351478164,3630.9489646670518,3660.1852230244945,3689.6568905851636,3719.3658628547196,3749.3140506013438,3779.5033799786634,3809.935792649603,3840.6132459112973,3871.5377128209448,3902.7111823227383,3934.135659375755,3965.8131650829396,3997.7457368210635,4029.9354283717907,4062.3843100537392,4095.0944688556665,4128.068008570669,4161.3070499315045,4194.813730746993,4228.590206039511,4262.638648183577,4296.961247045588,4331.560210124669,4366.437762694626,4401.596147947099,4437.037627135803,4472.764479721992,4508.779003521039,4545.083514850253,4581.680348677821,4618.571858773019,4655.7604178575675,4693.248417758249,4731.038269560753,4769.132403764733,4807.533270440121,4846.243339384716,4885.265100283049,4924.601062866471,4964.253757074609,5004.22573321805,5044.519562142395,5085.137835393579,5126.08316538458,5167.3581855634,5208.965550582488,5250.907936469426,5293.188040799074,5335.808582867062,5378.772303864684,5422.081967055189,5465.740357951513,5509.7502844954415,5554.1145772382,5598.836089522486,5643.917697666003,5689.362301146471,5735.17282278806,5781.352208949439,5827.903429713208,5874.829479076986,5922.133375145914,5969.818160326825,6017.886901523867,6066.342690335802,6115.188643254807,6164.427901866934,6214.06363305417,6264.099029198114,6314.537308385285,6365.381714614103,6416.635518003553,6468.302015003491,6520.384528606639,6572.88640856233,6625.811031591967,6679.16180160615,6732.942149923667,6787.155535492116,6841.805445110439,6896.895393653112,6952.428924296275,7008.409608745552,7064.841047465831,7121.726869912778,7179.070734766296,7236.876330165845,7295.147373947643,7353.887613883764,7413.100827923194,7472.790824434837,7532.961442452409,7593.616551921397,7654.7600539479145,7716.395881049652,7778.527997408752,7841.160399126823,7904.2971144818985,7967.94220418758,8032.099761654146,8096.773913251861,8161.968818576374,8227.688670716232,8293.937696522553,8360.720156880894,8428.04034698531,8495.90259661459,8564.311270410717,8633.270768159597,8702.785525074065,8772.860012079082,8843.498736099358,8914.706240349144,8986.487104624512,9058.845945597834,9131.787417114787,9205.31621049359,9279.437054826807,9354.154717285446,9429.47400342559,9505.399757497484,9581.936862757088,9659.090241780126,9736.864856778713,9815.265709920519,9894.297843650465,9973.966341015032,10054.276325989182,10135.232963805956,10216.841461288606,10299.107067185563,10382.035072507933,10465.630810869876,10549.89965883156,10634.84703624505,10720.478406602804,10806.799277389146,10893.815200434417,10981.531772272076,11069.954634498676,11159.08947413668,11248.94202400021,11339.518063063782,11430.823416834026,11522.863957724268,11615.64560543233,11709.174327321158,11803.456138802712,11898.49710372478,11994.303334761045,12090.880993804161,12188.23629236214,12286.375491957784,12385.304904531427,12485.030892846919,12585.55987090084,12686.898304334996,12789.052710852275,12892.029660635888,12995.8357767719,13100.477735675182,13205.962267518828,13312.296156667053,13419.486242111492,13527.539417911097,13636.462633635434,13746.262894811807,13856.947263375758,13968.522858125163,14080.996855178266,14194.376488435144,14308.66905004285,14423.881890864615] 0.31126199007860056 [Infinity,Infinity,Infinity,Infinity,Infinity,Infinity,Infinity,Infinity,Infinity,Infinity,Infinity,Infinity,Infinity,Infinity,Infinity,Infinity,Infinity,Infinity,Infinity,Infinity,Infinity,Infinity,Infinity,Infinity,Infinity,Infinity,Infinity,Infinity,Infinity,Infinity,Infinity,Infinity,Infinity,Infinity,Infinity,Infinity,Infinity,Infinity,Infinity,Infinity,Infinity,Infinity,Infinity,Infinity,Infinity,Infinity,Infinity,Infinity,Infinity,Infinity,Infinity,Infinity,Infinity,Infinity,Infinity,Infinity,Infinity,Infinity,Infinity,Infinity,Infinity,Infinity,Infinity,Infinity,Infinity,Infinity,Infinity,Infinity,Infinity,Infinity,Infinity,Infinity,Infinity,Infinity,Infinity,Infinity,Infinity,Infinity,Infinity,Infinity,Infinity,Infinity,Infinity,Infinity,Infinity,Infinity,Infinity,Infinity,Infinity,Infinity,Infinity,Infinity,Infinity,Infinity,Infinity,Infinity,Infinity,Infinity,Infinity,Infinity,Infinity,Infinity,Infinity,Infinity,Infinity,Infinity,Infinity,Infinity,Infinity,Infinity,Infinity,Infinity,Infinity,Infinity,Infinity,Infinity,Infinity,Infinity,Infinity,Infinity,Infinity,Infinity,Infinity,Infinity,Infinity,Infinity,Infinity,Infinity,Infinity,Infinity,Infinity,Infinity,Infinity,Infinity,Infinity,Infinity,Infinity,Infinity,Infinity,Infinity,0.5827457085546899,0.2925731532849815,0.31892541580486583,0.6561402497820761,0.9167936498562007,0.7153611726826742,0.15239372683335456,0.34101694340842753,0.4066001449833984,0.11673130100428997,0.33370611218119894,0.7870102660211902,1.153292273333327,1.3643010909847275,1.5150219591089409,1.7916112192264584,2.252849297560008,2.68475155810514,2.867116517185066,2.921802365106258,3.1590035986984417,3.6440011864499624,4.028022123457163,3.9817601652465777,3.528437167176837,2.8244872331045907,2.295676757456861,2.588140430850779,3.877665689863849,5.484260108030723,6.725022843976911,7.302216846914601,7.065594891772511,6.326223432905867,5.58579118752011,5.0779105452020845,4.8456867203896135,4.838265357108889,4.9144045898503865,5.033907701063464,5.292931778453385,5.616846441015445,5.648153275947993,5.200054683402473,4.435295272947558,3.6866078726885783,3.517153145278729,4.303675113672445,6.070155920937421,8.499491986766767,10.831330642339347,11.757227147651033,9.634682084672487,6.100307886296741,4.9461155313648035,5.608167872268126,5.801637900050024,6.61888591139869,8.939172264235117,9.915378856384791,8.31242354766977,6.358112721098794,5.224861055395752,4.941613773641865,5.109385564567473,5.6466179182693175,7.5529381453281434,10.003698943097918,10.622196837506698,10.540762132960428,11.50259385005138,13.177163975802893,14.300110737005614,13.611244582834985,12.050084837153337,10.302054168123547,8.225215121705393,6.933612074828344,7.3842747091869025,9.342206931259128,11.449577993447113,11.942103348180252,9.725238922864296,7.452341074298549,6.929864060158754,6.820356869296414,6.506050859116483,6.256813235506775,6.512253994253571,6.609270761577861,7.652315659291354,9.875723990344548,10.83391622125925,11.260372515717666,11.135061902131438,9.733852820288007,7.709291655468812,6.018769068182187,5.0266054398100595,4.551812466864794,4.34686032199167,4.329573119030994,4.169084513693257,3.8563111243111026,3.8355910155952264,4.292436031190119,4.541240200626798,4.611645741513985,4.95779970652922,5.481916965629375,5.443615088281083,4.789676920631291,4.895695153012861,5.24946857397377,5.287410734798219,5.112849411028577,4.747172945812866,4.276235226834397,3.8480949191189184,3.1447804853802683,2.6707458169051863,2.1260944474328105,0.9099413346571469,0.8436621740928973,1.0008024050084627,1.6328838841886086,3.224750050970924,4.86668259400546,5.625671841287472,6.210474665305763,6.6075956516617556,6.335204358936542,5.821487214288691,5.087035998143818,4.5005409840873645,4.447091376210938,3.7549109667546063,3.5052837130319894,2.5798970341813177,2.896224187900247,2.7686203634801574,2.6277298671415683,2.4969944330214897,2.6471792404517545,2.692642348833008,2.5763513513030687,2.5629666780333364,2.404684998550997,1.9046364430758658,1.6859665535572037,1.6392639618780085,1.6490213584829108,1.8005945441622906,1.9316642284067242,2.022356502407829,1.8646962704351342,1.731057852023125,1.7296692272313046,1.6747201654463695,1.356558263823416] [0.0,0.0,0.0,0.0,0.0,0.0,0.0,0.0,0.0,0.0,0.0,0.0,0.0,0.0,0.0,0.0,0.0,0.0,0.0,0.0,0.0,0.0,0.0,0.0,0.0,0.0,0.0,0.0,0.0,0.0,0.0,0.0,0.0,0.0,0.0,0.0,0.0,0.0,0.0,0.0,0.0,0.0,0.0,0.0,0.0,0.0,0.0,0.0,0.0,0.0,0.0,0.0,0.0,0.0,0.0,0.0,0.0,0.0,0.0,0.0,0.0,0.0,0.0,0.0,0.0,0.0,0.0,0.0,0.0,0.0,0.0,0.0,0.0,0.0,0.0,0.0,0.0,0.0,0.0,0.0,0.0,0.0,0.0,0.0,0.0,0.0,0.0,0.0,0.0,0.0,0.0,0.0,0.0,0.0,0.0,0.0,0.0,0.0,0.0,0.0,0.0,0.0,0.0,0.0,0.0,0.0,0.0,0.0,0.0,0.0,0.0,0.0,0.0,0.0,0.0,0.0,0.0,0.0,0.0,0.0,0.0,0.0,0.0,0.0,0.0,0.0,0.0,0.0,0.0,0.0,0.0,0.0,0.0,0.0,0.0,0.0,0.0,0.0,0.0,0.0,0.6294642274001053,-0.19999289515962135,0.07383874860358275,0.6357335871368338,-1.9008895881590373,-0.17816193120854223,0.06116779313363096,-0.535146608035305,0.07030177458319738,-0.09249596713522543,0.12254473566050401,-0.05516812768813386,-1.434479853128962,2.193543980262961,0.4242640608592972,3.093755890987743,-3.4633370625434434,2.06444883029665,-1.9378124223098372,-6.807991554656817,-11.634887413442,6.4474844530816835,3.93465381740698,0.2022390385668206,-7.916270556517643,-4.359253101069971,1.8666738728905632,-2.4828763290138682,-0.2655560550837266,7.420646640838265,8.293876704544473,24.549190067795287,2.3096462605233365,1.666871041640002,9.611347332882477,-2.472037091581584,3.7990085834908838,1.9967240190410336,-4.255046184013636,1.4115563065875665,0.05914518797898324,-4.040912770832396,-0.727325104580224,1.1431951518250825,1.9019016445202634,-0.6765808677893423,0.29678376059100786,-3.640725666972029,10.753288163512806,1.046778305106232,2.8973812061958824,7.59028459348264,6.199593227594682,10.353314289214493,-0.47657533489329795,2.4461060451114953,-8.026371943118729,-2.6541357103235037,-7.533924288725181,5.88604671510948,4.352148615756333,10.128430544240008,5.044502621298996,-9.768690177848915,2.2843480078962477,-2.177681351620803,-1.8964084915442436,2.9035188779420844,3.10014648906173,-17.809932841897368,5.308215445907463,-6.777503329175976,10.45720726655145,11.178512483665894,-6.26110783636986,-7.292997946066477,7.226272134520084,-1.9198004222545009,-7.6638201928683225,-2.220977099183746,20.69930855153398,-28.836051466391336,11.508745388563991,2.289513123217077,4.079344233872863,-5.778456688110157,5.286765465317896,8.95178942322585,3.7262379230898808,-13.315033398705323,6.160122656116008,10.98808764294049,12.041038281460054,2.6955399917131824,3.5145050633511206,-7.008594166156132,8.473834621018497,2.0843022279522008,-5.005152908309439,-1.2416589806603198,-4.8515423487714555,-0.5776116135353109,-2.2442162307100877,-1.774278938603812,0.7112599600700092,-1.0010276527179491,1.5019350960102593,-6.5727647202261466,8.412955428056273,-3.994925107865602,15.647718042119305,0.7604674309628427,2.0144579875444393,9.847983249001166,4.5329614454572935,4.013503749372311,1.128945169684872,2.8606558942173024,1.5895265270718633,3.647599312371544,0.8800877934768546,-1.3663843176249044,0.7133481204710377,0.26563989835245244,0.19595441692196727,0.6165347971509202,-2.08140248457674,2.0799698241736873,3.359201066821075,2.620858215822974,-0.2694179554676549,-1.8655578166031763,2.9216308123407178,-0.729301995566608,-2.0581955139638444,-4.627034227019125,-7.0986830022771805,5.532304135033289,-0.8544111237314076,-4.618410960414048,-1.1088488943553534,-4.31944153053291,-3.894025023779364,3.0237930105932938,-2.219096663518334,1.259565932348703,1.6365250884027998,-1.083835869371955,-1.1344125660537852,-2.5816652578710357,0.627885504136378,-1.2778155005394793,1.2067870911204945,0.5715020729560752,-2.255208589630645,-1.9639561437233075,-0.3670720544197106,-1.4623798219229271,0.885216976630211,0.01016664610551028]
56153.26856041587 [0.0,0.0,0.0,0.0,0.0,0.0,0.0,0.0,0.0,0.0,0.0,0.0,0.0,0.0,0.0,0.0,0.0,0.0,0.0,0.0,0.0,0.0,0.0,0.0,0.0,0.0,0.0,0.0,0.0,0.0,0.0,0.0,0.0,0.0,0.0,0.0,0.0,0.0,0.0,0.0,0.0,0.0,0.0,0.0,0.0,0.0,0.0,0.0,0.0,0.0,0.0,0.0,0.0,0.0,0.0,0.0,0.0,0.0,0.0,0.0,0.0,0.0,0.0,0.0,0.0,0.0,0.0,0.0,0.0,0.0,0.0,0.0,0.0,0.0,0.0,0.0,0.0,0.0,0.0,0.0,0.0,0.0,0.0,0.0,0.0,0.0,0.0,0.0,0.0,0.0,0.0,0.0,0.0,0.0,0.0,0.0,0.0,0.0,0.0,0.0,0.0,0.0,0.0,0.0,0.0,0.0,0.0,0.0,0.0,0.0,0.0,0.0,0.0,0.0,0.0,0.0,0.0,0.0,0.0,0.0,0.0,0.0,0.0,0.0,0.0,0.0,0.0,0.0,0.0,0.0,0.0,0.0,0.0,0.0,0.0,0.0,0.0,0.0,0.0,0.0,0.0,0.0,0.0,0.0,0.0,0.0,0.0,0.0,0.0,0.0,0.0,0.0,0.0,0.0,0.0,0.0,0.0,0.0,0.0,0.0,0.0,0.0,0.0,0.0,0.0,0.0,0.0,0.0,0.0,0.0,0.0,0.0,0.0,0.0,0.0,0.0,0.0,0.0,0.0,0.0,0.0,0.0,0.0,0.0,0.0,0.0,0.0,0.0,0.0,0.0,0.0,0.0,0.0,0.0,0.0,0.0,0.0,0.0,0.0,0.0,0.0,0.0,0.0,0.0,0.0,0.0,0.0,0.0,0.0,0.0,0.0,0.0,0.0,0.0,0.0,0.0,0.0,0.0,0.0,0.0,0.0,0.0,0.0,0.0,0.0,0.0,0.0,0.0,0.0,0.0,0.0,0.0,0.0,0.0,0.0,0.0,0.0,0.0,0.0,0.0,0.0,0.0,0.0,0.0,0.0,0.0,0.0,0.0,0.0,0.0,0.0,0.0,0.0,0.0,0.0,0.0,0.0,0.0,0.0,0.0,0.0,0.0,0.0,0.0,0.0,0.0,0.0,0.0,0.0,0.0,0.0,0.0,0.0,0.0,0.0,0.0,0.0,0.0,0.0,0.0,0.0,0.0,0.0,0.0,0.0,0.0,0.0,0.0,0.0,0.0,0.0,0.0,0.0,0.0,0.0,0.0,0.0,0.0,0.0,0.0] [1311.2619900786005,1321.8202200865917,1332.463464547639,1343.19240799478,1354.0077404728797,1364.9101575830227,1375.9003605272408,1386.9790561536227,1398.1469570017646,1409.4047813486081,1420.7532532546286,1432.193102610412,1443.7250651835902,1455.3498826661717,1467.068302722235,1478.881079036026,1490.78897136042,1502.7927455657994,1514.8931736892998,1527.0910339844697,1539.3871109713293,1551.7821954868166,1564.2770847356642,1576.872582341659,1589.569498399342,1602.368649526097,1615.270858914685,1628.2769563861766,1641.3877784433362,1654.6041683244075,1667.9269760573632,1681.3570585145608,1694.895279467867,1708.5425096441993,1722.2996267815402,1736.1675156853773,1750.1470682856248,1764.2391836939755,1778.4447682617345,1792.7647356381167,1807.2000068289992,1821.7515102561672,1836.4201818170154,1851.2069649447558,1866.112810669078,1881.1386776773347,1896.285532376183,1911.5543489537563,1926.9461094423048,1942.4618037813711,1958.1024298814455,1973.8689936881608,1989.7625092469793,2005.7839987684179,2021.9344926937952,2038.215029761504,2054.626657073813,2071.1704301642176,2087.8474130653335,2104.6586783773164,2121.605307336866,2138.6883898867477,2155.9090247459117,2173.268319480143,2190.767390573309,2208.407363499154,2226.1893727937027,2244.1145621282076,2262.184084382728,2280.399101720259,2298.7607856614945,2317.2703171601615,2335.9288866789793,2354.7376942662327,2373.6979496329395,2392.810872230673,2412.077691329971,2431.4996460994216,2451.0779856853383,2470.813969292122,2490.7088662632277,2510.763956162824,2530.9805288580706,2551.359884602096,2571.9033341176064,2592.612198681206,2613.487810208354,2634.5315113390543,2655.7446555241822,2677.1286071125573,2698.6847414386757,2720.4144449111714,2742.319115101994,2764.4001608362782,2786.6590022829737,2809.097071046162,2831.715810257159,2854.5166746673017,2877.5011307415425,2900.67065675274,2924.0267428767575,2947.570891288285,2971.304616257478,2995.22944424732,3019.346914011829,3043.658576695001,3068.1659959305807,3092.870747942638,3117.7744216469364,3142.87861875312,3168.1849538677375,3193.695054598094,3219.410561656912,3245.333128967883,3271.4644237720117,3297.806126734876,3324.3599320546946,3351.1275475713155,3378.1106948760344,3405.3111094223436,3432.7305406375262,3460.3707520352004,3488.23352132871,3516.320640545493,3544.6339161423107,3573.1751691214417,3601.9462351478164,3630.9489646670518,3660.1852230244945,3689.6568905851636,3719.3658628547196,3749.3140506013438,3779.5033799786634,3809.935792649603,3840.6132459112973,3871.5377128209448,3902.7111823227383,3934.135659375755,3965.8131650829396,3997.7457368210635,4029.9354283717907,4062.3843100537392,4095.0944688556665,4128.068008570669,4161.3070499315045,4194.813730746993,4228.590206039511,4262.638648183577,4296.961247045588,4331.560210124669,4366.437762694626,4401.596147947099,4437.037627135803,4472.764479721992,4508.779003521039,4545.083514850253,4581.680348677821,4618.571858773019,4655.7604178575675,4693.248417758249,4731.038269560753,4769.132403764733,4807.533270440121,4846.243339384716,4885.265100283049,4924.601062866471,4964.253757074609,5004.22573321805,5044.519562142395,5085.137835393579,5126.08316538458,5167.3581855634,5208.965550582488,5250.907936469426,5293.188040799074,5335.808582867062,5378.772303864684,5422.081967055189,5465.740357951513,5509.7502844954415,5554.1145772382,5598.836089522486,5643.917697666003,5689.362301146471,5735.17282278806,5781.352208949439,5827.903429713208,5874.829479076986,5922.133375145914,5969.818160326825,6017.886901523867,6066.342690335802,6115.188643254807,6164.427901866934,6214.06363305417,6264.099029198114,6314.537308385285,6365.381714614103,6416.635518003553,6468.302015003491,6520.384528606639,6572.88640856233,6625.811031591967,6679.16180160615,6732.942149923667,6787.155535492116,6841.805445110439,6896.895393653112,6952.428924296275,7008.409608745552,7064.841047465831,7121.726869912778,7179.070734766296,7236.876330165845,7295.147373947643,7353.887613883764,7413.100827923194,7472.790824434837,7532.961442452409,7593.616551921397,7654.7600539479145,7716.395881049652,7778.527997408752,7841.160399126823,7904.2971144818985,7967.94220418758,8032.099761654146,8096.773913251861,8161.968818576374,8227.688670716232,8293.937696522553,8360.720156880894,8428.04034698531,8495.90259661459,8564.311270410717,8633.270768159597,8702.785525074065,8772.860012079082,8843.498736099358,8914.706240349144,8986.487104624512,9058.845945597834,9131.787417114787,9205.31621049359,9279.437054826807,9354.154717285446,9429.47400342559,9505.399757497484,9581.936862757088,9659.090241780126,9736.864856778713,9815.265709920519,9894.297843650465,9973.966341015032,10054.276325989182,10135.232963805956,10216.841461288606,10299.107067185563,10382.035072507933,10465.630810869876,10549.89965883156,10634.84703624505,10720.478406602804,10806.799277389146,10893.815200434417,10981.531772272076,11069.954634498676,11159.08947413668,11248.94202400021,11339.518063063782,11430.823416834026,11522.863957724268,11615.64560543233,11709.174327321158,11803.456138802712,11898.49710372478,11994.303334761045,12090.880993804161,12188.23629236214,12286.375491957784,12385.304904531427,12485.030892846919,12585.55987090084,12686.898304334996,12789.052710852275,12892.029660635888,12995.8357767719,13100.477735675182,13205.962267518828,13312.296156667053,13419.486242111492,13527.539417911097,13636.462633635434,13746.262894811807,13856.947263375758,13968.522858125163,14080.996855178266,14194.376488435144,14308.66905004285,14423.881890864615] 0.31126199007860056 [Infinity,Infinity,Infinity,Infinity,Infinity,Infinity,Infinity,Infinity,Infinity,Infinity,Infinity,Infinity,Infinity,Infinity,Infinity,Infinity,Infinity,Infinity,Infinity,Infinity,Infinity,Infinity,Infinity,Infinity,Infinity,Infinity,Infinity,Infinity,Infinity,Infinity,Infinity,Infinity,Infinity,Infinity,Infinity,Infinity,Infinity,Infinity,Infinity,Infinity,Infinity,Infinity,Infinity,Infinity,Infinity,Infinity,Infinity,Infinity,Infinity,Infinity,Infinity,Infinity,Infinity,Infinity,Infinity,Infinity,Infinity,Infinity,Infinity,Infinity,Infinity,Infinity,Infinity,Infinity,Infinity,Infinity,Infinity,Infinity,Infinity,Infinity,Infinity,Infinity,Infinity,Infinity,Infinity,Infinity,Infinity,Infinity,Infinity,Infinity,Infinity,Infinity,Infinity,Infinity,Infinity,Infinity,Infinity,Infinity,Infinity,Infinity,Infinity,Infinity,Infinity,Infinity,Infinity,Infinity,Infinity,Infinity,Infinity,Infinity,Infinity,Infinity,Infinity,Infinity,Infinity,Infinity,Infinity,Infinity,Infinity,Infinity,Infinity,Infinity,Infinity,Infinity,Infinity,Infinity,Infinity,Infinity,Infinity,Infinity,Infinity,Infinity,Infinity,Infinity,Infinity,Infinity,Infinity,Infinity,Infinity,Infinity,Infinity,Infinity,Infinity,Infinity,Infinity,Infinity,Infinity,Infinity,Infinity,Infinity,Infinity,Infinity,Infinity,Infinity,Infinity,Infinity,Infinity,Infinity,Infinity,Infinity,Infinity,Infinity,Infinity,Infinity,Infinity,Infinity,Infinity,Infinity,Infinity,Infinity,Infinity,Infinity,Infinity,Infinity,Infinity,Infinity,Infinity,Infinity,Infinity,Infinity,Infinity,Infinity,Infinity,Infinity,Infinity,Infinity,Infinity,Infinity,Infinity,Infinity,Infinity,Infinity,Infinity,Infinity,Infinity,Infinity,Infinity,Infinity,Infinity,Infinity,Infinity,Infinity,Infinity,Infinity,Infinity,Infinity,Infinity,Infinity,Infinity,Infinity,Infinity,Infinity,Infinity,Infinity,Infinity,Infinity,Infinity,Infinity,Infinity,Infinity,Infinity,Infinity,Infinity,Infinity,Infinity,Infinity,Infinity,Infinity,Infinity,Infinity,Infinity,Infinity,Infinity,Infinity,Infinity,Infinity,Infinity,Infinity,Infinity,Infinity,Infinity,Infinity,Infinity,Infinity,Infinity,Infinity,Infinity,Infinity,Infinity,Infinity,Infinity,Infinity,Infinity,Infinity,Infinity,Infinity,Infinity,Infinity,Infinity,Infinity,Infinity,Infinity,Infinity,Infinity,Infinity,Infinity,Infinity,Infinity,Infinity,Infinity,Infinity,Infinity,Infinity,Infinity,Infinity,Infinity,Infinity,Infinity,Infinity,Infinity,Infinity,Infinity,Infinity,Infinity,Infinity,Infinity,Infinity,Infinity,Infinity,Infinity,Infinity,Infinity,Infinity,Infinity,Infinity,Infinity,Infinity,Infinity,Infinity,Infinity,Infinity,Infinity,Infinity,Infinity,Infinity,Infinity,Infinity,Infinity,Infinity,Infinity] [0.0,0.0,0.0,0.0,0.0,0.0,0.0,0.0,0.0,0.0,0.0,0.0,0.0,0.0,0.0,0.0,0.0,0.0,0.0,0.0,0.0,0.0,0.0,0.0,0.0,0.0,0.0,0.0,0.0,0.0,0.0,0.0,0.0,0.0,0.0,0.0,0.0,0.0,0.0,0.0,0.0,0.0,0.0,0.0,0.0,0.0,0.0,0.0,0.0,0.0,0.0,0.0,0.0,0.0,0.0,0.0,0.0,0.0,0.0,0.0,0.0,0.0,0.0,0.0,0.0,0.0,0.0,0.0,0.0,0.0,0.0,0.0,0.0,0.0,0.0,0.0,0.0,0.0,0.0,0.0,0.0,0.0,0.0,0.0,0.0,0.0,0.0,0.0,0.0,0.0,0.0,0.0,0.0,0.0,0.0,0.0,0.0,0.0,0.0,0.0,0.0,0.0,0.0,0.0,0.0,0.0,0.0,0.0,0.0,0.0,0.0,0.0,0.0,0.0,0.0,0.0,0.0,0.0,0.0,0.0,0.0,0.0,0.0,0.0,0.0,0.0,0.0,0.0,0.0,0.0,0.0,0.0,0.0,0.0,0.0,0.0,0.0,0.0,0.0,0.0,0.0,0.0,0.0,0.0,0.0,0.0,0.0,0.0,0.0,0.0,0.0,0.0,0.0,0.0,0.0,0.0,0.0,0.0,0.0,0.0,0.0,0.0,0.0,0.0,0.0,0.0,0.0,0.0,0.0,0.0,0.0,0.0,0.0,0.0,0.0,0.0,0.0,0.0,0.0,0.0,0.0,0.0,0.0,0.0,0.0,0.0,0.0,0.0,0.0,0.0,0.0,0.0,0.0,0.0,0.0,0.0,0.0,0.0,0.0,0.0,0.0,0.0,0.0,0.0,0.0,0.0,0.0,0.0,0.0,0.0,0.0,0.0,0.0,0.0,0.0,0.0,0.0,0.0,0.0,0.0,0.0,0.0,0.0,0.0,0.0,0.0,0.0,0.0,0.0,0.0,0.0,0.0,0.0,0.0,0.0,0.0,0.0,0.0,0.0,0.0,0.0,0.0,0.0,0.0,0.0,0.0,0.0,0.0,0.0,0.0,0.0,0.0,0.0,0.0,0.0,0.0,0.0,0.0,0.0,0.0,0.0,0.0,0.0,0.0,0.0,0.0,0.0,0.0,0.0,0.0,0.0,0.0,0.0,0.0,0.0,0.0,0.0,0.0,0.0,0.0,0.0,0.0,0.0,0.0,0.0,0.0,0.0,0.0,0.0,0.0,0.0,0.0,0.0,0.0,0.0,0.0,0.0,0.0,0.0,0.0]
56313.55144963414 [0.0,0.0,0.0,0.0,0.0,0.0,0.0,0.0,0.0,0.0,0.0,0.0,0.0,0.0,0.0,0.0,0.0,0.0,0.0,0.0,0.0,0.0,0.0,0.0,0.0,0.0,0.0,0.0,0.0,0.0,0.0,0.0,0.0,0.0,0.0,0.0,0.0,0.0,0.0,0.0,0.0,0.0,0.0,0.0,0.0,0.0,0.0,0.0,0.0,0.0,0.0,0.0,0.0,0.0,0.0,0.0,0.0,0.0,0.0,0.0,0.0,0.0,0.0,0.0,0.0,0.0,0.0,0.0,0.0,0.0,0.0,0.0,0.0,0.0,0.0,0.0,0.0,0.0,0.0,0.0,0.0,0.0,0.0,0.0,0.0,0.0,0.0,0.0,0.0,0.0,0.0,0.0,0.0,0.0,0.0,0.0,0.0,0.0,0.0,0.0,0.0,0.0,0.0,0.0,0.0,0.0,0.0,0.0,0.0,0.0,0.0,0.0,0.0,0.0,0.0,0.0,0.0,0.0,0.0,0.0,0.0,0.0,0.0,0.0,0.0,0.0,0.0,0.0,0.0,0.0,0.0,0.0,0.0,0.0,0.0,0.0,0.0,0.0,0.0,0.0,0.0,0.0,0.0,0.0,0.0,0.0,0.0,0.0,0.0,0.0,0.0,0.0,0.0,0.0,0.0,0.0,0.0,0.0,0.0,0.0,0.0,0.0,0.0,0.0,0.0,0.0,0.0,0.0,0.0,0.0,0.0,0.0,0.0,0.0,0.0,0.0,0.0,0.0,0.0,0.0,0.0,0.0,0.0,0.0,0.0,0.0,0.0,0.0,0.0,0.0,0.0,0.0,0.0,0.0,0.0,0.0,0.0,0.0,0.0,0.0,0.0,0.0,0.0,0.0,0.0,0.0,0.0,0.0,0.0,0.0,0.0,0.0,0.0,0.0,0.0,0.0,0.0,0.0,0.0,0.0,0.0,0.0,0.0,0.0,0.0,0.0,0.0,0.0,0.0,0.0,0.0,0.0,0.0,0.0,0.0,0.0,0.0,0.0,0.0,0.0,0.0,0.0,0.0,0.0,0.0,0.0,0.0,0.0,0.0,0.0,0.0,0.0,0.0,0.0,0.0,0.0,0.0,0.0,0.0,0.0,0.0,0.0,0.0,0.0,0.0,0.0,0.0,0.0,0.0,0.0,0.0,0.0,0.0,0.0,0.0,0.0,0.0,0.0,0.0,0.0,0.0,0.0,0.0,0.0,0.0,0.0,0.0,0.0,0.0,0.0,0.0,0.0,0.0,0.0,0.0,0.0,0.0,0.0,0.0,0.0] [1311.2619900786005,1321.8202200865917,1332.463464547639,1343.19240799478,1354.0077404728797,1364.9101575830227,1375.9003605272408,1386.9790561536227,1398.1469570017646,1409.4047813486081,1420.7532532546286,1432.193102610412,1443.7250651835902,1455.3498826661717,1467.068302722235,1478.881079036026,1490.78897136042,1502.7927455657994,1514.8931736892998,1527.0910339844697,1539.3871109713293,1551.7821954868166,1564.2770847356642,1576.872582341659,1589.569498399342,1602.368649526097,1615.270858914685,1628.2769563861766,1641.3877784433362,1654.6041683244075,1667.9269760573632,1681.3570585145608,1694.895279467867,1708.5425096441993,1722.2996267815402,1736.1675156853773,1750.1470682856248,1764.2391836939755,1778.4447682617345,1792.7647356381167,1807.2000068289992,1821.7515102561672,1836.4201818170154,1851.2069649447558,1866.112810669078,1881.1386776773347,1896.285532376183,1911.5543489537563,1926.9461094423048,1942.4618037813711,1958.1024298814455,1973.8689936881608,1989.7625092469793,2005.7839987684179,2021.9344926937952,2038.215029761504,2054.626657073813,2071.1704301642176,2087.8474130653335,2104.6586783773164,2121.605307336866,2138.6883898867477,2155.9090247459117,2173.268319480143,2190.767390573309,2208.407363499154,2226.1893727937027,2244.1145621282076,2262.184084382728,2280.399101720259,2298.7607856614945,2317.2703171601615,2335.9288866789793,2354.7376942662327,2373.6979496329395,2392.810872230673,2412.077691329971,2431.4996460994216,2451.0779856853383,2470.813969292122,2490.7088662632277,2510.763956162824,2530.9805288580706,2551.359884602096,2571.9033341176064,2592.612198681206,2613.487810208354,2634.5315113390543,2655.7446555241822,2677.1286071125573,2698.6847414386757,2720.4144449111714,2742.319115101994,2764.4001608362782,2786.6590022829737,2809.097071046162,2831.715810257159,2854.5166746673017,2877.5011307415425,2900.67065675274,2924.0267428767575,2947.570891288285,2971.304616257478,2995.22944424732,3019.346914011829,3043.658576695001,3068.1659959305807,3092.870747942638,3117.7744216469364,3142.87861875312,3168.1849538677375,3193.695054598094,3219.410561656912,3245.333128967883,3271.4644237720117,3297.806126734876,3324.3599320546946,3351.1275475713155,3378.1106948760344,3405.3111094223436,3432.7305406375262,3460.3707520352004,3488.23352132871,3516.320640545493,3544.6339161423107,3573.1751691214417,3601.9462351478164,3630.9489646670518,3660.1852230244945,3689.6568905851636,3719.3658628547196,3749.3140506013438,3779.5033799786634,3809.935792649603,3840.6132459112973,3871.5377128209448,3902.7111823227383,3934.135659375755,3965.8131650829396,3997.7457368210635,4029.9354283717907,4062.3843100537392,4095.0944688556665,4128.068008570669,4161.3070499315045,4194.813730746993,4228.590206039511,4262.638648183577,4296.961247045588,4331.560210124669,4366.437762694626,4401.596147947099,4437.037627135803,4472.764479721992,4508.779003521039,4545.083514850253,4581.680348677821,4618.571858773019,4655.7604178575675,4693.248417758249,4731.038269560753,4769.132403764733,4807.533270440121,4846.243339384716,4885.265100283049,4924.601062866471,4964.253757074609,5004.22573321805,5044.519562142395,5085.137835393579,5126.08316538458,5167.3581855634,5208.965550582488,5250.907936469426,5293.188040799074,5335.808582867062,5378.772303864684,5422.081967055189,5465.740357951513,5509.7502844954415,5554.1145772382,5598.836089522486,5643.917697666003,5689.362301146471,5735.17282278806,5781.352208949439,5827.903429713208,5874.829479076986,5922.133375145914,5969.818160326825,6017.886901523867,6066.342690335802,6115.188643254807,6164.427901866934,6214.06363305417,6264.099029198114,6314.537308385285,6365.381714614103,6416.635518003553,6468.302015003491,6520.384528606639,6572.88640856233,6625.811031591967,6679.16180160615,6732.942149923667,6787.155535492116,6841.805445110439,6896.895393653112,6952.428924296275,7008.409608745552,7064.841047465831,7121.726869912778,7179.070734766296,7236.876330165845,7295.147373947643,7353.887613883764,7413.100827923194,7472.790824434837,7532.961442452409,7593.616551921397,7654.7600539479145,7716.395881049652,7778.527997408752,7841.160399126823,7904.2971144818985,7967.94220418758,8032.099761654146,8096.773913251861,8161.968818576374,8227.688670716232,8293.937696522553,8360.720156880894,8428.04034698531,8495.90259661459,8564.311270410717,8633.270768159597,8702.785525074065,8772.860012079082,8843.498736099358,8914.706240349144,8986.487104624512,9058.845945597834,9131.787417114787,9205.31621049359,9279.437054826807,9354.154717285446,9429.47400342559,9505.399757497484,9581.936862757088,9659.090241780126,9736.864856778713,9815.265709920519,9894.297843650465,9973.966341015032,10054.276325989182,10135.232963805956,10216.841461288606,10299.107067185563,10382.035072507933,10465.630810869876,10549.89965883156,10634.84703624505,10720.478406602804,10806.799277389146,10893.815200434417,10981.531772272076,11069.954634498676,11159.08947413668,11248.94202400021,11339.518063063782,11430.823416834026,11522.863957724268,11615.64560543233,11709.174327321158,11803.456138802712,11898.49710372478,11994.303334761045,12090.880993804161,12188.23629236214,12286.375491957784,12385.304904531427,12485.030892846919,12585.55987090084,12686.898304334996,12789.052710852275,12892.029660635888,12995.8357767719,13100.477735675182,13205.962267518828,13312.296156667053,13419.486242111492,13527.539417911097,13636.462633635434,13746.262894811807,13856.947263375758,13968.522858125163,14080.996855178266,14194.376488435144,14308.66905004285,14423.881890864615] 0.31126199007860056 [Infinity,Infinity,Infinity,Infinity,Infinity,Infinity,Infinity,Infinity,Infinity,Infinity,Infinity,Infinity,Infinity,Infinity,Infinity,Infinity,Infinity,Infinity,Infinity,Infinity,Infinity,Infinity,Infinity,Infinity,Infinity,Infinity,Infinity,Infinity,Infinity,Infinity,Infinity,Infinity,Infinity,Infinity,Infinity,Infinity,Infinity,Infinity,Infinity,Infinity,Infinity,Infinity,Infinity,Infinity,Infinity,Infinity,Infinity,Infinity,Infinity,Infinity,Infinity,Infinity,Infinity,Infinity,Infinity,Infinity,Infinity,Infinity,Infinity,Infinity,Infinity,Infinity,Infinity,Infinity,Infinity,Infinity,Infinity,Infinity,Infinity,Infinity,Infinity,Infinity,Infinity,Infinity,Infinity,Infinity,Infinity,Infinity,Infinity,Infinity,Infinity,Infinity,Infinity,Infinity,Infinity,Infinity,Infinity,Infinity,Infinity,Infinity,Infinity,Infinity,Infinity,Infinity,Infinity,Infinity,Infinity,Infinity,Infinity,Infinity,Infinity,Infinity,Infinity,Infinity,Infinity,Infinity,Infinity,Infinity,Infinity,Infinity,Infinity,Infinity,Infinity,Infinity,Infinity,Infinity,Infinity,Infinity,Infinity,Infinity,Infinity,Infinity,Infinity,Infinity,Infinity,Infinity,Infinity,Infinity,Infinity,Infinity,Infinity,Infinity,Infinity,Infinity,Infinity,Infinity,Infinity,Infinity,Infinity,Infinity,Infinity,Infinity,Infinity,Infinity,Infinity,Infinity,Infinity,Infinity,Infinity,Infinity,Infinity,Infinity,Infinity,Infinity,Infinity,Infinity,Infinity,Infinity,Infinity,Infinity,Infinity,Infinity,Infinity,Infinity,Infinity,Infinity,Infinity,Infinity,Infinity,Infinity,Infinity,Infinity,Infinity,Infinity,Infinity,Infinity,Infinity,Infinity,Infinity,Infinity,Infinity,Infinity,Infinity,Infinity,Infinity,Infinity,Infinity,Infinity,Infinity,Infinity,Infinity,Infinity,Infinity,Infinity,Infinity,Infinity,Infinity,Infinity,Infinity,Infinity,Infinity,Infinity,Infinity,Infinity,Infinity,Infinity,Infinity,Infinity,Infinity,Infinity,Infinity,Infinity,Infinity,Infinity,Infinity,Infinity,Infinity,Infinity,Infinity,Infinity,Infinity,Infinity,Infinity,Infinity,Infinity,Infinity,Infinity,Infinity,Infinity,Infinity,Infinity,Infinity,Infinity,Infinity,Infinity,Infinity,Infinity,Infinity,Infinity,Infinity,Infinity,Infinity,Infinity,Infinity,Infinity,Infinity,Infinity,Infinity,Infinity,Infinity,Infinity,Infinity,Infinity,Infinity,Infinity,Infinity,Infinity,Infinity,Infinity,Infinity,Infinity,Infinity,Infinity,Infinity,Infinity,Infinity,Infinity,Infinity,Infinity,Infinity,Infinity,Infinity,Infinity,Infinity,Infinity,Infinity,Infinity,Infinity,Infinity,Infinity,Infinity,Infinity,Infinity,Infinity,Infinity,Infinity,Infinity,Infinity,Infinity,Infinity,Infinity,Infinity,Infinity,Infinity,Infinity,Infinity,Infinity,Infinity,Infinity,Infinity] [0.0,0.0,0.0,0.0,0.0,0.0,0.0,0.0,0.0,0.0,0.0,0.0,0.0,0.0,0.0,0.0,0.0,0.0,0.0,0.0,0.0,0.0,0.0,0.0,0.0,0.0,0.0,0.0,0.0,0.0,0.0,0.0,0.0,0.0,0.0,0.0,0.0,0.0,0.0,0.0,0.0,0.0,0.0,0.0,0.0,0.0,0.0,0.0,0.0,0.0,0.0,0.0,0.0,0.0,0.0,0.0,0.0,0.0,0.0,0.0,0.0,0.0,0.0,0.0,0.0,0.0,0.0,0.0,0.0,0.0,0.0,0.0,0.0,0.0,0.0,0.0,0.0,0.0,0.0,0.0,0.0,0.0,0.0,0.0,0.0,0.0,0.0,0.0,0.0,0.0,0.0,0.0,0.0,0.0,0.0,0.0,0.0,0.0,0.0,0.0,0.0,0.0,0.0,0.0,0.0,0.0,0.0,0.0,0.0,0.0,0.0,0.0,0.0,0.0,0.0,0.0,0.0,0.0,0.0,0.0,0.0,0.0,0.0,0.0,0.0,0.0,0.0,0.0,0.0,0.0,0.0,0.0,0.0,0.0,0.0,0.0,0.0,0.0,0.0,0.0,0.0,0.0,0.0,0.0,0.0,0.0,0.0,0.0,0.0,0.0,0.0,0.0,0.0,0.0,0.0,0.0,0.0,0.0,0.0,0.0,0.0,0.0,0.0,0.0,0.0,0.0,0.0,0.0,0.0,0.0,0.0,0.0,0.0,0.0,0.0,0.0,0.0,0.0,0.0,0.0,0.0,0.0,0.0,0.0,0.0,0.0,0.0,0.0,0.0,0.0,0.0,0.0,0.0,0.0,0.0,0.0,0.0,0.0,0.0,0.0,0.0,0.0,0.0,0.0,0.0,0.0,0.0,0.0,0.0,0.0,0.0,0.0,0.0,0.0,0.0,0.0,0.0,0.0,0.0,0.0,0.0,0.0,0.0,0.0,0.0,0.0,0.0,0.0,0.0,0.0,0.0,0.0,0.0,0.0,0.0,0.0,0.0,0.0,0.0,0.0,0.0,0.0,0.0,0.0,0.0,0.0,0.0,0.0,0.0,0.0,0.0,0.0,0.0,0.0,0.0,0.0,0.0,0.0,0.0,0.0,0.0,0.0,0.0,0.0,0.0,0.0,0.0,0.0,0.0,0.0,0.0,0.0,0.0,0.0,0.0,0.0,0.0,0.0,0.0,0.0,0.0,0.0,0.0,0.0,0.0,0.0,0.0,0.0,0.0,0.0,0.0,0.0,0.0,0.0,0.0,0.0,0.0,0.0,0.0,0.0]
56320.71552530004 [0.0,0.0,0.0,0.0,0.0,0.0,0.0,0.0,0.0,0.0,0.0,0.0,0.0,0.0,0.0,0.0,0.0,0.0,0.0,0.0,0.0,0.0,0.0,0.0,0.0,0.0,0.0,0.0,0.0,0.0,0.0,0.0,0.0,0.0,0.0,0.0,0.0,0.0,0.0,0.0,0.0,0.0,0.0,0.0,0.0,0.0,0.0,0.0,0.0,0.0,0.0,0.0,0.0,0.0,0.0,0.0,0.0,0.0,0.0,0.0,0.0,0.0,0.0,0.0,0.0,0.0,0.0,0.0,0.0,0.0,0.0,0.0,0.0,0.0,0.0,0.0,0.0,0.0,0.0,0.0,0.0,0.0,0.0,0.0,0.0,0.0,0.0,0.0,0.0,0.0,0.0,0.0,0.0,0.0,0.0,0.0,0.0,0.0,0.0,0.0,0.0,0.0,0.0,0.0,0.0,0.0,0.0,0.0,0.0,0.0,0.0,0.0,0.0,0.0,0.0,0.0,0.0,0.0,0.0,0.0,0.0,0.0,0.0,0.0,0.0,0.0,0.0,0.0,0.0,0.0,0.0,0.0,0.0,0.0,0.0,0.0,0.0,0.0,0.0,0.0,0.0,0.0,0.0,0.0,0.0,0.0,0.0,0.0,0.0,0.0,0.0,0.0,0.0,0.0,0.0,0.0,0.0,0.0,0.0,0.0,0.0,0.0,0.0,0.0,0.0,0.0,0.0,0.0,0.0,0.0,0.0,0.0,0.0,0.0,0.0,0.0,0.0,0.0,0.0,0.0,0.0,0.0,0.0,0.0,0.0,0.0,0.0,0.0,0.0,0.0,0.0,0.0,0.0,0.0,0.0,0.0,0.0,0.0,0.0,0.0,0.0,0.0,0.0,0.0,0.0,0.0,0.0,0.0,0.0,0.0,0.0,0.0,0.0,0.0,0.0,0.0,0.0,0.0,0.0,0.0,0.0,0.0,0.0,0.0,0.0,0.0,0.0,0.0,0.0,0.0,0.0,0.0,0.0,0.0,0.0,0.0,0.0,0.0,0.0,0.0,0.0,0.0,0.0,0.0,0.0,0.0,0.0,0.0,0.0,0.0,0.0,0.0,0.0,0.0,0.0,0.0,0.0,0.0,0.0,0.0,0.0,0.0,0.0,0.0,0.0,0.0,0.0,0.0,0.0,0.0,0.0,0.0,0.0,0.0,0.0,0.0,0.0,0.0,0.0,0.0,0.0,0.0,0.0,0.0,0.0,0.0,0.0,0.0,0.0,0.0,0.0,0.0,0.0,0.0,0.0,0.0,0.0,0.0,0.0,0.0] [1311.2619900786005,1321.8202200865917,1332.463464547639,1343.19240799478,1354.0077404728797,1364.9101575830227,1375.9003605272408,1386.9790561536227,1398.1469570017646,1409.4047813486081,1420.7532532546286,1432.193102610412,1443.7250651835902,1455.3498826661717,1467.068302722235,1478.881079036026,1490.78897136042,1502.7927455657994,1514.8931736892998,1527.0910339844697,1539.3871109713293,1551.7821954868166,1564.2770847356642,1576.872582341659,1589.569498399342,1602.368649526097,1615.270858914685,1628.2769563861766,1641.3877784433362,1654.6041683244075,1667.9269760573632,1681.3570585145608,1694.895279467867,1708.5425096441993,1722.2996267815402,1736.1675156853773,1750.1470682856248,1764.2391836939755,1778.4447682617345,1792.7647356381167,1807.2000068289992,1821.7515102561672,1836.4201818170154,1851.2069649447558,1866.112810669078,1881.1386776773347,1896.285532376183,1911.5543489537563,1926.9461094423048,1942.4618037813711,1958.1024298814455,1973.8689936881608,1989.7625092469793,2005.7839987684179,2021.9344926937952,2038.215029761504,2054.626657073813,2071.1704301642176,2087.8474130653335,2104.6586783773164,2121.605307336866,2138.6883898867477,2155.9090247459117,2173.268319480143,2190.767390573309,2208.407363499154,2226.1893727937027,2244.1145621282076,2262.184084382728,2280.399101720259,2298.7607856614945,2317.2703171601615,2335.9288866789793,2354.7376942662327,2373.6979496329395,2392.810872230673,2412.077691329971,2431.4996460994216,2451.0779856853383,2470.813969292122,2490.7088662632277,2510.763956162824,2530.9805288580706,2551.359884602096,2571.9033341176064,2592.612198681206,2613.487810208354,2634.5315113390543,2655.7446555241822,2677.1286071125573,2698.6847414386757,2720.4144449111714,2742.319115101994,2764.4001608362782,2786.6590022829737,2809.097071046162,2831.715810257159,2854.5166746673017,2877.5011307415425,2900.67065675274,2924.0267428767575,2947.570891288285,2971.304616257478,2995.22944424732,3019.346914011829,3043.658576695001,3068.1659959305807,3092.870747942638,3117.7744216469364,3142.87861875312,3168.1849538677375,3193.695054598094,3219.410561656912,3245.333128967883,3271.4644237720117,3297.806126734876,3324.3599320546946,3351.1275475713155,3378.1106948760344,3405.3111094223436,3432.7305406375262,3460.3707520352004,3488.23352132871,3516.320640545493,3544.6339161423107,3573.1751691214417,3601.9462351478164,3630.9489646670518,3660.1852230244945,3689.6568905851636,3719.3658628547196,3749.3140506013438,3779.5033799786634,3809.935792649603,3840.6132459112973,3871.5377128209448,3902.7111823227383,3934.135659375755,3965.8131650829396,3997.7457368210635,4029.9354283717907,4062.3843100537392,4095.0944688556665,4128.068008570669,4161.3070499315045,4194.813730746993,4228.590206039511,4262.638648183577,4296.961247045588,4331.560210124669,4366.437762694626,4401.596147947099,4437.037627135803,4472.764479721992,4508.779003521039,4545.083514850253,4581.680348677821,4618.571858773019,4655.7604178575675,4693.248417758249,4731.038269560753,4769.132403764733,4807.533270440121,4846.243339384716,4885.265100283049,4924.601062866471,4964.253757074609,5004.22573321805,5044.519562142395,5085.137835393579,5126.08316538458,5167.3581855634,5208.965550582488,5250.907936469426,5293.188040799074,5335.808582867062,5378.772303864684,5422.081967055189,5465.740357951513,5509.7502844954415,5554.1145772382,5598.836089522486,5643.917697666003,5689.362301146471,5735.17282278806,5781.352208949439,5827.903429713208,5874.829479076986,5922.133375145914,5969.818160326825,6017.886901523867,6066.342690335802,6115.188643254807,6164.427901866934,6214.06363305417,6264.099029198114,6314.537308385285,6365.381714614103,6416.635518003553,6468.302015003491,6520.384528606639,6572.88640856233,6625.811031591967,6679.16180160615,6732.942149923667,6787.155535492116,6841.805445110439,6896.895393653112,6952.428924296275,7008.409608745552,7064.841047465831,7121.726869912778,7179.070734766296,7236.876330165845,7295.147373947643,7353.887613883764,7413.100827923194,7472.790824434837,7532.961442452409,7593.616551921397,7654.7600539479145,7716.395881049652,7778.527997408752,7841.160399126823,7904.2971144818985,7967.94220418758,8032.099761654146,8096.773913251861,8161.968818576374,8227.688670716232,8293.937696522553,8360.720156880894,8428.04034698531,8495.90259661459,8564.311270410717,8633.270768159597,8702.785525074065,8772.860012079082,8843.498736099358,8914.706240349144,8986.487104624512,9058.845945597834,9131.787417114787,9205.31621049359,9279.437054826807,9354.154717285446,9429.47400342559,9505.399757497484,9581.936862757088,9659.090241780126,9736.864856778713,9815.265709920519,9894.297843650465,9973.966341015032,10054.276325989182,10135.232963805956,10216.841461288606,10299.107067185563,10382.035072507933,10465.630810869876,10549.89965883156,10634.84703624505,10720.478406602804,10806.799277389146,10893.815200434417,10981.531772272076,11069.954634498676,11159.08947413668,11248.94202400021,11339.518063063782,11430.823416834026,11522.863957724268,11615.64560543233,11709.174327321158,11803.456138802712,11898.49710372478,11994.303334761045,12090.880993804161,12188.23629236214,12286.375491957784,12385.304904531427,12485.030892846919,12585.55987090084,12686.898304334996,12789.052710852275,12892.029660635888,12995.8357767719,13100.477735675182,13205.962267518828,13312.296156667053,13419.486242111492,13527.539417911097,13636.462633635434,13746.262894811807,13856.947263375758,13968.522858125163,14080.996855178266,14194.376488435144,14308.66905004285,14423.881890864615] 0.31126199007860056 [Infinity,Infinity,Infinity,Infinity,Infinity,Infinity,Infinity,Infinity,Infinity,Infinity,Infinity,Infinity,Infinity,Infinity,Infinity,Infinity,Infinity,Infinity,Infinity,Infinity,Infinity,Infinity,Infinity,Infinity,Infinity,Infinity,Infinity,Infinity,Infinity,Infinity,Infinity,Infinity,Infinity,Infinity,Infinity,Infinity,Infinity,Infinity,Infinity,Infinity,Infinity,Infinity,Infinity,Infinity,Infinity,Infinity,Infinity,Infinity,Infinity,Infinity,Infinity,Infinity,Infinity,Infinity,Infinity,Infinity,Infinity,Infinity,Infinity,Infinity,Infinity,Infinity,Infinity,Infinity,Infinity,Infinity,Infinity,Infinity,Infinity,Infinity,Infinity,Infinity,Infinity,Infinity,Infinity,Infinity,Infinity,Infinity,Infinity,Infinity,Infinity,Infinity,Infinity,Infinity,Infinity,Infinity,Infinity,Infinity,Infinity,Infinity,Infinity,Infinity,Infinity,Infinity,Infinity,Infinity,Infinity,Infinity,Infinity,Infinity,Infinity,Infinity,Infinity,Infinity,Infinity,Infinity,Infinity,Infinity,Infinity,Infinity,Infinity,Infinity,Infinity,Infinity,Infinity,Infinity,Infinity,Infinity,Infinity,Infinity,Infinity,Infinity,Infinity,Infinity,Infinity,Infinity,Infinity,Infinity,Infinity,Infinity,Infinity,Infinity,Infinity,Infinity,Infinity,Infinity,Infinity,Infinity,Infinity,Infinity,Infinity,Infinity,Infinity,Infinity,Infinity,Infinity,Infinity,Infinity,Infinity,Infinity,Infinity,Infinity,Infinity,Infinity,Infinity,Infinity,Infinity,Infinity,Infinity,Infinity,Infinity,Infinity,Infinity,Infinity,Infinity,Infinity,Infinity,Infinity,Infinity,Infinity,Infinity,Infinity,Infinity,Infinity,Infinity,Infinity,Infinity,Infinity,Infinity,Infinity,Infinity,Infinity,Infinity,Infinity,Infinity,Infinity,Infinity,Infinity,Infinity,Infinity,Infinity,Infinity,Infinity,Infinity,Infinity,Infinity,Infinity,Infinity,Infinity,Infinity,Infinity,Infinity,Infinity,Infinity,Infinity,Infinity,Infinity,Infinity,Infinity,Infinity,Infinity,Infinity,Infinity,Infinity,Infinity,Infinity,Infinity,Infinity,Infinity,Infinity,Infinity,Infinity,Infinity,Infinity,Infinity,Infinity,Infinity,Infinity,Infinity,Infinity,Infinity,Infinity,Infinity,Infinity,Infinity,Infinity,Infinity,Infinity,Infinity,Infinity,Infinity,Infinity,Infinity,Infinity,Infinity,Infinity,Infinity,Infinity,Infinity,Infinity,Infinity,Infinity,Infinity,Infinity,Infinity,Infinity,Infinity,Infinity,Infinity,Infinity,Infinity,Infinity,Infinity,Infinity,Infinity,Infinity,Infinity,Infinity,Infinity,Infinity,Infinity,Infinity,Infinity,Infinity,Infinity,Infinity,Infinity,Infinity,Infinity,Infinity,Infinity,Infinity,Infinity,Infinity,Infinity,Infinity,Infinity,Infinity,Infinity,Infinity,Infinity,Infinity,Infinity,Infinity,Infinity,Infinity,Infinity,Infinity,Infinity,Infinity] [0.0,0.0,0.0,0.0,0.0,0.0,0.0,0.0,0.0,0.0,0.0,0.0,0.0,0.0,0.0,0.0,0.0,0.0,0.0,0.0,0.0,0.0,0.0,0.0,0.0,0.0,0.0,0.0,0.0,0.0,0.0,0.0,0.0,0.0,0.0,0.0,0.0,0.0,0.0,0.0,0.0,0.0,0.0,0.0,0.0,0.0,0.0,0.0,0.0,0.0,0.0,0.0,0.0,0.0,0.0,0.0,0.0,0.0,0.0,0.0,0.0,0.0,0.0,0.0,0.0,0.0,0.0,0.0,0.0,0.0,0.0,0.0,0.0,0.0,0.0,0.0,0.0,0.0,0.0,0.0,0.0,0.0,0.0,0.0,0.0,0.0,0.0,0.0,0.0,0.0,0.0,0.0,0.0,0.0,0.0,0.0,0.0,0.0,0.0,0.0,0.0,0.0,0.0,0.0,0.0,0.0,0.0,0.0,0.0,0.0,0.0,0.0,0.0,0.0,0.0,0.0,0.0,0.0,0.0,0.0,0.0,0.0,0.0,0.0,0.0,0.0,0.0,0.0,0.0,0.0,0.0,0.0,0.0,0.0,0.0,0.0,0.0,0.0,0.0,0.0,0.0,0.0,0.0,0.0,0.0,0.0,0.0,0.0,0.0,0.0,0.0,0.0,0.0,0.0,0.0,0.0,0.0,0.0,0.0,0.0,0.0,0.0,0.0,0.0,0.0,0.0,0.0,0.0,0.0,0.0,0.0,0.0,0.0,0.0,0.0,0.0,0.0,0.0,0.0,0.0,0.0,0.0,0.0,0.0,0.0,0.0,0.0,0.0,0.0,0.0,0.0,0.0,0.0,0.0,0.0,0.0,0.0,0.0,0.0,0.0,0.0,0.0,0.0,0.0,0.0,0.0,0.0,0.0,0.0,0.0,0.0,0.0,0.0,0.0,0.0,0.0,0.0,0.0,0.0,0.0,0.0,0.0,0.0,0.0,0.0,0.0,0.0,0.0,0.0,0.0,0.0,0.0,0.0,0.0,0.0,0.0,0.0,0.0,0.0,0.0,0.0,0.0,0.0,0.0,0.0,0.0,0.0,0.0,0.0,0.0,0.0,0.0,0.0,0.0,0.0,0.0,0.0,0.0,0.0,0.0,0.0,0.0,0.0,0.0,0.0,0.0,0.0,0.0,0.0,0.0,0.0,0.0,0.0,0.0,0.0,0.0,0.0,0.0,0.0,0.0,0.0,0.0,0.0,0.0,0.0,0.0,0.0,0.0,0.0,0.0,0.0,0.0,0.0,0.0,0.0,0.0,0.0,0.0,0.0,0.0]
56075.74963095468 [0.0,0.0,0.0,0.0,0.0,0.0,0.0,0.0,0.0,0.0,0.0,0.0,0.0,0.0,0.0,0.0,0.0,0.0,0.0,0.0,0.0,0.0,0.0,0.0,0.0,0.0,0.0,0.0,0.0,0.0,0.0,0.0,0.0,0.0,0.0,0.0,0.0,0.0,0.0,0.0,0.0,0.0,0.0,0.0,0.0,0.0,0.0,0.0,0.0,0.0,0.0,0.0,0.0,0.0,0.0,0.0,0.0,0.0,0.0,0.0,0.0,0.0,0.0,0.0,0.0,0.0,0.0,0.0,0.0,0.0,0.0,0.0,0.0,0.0,0.0,0.0,0.0,0.0,0.0,0.0,0.0,0.0,0.0,0.0,0.0,0.0,0.0,0.0,0.0,0.0,0.0,0.0,0.0,0.0,0.0,0.0,0.0,0.0,0.0,0.0,0.0,0.0,0.0,0.0,0.0,0.0,0.0,0.0,0.0,0.0,0.0,0.0,0.0,0.0,0.0,0.0,0.0,0.0,0.0,0.0,0.0,0.0,0.0,0.0,0.0,0.0,0.0,0.0,0.0,0.0,0.0,0.0,0.0,0.0,0.0,0.0,0.0,0.0,0.0,0.0,0.0,0.0,0.0,0.0,0.0,0.0,0.0,0.0,0.0,0.0,0.0,0.0,0.0,0.0,0.0,0.0,0.0,0.0,0.0,0.0,0.0,0.0,0.0,0.0,0.0,0.0,0.0,0.0,0.0,0.0,0.0,0.0,0.0,0.0,0.0,0.0,0.0,0.0,0.0,0.0,0.0,0.0,0.0,0.0,0.0,0.0,0.0,0.0,0.0,0.0,0.0,0.0,0.0,0.0,0.0,0.0,0.0,0.0,0.0,0.0,0.0,0.0,0.0,0.0,0.0,0.0,0.0,0.0,0.0,0.0,0.0,0.0,0.0,0.0,0.0,0.0,0.0,0.0,0.0,0.0,0.0,0.0,0.0,0.0,0.0,0.0,0.0,0.0,0.0,0.0,0.0,0.0,0.0,0.0,0.0,0.0,0.0,0.0,0.0,0.0,0.0,0.0,0.0,0.0,0.0,0.0,0.0,0.0,0.0,0.0,0.0,0.0,0.0,0.0,0.0,0.0,0.0,0.0,0.0,0.0,0.0,0.0,0.0,0.0,0.0,0.0,0.0,0.0,0.0,0.0,0.0,0.0,0.0,0.0,0.0,0.0,0.0,0.0,0.0,0.0,0.0,0.0,0.0,0.0,0.0,0.0,0.0,0.0,0.0,0.0,0.0,0.0,0.0,0.0,0.0,0.0,0.0,0.0,0.0,0.0] [1311.2619900786005,1321.8202200865917,1332.463464547639,1343.19240799478,1354.0077404728797,1364.9101575830227,1375.9003605272408,1386.9790561536227,1398.1469570017646,1409.4047813486081,1420.7532532546286,1432.193102610412,1443.7250651835902,1455.3498826661717,1467.068302722235,1478.881079036026,1490.78897136042,1502.7927455657994,1514.8931736892998,1527.0910339844697,1539.3871109713293,1551.7821954868166,1564.2770847356642,1576.872582341659,1589.569498399342,1602.368649526097,1615.270858914685,1628.2769563861766,1641.3877784433362,1654.6041683244075,1667.9269760573632,1681.3570585145608,1694.895279467867,1708.5425096441993,1722.2996267815402,1736.1675156853773,1750.1470682856248,1764.2391836939755,1778.4447682617345,1792.7647356381167,1807.2000068289992,1821.7515102561672,1836.4201818170154,1851.2069649447558,1866.112810669078,1881.1386776773347,1896.285532376183,1911.5543489537563,1926.9461094423048,1942.4618037813711,1958.1024298814455,1973.8689936881608,1989.7625092469793,2005.7839987684179,2021.9344926937952,2038.215029761504,2054.626657073813,2071.1704301642176,2087.8474130653335,2104.6586783773164,2121.605307336866,2138.6883898867477,2155.9090247459117,2173.268319480143,2190.767390573309,2208.407363499154,2226.1893727937027,2244.1145621282076,2262.184084382728,2280.399101720259,2298.7607856614945,2317.2703171601615,2335.9288866789793,2354.7376942662327,2373.6979496329395,2392.810872230673,2412.077691329971,2431.4996460994216,2451.0779856853383,2470.813969292122,2490.7088662632277,2510.763956162824,2530.9805288580706,2551.359884602096,2571.9033341176064,2592.612198681206,2613.487810208354,2634.5315113390543,2655.7446555241822,2677.1286071125573,2698.6847414386757,2720.4144449111714,2742.319115101994,2764.4001608362782,2786.6590022829737,2809.097071046162,2831.715810257159,2854.5166746673017,2877.5011307415425,2900.67065675274,2924.0267428767575,2947.570891288285,2971.304616257478,2995.22944424732,3019.346914011829,3043.658576695001,3068.1659959305807,3092.870747942638,3117.7744216469364,3142.87861875312,3168.1849538677375,3193.695054598094,3219.410561656912,3245.333128967883,3271.4644237720117,3297.806126734876,3324.3599320546946,3351.1275475713155,3378.1106948760344,3405.3111094223436,3432.7305406375262,3460.3707520352004,3488.23352132871,3516.320640545493,3544.6339161423107,3573.1751691214417,3601.9462351478164,3630.9489646670518,3660.1852230244945,3689.6568905851636,3719.3658628547196,3749.3140506013438,3779.5033799786634,3809.935792649603,3840.6132459112973,3871.5377128209448,3902.7111823227383,3934.135659375755,3965.8131650829396,3997.7457368210635,4029.9354283717907,4062.3843100537392,4095.0944688556665,4128.068008570669,4161.3070499315045,4194.813730746993,4228.590206039511,4262.638648183577,4296.961247045588,4331.560210124669,4366.437762694626,4401.596147947099,4437.037627135803,4472.764479721992,4508.779003521039,4545.083514850253,4581.680348677821,4618.571858773019,4655.7604178575675,4693.248417758249,4731.038269560753,4769.132403764733,4807.533270440121,4846.243339384716,4885.265100283049,4924.601062866471,4964.253757074609,5004.22573321805,5044.519562142395,5085.137835393579,5126.08316538458,5167.3581855634,5208.965550582488,5250.907936469426,5293.188040799074,5335.808582867062,5378.772303864684,5422.081967055189,5465.740357951513,5509.7502844954415,5554.1145772382,5598.836089522486,5643.917697666003,5689.362301146471,5735.17282278806,5781.352208949439,5827.903429713208,5874.829479076986,5922.133375145914,5969.818160326825,6017.886901523867,6066.342690335802,6115.188643254807,6164.427901866934,6214.06363305417,6264.099029198114,6314.537308385285,6365.381714614103,6416.635518003553,6468.302015003491,6520.384528606639,6572.88640856233,6625.811031591967,6679.16180160615,6732.942149923667,6787.155535492116,6841.805445110439,6896.895393653112,6952.428924296275,7008.409608745552,7064.841047465831,7121.726869912778,7179.070734766296,7236.876330165845,7295.147373947643,7353.887613883764,7413.100827923194,7472.790824434837,7532.961442452409,7593.616551921397,7654.7600539479145,7716.395881049652,7778.527997408752,7841.160399126823,7904.2971144818985,7967.94220418758,8032.099761654146,8096.773913251861,8161.968818576374,8227.688670716232,8293.937696522553,8360.720156880894,8428.04034698531,8495.90259661459,8564.311270410717,8633.270768159597,8702.785525074065,8772.860012079082,8843.498736099358,8914.706240349144,8986.487104624512,9058.845945597834,9131.787417114787,9205.31621049359,9279.437054826807,9354.154717285446,9429.47400342559,9505.399757497484,9581.936862757088,9659.090241780126,9736.864856778713,9815.265709920519,9894.297843650465,9973.966341015032,10054.276325989182,10135.232963805956,10216.841461288606,10299.107067185563,10382.035072507933,10465.630810869876,10549.89965883156,10634.84703624505,10720.478406602804,10806.799277389146,10893.815200434417,10981.531772272076,11069.954634498676,11159.08947413668,11248.94202400021,11339.518063063782,11430.823416834026,11522.863957724268,11615.64560543233,11709.174327321158,11803.456138802712,11898.49710372478,11994.303334761045,12090.880993804161,12188.23629236214,12286.375491957784,12385.304904531427,12485.030892846919,12585.55987090084,12686.898304334996,12789.052710852275,12892.029660635888,12995.8357767719,13100.477735675182,13205.962267518828,13312.296156667053,13419.486242111492,13527.539417911097,13636.462633635434,13746.262894811807,13856.947263375758,13968.522858125163,14080.996855178266,14194.376488435144,14308.66905004285,14423.881890864615] 0.31126199007860056 [Infinity,Infinity,Infinity,Infinity,Infinity,Infinity,Infinity,Infinity,Infinity,Infinity,Infinity,Infinity,Infinity,Infinity,Infinity,Infinity,Infinity,Infinity,Infinity,Infinity,Infinity,Infinity,Infinity,Infinity,Infinity,Infinity,Infinity,Infinity,Infinity,Infinity,Infinity,Infinity,Infinity,Infinity,Infinity,Infinity,Infinity,Infinity,Infinity,Infinity,Infinity,Infinity,Infinity,Infinity,Infinity,Infinity,Infinity,Infinity,Infinity,Infinity,Infinity,Infinity,Infinity,Infinity,Infinity,Infinity,Infinity,Infinity,Infinity,Infinity,Infinity,Infinity,Infinity,Infinity,Infinity,Infinity,Infinity,Infinity,Infinity,Infinity,Infinity,Infinity,Infinity,Infinity,Infinity,Infinity,Infinity,Infinity,Infinity,Infinity,Infinity,Infinity,Infinity,Infinity,Infinity,Infinity,Infinity,Infinity,Infinity,Infinity,Infinity,Infinity,Infinity,Infinity,Infinity,Infinity,Infinity,Infinity,Infinity,Infinity,Infinity,Infinity,Infinity,Infinity,Infinity,Infinity,Infinity,Infinity,Infinity,Infinity,Infinity,Infinity,Infinity,Infinity,Infinity,Infinity,Infinity,Infinity,Infinity,Infinity,Infinity,Infinity,Infinity,Infinity,Infinity,Infinity,Infinity,Infinity,Infinity,Infinity,Infinity,Infinity,Infinity,Infinity,Infinity,Infinity,Infinity,Infinity,Infinity,Infinity,Infinity,Infinity,Infinity,Infinity,Infinity,Infinity,Infinity,Infinity,Infinity,Infinity,Infinity,Infinity,Infinity,Infinity,Infinity,Infinity,Infinity,Infinity,Infinity,Infinity,Infinity,Infinity,Infinity,Infinity,Infinity,Infinity,Infinity,Infinity,Infinity,Infinity,Infinity,Infinity,Infinity,Infinity,Infinity,Infinity,Infinity,Infinity,Infinity,Infinity,Infinity,Infinity,Infinity,Infinity,Infinity,Infinity,Infinity,Infinity,Infinity,Infinity,Infinity,Infinity,Infinity,Infinity,Infinity,Infinity,Infinity,Infinity,Infinity,Infinity,Infinity,Infinity,Infinity,Infinity,Infinity,Infinity,Infinity,Infinity,Infinity,Infinity,Infinity,Infinity,Infinity,Infinity,Infinity,Infinity,Infinity,Infinity,Infinity,Infinity,Infinity,Infinity,Infinity,Infinity,Infinity,Infinity,Infinity,Infinity,Infinity,Infinity,Infinity,Infinity,Infinity,Infinity,Infinity,Infinity,Infinity,Infinity,Infinity,Infinity,Infinity,Infinity,Infinity,Infinity,Infinity,Infinity,Infinity,Infinity,Infinity,Infinity,Infinity,Infinity,Infinity,Infinity,Infinity,Infinity,Infinity,Infinity,Infinity,Infinity,Infinity,Infinity,Infinity,Infinity,Infinity,Infinity,Infinity,Infinity,Infinity,Infinity,Infinity,Infinity,Infinity,Infinity,Infinity,Infinity,Infinity,Infinity,Infinity,Infinity,Infinity,Infinity,Infinity,Infinity,Infinity,Infinity,Infinity,Infinity,Infinity,Infinity,Infinity,Infinity,Infinity,Infinity,Infinity,Infinity,Infinity,Infinity,Infinity,Infinity] [0.0,0.0,0.0,0.0,0.0,0.0,0.0,0.0,0.0,0.0,0.0,0.0,0.0,0.0,0.0,0.0,0.0,0.0,0.0,0.0,0.0,0.0,0.0,0.0,0.0,0.0,0.0,0.0,0.0,0.0,0.0,0.0,0.0,0.0,0.0,0.0,0.0,0.0,0.0,0.0,0.0,0.0,0.0,0.0,0.0,0.0,0.0,0.0,0.0,0.0,0.0,0.0,0.0,0.0,0.0,0.0,0.0,0.0,0.0,0.0,0.0,0.0,0.0,0.0,0.0,0.0,0.0,0.0,0.0,0.0,0.0,0.0,0.0,0.0,0.0,0.0,0.0,0.0,0.0,0.0,0.0,0.0,0.0,0.0,0.0,0.0,0.0,0.0,0.0,0.0,0.0,0.0,0.0,0.0,0.0,0.0,0.0,0.0,0.0,0.0,0.0,0.0,0.0,0.0,0.0,0.0,0.0,0.0,0.0,0.0,0.0,0.0,0.0,0.0,0.0,0.0,0.0,0.0,0.0,0.0,0.0,0.0,0.0,0.0,0.0,0.0,0.0,0.0,0.0,0.0,0.0,0.0,0.0,0.0,0.0,0.0,0.0,0.0,0.0,0.0,0.0,0.0,0.0,0.0,0.0,0.0,0.0,0.0,0.0,0.0,0.0,0.0,0.0,0.0,0.0,0.0,0.0,0.0,0.0,0.0,0.0,0.0,0.0,0.0,0.0,0.0,0.0,0.0,0.0,0.0,0.0,0.0,0.0,0.0,0.0,0.0,0.0,0.0,0.0,0.0,0.0,0.0,0.0,0.0,0.0,0.0,0.0,0.0,0.0,0.0,0.0,0.0,0.0,0.0,0.0,0.0,0.0,0.0,0.0,0.0,0.0,0.0,0.0,0.0,0.0,0.0,0.0,0.0,0.0,0.0,0.0,0.0,0.0,0.0,0.0,0.0,0.0,0.0,0.0,0.0,0.0,0.0,0.0,0.0,0.0,0.0,0.0,0.0,0.0,0.0,0.0,0.0,0.0,0.0,0.0,0.0,0.0,0.0,0.0,0.0,0.0,0.0,0.0,0.0,0.0,0.0,0.0,0.0,0.0,0.0,0.0,0.0,0.0,0.0,0.0,0.0,0.0,0.0,0.0,0.0,0.0,0.0,0.0,0.0,0.0,0.0,0.0,0.0,0.0,0.0,0.0,0.0,0.0,0.0,0.0,0.0,0.0,0.0,0.0,0.0,0.0,0.0,0.0,0.0,0.0,0.0,0.0,0.0,0.0,0.0,0.0,0.0,0.0,0.0,0.0,0.0,0.0,0.0,0.0,0.0]
56344.6358138995 [0.0,0.0,0.0,0.0,0.0,0.0,0.0,0.0,0.0,0.0,0.0,0.0,0.0,0.0,0.0,0.0,0.0,0.0,0.0,0.0,0.0,0.0,0.0,0.0,0.0,0.0,0.0,0.0,0.0,0.0,0.0,0.0,0.0,0.0,0.0,0.0,0.0,0.0,0.0,0.0,0.0,0.0,0.0,0.0,0.0,0.0,0.0,0.0,0.0,0.0,0.0,0.0,0.0,0.0,0.0,0.0,0.0,0.0,0.0,0.0,0.0,0.0,0.0,0.0,0.0,0.0,0.0,0.0,0.0,0.0,0.0,0.0,0.0,0.0,0.0,0.0,0.0,0.0,0.0,0.0,0.0,0.0,0.0,0.0,0.0,0.0,0.0,0.0,0.0,0.0,0.0,0.0,0.0,0.0,0.0,0.0,0.0,0.0,0.0,0.0,0.0,0.0,0.0,0.0,0.0,0.0,0.0,0.0,0.0,0.0,0.0,0.0,0.0,0.0,0.0,0.0,0.0,0.0,0.0,0.0,0.0,0.0,0.0,0.0,0.0,0.0,0.0,0.0,0.0,0.0,0.0,0.0,0.0,0.0,0.0,0.0,0.0,0.0,0.0,0.0,0.0,0.0,0.0,0.0,0.0,0.0,0.0,0.0,0.0,0.0,0.0,0.0,0.0,0.0,0.0,0.0,0.0,0.0,0.0,0.0,0.0,0.0,0.0,0.0,0.0,0.0,0.0,0.0,0.0,0.0,0.0,0.0,0.0,0.0,0.0,0.0,0.0,0.0,0.0,0.0,0.0,0.0,0.0,0.0,0.0,0.0,0.0,0.0,0.0,0.0,0.0,0.0,0.0,0.0,0.0,0.0,0.0,0.0,0.0,0.0,0.0,0.0,0.0,0.0,0.0,0.0,0.0,0.0,0.0,0.0,0.0,0.0,0.0,0.0,0.0,0.0,0.0,0.0,0.0,0.0,0.0,0.0,0.0,0.0,0.0,0.0,0.0,0.0,0.0,0.0,0.0,0.0,0.0,0.0,0.0,0.0,0.0,0.0,0.0,0.0,0.0,0.0,0.0,0.0,0.0,0.0,0.0,0.0,0.0,0.0,0.0,0.0,0.0,0.0,0.0,0.0,0.0,0.0,0.0,0.0,0.0,0.0,0.0,0.0,0.0,0.0,0.0,0.0,0.0,0.0,0.0,0.0,0.0,0.0,0.0,0.0,0.0,0.0,0.0,0.0,0.0,0.0,0.0,0.0,0.0,0.0,0.0,0.0,0.0,0.0,0.0,0.0,0.0,0.0,0.0,0.0,0.0,0.0,0.0,0.0] [1311.2619900786005,1321.8202200865917,1332.463464547639,1343.19240799478,1354.0077404728797,1364.9101575830227,1375.9003605272408,1386.9790561536227,1398.1469570017646,1409.4047813486081,1420.7532532546286,1432.193102610412,1443.7250651835902,1455.3498826661717,1467.068302722235,1478.881079036026,1490.78897136042,1502.7927455657994,1514.8931736892998,1527.0910339844697,1539.3871109713293,1551.7821954868166,1564.2770847356642,1576.872582341659,1589.569498399342,1602.368649526097,1615.270858914685,1628.2769563861766,1641.3877784433362,1654.6041683244075,1667.9269760573632,1681.3570585145608,1694.895279467867,1708.5425096441993,1722.2996267815402,1736.1675156853773,1750.1470682856248,1764.2391836939755,1778.4447682617345,1792.7647356381167,1807.2000068289992,1821.7515102561672,1836.4201818170154,1851.2069649447558,1866.112810669078,1881.1386776773347,1896.285532376183,1911.5543489537563,1926.9461094423048,1942.4618037813711,1958.1024298814455,1973.8689936881608,1989.7625092469793,2005.7839987684179,2021.9344926937952,2038.215029761504,2054.626657073813,2071.1704301642176,2087.8474130653335,2104.6586783773164,2121.605307336866,2138.6883898867477,2155.9090247459117,2173.268319480143,2190.767390573309,2208.407363499154,2226.1893727937027,2244.1145621282076,2262.184084382728,2280.399101720259,2298.7607856614945,2317.2703171601615,2335.9288866789793,2354.7376942662327,2373.6979496329395,2392.810872230673,2412.077691329971,2431.4996460994216,2451.0779856853383,2470.813969292122,2490.7088662632277,2510.763956162824,2530.9805288580706,2551.359884602096,2571.9033341176064,2592.612198681206,2613.487810208354,2634.5315113390543,2655.7446555241822,2677.1286071125573,2698.6847414386757,2720.4144449111714,2742.319115101994,2764.4001608362782,2786.6590022829737,2809.097071046162,2831.715810257159,2854.5166746673017,2877.5011307415425,2900.67065675274,2924.0267428767575,2947.570891288285,2971.304616257478,2995.22944424732,3019.346914011829,3043.658576695001,3068.1659959305807,3092.870747942638,3117.7744216469364,3142.87861875312,3168.1849538677375,3193.695054598094,3219.410561656912,3245.333128967883,3271.4644237720117,3297.806126734876,3324.3599320546946,3351.1275475713155,3378.1106948760344,3405.3111094223436,3432.7305406375262,3460.3707520352004,3488.23352132871,3516.320640545493,3544.6339161423107,3573.1751691214417,3601.9462351478164,3630.9489646670518,3660.1852230244945,3689.6568905851636,3719.3658628547196,3749.3140506013438,3779.5033799786634,3809.935792649603,3840.6132459112973,3871.5377128209448,3902.7111823227383,3934.135659375755,3965.8131650829396,3997.7457368210635,4029.9354283717907,4062.3843100537392,4095.0944688556665,4128.068008570669,4161.3070499315045,4194.813730746993,4228.590206039511,4262.638648183577,4296.961247045588,4331.560210124669,4366.437762694626,4401.596147947099,4437.037627135803,4472.764479721992,4508.779003521039,4545.083514850253,4581.680348677821,4618.571858773019,4655.7604178575675,4693.248417758249,4731.038269560753,4769.132403764733,4807.533270440121,4846.243339384716,4885.265100283049,4924.601062866471,4964.253757074609,5004.22573321805,5044.519562142395,5085.137835393579,5126.08316538458,5167.3581855634,5208.965550582488,5250.907936469426,5293.188040799074,5335.808582867062,5378.772303864684,5422.081967055189,5465.740357951513,5509.7502844954415,5554.1145772382,5598.836089522486,5643.917697666003,5689.362301146471,5735.17282278806,5781.352208949439,5827.903429713208,5874.829479076986,5922.133375145914,5969.818160326825,6017.886901523867,6066.342690335802,6115.188643254807,6164.427901866934,6214.06363305417,6264.099029198114,6314.537308385285,6365.381714614103,6416.635518003553,6468.302015003491,6520.384528606639,6572.88640856233,6625.811031591967,6679.16180160615,6732.942149923667,6787.155535492116,6841.805445110439,6896.895393653112,6952.428924296275,7008.409608745552,7064.841047465831,7121.726869912778,7179.070734766296,7236.876330165845,7295.147373947643,7353.887613883764,7413.100827923194,7472.790824434837,7532.961442452409,7593.616551921397,7654.7600539479145,7716.395881049652,7778.527997408752,7841.160399126823,7904.2971144818985,7967.94220418758,8032.099761654146,8096.773913251861,8161.968818576374,8227.688670716232,8293.937696522553,8360.720156880894,8428.04034698531,8495.90259661459,8564.311270410717,8633.270768159597,8702.785525074065,8772.860012079082,8843.498736099358,8914.706240349144,8986.487104624512,9058.845945597834,9131.787417114787,9205.31621049359,9279.437054826807,9354.154717285446,9429.47400342559,9505.399757497484,9581.936862757088,9659.090241780126,9736.864856778713,9815.265709920519,9894.297843650465,9973.966341015032,10054.276325989182,10135.232963805956,10216.841461288606,10299.107067185563,10382.035072507933,10465.630810869876,10549.89965883156,10634.84703624505,10720.478406602804,10806.799277389146,10893.815200434417,10981.531772272076,11069.954634498676,11159.08947413668,11248.94202400021,11339.518063063782,11430.823416834026,11522.863957724268,11615.64560543233,11709.174327321158,11803.456138802712,11898.49710372478,11994.303334761045,12090.880993804161,12188.23629236214,12286.375491957784,12385.304904531427,12485.030892846919,12585.55987090084,12686.898304334996,12789.052710852275,12892.029660635888,12995.8357767719,13100.477735675182,13205.962267518828,13312.296156667053,13419.486242111492,13527.539417911097,13636.462633635434,13746.262894811807,13856.947263375758,13968.522858125163,14080.996855178266,14194.376488435144,14308.66905004285,14423.881890864615] 0.31126199007860056 [Infinity,Infinity,Infinity,Infinity,Infinity,Infinity,Infinity,Infinity,Infinity,Infinity,Infinity,Infinity,Infinity,Infinity,Infinity,Infinity,Infinity,Infinity,Infinity,Infinity,Infinity,Infinity,Infinity,Infinity,Infinity,Infinity,Infinity,Infinity,Infinity,Infinity,Infinity,Infinity,Infinity,Infinity,Infinity,Infinity,Infinity,Infinity,Infinity,Infinity,Infinity,Infinity,Infinity,Infinity,Infinity,Infinity,Infinity,Infinity,Infinity,Infinity,Infinity,Infinity,Infinity,Infinity,Infinity,Infinity,Infinity,Infinity,Infinity,Infinity,Infinity,Infinity,Infinity,Infinity,Infinity,Infinity,Infinity,Infinity,Infinity,Infinity,Infinity,Infinity,Infinity,Infinity,Infinity,Infinity,Infinity,Infinity,Infinity,Infinity,Infinity,Infinity,Infinity,Infinity,Infinity,Infinity,Infinity,Infinity,Infinity,Infinity,Infinity,Infinity,Infinity,Infinity,Infinity,Infinity,Infinity,Infinity,Infinity,Infinity,Infinity,Infinity,Infinity,Infinity,Infinity,Infinity,Infinity,Infinity,Infinity,Infinity,Infinity,Infinity,Infinity,Infinity,Infinity,Infinity,Infinity,Infinity,Infinity,Infinity,Infinity,Infinity,Infinity,Infinity,Infinity,Infinity,Infinity,Infinity,Infinity,Infinity,Infinity,Infinity,Infinity,Infinity,Infinity,Infinity,Infinity,Infinity,Infinity,Infinity,Infinity,Infinity,Infinity,Infinity,Infinity,Infinity,Infinity,Infinity,Infinity,Infinity,Infinity,Infinity,Infinity,Infinity,Infinity,Infinity,Infinity,Infinity,Infinity,Infinity,Infinity,Infinity,Infinity,Infinity,Infinity,Infinity,Infinity,Infinity,Infinity,Infinity,Infinity,Infinity,Infinity,Infinity,Infinity,Infinity,Infinity,Infinity,Infinity,Infinity,Infinity,Infinity,Infinity,Infinity,Infinity,Infinity,Infinity,Infinity,Infinity,Infinity,Infinity,Infinity,Infinity,Infinity,Infinity,Infinity,Infinity,Infinity,Infinity,Infinity,Infinity,Infinity,Infinity,Infinity,Infinity,Infinity,Infinity,Infinity,Infinity,Infinity,Infinity,Infinity,Infinity,Infinity,Infinity,Infinity,Infinity,Infinity,Infinity,Infinity,Infinity,Infinity,Infinity,Infinity,Infinity,Infinity,Infinity,Infinity,Infinity,Infinity,Infinity,Infinity,Infinity,Infinity,Infinity,Infinity,Infinity,Infinity,Infinity,Infinity,Infinity,Infinity,Infinity,Infinity,Infinity,Infinity,Infinity,Infinity,Infinity,Infinity,Infinity,Infinity,Infinity,Infinity,Infinity,Infinity,Infinity,Infinity,Infinity,Infinity,Infinity,Infinity,Infinity,Infinity,Infinity,Infinity,Infinity,Infinity,Infinity,Infinity,Infinity,Infinity,Infinity,Infinity,Infinity,Infinity,Infinity,Infinity,Infinity,Infinity,Infinity,Infinity,Infinity,Infinity,Infinity,Infinity,Infinity,Infinity,Infinity,Infinity,Infinity,Infinity,Infinity,Infinity,Infinity,Infinity,Infinity,Infinity,Infinity,Infinity] [0.0,0.0,0.0,0.0,0.0,0.0,0.0,0.0,0.0,0.0,0.0,0.0,0.0,0.0,0.0,0.0,0.0,0.0,0.0,0.0,0.0,0.0,0.0,0.0,0.0,0.0,0.0,0.0,0.0,0.0,0.0,0.0,0.0,0.0,0.0,0.0,0.0,0.0,0.0,0.0,0.0,0.0,0.0,0.0,0.0,0.0,0.0,0.0,0.0,0.0,0.0,0.0,0.0,0.0,0.0,0.0,0.0,0.0,0.0,0.0,0.0,0.0,0.0,0.0,0.0,0.0,0.0,0.0,0.0,0.0,0.0,0.0,0.0,0.0,0.0,0.0,0.0,0.0,0.0,0.0,0.0,0.0,0.0,0.0,0.0,0.0,0.0,0.0,0.0,0.0,0.0,0.0,0.0,0.0,0.0,0.0,0.0,0.0,0.0,0.0,0.0,0.0,0.0,0.0,0.0,0.0,0.0,0.0,0.0,0.0,0.0,0.0,0.0,0.0,0.0,0.0,0.0,0.0,0.0,0.0,0.0,0.0,0.0,0.0,0.0,0.0,0.0,0.0,0.0,0.0,0.0,0.0,0.0,0.0,0.0,0.0,0.0,0.0,0.0,0.0,0.0,0.0,0.0,0.0,0.0,0.0,0.0,0.0,0.0,0.0,0.0,0.0,0.0,0.0,0.0,0.0,0.0,0.0,0.0,0.0,0.0,0.0,0.0,0.0,0.0,0.0,0.0,0.0,0.0,0.0,0.0,0.0,0.0,0.0,0.0,0.0,0.0,0.0,0.0,0.0,0.0,0.0,0.0,0.0,0.0,0.0,0.0,0.0,0.0,0.0,0.0,0.0,0.0,0.0,0.0,0.0,0.0,0.0,0.0,0.0,0.0,0.0,0.0,0.0,0.0,0.0,0.0,0.0,0.0,0.0,0.0,0.0,0.0,0.0,0.0,0.0,0.0,0.0,0.0,0.0,0.0,0.0,0.0,0.0,0.0,0.0,0.0,0.0,0.0,0.0,0.0,0.0,0.0,0.0,0.0,0.0,0.0,0.0,0.0,0.0,0.0,0.0,0.0,0.0,0.0,0.0,0.0,0.0,0.0,0.0,0.0,0.0,0.0,0.0,0.0,0.0,0.0,0.0,0.0,0.0,0.0,0.0,0.0,0.0,0.0,0.0,0.0,0.0,0.0,0.0,0.0,0.0,0.0,0.0,0.0,0.0,0.0,0.0,0.0,0.0,0.0,0.0,0.0,0.0,0.0,0.0,0.0,0.0,0.0,0.0,0.0,0.0,0.0,0.0,0.0,0.0,0.0,0.0,0.0,0.0]
56189.24633833255 [0.0,0.0,0.0,0.0,0.0,0.0,0.0,0.0,0.0,0.0,0.0,0.0,0.0,0.0,0.0,0.0,0.0,0.0,0.0,0.0,0.0,0.0,0.0,0.0,0.0,0.0,0.0,0.0,0.0,0.0,0.0,0.0,0.0,0.0,0.0,0.0,0.0,0.0,0.0,0.0,0.0,0.0,0.0,0.0,0.0,0.0,0.0,0.0,0.0,0.0,0.0,0.0,0.0,0.0,0.0,0.0,0.0,0.0,0.0,0.0,0.0,0.0,0.0,0.0,0.0,0.0,0.0,0.0,0.0,0.0,0.0,0.0,0.0,0.0,0.0,0.0,0.0,0.0,0.0,0.0,0.0,0.0,0.0,0.0,0.0,0.0,0.0,0.0,0.0,0.0,0.0,0.0,0.0,0.0,0.0,0.0,0.0,0.0,0.0,0.0,0.0,0.0,0.0,0.0,0.0,0.0,0.0,0.0,0.0,0.0,0.0,0.0,0.0,0.0,0.0,0.0,0.0,0.0,0.0,0.0,0.0,0.0,0.0,0.0,0.0,0.0,0.0,0.0,0.0,0.0,0.0,0.0,0.0,0.0,0.0,0.0,0.0,0.0,0.0,0.0,0.0,0.0,0.0,0.0,0.0,0.0,0.0,0.0,0.0,0.0,0.0,0.0,0.0,0.0,0.0,0.0,0.0,0.0,0.0,0.0,0.0,0.0,0.0,0.0,0.0,0.0,0.0,0.0,0.0,0.0,0.0,0.0,0.0,0.0,0.0,0.0,0.0,0.0,0.0,0.0,0.0,0.0,0.0,0.0,0.0,0.0,0.0,0.0,0.0,0.0,0.0,0.0,0.0,0.0,0.0,0.0,0.0,0.0,0.0,0.0,0.0,0.0,0.0,0.0,0.0,0.0,0.0,0.0,0.0,0.0,0.0,0.0,0.0,0.0,0.0,0.0,0.0,0.0,0.0,0.0,0.0,0.0,0.0,0.0,0.0,0.0,0.0,0.0,0.0,0.0,0.0,0.0,0.0,0.0,0.0,0.0,0.0,0.0,0.0,0.0,0.0,0.0,0.0,0.0,0.0,0.0,0.0,0.0,0.0,0.0,0.0,0.0,0.0,0.0,0.0,0.0,0.0,0.0,0.0,0.0,0.0,0.0,0.0,0.0,0.0,0.0,0.0,0.0,0.0,0.0,0.0,0.0,0.0,0.0,0.0,0.0,0.0,0.0,0.0,0.0,0.0,0.0,0.0,0.0,0.0,0.0,0.0,0.0,0.0,0.0,0.0,0.0,0.0,0.0,0.0,0.0,0.0,0.0,0.0,0.0] [1311.2619900786005,1321.8202200865917,1332.463464547639,1343.19240799478,1354.0077404728797,1364.9101575830227,1375.9003605272408,1386.9790561536227,1398.1469570017646,1409.4047813486081,1420.7532532546286,1432.193102610412,1443.7250651835902,1455.3498826661717,1467.068302722235,1478.881079036026,1490.78897136042,1502.7927455657994,1514.8931736892998,1527.0910339844697,1539.3871109713293,1551.7821954868166,1564.2770847356642,1576.872582341659,1589.569498399342,1602.368649526097,1615.270858914685,1628.2769563861766,1641.3877784433362,1654.6041683244075,1667.9269760573632,1681.3570585145608,1694.895279467867,1708.5425096441993,1722.2996267815402,1736.1675156853773,1750.1470682856248,1764.2391836939755,1778.4447682617345,1792.7647356381167,1807.2000068289992,1821.7515102561672,1836.4201818170154,1851.2069649447558,1866.112810669078,1881.1386776773347,1896.285532376183,1911.5543489537563,1926.9461094423048,1942.4618037813711,1958.1024298814455,1973.8689936881608,1989.7625092469793,2005.7839987684179,2021.9344926937952,2038.215029761504,2054.626657073813,2071.1704301642176,2087.8474130653335,2104.6586783773164,2121.605307336866,2138.6883898867477,2155.9090247459117,2173.268319480143,2190.767390573309,2208.407363499154,2226.1893727937027,2244.1145621282076,2262.184084382728,2280.399101720259,2298.7607856614945,2317.2703171601615,2335.9288866789793,2354.7376942662327,2373.6979496329395,2392.810872230673,2412.077691329971,2431.4996460994216,2451.0779856853383,2470.813969292122,2490.7088662632277,2510.763956162824,2530.9805288580706,2551.359884602096,2571.9033341176064,2592.612198681206,2613.487810208354,2634.5315113390543,2655.7446555241822,2677.1286071125573,2698.6847414386757,2720.4144449111714,2742.319115101994,2764.4001608362782,2786.6590022829737,2809.097071046162,2831.715810257159,2854.5166746673017,2877.5011307415425,2900.67065675274,2924.0267428767575,2947.570891288285,2971.304616257478,2995.22944424732,3019.346914011829,3043.658576695001,3068.1659959305807,3092.870747942638,3117.7744216469364,3142.87861875312,3168.1849538677375,3193.695054598094,3219.410561656912,3245.333128967883,3271.4644237720117,3297.806126734876,3324.3599320546946,3351.1275475713155,3378.1106948760344,3405.3111094223436,3432.7305406375262,3460.3707520352004,3488.23352132871,3516.320640545493,3544.6339161423107,3573.1751691214417,3601.9462351478164,3630.9489646670518,3660.1852230244945,3689.6568905851636,3719.3658628547196,3749.3140506013438,3779.5033799786634,3809.935792649603,3840.6132459112973,3871.5377128209448,3902.7111823227383,3934.135659375755,3965.8131650829396,3997.7457368210635,4029.9354283717907,4062.3843100537392,4095.0944688556665,4128.068008570669,4161.3070499315045,4194.813730746993,4228.590206039511,4262.638648183577,4296.961247045588,4331.560210124669,4366.437762694626,4401.596147947099,4437.037627135803,4472.764479721992,4508.779003521039,4545.083514850253,4581.680348677821,4618.571858773019,4655.7604178575675,4693.248417758249,4731.038269560753,4769.132403764733,4807.533270440121,4846.243339384716,4885.265100283049,4924.601062866471,4964.253757074609,5004.22573321805,5044.519562142395,5085.137835393579,5126.08316538458,5167.3581855634,5208.965550582488,5250.907936469426,5293.188040799074,5335.808582867062,5378.772303864684,5422.081967055189,5465.740357951513,5509.7502844954415,5554.1145772382,5598.836089522486,5643.917697666003,5689.362301146471,5735.17282278806,5781.352208949439,5827.903429713208,5874.829479076986,5922.133375145914,5969.818160326825,6017.886901523867,6066.342690335802,6115.188643254807,6164.427901866934,6214.06363305417,6264.099029198114,6314.537308385285,6365.381714614103,6416.635518003553,6468.302015003491,6520.384528606639,6572.88640856233,6625.811031591967,6679.16180160615,6732.942149923667,6787.155535492116,6841.805445110439,6896.895393653112,6952.428924296275,7008.409608745552,7064.841047465831,7121.726869912778,7179.070734766296,7236.876330165845,7295.147373947643,7353.887613883764,7413.100827923194,7472.790824434837,7532.961442452409,7593.616551921397,7654.7600539479145,7716.395881049652,7778.527997408752,7841.160399126823,7904.2971144818985,7967.94220418758,8032.099761654146,8096.773913251861,8161.968818576374,8227.688670716232,8293.937696522553,8360.720156880894,8428.04034698531,8495.90259661459,8564.311270410717,8633.270768159597,8702.785525074065,8772.860012079082,8843.498736099358,8914.706240349144,8986.487104624512,9058.845945597834,9131.787417114787,9205.31621049359,9279.437054826807,9354.154717285446,9429.47400342559,9505.399757497484,9581.936862757088,9659.090241780126,9736.864856778713,9815.265709920519,9894.297843650465,9973.966341015032,10054.276325989182,10135.232963805956,10216.841461288606,10299.107067185563,10382.035072507933,10465.630810869876,10549.89965883156,10634.84703624505,10720.478406602804,10806.799277389146,10893.815200434417,10981.531772272076,11069.954634498676,11159.08947413668,11248.94202400021,11339.518063063782,11430.823416834026,11522.863957724268,11615.64560543233,11709.174327321158,11803.456138802712,11898.49710372478,11994.303334761045,12090.880993804161,12188.23629236214,12286.375491957784,12385.304904531427,12485.030892846919,12585.55987090084,12686.898304334996,12789.052710852275,12892.029660635888,12995.8357767719,13100.477735675182,13205.962267518828,13312.296156667053,13419.486242111492,13527.539417911097,13636.462633635434,13746.262894811807,13856.947263375758,13968.522858125163,14080.996855178266,14194.376488435144,14308.66905004285,14423.881890864615] 0.31126199007860056 [Infinity,Infinity,Infinity,Infinity,Infinity,Infinity,Infinity,Infinity,Infinity,Infinity,Infinity,Infinity,Infinity,Infinity,Infinity,Infinity,Infinity,Infinity,Infinity,Infinity,Infinity,Infinity,Infinity,Infinity,Infinity,Infinity,Infinity,Infinity,Infinity,Infinity,Infinity,Infinity,Infinity,Infinity,Infinity,Infinity,Infinity,Infinity,Infinity,Infinity,Infinity,Infinity,Infinity,Infinity,Infinity,Infinity,Infinity,Infinity,Infinity,Infinity,Infinity,Infinity,Infinity,Infinity,Infinity,Infinity,Infinity,Infinity,Infinity,Infinity,Infinity,Infinity,Infinity,Infinity,Infinity,Infinity,Infinity,Infinity,Infinity,Infinity,Infinity,Infinity,Infinity,Infinity,Infinity,Infinity,Infinity,Infinity,Infinity,Infinity,Infinity,Infinity,Infinity,Infinity,Infinity,Infinity,Infinity,Infinity,Infinity,Infinity,Infinity,Infinity,Infinity,Infinity,Infinity,Infinity,Infinity,Infinity,Infinity,Infinity,Infinity,Infinity,Infinity,Infinity,Infinity,Infinity,Infinity,Infinity,Infinity,Infinity,Infinity,Infinity,Infinity,Infinity,Infinity,Infinity,Infinity,Infinity,Infinity,Infinity,Infinity,Infinity,Infinity,Infinity,Infinity,Infinity,Infinity,Infinity,Infinity,Infinity,Infinity,Infinity,Infinity,Infinity,Infinity,Infinity,Infinity,Infinity,Infinity,Infinity,Infinity,Infinity,Infinity,Infinity,Infinity,Infinity,Infinity,Infinity,Infinity,Infinity,Infinity,Infinity,Infinity,Infinity,Infinity,Infinity,Infinity,Infinity,Infinity,Infinity,Infinity,Infinity,Infinity,Infinity,Infinity,Infinity,Infinity,Infinity,Infinity,Infinity,Infinity,Infinity,Infinity,Infinity,Infinity,Infinity,Infinity,Infinity,Infinity,Infinity,Infinity,Infinity,Infinity,Infinity,Infinity,Infinity,Infinity,Infinity,Infinity,Infinity,Infinity,Infinity,Infinity,Infinity,Infinity,Infinity,Infinity,Infinity,Infinity,Infinity,Infinity,Infinity,Infinity,Infinity,Infinity,Infinity,Infinity,Infinity,Infinity,Infinity,Infinity,Infinity,Infinity,Infinity,Infinity,Infinity,Infinity,Infinity,Infinity,Infinity,Infinity,Infinity,Infinity,Infinity,Infinity,Infinity,Infinity,Infinity,Infinity,Infinity,Infinity,Infinity,Infinity,Infinity,Infinity,Infinity,Infinity,Infinity,Infinity,Infinity,Infinity,Infinity,Infinity,Infinity,Infinity,Infinity,Infinity,Infinity,Infinity,Infinity,Infinity,Infinity,Infinity,Infinity,Infinity,Infinity,Infinity,Infinity,Infinity,Infinity,Infinity,Infinity,Infinity,Infinity,Infinity,Infinity,Infinity,Infinity,Infinity,Infinity,Infinity,Infinity,Infinity,Infinity,Infinity,Infinity,Infinity,Infinity,Infinity,Infinity,Infinity,Infinity,Infinity,Infinity,Infinity,Infinity,Infinity,Infinity,Infinity,Infinity,Infinity,Infinity,Infinity,Infinity,Infinity,Infinity,Infinity,Infinity,Infinity,Infinity] [0.0,0.0,0.0,0.0,0.0,0.0,0.0,0.0,0.0,0.0,0.0,0.0,0.0,0.0,0.0,0.0,0.0,0.0,0.0,0.0,0.0,0.0,0.0,0.0,0.0,0.0,0.0,0.0,0.0,0.0,0.0,0.0,0.0,0.0,0.0,0.0,0.0,0.0,0.0,0.0,0.0,0.0,0.0,0.0,0.0,0.0,0.0,0.0,0.0,0.0,0.0,0.0,0.0,0.0,0.0,0.0,0.0,0.0,0.0,0.0,0.0,0.0,0.0,0.0,0.0,0.0,0.0,0.0,0.0,0.0,0.0,0.0,0.0,0.0,0.0,0.0,0.0,0.0,0.0,0.0,0.0,0.0,0.0,0.0,0.0,0.0,0.0,0.0,0.0,0.0,0.0,0.0,0.0,0.0,0.0,0.0,0.0,0.0,0.0,0.0,0.0,0.0,0.0,0.0,0.0,0.0,0.0,0.0,0.0,0.0,0.0,0.0,0.0,0.0,0.0,0.0,0.0,0.0,0.0,0.0,0.0,0.0,0.0,0.0,0.0,0.0,0.0,0.0,0.0,0.0,0.0,0.0,0.0,0.0,0.0,0.0,0.0,0.0,0.0,0.0,0.0,0.0,0.0,0.0,0.0,0.0,0.0,0.0,0.0,0.0,0.0,0.0,0.0,0.0,0.0,0.0,0.0,0.0,0.0,0.0,0.0,0.0,0.0,0.0,0.0,0.0,0.0,0.0,0.0,0.0,0.0,0.0,0.0,0.0,0.0,0.0,0.0,0.0,0.0,0.0,0.0,0.0,0.0,0.0,0.0,0.0,0.0,0.0,0.0,0.0,0.0,0.0,0.0,0.0,0.0,0.0,0.0,0.0,0.0,0.0,0.0,0.0,0.0,0.0,0.0,0.0,0.0,0.0,0.0,0.0,0.0,0.0,0.0,0.0,0.0,0.0,0.0,0.0,0.0,0.0,0.0,0.0,0.0,0.0,0.0,0.0,0.0,0.0,0.0,0.0,0.0,0.0,0.0,0.0,0.0,0.0,0.0,0.0,0.0,0.0,0.0,0.0,0.0,0.0,0.0,0.0,0.0,0.0,0.0,0.0,0.0,0.0,0.0,0.0,0.0,0.0,0.0,0.0,0.0,0.0,0.0,0.0,0.0,0.0,0.0,0.0,0.0,0.0,0.0,0.0,0.0,0.0,0.0,0.0,0.0,0.0,0.0,0.0,0.0,0.0,0.0,0.0,0.0,0.0,0.0,0.0,0.0,0.0,0.0,0.0,0.0,0.0,0.0,0.0,0.0,0.0,0.0,0.0,0.0,0.0]
56184.29665241602 [0.0,0.0,0.0,0.0,0.0,0.0,0.0,0.0,0.0,0.0,0.0,0.0,0.0,0.0,0.0,0.0,0.0,0.0,0.0,0.0,0.0,0.0,0.0,0.0,0.0,0.0,0.0,0.0,0.0,0.0,0.0,0.0,0.0,0.0,0.0,0.0,0.0,0.0,0.0,0.0,0.0,0.0,0.0,0.0,0.0,0.0,0.0,0.0,0.0,0.0,0.0,0.0,0.0,0.0,0.0,0.0,0.0,0.0,0.0,0.0,0.0,0.0,0.0,0.0,0.0,0.0,0.0,0.0,0.0,0.0,0.0,0.0,0.0,0.0,0.0,0.0,0.0,0.0,0.0,0.0,0.0,0.0,0.0,0.0,0.0,0.0,0.0,0.0,0.0,0.0,0.0,0.0,0.0,0.0,0.0,0.0,0.0,0.0,0.0,0.0,0.0,0.0,0.0,0.0,0.0,0.0,0.0,0.0,0.0,0.0,0.0,0.0,0.0,0.0,0.0,0.0,0.0,0.0,0.0,0.0,0.0,0.0,0.0,0.0,0.0,0.0,0.0,0.0,0.0,0.0,0.0,0.0,0.0,0.0,0.0,0.0,0.0,0.0,0.0,0.0,0.0,0.0,0.0,0.0,0.0,0.0,0.0,0.0,0.0,0.0,0.0,0.0,0.0,0.0,0.0,0.0,0.0,0.0,0.0,0.0,0.0,0.0,0.0,0.0,0.0,0.0,0.0,0.0,0.0,0.0,0.0,0.0,0.0,0.0,0.0,0.0,0.0,0.0,0.0,0.0,0.0,0.0,0.0,0.0,0.0,0.0,0.0,0.0,0.0,0.0,0.0,0.0,0.0,0.0,0.0,0.0,0.0,0.0,0.0,0.0,0.0,0.0,0.0,0.0,0.0,0.0,0.0,0.0,0.0,0.0,0.0,0.0,0.0,0.0,0.0,0.0,0.0,0.0,0.0,0.0,0.0,0.0,0.0,0.0,0.0,0.0,0.0,0.0,0.0,0.0,0.0,0.0,0.0,0.0,0.0,0.0,0.0,0.0,0.0,0.0,0.0,0.0,0.0,0.0,0.0,0.0,0.0,0.0,0.0,0.0,0.0,0.0,0.0,0.0,0.0,0.0,0.0,0.0,0.0,0.0,0.0,0.0,0.0,0.0,0.0,0.0,0.0,0.0,0.0,0.0,0.0,0.0,0.0,0.0,0.0,0.0,0.0,0.0,0.0,0.0,0.0,0.0,0.0,0.0,0.0,0.0,0.0,0.0,0.0,0.0,0.0,0.0,0.0,0.0,0.0,0.0,0.0,0.0,0.0,0.0] [1311.2619900786005,1321.8202200865917,1332.463464547639,1343.19240799478,1354.0077404728797,1364.9101575830227,1375.9003605272408,1386.9790561536227,1398.1469570017646,1409.4047813486081,1420.7532532546286,1432.193102610412,1443.7250651835902,1455.3498826661717,1467.068302722235,1478.881079036026,1490.78897136042,1502.7927455657994,1514.8931736892998,1527.0910339844697,1539.3871109713293,1551.7821954868166,1564.2770847356642,1576.872582341659,1589.569498399342,1602.368649526097,1615.270858914685,1628.2769563861766,1641.3877784433362,1654.6041683244075,1667.9269760573632,1681.3570585145608,1694.895279467867,1708.5425096441993,1722.2996267815402,1736.1675156853773,1750.1470682856248,1764.2391836939755,1778.4447682617345,1792.7647356381167,1807.2000068289992,1821.7515102561672,1836.4201818170154,1851.2069649447558,1866.112810669078,1881.1386776773347,1896.285532376183,1911.5543489537563,1926.9461094423048,1942.4618037813711,1958.1024298814455,1973.8689936881608,1989.7625092469793,2005.7839987684179,2021.9344926937952,2038.215029761504,2054.626657073813,2071.1704301642176,2087.8474130653335,2104.6586783773164,2121.605307336866,2138.6883898867477,2155.9090247459117,2173.268319480143,2190.767390573309,2208.407363499154,2226.1893727937027,2244.1145621282076,2262.184084382728,2280.399101720259,2298.7607856614945,2317.2703171601615,2335.9288866789793,2354.7376942662327,2373.6979496329395,2392.810872230673,2412.077691329971,2431.4996460994216,2451.0779856853383,2470.813969292122,2490.7088662632277,2510.763956162824,2530.9805288580706,2551.359884602096,2571.9033341176064,2592.612198681206,2613.487810208354,2634.5315113390543,2655.7446555241822,2677.1286071125573,2698.6847414386757,2720.4144449111714,2742.319115101994,2764.4001608362782,2786.6590022829737,2809.097071046162,2831.715810257159,2854.5166746673017,2877.5011307415425,2900.67065675274,2924.0267428767575,2947.570891288285,2971.304616257478,2995.22944424732,3019.346914011829,3043.658576695001,3068.1659959305807,3092.870747942638,3117.7744216469364,3142.87861875312,3168.1849538677375,3193.695054598094,3219.410561656912,3245.333128967883,3271.4644237720117,3297.806126734876,3324.3599320546946,3351.1275475713155,3378.1106948760344,3405.3111094223436,3432.7305406375262,3460.3707520352004,3488.23352132871,3516.320640545493,3544.6339161423107,3573.1751691214417,3601.9462351478164,3630.9489646670518,3660.1852230244945,3689.6568905851636,3719.3658628547196,3749.3140506013438,3779.5033799786634,3809.935792649603,3840.6132459112973,3871.5377128209448,3902.7111823227383,3934.135659375755,3965.8131650829396,3997.7457368210635,4029.9354283717907,4062.3843100537392,4095.0944688556665,4128.068008570669,4161.3070499315045,4194.813730746993,4228.590206039511,4262.638648183577,4296.961247045588,4331.560210124669,4366.437762694626,4401.596147947099,4437.037627135803,4472.764479721992,4508.779003521039,4545.083514850253,4581.680348677821,4618.571858773019,4655.7604178575675,4693.248417758249,4731.038269560753,4769.132403764733,4807.533270440121,4846.243339384716,4885.265100283049,4924.601062866471,4964.253757074609,5004.22573321805,5044.519562142395,5085.137835393579,5126.08316538458,5167.3581855634,5208.965550582488,5250.907936469426,5293.188040799074,5335.808582867062,5378.772303864684,5422.081967055189,5465.740357951513,5509.7502844954415,5554.1145772382,5598.836089522486,5643.917697666003,5689.362301146471,5735.17282278806,5781.352208949439,5827.903429713208,5874.829479076986,5922.133375145914,5969.818160326825,6017.886901523867,6066.342690335802,6115.188643254807,6164.427901866934,6214.06363305417,6264.099029198114,6314.537308385285,6365.381714614103,6416.635518003553,6468.302015003491,6520.384528606639,6572.88640856233,6625.811031591967,6679.16180160615,6732.942149923667,6787.155535492116,6841.805445110439,6896.895393653112,6952.428924296275,7008.409608745552,7064.841047465831,7121.726869912778,7179.070734766296,7236.876330165845,7295.147373947643,7353.887613883764,7413.100827923194,7472.790824434837,7532.961442452409,7593.616551921397,7654.7600539479145,7716.395881049652,7778.527997408752,7841.160399126823,7904.2971144818985,7967.94220418758,8032.099761654146,8096.773913251861,8161.968818576374,8227.688670716232,8293.937696522553,8360.720156880894,8428.04034698531,8495.90259661459,8564.311270410717,8633.270768159597,8702.785525074065,8772.860012079082,8843.498736099358,8914.706240349144,8986.487104624512,9058.845945597834,9131.787417114787,9205.31621049359,9279.437054826807,9354.154717285446,9429.47400342559,9505.399757497484,9581.936862757088,9659.090241780126,9736.864856778713,9815.265709920519,9894.297843650465,9973.966341015032,10054.276325989182,10135.232963805956,10216.841461288606,10299.107067185563,10382.035072507933,10465.630810869876,10549.89965883156,10634.84703624505,10720.478406602804,10806.799277389146,10893.815200434417,10981.531772272076,11069.954634498676,11159.08947413668,11248.94202400021,11339.518063063782,11430.823416834026,11522.863957724268,11615.64560543233,11709.174327321158,11803.456138802712,11898.49710372478,11994.303334761045,12090.880993804161,12188.23629236214,12286.375491957784,12385.304904531427,12485.030892846919,12585.55987090084,12686.898304334996,12789.052710852275,12892.029660635888,12995.8357767719,13100.477735675182,13205.962267518828,13312.296156667053,13419.486242111492,13527.539417911097,13636.462633635434,13746.262894811807,13856.947263375758,13968.522858125163,14080.996855178266,14194.376488435144,14308.66905004285,14423.881890864615] 0.31126199007860056 [Infinity,Infinity,Infinity,Infinity,Infinity,Infinity,Infinity,Infinity,Infinity,Infinity,Infinity,Infinity,Infinity,Infinity,Infinity,Infinity,Infinity,Infinity,Infinity,Infinity,Infinity,Infinity,Infinity,Infinity,Infinity,Infinity,Infinity,Infinity,Infinity,Infinity,Infinity,Infinity,Infinity,Infinity,Infinity,Infinity,Infinity,Infinity,Infinity,Infinity,Infinity,Infinity,Infinity,Infinity,Infinity,Infinity,Infinity,Infinity,Infinity,Infinity,Infinity,Infinity,Infinity,Infinity,Infinity,Infinity,Infinity,Infinity,Infinity,Infinity,Infinity,Infinity,Infinity,Infinity,Infinity,Infinity,Infinity,Infinity,Infinity,Infinity,Infinity,Infinity,Infinity,Infinity,Infinity,Infinity,Infinity,Infinity,Infinity,Infinity,Infinity,Infinity,Infinity,Infinity,Infinity,Infinity,Infinity,Infinity,Infinity,Infinity,Infinity,Infinity,Infinity,Infinity,Infinity,Infinity,Infinity,Infinity,Infinity,Infinity,Infinity,Infinity,Infinity,Infinity,Infinity,Infinity,Infinity,Infinity,Infinity,Infinity,Infinity,Infinity,Infinity,Infinity,Infinity,Infinity,Infinity,Infinity,Infinity,Infinity,Infinity,Infinity,Infinity,Infinity,Infinity,Infinity,Infinity,Infinity,Infinity,Infinity,Infinity,Infinity,Infinity,Infinity,Infinity,Infinity,Infinity,Infinity,Infinity,Infinity,Infinity,Infinity,Infinity,Infinity,Infinity,Infinity,Infinity,Infinity,Infinity,Infinity,Infinity,Infinity,Infinity,Infinity,Infinity,Infinity,Infinity,Infinity,Infinity,Infinity,Infinity,Infinity,Infinity,Infinity,Infinity,Infinity,Infinity,Infinity,Infinity,Infinity,Infinity,Infinity,Infinity,Infinity,Infinity,Infinity,Infinity,Infinity,Infinity,Infinity,Infinity,Infinity,Infinity,Infinity,Infinity,Infinity,Infinity,Infinity,Infinity,Infinity,Infinity,Infinity,Infinity,Infinity,Infinity,Infinity,Infinity,Infinity,Infinity,Infinity,Infinity,Infinity,Infinity,Infinity,Infinity,Infinity,Infinity,Infinity,Infinity,Infinity,Infinity,Infinity,Infinity,Infinity,Infinity,Infinity,Infinity,Infinity,Infinity,Infinity,Infinity,Infinity,Infinity,Infinity,Infinity,Infinity,Infinity,Infinity,Infinity,Infinity,Infinity,Infinity,Infinity,Infinity,Infinity,Infinity,Infinity,Infinity,Infinity,Infinity,Infinity,Infinity,Infinity,Infinity,Infinity,Infinity,Infinity,Infinity,Infinity,Infinity,Infinity,Infinity,Infinity,Infinity,Infinity,Infinity,Infinity,Infinity,Infinity,Infinity,Infinity,Infinity,Infinity,Infinity,Infinity,Infinity,Infinity,Infinity,Infinity,Infinity,Infinity,Infinity,Infinity,Infinity,Infinity,Infinity,Infinity,Infinity,Infinity,Infinity,Infinity,Infinity,Infinity,Infinity,Infinity,Infinity,Infinity,Infinity,Infinity,Infinity,Infinity,Infinity,Infinity,Infinity,Infinity,Infinity,Infinity,Infinity,Infinity,Infinity] [0.0,0.0,0.0,0.0,0.0,0.0,0.0,0.0,0.0,0.0,0.0,0.0,0.0,0.0,0.0,0.0,0.0,0.0,0.0,0.0,0.0,0.0,0.0,0.0,0.0,0.0,0.0,0.0,0.0,0.0,0.0,0.0,0.0,0.0,0.0,0.0,0.0,0.0,0.0,0.0,0.0,0.0,0.0,0.0,0.0,0.0,0.0,0.0,0.0,0.0,0.0,0.0,0.0,0.0,0.0,0.0,0.0,0.0,0.0,0.0,0.0,0.0,0.0,0.0,0.0,0.0,0.0,0.0,0.0,0.0,0.0,0.0,0.0,0.0,0.0,0.0,0.0,0.0,0.0,0.0,0.0,0.0,0.0,0.0,0.0,0.0,0.0,0.0,0.0,0.0,0.0,0.0,0.0,0.0,0.0,0.0,0.0,0.0,0.0,0.0,0.0,0.0,0.0,0.0,0.0,0.0,0.0,0.0,0.0,0.0,0.0,0.0,0.0,0.0,0.0,0.0,0.0,0.0,0.0,0.0,0.0,0.0,0.0,0.0,0.0,0.0,0.0,0.0,0.0,0.0,0.0,0.0,0.0,0.0,0.0,0.0,0.0,0.0,0.0,0.0,0.0,0.0,0.0,0.0,0.0,0.0,0.0,0.0,0.0,0.0,0.0,0.0,0.0,0.0,0.0,0.0,0.0,0.0,0.0,0.0,0.0,0.0,0.0,0.0,0.0,0.0,0.0,0.0,0.0,0.0,0.0,0.0,0.0,0.0,0.0,0.0,0.0,0.0,0.0,0.0,0.0,0.0,0.0,0.0,0.0,0.0,0.0,0.0,0.0,0.0,0.0,0.0,0.0,0.0,0.0,0.0,0.0,0.0,0.0,0.0,0.0,0.0,0.0,0.0,0.0,0.0,0.0,0.0,0.0,0.0,0.0,0.0,0.0,0.0,0.0,0.0,0.0,0.0,0.0,0.0,0.0,0.0,0.0,0.0,0.0,0.0,0.0,0.0,0.0,0.0,0.0,0.0,0.0,0.0,0.0,0.0,0.0,0.0,0.0,0.0,0.0,0.0,0.0,0.0,0.0,0.0,0.0,0.0,0.0,0.0,0.0,0.0,0.0,0.0,0.0,0.0,0.0,0.0,0.0,0.0,0.0,0.0,0.0,0.0,0.0,0.0,0.0,0.0,0.0,0.0,0.0,0.0,0.0,0.0,0.0,0.0,0.0,0.0,0.0,0.0,0.0,0.0,0.0,0.0,0.0,0.0,0.0,0.0,0.0,0.0,0.0,0.0,0.0,0.0,0.0,0.0,0.0,0.0,0.0,0.0]
56155.06717694289 [0.0,0.0,0.0,0.0,0.0,0.0,0.0,0.0,0.0,0.0,0.0,0.0,0.0,0.0,0.0,0.0,0.0,0.0,0.0,0.0,0.0,0.0,0.0,0.0,0.0,0.0,0.0,0.0,0.0,0.0,0.0,0.0,0.0,0.0,0.0,0.0,0.0,0.0,0.0,0.0,0.0,0.0,0.0,0.0,0.0,0.0,0.0,0.0,0.0,0.0,0.0,0.0,0.0,0.0,0.0,0.0,0.0,0.0,0.0,0.0,0.0,0.0,0.0,0.0,0.0,0.0,0.0,0.0,0.0,0.0,0.0,0.0,0.0,0.0,0.0,0.0,0.0,0.0,0.0,0.0,0.0,0.0,0.0,0.0,0.0,0.0,0.0,0.0,0.0,0.0,0.0,0.0,0.0,0.0,0.0,0.0,0.0,0.0,0.0,0.0,0.0,0.0,0.0,0.0,0.0,0.0,0.0,0.0,0.0,0.0,0.0,0.0,0.0,0.0,0.0,0.0,0.0,0.0,0.0,0.0,0.0,0.0,0.0,0.0,0.0,0.0,0.0,0.0,0.0,0.0,0.0,0.0,0.0,0.0,0.0,0.0,0.0,0.0,0.0,0.0,0.0,0.0,0.0,0.0,0.0,0.0,0.0,0.0,0.0,0.0,0.0,0.0,0.0,0.0,0.0,0.0,0.0,0.0,0.0,0.0,0.0,0.0,0.0,0.0,0.0,0.0,0.0,0.0,0.0,0.0,0.0,0.0,0.0,0.0,0.0,0.0,0.0,0.0,0.0,0.0,0.0,0.0,0.0,0.0,0.0,0.0,0.0,0.0,0.0,0.0,0.0,0.0,0.0,0.0,0.0,0.0,0.0,0.0,0.0,0.0,0.0,0.0,0.0,0.0,0.0,0.0,0.0,0.0,0.0,0.0,0.0,0.0,0.0,0.0,0.0,0.0,0.0,0.0,0.0,0.0,0.0,0.0,0.0,0.0,0.0,0.0,0.0,0.0,0.0,0.0,0.0,0.0,0.0,0.0,0.0,0.0,0.0,0.0,0.0,0.0,0.0,0.0,0.0,0.0,0.0,0.0,0.0,0.0,0.0,0.0,0.0,0.0,0.0,0.0,0.0,0.0,0.0,0.0,0.0,0.0,0.0,0.0,0.0,0.0,0.0,0.0,0.0,0.0,0.0,0.0,0.0,0.0,0.0,0.0,0.0,0.0,0.0,0.0,0.0,0.0,0.0,0.0,0.0,0.0,0.0,0.0,0.0,0.0,0.0,0.0,0.0,0.0,0.0,0.0,0.0,0.0,0.0,0.0,0.0,0.0] [1311.2619900786005,1321.8202200865917,1332.463464547639,1343.19240799478,1354.0077404728797,1364.9101575830227,1375.9003605272408,1386.9790561536227,1398.1469570017646,1409.4047813486081,1420.7532532546286,1432.193102610412,1443.7250651835902,1455.3498826661717,1467.068302722235,1478.881079036026,1490.78897136042,1502.7927455657994,1514.8931736892998,1527.0910339844697,1539.3871109713293,1551.7821954868166,1564.2770847356642,1576.872582341659,1589.569498399342,1602.368649526097,1615.270858914685,1628.2769563861766,1641.3877784433362,1654.6041683244075,1667.9269760573632,1681.3570585145608,1694.895279467867,1708.5425096441993,1722.2996267815402,1736.1675156853773,1750.1470682856248,1764.2391836939755,1778.4447682617345,1792.7647356381167,1807.2000068289992,1821.7515102561672,1836.4201818170154,1851.2069649447558,1866.112810669078,1881.1386776773347,1896.285532376183,1911.5543489537563,1926.9461094423048,1942.4618037813711,1958.1024298814455,1973.8689936881608,1989.7625092469793,2005.7839987684179,2021.9344926937952,2038.215029761504,2054.626657073813,2071.1704301642176,2087.8474130653335,2104.6586783773164,2121.605307336866,2138.6883898867477,2155.9090247459117,2173.268319480143,2190.767390573309,2208.407363499154,2226.1893727937027,2244.1145621282076,2262.184084382728,2280.399101720259,2298.7607856614945,2317.2703171601615,2335.9288866789793,2354.7376942662327,2373.6979496329395,2392.810872230673,2412.077691329971,2431.4996460994216,2451.0779856853383,2470.813969292122,2490.7088662632277,2510.763956162824,2530.9805288580706,2551.359884602096,2571.9033341176064,2592.612198681206,2613.487810208354,2634.5315113390543,2655.7446555241822,2677.1286071125573,2698.6847414386757,2720.4144449111714,2742.319115101994,2764.4001608362782,2786.6590022829737,2809.097071046162,2831.715810257159,2854.5166746673017,2877.5011307415425,2900.67065675274,2924.0267428767575,2947.570891288285,2971.304616257478,2995.22944424732,3019.346914011829,3043.658576695001,3068.1659959305807,3092.870747942638,3117.7744216469364,3142.87861875312,3168.1849538677375,3193.695054598094,3219.410561656912,3245.333128967883,3271.4644237720117,3297.806126734876,3324.3599320546946,3351.1275475713155,3378.1106948760344,3405.3111094223436,3432.7305406375262,3460.3707520352004,3488.23352132871,3516.320640545493,3544.6339161423107,3573.1751691214417,3601.9462351478164,3630.9489646670518,3660.1852230244945,3689.6568905851636,3719.3658628547196,3749.3140506013438,3779.5033799786634,3809.935792649603,3840.6132459112973,3871.5377128209448,3902.7111823227383,3934.135659375755,3965.8131650829396,3997.7457368210635,4029.9354283717907,4062.3843100537392,4095.0944688556665,4128.068008570669,4161.3070499315045,4194.813730746993,4228.590206039511,4262.638648183577,4296.961247045588,4331.560210124669,4366.437762694626,4401.596147947099,4437.037627135803,4472.764479721992,4508.779003521039,4545.083514850253,4581.680348677821,4618.571858773019,4655.7604178575675,4693.248417758249,4731.038269560753,4769.132403764733,4807.533270440121,4846.243339384716,4885.265100283049,4924.601062866471,4964.253757074609,5004.22573321805,5044.519562142395,5085.137835393579,5126.08316538458,5167.3581855634,5208.965550582488,5250.907936469426,5293.188040799074,5335.808582867062,5378.772303864684,5422.081967055189,5465.740357951513,5509.7502844954415,5554.1145772382,5598.836089522486,5643.917697666003,5689.362301146471,5735.17282278806,5781.352208949439,5827.903429713208,5874.829479076986,5922.133375145914,5969.818160326825,6017.886901523867,6066.342690335802,6115.188643254807,6164.427901866934,6214.06363305417,6264.099029198114,6314.537308385285,6365.381714614103,6416.635518003553,6468.302015003491,6520.384528606639,6572.88640856233,6625.811031591967,6679.16180160615,6732.942149923667,6787.155535492116,6841.805445110439,6896.895393653112,6952.428924296275,7008.409608745552,7064.841047465831,7121.726869912778,7179.070734766296,7236.876330165845,7295.147373947643,7353.887613883764,7413.100827923194,7472.790824434837,7532.961442452409,7593.616551921397,7654.7600539479145,7716.395881049652,7778.527997408752,7841.160399126823,7904.2971144818985,7967.94220418758,8032.099761654146,8096.773913251861,8161.968818576374,8227.688670716232,8293.937696522553,8360.720156880894,8428.04034698531,8495.90259661459,8564.311270410717,8633.270768159597,8702.785525074065,8772.860012079082,8843.498736099358,8914.706240349144,8986.487104624512,9058.845945597834,9131.787417114787,9205.31621049359,9279.437054826807,9354.154717285446,9429.47400342559,9505.399757497484,9581.936862757088,9659.090241780126,9736.864856778713,9815.265709920519,9894.297843650465,9973.966341015032,10054.276325989182,10135.232963805956,10216.841461288606,10299.107067185563,10382.035072507933,10465.630810869876,10549.89965883156,10634.84703624505,10720.478406602804,10806.799277389146,10893.815200434417,10981.531772272076,11069.954634498676,11159.08947413668,11248.94202400021,11339.518063063782,11430.823416834026,11522.863957724268,11615.64560543233,11709.174327321158,11803.456138802712,11898.49710372478,11994.303334761045,12090.880993804161,12188.23629236214,12286.375491957784,12385.304904531427,12485.030892846919,12585.55987090084,12686.898304334996,12789.052710852275,12892.029660635888,12995.8357767719,13100.477735675182,13205.962267518828,13312.296156667053,13419.486242111492,13527.539417911097,13636.462633635434,13746.262894811807,13856.947263375758,13968.522858125163,14080.996855178266,14194.376488435144,14308.66905004285,14423.881890864615] 0.31126199007860056 [Infinity,Infinity,Infinity,Infinity,Infinity,Infinity,Infinity,Infinity,Infinity,Infinity,Infinity,Infinity,Infinity,Infinity,Infinity,Infinity,Infinity,Infinity,Infinity,Infinity,Infinity,Infinity,Infinity,Infinity,Infinity,Infinity,Infinity,Infinity,Infinity,Infinity,Infinity,Infinity,Infinity,Infinity,Infinity,Infinity,Infinity,Infinity,Infinity,Infinity,Infinity,Infinity,Infinity,Infinity,Infinity,Infinity,Infinity,Infinity,Infinity,Infinity,Infinity,Infinity,Infinity,Infinity,Infinity,Infinity,Infinity,Infinity,Infinity,Infinity,Infinity,Infinity,Infinity,Infinity,Infinity,Infinity,Infinity,Infinity,Infinity,Infinity,Infinity,Infinity,Infinity,Infinity,Infinity,Infinity,Infinity,Infinity,Infinity,Infinity,Infinity,Infinity,Infinity,Infinity,Infinity,Infinity,Infinity,Infinity,Infinity,Infinity,Infinity,Infinity,Infinity,Infinity,Infinity,Infinity,Infinity,Infinity,Infinity,Infinity,Infinity,Infinity,Infinity,Infinity,Infinity,Infinity,Infinity,Infinity,Infinity,Infinity,Infinity,Infinity,Infinity,Infinity,Infinity,Infinity,Infinity,Infinity,Infinity,Infinity,Infinity,Infinity,Infinity,Infinity,Infinity,Infinity,Infinity,Infinity,Infinity,Infinity,Infinity,Infinity,Infinity,Infinity,Infinity,Infinity,Infinity,Infinity,Infinity,Infinity,Infinity,Infinity,Infinity,Infinity,Infinity,Infinity,Infinity,Infinity,Infinity,Infinity,Infinity,Infinity,Infinity,Infinity,Infinity,Infinity,Infinity,Infinity,Infinity,Infinity,Infinity,Infinity,Infinity,Infinity,Infinity,Infinity,Infinity,Infinity,Infinity,Infinity,Infinity,Infinity,Infinity,Infinity,Infinity,Infinity,Infinity,Infinity,Infinity,Infinity,Infinity,Infinity,Infinity,Infinity,Infinity,Infinity,Infinity,Infinity,Infinity,Infinity,Infinity,Infinity,Infinity,Infinity,Infinity,Infinity,Infinity,Infinity,Infinity,Infinity,Infinity,Infinity,Infinity,Infinity,Infinity,Infinity,Infinity,Infinity,Infinity,Infinity,Infinity,Infinity,Infinity,Infinity,Infinity,Infinity,Infinity,Infinity,Infinity,Infinity,Infinity,Infinity,Infinity,Infinity,Infinity,Infinity,Infinity,Infinity,Infinity,Infinity,Infinity,Infinity,Infinity,Infinity,Infinity,Infinity,Infinity,Infinity,Infinity,Infinity,Infinity,Infinity,Infinity,Infinity,Infinity,Infinity,Infinity,Infinity,Infinity,Infinity,Infinity,Infinity,Infinity,Infinity,Infinity,Infinity,Infinity,Infinity,Infinity,Infinity,Infinity,Infinity,Infinity,Infinity,Infinity,Infinity,Infinity,Infinity,Infinity,Infinity,Infinity,Infinity,Infinity,Infinity,Infinity,Infinity,Infinity,Infinity,Infinity,Infinity,Infinity,Infinity,Infinity,Infinity,Infinity,Infinity,Infinity,Infinity,Infinity,Infinity,Infinity,Infinity,Infinity,Infinity,Infinity,Infinity,Infinity,Infinity,Infinity,Infinity] [0.0,0.0,0.0,0.0,0.0,0.0,0.0,0.0,0.0,0.0,0.0,0.0,0.0,0.0,0.0,0.0,0.0,0.0,0.0,0.0,0.0,0.0,0.0,0.0,0.0,0.0,0.0,0.0,0.0,0.0,0.0,0.0,0.0,0.0,0.0,0.0,0.0,0.0,0.0,0.0,0.0,0.0,0.0,0.0,0.0,0.0,0.0,0.0,0.0,0.0,0.0,0.0,0.0,0.0,0.0,0.0,0.0,0.0,0.0,0.0,0.0,0.0,0.0,0.0,0.0,0.0,0.0,0.0,0.0,0.0,0.0,0.0,0.0,0.0,0.0,0.0,0.0,0.0,0.0,0.0,0.0,0.0,0.0,0.0,0.0,0.0,0.0,0.0,0.0,0.0,0.0,0.0,0.0,0.0,0.0,0.0,0.0,0.0,0.0,0.0,0.0,0.0,0.0,0.0,0.0,0.0,0.0,0.0,0.0,0.0,0.0,0.0,0.0,0.0,0.0,0.0,0.0,0.0,0.0,0.0,0.0,0.0,0.0,0.0,0.0,0.0,0.0,0.0,0.0,0.0,0.0,0.0,0.0,0.0,0.0,0.0,0.0,0.0,0.0,0.0,0.0,0.0,0.0,0.0,0.0,0.0,0.0,0.0,0.0,0.0,0.0,0.0,0.0,0.0,0.0,0.0,0.0,0.0,0.0,0.0,0.0,0.0,0.0,0.0,0.0,0.0,0.0,0.0,0.0,0.0,0.0,0.0,0.0,0.0,0.0,0.0,0.0,0.0,0.0,0.0,0.0,0.0,0.0,0.0,0.0,0.0,0.0,0.0,0.0,0.0,0.0,0.0,0.0,0.0,0.0,0.0,0.0,0.0,0.0,0.0,0.0,0.0,0.0,0.0,0.0,0.0,0.0,0.0,0.0,0.0,0.0,0.0,0.0,0.0,0.0,0.0,0.0,0.0,0.0,0.0,0.0,0.0,0.0,0.0,0.0,0.0,0.0,0.0,0.0,0.0,0.0,0.0,0.0,0.0,0.0,0.0,0.0,0.0,0.0,0.0,0.0,0.0,0.0,0.0,0.0,0.0,0.0,0.0,0.0,0.0,0.0,0.0,0.0,0.0,0.0,0.0,0.0,0.0,0.0,0.0,0.0,0.0,0.0,0.0,0.0,0.0,0.0,0.0,0.0,0.0,0.0,0.0,0.0,0.0,0.0,0.0,0.0,0.0,0.0,0.0,0.0,0.0,0.0,0.0,0.0,0.0,0.0,0.0,0.0,0.0,0.0,0.0,0.0,0.0,0.0,0.0,0.0,0.0,0.0,0.0]
56345.86843340806 [0.0,0.0,0.0,0.0,0.0,0.0,0.0,0.0,0.0,0.0,0.0,0.0,0.0,0.0,0.0,0.0,0.0,0.0,0.0,0.0,0.0,0.0,0.0,0.0,0.0,0.0,0.0,0.0,0.0,0.0,0.0,0.0,0.0,0.0,0.0,0.0,0.0,0.0,0.0,0.0,0.0,0.0,0.0,0.0,0.0,0.0,0.0,0.0,0.0,0.0,0.0,0.0,0.0,0.0,0.0,0.0,0.0,0.0,0.0,0.0,0.0,0.0,0.0,0.0,0.0,0.0,0.0,0.0,0.0,0.0,0.0,0.0,0.0,0.0,0.0,0.0,0.0,0.0,0.0,0.0,0.0,0.0,0.0,0.0,0.0,0.0,0.0,0.0,0.0,0.0,0.0,0.0,0.0,0.0,0.0,0.0,0.0,0.0,0.0,0.0,0.0,0.0,0.0,0.0,0.0,0.0,0.0,0.0,0.0,0.0,0.0,0.0,0.0,0.0,0.0,0.0,0.0,0.0,0.0,0.0,0.0,0.0,0.0,0.0,0.0,0.0,0.0,0.0,0.0,0.0,0.0,0.0,0.0,0.0,0.0,0.0,0.0,0.0,0.0,0.0,0.0,0.0,0.0,0.0,0.0,0.0,0.0,0.0,0.0,0.0,0.0,0.0,0.0,0.0,0.0,0.0,0.0,0.0,0.0,0.0,0.0,0.0,0.0,0.0,0.0,0.0,0.0,0.0,0.0,0.0,0.0,0.0,0.0,0.0,0.0,0.0,0.0,0.0,0.0,0.0,0.0,0.0,0.0,0.0,0.0,0.0,0.0,0.0,0.0,0.0,0.0,0.0,0.0,0.0,0.0,0.0,0.0,0.0,0.0,0.0,0.0,0.0,0.0,0.0,0.0,0.0,0.0,0.0,0.0,0.0,0.0,0.0,0.0,0.0,0.0,0.0,0.0,0.0,0.0,0.0,0.0,0.0,0.0,0.0,0.0,0.0,0.0,0.0,0.0,0.0,0.0,0.0,0.0,0.0,0.0,0.0,0.0,0.0,0.0,0.0,0.0,0.0,0.0,0.0,0.0,0.0,0.0,0.0,0.0,0.0,0.0,0.0,0.0,0.0,0.0,0.0,0.0,0.0,0.0,0.0,0.0,0.0,0.0,0.0,0.0,0.0,0.0,0.0,0.0,0.0,0.0,0.0,0.0,0.0,0.0,0.0,0.0,0.0,0.0,0.0,0.0,0.0,0.0,0.0,0.0,0.0,0.0,0.0,0.0,0.0,0.0,0.0,0.0,0.0,0.0,0.0,0.0,0.0,0.0,0.0] [1311.2619900786005,1321.8202200865917,1332.463464547639,1343.19240799478,1354.0077404728797,1364.9101575830227,1375.9003605272408,1386.9790561536227,1398.1469570017646,1409.4047813486081,1420.7532532546286,1432.193102610412,1443.7250651835902,1455.3498826661717,1467.068302722235,1478.881079036026,1490.78897136042,1502.7927455657994,1514.8931736892998,1527.0910339844697,1539.3871109713293,1551.7821954868166,1564.2770847356642,1576.872582341659,1589.569498399342,1602.368649526097,1615.270858914685,1628.2769563861766,1641.3877784433362,1654.6041683244075,1667.9269760573632,1681.3570585145608,1694.895279467867,1708.5425096441993,1722.2996267815402,1736.1675156853773,1750.1470682856248,1764.2391836939755,1778.4447682617345,1792.7647356381167,1807.2000068289992,1821.7515102561672,1836.4201818170154,1851.2069649447558,1866.112810669078,1881.1386776773347,1896.285532376183,1911.5543489537563,1926.9461094423048,1942.4618037813711,1958.1024298814455,1973.8689936881608,1989.7625092469793,2005.7839987684179,2021.9344926937952,2038.215029761504,2054.626657073813,2071.1704301642176,2087.8474130653335,2104.6586783773164,2121.605307336866,2138.6883898867477,2155.9090247459117,2173.268319480143,2190.767390573309,2208.407363499154,2226.1893727937027,2244.1145621282076,2262.184084382728,2280.399101720259,2298.7607856614945,2317.2703171601615,2335.9288866789793,2354.7376942662327,2373.6979496329395,2392.810872230673,2412.077691329971,2431.4996460994216,2451.0779856853383,2470.813969292122,2490.7088662632277,2510.763956162824,2530.9805288580706,2551.359884602096,2571.9033341176064,2592.612198681206,2613.487810208354,2634.5315113390543,2655.7446555241822,2677.1286071125573,2698.6847414386757,2720.4144449111714,2742.319115101994,2764.4001608362782,2786.6590022829737,2809.097071046162,2831.715810257159,2854.5166746673017,2877.5011307415425,2900.67065675274,2924.0267428767575,2947.570891288285,2971.304616257478,2995.22944424732,3019.346914011829,3043.658576695001,3068.1659959305807,3092.870747942638,3117.7744216469364,3142.87861875312,3168.1849538677375,3193.695054598094,3219.410561656912,3245.333128967883,3271.4644237720117,3297.806126734876,3324.3599320546946,3351.1275475713155,3378.1106948760344,3405.3111094223436,3432.7305406375262,3460.3707520352004,3488.23352132871,3516.320640545493,3544.6339161423107,3573.1751691214417,3601.9462351478164,3630.9489646670518,3660.1852230244945,3689.6568905851636,3719.3658628547196,3749.3140506013438,3779.5033799786634,3809.935792649603,3840.6132459112973,3871.5377128209448,3902.7111823227383,3934.135659375755,3965.8131650829396,3997.7457368210635,4029.9354283717907,4062.3843100537392,4095.0944688556665,4128.068008570669,4161.3070499315045,4194.813730746993,4228.590206039511,4262.638648183577,4296.961247045588,4331.560210124669,4366.437762694626,4401.596147947099,4437.037627135803,4472.764479721992,4508.779003521039,4545.083514850253,4581.680348677821,4618.571858773019,4655.7604178575675,4693.248417758249,4731.038269560753,4769.132403764733,4807.533270440121,4846.243339384716,4885.265100283049,4924.601062866471,4964.253757074609,5004.22573321805,5044.519562142395,5085.137835393579,5126.08316538458,5167.3581855634,5208.965550582488,5250.907936469426,5293.188040799074,5335.808582867062,5378.772303864684,5422.081967055189,5465.740357951513,5509.7502844954415,5554.1145772382,5598.836089522486,5643.917697666003,5689.362301146471,5735.17282278806,5781.352208949439,5827.903429713208,5874.829479076986,5922.133375145914,5969.818160326825,6017.886901523867,6066.342690335802,6115.188643254807,6164.427901866934,6214.06363305417,6264.099029198114,6314.537308385285,6365.381714614103,6416.635518003553,6468.302015003491,6520.384528606639,6572.88640856233,6625.811031591967,6679.16180160615,6732.942149923667,6787.155535492116,6841.805445110439,6896.895393653112,6952.428924296275,7008.409608745552,7064.841047465831,7121.726869912778,7179.070734766296,7236.876330165845,7295.147373947643,7353.887613883764,7413.100827923194,7472.790824434837,7532.961442452409,7593.616551921397,7654.7600539479145,7716.395881049652,7778.527997408752,7841.160399126823,7904.2971144818985,7967.94220418758,8032.099761654146,8096.773913251861,8161.968818576374,8227.688670716232,8293.937696522553,8360.720156880894,8428.04034698531,8495.90259661459,8564.311270410717,8633.270768159597,8702.785525074065,8772.860012079082,8843.498736099358,8914.706240349144,8986.487104624512,9058.845945597834,9131.787417114787,9205.31621049359,9279.437054826807,9354.154717285446,9429.47400342559,9505.399757497484,9581.936862757088,9659.090241780126,9736.864856778713,9815.265709920519,9894.297843650465,9973.966341015032,10054.276325989182,10135.232963805956,10216.841461288606,10299.107067185563,10382.035072507933,10465.630810869876,10549.89965883156,10634.84703624505,10720.478406602804,10806.799277389146,10893.815200434417,10981.531772272076,11069.954634498676,11159.08947413668,11248.94202400021,11339.518063063782,11430.823416834026,11522.863957724268,11615.64560543233,11709.174327321158,11803.456138802712,11898.49710372478,11994.303334761045,12090.880993804161,12188.23629236214,12286.375491957784,12385.304904531427,12485.030892846919,12585.55987090084,12686.898304334996,12789.052710852275,12892.029660635888,12995.8357767719,13100.477735675182,13205.962267518828,13312.296156667053,13419.486242111492,13527.539417911097,13636.462633635434,13746.262894811807,13856.947263375758,13968.522858125163,14080.996855178266,14194.376488435144,14308.66905004285,14423.881890864615] 0.31126199007860056 [Infinity,Infinity,Infinity,Infinity,Infinity,Infinity,Infinity,Infinity,Infinity,Infinity,Infinity,Infinity,Infinity,Infinity,Infinity,Infinity,Infinity,Infinity,Infinity,Infinity,Infinity,Infinity,Infinity,Infinity,Infinity,Infinity,Infinity,Infinity,Infinity,Infinity,Infinity,Infinity,Infinity,Infinity,Infinity,Infinity,Infinity,Infinity,Infinity,Infinity,Infinity,Infinity,Infinity,Infinity,Infinity,Infinity,Infinity,Infinity,Infinity,Infinity,Infinity,Infinity,Infinity,Infinity,Infinity,Infinity,Infinity,Infinity,Infinity,Infinity,Infinity,Infinity,Infinity,Infinity,Infinity,Infinity,Infinity,Infinity,Infinity,Infinity,Infinity,Infinity,Infinity,Infinity,Infinity,Infinity,Infinity,Infinity,Infinity,Infinity,Infinity,Infinity,Infinity,Infinity,Infinity,Infinity,Infinity,Infinity,Infinity,Infinity,Infinity,Infinity,Infinity,Infinity,Infinity,Infinity,Infinity,Infinity,Infinity,Infinity,Infinity,Infinity,Infinity,Infinity,Infinity,Infinity,Infinity,Infinity,Infinity,Infinity,Infinity,Infinity,Infinity,Infinity,Infinity,Infinity,Infinity,Infinity,Infinity,Infinity,Infinity,Infinity,Infinity,Infinity,Infinity,Infinity,Infinity,Infinity,Infinity,Infinity,Infinity,Infinity,Infinity,Infinity,Infinity,Infinity,Infinity,Infinity,Infinity,Infinity,Infinity,Infinity,Infinity,Infinity,Infinity,Infinity,Infinity,Infinity,Infinity,Infinity,Infinity,Infinity,Infinity,Infinity,Infinity,Infinity,Infinity,Infinity,Infinity,Infinity,Infinity,Infinity,Infinity,Infinity,Infinity,Infinity,Infinity,Infinity,Infinity,Infinity,Infinity,Infinity,Infinity,Infinity,Infinity,Infinity,Infinity,Infinity,Infinity,Infinity,Infinity,Infinity,Infinity,Infinity,Infinity,Infinity,Infinity,Infinity,Infinity,Infinity,Infinity,Infinity,Infinity,Infinity,Infinity,Infinity,Infinity,Infinity,Infinity,Infinity,Infinity,Infinity,Infinity,Infinity,Infinity,Infinity,Infinity,Infinity,Infinity,Infinity,Infinity,Infinity,Infinity,Infinity,Infinity,Infinity,Infinity,Infinity,Infinity,Infinity,Infinity,Infinity,Infinity,Infinity,Infinity,Infinity,Infinity,Infinity,Infinity,Infinity,Infinity,Infinity,Infinity,Infinity,Infinity,Infinity,Infinity,Infinity,Infinity,Infinity,Infinity,Infinity,Infinity,Infinity,Infinity,Infinity,Infinity,Infinity,Infinity,Infinity,Infinity,Infinity,Infinity,Infinity,Infinity,Infinity,Infinity,Infinity,Infinity,Infinity,Infinity,Infinity,Infinity,Infinity,Infinity,Infinity,Infinity,Infinity,Infinity,Infinity,Infinity,Infinity,Infinity,Infinity,Infinity,Infinity,Infinity,Infinity,Infinity,Infinity,Infinity,Infinity,Infinity,Infinity,Infinity,Infinity,Infinity,Infinity,Infinity,Infinity,Infinity,Infinity,Infinity,Infinity,Infinity,Infinity,Infinity,Infinity,Infinity,Infinity] [0.0,0.0,0.0,0.0,0.0,0.0,0.0,0.0,0.0,0.0,0.0,0.0,0.0,0.0,0.0,0.0,0.0,0.0,0.0,0.0,0.0,0.0,0.0,0.0,0.0,0.0,0.0,0.0,0.0,0.0,0.0,0.0,0.0,0.0,0.0,0.0,0.0,0.0,0.0,0.0,0.0,0.0,0.0,0.0,0.0,0.0,0.0,0.0,0.0,0.0,0.0,0.0,0.0,0.0,0.0,0.0,0.0,0.0,0.0,0.0,0.0,0.0,0.0,0.0,0.0,0.0,0.0,0.0,0.0,0.0,0.0,0.0,0.0,0.0,0.0,0.0,0.0,0.0,0.0,0.0,0.0,0.0,0.0,0.0,0.0,0.0,0.0,0.0,0.0,0.0,0.0,0.0,0.0,0.0,0.0,0.0,0.0,0.0,0.0,0.0,0.0,0.0,0.0,0.0,0.0,0.0,0.0,0.0,0.0,0.0,0.0,0.0,0.0,0.0,0.0,0.0,0.0,0.0,0.0,0.0,0.0,0.0,0.0,0.0,0.0,0.0,0.0,0.0,0.0,0.0,0.0,0.0,0.0,0.0,0.0,0.0,0.0,0.0,0.0,0.0,0.0,0.0,0.0,0.0,0.0,0.0,0.0,0.0,0.0,0.0,0.0,0.0,0.0,0.0,0.0,0.0,0.0,0.0,0.0,0.0,0.0,0.0,0.0,0.0,0.0,0.0,0.0,0.0,0.0,0.0,0.0,0.0,0.0,0.0,0.0,0.0,0.0,0.0,0.0,0.0,0.0,0.0,0.0,0.0,0.0,0.0,0.0,0.0,0.0,0.0,0.0,0.0,0.0,0.0,0.0,0.0,0.0,0.0,0.0,0.0,0.0,0.0,0.0,0.0,0.0,0.0,0.0,0.0,0.0,0.0,0.0,0.0,0.0,0.0,0.0,0.0,0.0,0.0,0.0,0.0,0.0,0.0,0.0,0.0,0.0,0.0,0.0,0.0,0.0,0.0,0.0,0.0,0.0,0.0,0.0,0.0,0.0,0.0,0.0,0.0,0.0,0.0,0.0,0.0,0.0,0.0,0.0,0.0,0.0,0.0,0.0,0.0,0.0,0.0,0.0,0.0,0.0,0.0,0.0,0.0,0.0,0.0,0.0,0.0,0.0,0.0,0.0,0.0,0.0,0.0,0.0,0.0,0.0,0.0,0.0,0.0,0.0,0.0,0.0,0.0,0.0,0.0,0.0,0.0,0.0,0.0,0.0,0.0,0.0,0.0,0.0,0.0,0.0,0.0,0.0,0.0,0.0,0.0,0.0,0.0]
56419.29717165902 [0.0,0.0,0.0,0.0,0.0,0.0,0.0,0.0,0.0,0.0,0.0,0.0,0.0,0.0,0.0,0.0,0.0,0.0,0.0,0.0,0.0,0.0,0.0,0.0,0.0,0.0,0.0,0.0,0.0,0.0,0.0,0.0,0.0,0.0,0.0,0.0,0.0,0.0,0.0,0.0,0.0,0.0,0.0,0.0,0.0,0.0,0.0,0.0,0.0,0.0,0.0,0.0,0.0,0.0,0.0,0.0,0.0,0.0,0.0,0.0,0.0,0.0,0.0,0.0,0.0,0.0,0.0,0.0,0.0,0.0,0.0,0.0,0.0,0.0,0.0,0.0,0.0,0.0,0.0,0.0,0.0,0.0,0.0,0.0,0.0,0.0,0.0,0.0,0.0,0.0,0.0,0.0,0.0,0.0,0.0,0.0,0.0,0.0,0.0,0.0,0.0,0.0,0.0,0.0,0.0,0.0,0.0,0.0,0.0,0.0,0.0,0.0,0.0,0.0,0.0,0.0,0.0,0.0,0.0,0.0,0.0,0.0,0.0,0.0,0.0,0.0,0.0,0.0,0.0,0.0,0.0,0.0,0.0,0.0,0.0,0.0,0.0,0.0,0.0,0.0,0.0,0.0,0.0,0.0,0.0,0.0,0.0,0.0,0.0,0.0,0.0,0.0,0.0,0.0,0.0,0.0,0.0,0.0,0.0,0.0,0.0,0.0,0.0,0.0,0.0,0.0,0.0,0.0,0.0,0.0,0.0,0.0,0.0,0.0,0.0,0.0,0.0,0.0,0.0,0.0,0.0,0.0,0.0,0.0,0.0,0.0,0.0,0.0,0.0,0.0,0.0,0.0,0.0,0.0,0.0,0.0,0.0,0.0,0.0,0.0,0.0,0.0,0.0,0.0,0.0,0.0,0.0,0.0,0.0,0.0,0.0,0.0,0.0,0.0,0.0,0.0,0.0,0.0,0.0,0.0,0.0,0.0,0.0,0.0,0.0,0.0,0.0,0.0,0.0,0.0,0.0,0.0,0.0,0.0,0.0,0.0,0.0,0.0,0.0,0.0,0.0,0.0,0.0,0.0,0.0,0.0,0.0,0.0,0.0,0.0,0.0,0.0,0.0,0.0,0.0,0.0,0.0,0.0,0.0,0.0,0.0,0.0,0.0,0.0,0.0,0.0,0.0,0.0,0.0,0.0,0.0,0.0,0.0,0.0,0.0,0.0,0.0,0.0,0.0,0.0,0.0,0.0,0.0,0.0,0.0,0.0,0.0,0.0,0.0,0.0,0.0,0.0,0.0,0.0,0.0,0.0,0.0,0.0,0.0,0.0] [1311.2619900786005,1321.8202200865917,1332.463464547639,1343.19240799478,1354.0077404728797,1364.9101575830227,1375.9003605272408,1386.9790561536227,1398.1469570017646,1409.4047813486081,1420.7532532546286,1432.193102610412,1443.7250651835902,1455.3498826661717,1467.068302722235,1478.881079036026,1490.78897136042,1502.7927455657994,1514.8931736892998,1527.0910339844697,1539.3871109713293,1551.7821954868166,1564.2770847356642,1576.872582341659,1589.569498399342,1602.368649526097,1615.270858914685,1628.2769563861766,1641.3877784433362,1654.6041683244075,1667.9269760573632,1681.3570585145608,1694.895279467867,1708.5425096441993,1722.2996267815402,1736.1675156853773,1750.1470682856248,1764.2391836939755,1778.4447682617345,1792.7647356381167,1807.2000068289992,1821.7515102561672,1836.4201818170154,1851.2069649447558,1866.112810669078,1881.1386776773347,1896.285532376183,1911.5543489537563,1926.9461094423048,1942.4618037813711,1958.1024298814455,1973.8689936881608,1989.7625092469793,2005.7839987684179,2021.9344926937952,2038.215029761504,2054.626657073813,2071.1704301642176,2087.8474130653335,2104.6586783773164,2121.605307336866,2138.6883898867477,2155.9090247459117,2173.268319480143,2190.767390573309,2208.407363499154,2226.1893727937027,2244.1145621282076,2262.184084382728,2280.399101720259,2298.7607856614945,2317.2703171601615,2335.9288866789793,2354.7376942662327,2373.6979496329395,2392.810872230673,2412.077691329971,2431.4996460994216,2451.0779856853383,2470.813969292122,2490.7088662632277,2510.763956162824,2530.9805288580706,2551.359884602096,2571.9033341176064,2592.612198681206,2613.487810208354,2634.5315113390543,2655.7446555241822,2677.1286071125573,2698.6847414386757,2720.4144449111714,2742.319115101994,2764.4001608362782,2786.6590022829737,2809.097071046162,2831.715810257159,2854.5166746673017,2877.5011307415425,2900.67065675274,2924.0267428767575,2947.570891288285,2971.304616257478,2995.22944424732,3019.346914011829,3043.658576695001,3068.1659959305807,3092.870747942638,3117.7744216469364,3142.87861875312,3168.1849538677375,3193.695054598094,3219.410561656912,3245.333128967883,3271.4644237720117,3297.806126734876,3324.3599320546946,3351.1275475713155,3378.1106948760344,3405.3111094223436,3432.7305406375262,3460.3707520352004,3488.23352132871,3516.320640545493,3544.6339161423107,3573.1751691214417,3601.9462351478164,3630.9489646670518,3660.1852230244945,3689.6568905851636,3719.3658628547196,3749.3140506013438,3779.5033799786634,3809.935792649603,3840.6132459112973,3871.5377128209448,3902.7111823227383,3934.135659375755,3965.8131650829396,3997.7457368210635,4029.9354283717907,4062.3843100537392,4095.0944688556665,4128.068008570669,4161.3070499315045,4194.813730746993,4228.590206039511,4262.638648183577,4296.961247045588,4331.560210124669,4366.437762694626,4401.596147947099,4437.037627135803,4472.764479721992,4508.779003521039,4545.083514850253,4581.680348677821,4618.571858773019,4655.7604178575675,4693.248417758249,4731.038269560753,4769.132403764733,4807.533270440121,4846.243339384716,4885.265100283049,4924.601062866471,4964.253757074609,5004.22573321805,5044.519562142395,5085.137835393579,5126.08316538458,5167.3581855634,5208.965550582488,5250.907936469426,5293.188040799074,5335.808582867062,5378.772303864684,5422.081967055189,5465.740357951513,5509.7502844954415,5554.1145772382,5598.836089522486,5643.917697666003,5689.362301146471,5735.17282278806,5781.352208949439,5827.903429713208,5874.829479076986,5922.133375145914,5969.818160326825,6017.886901523867,6066.342690335802,6115.188643254807,6164.427901866934,6214.06363305417,6264.099029198114,6314.537308385285,6365.381714614103,6416.635518003553,6468.302015003491,6520.384528606639,6572.88640856233,6625.811031591967,6679.16180160615,6732.942149923667,6787.155535492116,6841.805445110439,6896.895393653112,6952.428924296275,7008.409608745552,7064.841047465831,7121.726869912778,7179.070734766296,7236.876330165845,7295.147373947643,7353.887613883764,7413.100827923194,7472.790824434837,7532.961442452409,7593.616551921397,7654.7600539479145,7716.395881049652,7778.527997408752,7841.160399126823,7904.2971144818985,7967.94220418758,8032.099761654146,8096.773913251861,8161.968818576374,8227.688670716232,8293.937696522553,8360.720156880894,8428.04034698531,8495.90259661459,8564.311270410717,8633.270768159597,8702.785525074065,8772.860012079082,8843.498736099358,8914.706240349144,8986.487104624512,9058.845945597834,9131.787417114787,9205.31621049359,9279.437054826807,9354.154717285446,9429.47400342559,9505.399757497484,9581.936862757088,9659.090241780126,9736.864856778713,9815.265709920519,9894.297843650465,9973.966341015032,10054.276325989182,10135.232963805956,10216.841461288606,10299.107067185563,10382.035072507933,10465.630810869876,10549.89965883156,10634.84703624505,10720.478406602804,10806.799277389146,10893.815200434417,10981.531772272076,11069.954634498676,11159.08947413668,11248.94202400021,11339.518063063782,11430.823416834026,11522.863957724268,11615.64560543233,11709.174327321158,11803.456138802712,11898.49710372478,11994.303334761045,12090.880993804161,12188.23629236214,12286.375491957784,12385.304904531427,12485.030892846919,12585.55987090084,12686.898304334996,12789.052710852275,12892.029660635888,12995.8357767719,13100.477735675182,13205.962267518828,13312.296156667053,13419.486242111492,13527.539417911097,13636.462633635434,13746.262894811807,13856.947263375758,13968.522858125163,14080.996855178266,14194.376488435144,14308.66905004285,14423.881890864615] 0.31126199007860056 [Infinity,Infinity,Infinity,Infinity,Infinity,Infinity,Infinity,Infinity,Infinity,Infinity,Infinity,Infinity,Infinity,Infinity,Infinity,Infinity,Infinity,Infinity,Infinity,Infinity,Infinity,Infinity,Infinity,Infinity,Infinity,Infinity,Infinity,Infinity,Infinity,Infinity,Infinity,Infinity,Infinity,Infinity,Infinity,Infinity,Infinity,Infinity,Infinity,Infinity,Infinity,Infinity,Infinity,Infinity,Infinity,Infinity,Infinity,Infinity,Infinity,Infinity,Infinity,Infinity,Infinity,Infinity,Infinity,Infinity,Infinity,Infinity,Infinity,Infinity,Infinity,Infinity,Infinity,Infinity,Infinity,Infinity,Infinity,Infinity,Infinity,Infinity,Infinity,Infinity,Infinity,Infinity,Infinity,Infinity,Infinity,Infinity,Infinity,Infinity,Infinity,Infinity,Infinity,Infinity,Infinity,Infinity,Infinity,Infinity,Infinity,Infinity,Infinity,Infinity,Infinity,Infinity,Infinity,Infinity,Infinity,Infinity,Infinity,Infinity,Infinity,Infinity,Infinity,Infinity,Infinity,Infinity,Infinity,Infinity,Infinity,Infinity,Infinity,Infinity,Infinity,Infinity,Infinity,Infinity,Infinity,Infinity,Infinity,Infinity,Infinity,Infinity,Infinity,Infinity,Infinity,Infinity,Infinity,Infinity,Infinity,Infinity,Infinity,Infinity,Infinity,Infinity,Infinity,Infinity,Infinity,Infinity,Infinity,Infinity,Infinity,Infinity,Infinity,Infinity,Infinity,Infinity,Infinity,Infinity,Infinity,Infinity,Infinity,Infinity,Infinity,Infinity,Infinity,Infinity,Infinity,Infinity,Infinity,Infinity,Infinity,Infinity,Infinity,Infinity,Infinity,Infinity,Infinity,Infinity,Infinity,Infinity,Infinity,Infinity,Infinity,Infinity,Infinity,Infinity,Infinity,Infinity,Infinity,Infinity,Infinity,Infinity,Infinity,Infinity,Infinity,Infinity,Infinity,Infinity,Infinity,Infinity,Infinity,Infinity,Infinity,Infinity,Infinity,Infinity,Infinity,Infinity,Infinity,Infinity,Infinity,Infinity,Infinity,Infinity,Infinity,Infinity,Infinity,Infinity,Infinity,Infinity,Infinity,Infinity,Infinity,Infinity,Infinity,Infinity,Infinity,Infinity,Infinity,Infinity,Infinity,Infinity,Infinity,Infinity,Infinity,Infinity,Infinity,Infinity,Infinity,Infinity,Infinity,Infinity,Infinity,Infinity,Infinity,Infinity,Infinity,Infinity,Infinity,Infinity,Infinity,Infinity,Infinity,Infinity,Infinity,Infinity,Infinity,Infinity,Infinity,Infinity,Infinity,Infinity,Infinity,Infinity,Infinity,Infinity,Infinity,Infinity,Infinity,Infinity,Infinity,Infinity,Infinity,Infinity,Infinity,Infinity,Infinity,Infinity,Infinity,Infinity,Infinity,Infinity,Infinity,Infinity,Infinity,Infinity,Infinity,Infinity,Infinity,Infinity,Infinity,Infinity,Infinity,Infinity,Infinity,Infinity,Infinity,Infinity,Infinity,Infinity,Infinity,Infinity,Infinity,Infinity,Infinity,Infinity,Infinity,Infinity,Infinity,Infinity] [0.0,0.0,0.0,0.0,0.0,0.0,0.0,0.0,0.0,0.0,0.0,0.0,0.0,0.0,0.0,0.0,0.0,0.0,0.0,0.0,0.0,0.0,0.0,0.0,0.0,0.0,0.0,0.0,0.0,0.0,0.0,0.0,0.0,0.0,0.0,0.0,0.0,0.0,0.0,0.0,0.0,0.0,0.0,0.0,0.0,0.0,0.0,0.0,0.0,0.0,0.0,0.0,0.0,0.0,0.0,0.0,0.0,0.0,0.0,0.0,0.0,0.0,0.0,0.0,0.0,0.0,0.0,0.0,0.0,0.0,0.0,0.0,0.0,0.0,0.0,0.0,0.0,0.0,0.0,0.0,0.0,0.0,0.0,0.0,0.0,0.0,0.0,0.0,0.0,0.0,0.0,0.0,0.0,0.0,0.0,0.0,0.0,0.0,0.0,0.0,0.0,0.0,0.0,0.0,0.0,0.0,0.0,0.0,0.0,0.0,0.0,0.0,0.0,0.0,0.0,0.0,0.0,0.0,0.0,0.0,0.0,0.0,0.0,0.0,0.0,0.0,0.0,0.0,0.0,0.0,0.0,0.0,0.0,0.0,0.0,0.0,0.0,0.0,0.0,0.0,0.0,0.0,0.0,0.0,0.0,0.0,0.0,0.0,0.0,0.0,0.0,0.0,0.0,0.0,0.0,0.0,0.0,0.0,0.0,0.0,0.0,0.0,0.0,0.0,0.0,0.0,0.0,0.0,0.0,0.0,0.0,0.0,0.0,0.0,0.0,0.0,0.0,0.0,0.0,0.0,0.0,0.0,0.0,0.0,0.0,0.0,0.0,0.0,0.0,0.0,0.0,0.0,0.0,0.0,0.0,0.0,0.0,0.0,0.0,0.0,0.0,0.0,0.0,0.0,0.0,0.0,0.0,0.0,0.0,0.0,0.0,0.0,0.0,0.0,0.0,0.0,0.0,0.0,0.0,0.0,0.0,0.0,0.0,0.0,0.0,0.0,0.0,0.0,0.0,0.0,0.0,0.0,0.0,0.0,0.0,0.0,0.0,0.0,0.0,0.0,0.0,0.0,0.0,0.0,0.0,0.0,0.0,0.0,0.0,0.0,0.0,0.0,0.0,0.0,0.0,0.0,0.0,0.0,0.0,0.0,0.0,0.0,0.0,0.0,0.0,0.0,0.0,0.0,0.0,0.0,0.0,0.0,0.0,0.0,0.0,0.0,0.0,0.0,0.0,0.0,0.0,0.0,0.0,0.0,0.0,0.0,0.0,0.0,0.0,0.0,0.0,0.0,0.0,0.0,0.0,0.0,0.0,0.0,0.0,0.0]
56207.894669593756 [0.0,0.0,0.0,0.0,0.0,0.0,0.0,0.0,0.0,0.0,0.0,0.0,0.0,0.0,0.0,0.0,0.0,0.0,0.0,0.0,0.0,0.0,0.0,0.0,0.0,0.0,0.0,0.0,0.0,0.0,0.0,0.0,0.0,0.0,0.0,0.0,0.0,0.0,0.0,0.0,0.0,0.0,0.0,0.0,0.0,0.0,0.0,0.0,0.0,0.0,0.0,0.0,0.0,0.0,0.0,0.0,0.0,0.0,0.0,0.0,0.0,0.0,0.0,0.0,0.0,0.0,0.0,0.0,0.0,0.0,0.0,0.0,0.0,0.0,0.0,0.0,0.0,0.0,0.0,0.0,0.0,0.0,0.0,0.0,0.0,0.0,0.0,0.0,0.0,0.0,0.0,0.0,0.0,0.0,0.0,0.0,0.0,0.0,0.0,0.0,0.0,0.0,0.0,0.0,0.0,0.0,0.0,0.0,0.0,0.0,0.0,0.0,0.0,0.0,0.0,0.0,0.0,0.0,0.0,0.0,0.0,0.0,0.0,0.0,0.0,0.0,0.0,0.0,0.0,0.0,0.0,0.0,0.0,0.0,0.0,0.0,0.0,0.0,0.0,0.0,0.0,0.0,0.0,0.0,0.0,0.0,0.0,0.0,0.0,0.0,0.0,0.0,0.0,0.0,0.0,0.0,0.0,0.0,0.0,0.0,0.0,0.0,0.0,0.0,0.0,0.0,0.0,0.0,0.0,0.0,0.0,0.0,0.0,0.0,0.0,0.0,0.0,0.0,0.0,0.0,0.0,0.0,0.0,0.0,0.0,0.0,0.0,0.0,0.0,0.0,0.0,0.0,0.0,0.0,0.0,0.0,0.0,0.0,0.0,0.0,0.0,0.0,0.0,0.0,0.0,0.0,0.0,0.0,0.0,0.0,0.0,0.0,0.0,0.0,0.0,0.0,0.0,0.0,0.0,0.0,0.0,0.0,0.0,0.0,0.0,0.0,0.0,0.0,0.0,0.0,0.0,0.0,0.0,0.0,0.0,0.0,0.0,0.0,0.0,0.0,0.0,0.0,0.0,0.0,0.0,0.0,0.0,0.0,0.0,0.0,0.0,0.0,0.0,0.0,0.0,0.0,0.0,0.0,0.0,0.0,0.0,0.0,0.0,0.0,0.0,0.0,0.0,0.0,0.0,0.0,0.0,0.0,0.0,0.0,0.0,0.0,0.0,0.0,0.0,0.0,0.0,0.0,0.0,0.0,0.0,0.0,0.0,0.0,0.0,0.0,0.0,0.0,0.0,0.0,0.0,0.0,0.0,0.0,0.0,0.0] [1311.2619900786005,1321.8202200865917,1332.463464547639,1343.19240799478,1354.0077404728797,1364.9101575830227,1375.9003605272408,1386.9790561536227,1398.1469570017646,1409.4047813486081,1420.7532532546286,1432.193102610412,1443.7250651835902,1455.3498826661717,1467.068302722235,1478.881079036026,1490.78897136042,1502.7927455657994,1514.8931736892998,1527.0910339844697,1539.3871109713293,1551.7821954868166,1564.2770847356642,1576.872582341659,1589.569498399342,1602.368649526097,1615.270858914685,1628.2769563861766,1641.3877784433362,1654.6041683244075,1667.9269760573632,1681.3570585145608,1694.895279467867,1708.5425096441993,1722.2996267815402,1736.1675156853773,1750.1470682856248,1764.2391836939755,1778.4447682617345,1792.7647356381167,1807.2000068289992,1821.7515102561672,1836.4201818170154,1851.2069649447558,1866.112810669078,1881.1386776773347,1896.285532376183,1911.5543489537563,1926.9461094423048,1942.4618037813711,1958.1024298814455,1973.8689936881608,1989.7625092469793,2005.7839987684179,2021.9344926937952,2038.215029761504,2054.626657073813,2071.1704301642176,2087.8474130653335,2104.6586783773164,2121.605307336866,2138.6883898867477,2155.9090247459117,2173.268319480143,2190.767390573309,2208.407363499154,2226.1893727937027,2244.1145621282076,2262.184084382728,2280.399101720259,2298.7607856614945,2317.2703171601615,2335.9288866789793,2354.7376942662327,2373.6979496329395,2392.810872230673,2412.077691329971,2431.4996460994216,2451.0779856853383,2470.813969292122,2490.7088662632277,2510.763956162824,2530.9805288580706,2551.359884602096,2571.9033341176064,2592.612198681206,2613.487810208354,2634.5315113390543,2655.7446555241822,2677.1286071125573,2698.6847414386757,2720.4144449111714,2742.319115101994,2764.4001608362782,2786.6590022829737,2809.097071046162,2831.715810257159,2854.5166746673017,2877.5011307415425,2900.67065675274,2924.0267428767575,2947.570891288285,2971.304616257478,2995.22944424732,3019.346914011829,3043.658576695001,3068.1659959305807,3092.870747942638,3117.7744216469364,3142.87861875312,3168.1849538677375,3193.695054598094,3219.410561656912,3245.333128967883,3271.4644237720117,3297.806126734876,3324.3599320546946,3351.1275475713155,3378.1106948760344,3405.3111094223436,3432.7305406375262,3460.3707520352004,3488.23352132871,3516.320640545493,3544.6339161423107,3573.1751691214417,3601.9462351478164,3630.9489646670518,3660.1852230244945,3689.6568905851636,3719.3658628547196,3749.3140506013438,3779.5033799786634,3809.935792649603,3840.6132459112973,3871.5377128209448,3902.7111823227383,3934.135659375755,3965.8131650829396,3997.7457368210635,4029.9354283717907,4062.3843100537392,4095.0944688556665,4128.068008570669,4161.3070499315045,4194.813730746993,4228.590206039511,4262.638648183577,4296.961247045588,4331.560210124669,4366.437762694626,4401.596147947099,4437.037627135803,4472.764479721992,4508.779003521039,4545.083514850253,4581.680348677821,4618.571858773019,4655.7604178575675,4693.248417758249,4731.038269560753,4769.132403764733,4807.533270440121,4846.243339384716,4885.265100283049,4924.601062866471,4964.253757074609,5004.22573321805,5044.519562142395,5085.137835393579,5126.08316538458,5167.3581855634,5208.965550582488,5250.907936469426,5293.188040799074,5335.808582867062,5378.772303864684,5422.081967055189,5465.740357951513,5509.7502844954415,5554.1145772382,5598.836089522486,5643.917697666003,5689.362301146471,5735.17282278806,5781.352208949439,5827.903429713208,5874.829479076986,5922.133375145914,5969.818160326825,6017.886901523867,6066.342690335802,6115.188643254807,6164.427901866934,6214.06363305417,6264.099029198114,6314.537308385285,6365.381714614103,6416.635518003553,6468.302015003491,6520.384528606639,6572.88640856233,6625.811031591967,6679.16180160615,6732.942149923667,6787.155535492116,6841.805445110439,6896.895393653112,6952.428924296275,7008.409608745552,7064.841047465831,7121.726869912778,7179.070734766296,7236.876330165845,7295.147373947643,7353.887613883764,7413.100827923194,7472.790824434837,7532.961442452409,7593.616551921397,7654.7600539479145,7716.395881049652,7778.527997408752,7841.160399126823,7904.2971144818985,7967.94220418758,8032.099761654146,8096.773913251861,8161.968818576374,8227.688670716232,8293.937696522553,8360.720156880894,8428.04034698531,8495.90259661459,8564.311270410717,8633.270768159597,8702.785525074065,8772.860012079082,8843.498736099358,8914.706240349144,8986.487104624512,9058.845945597834,9131.787417114787,9205.31621049359,9279.437054826807,9354.154717285446,9429.47400342559,9505.399757497484,9581.936862757088,9659.090241780126,9736.864856778713,9815.265709920519,9894.297843650465,9973.966341015032,10054.276325989182,10135.232963805956,10216.841461288606,10299.107067185563,10382.035072507933,10465.630810869876,10549.89965883156,10634.84703624505,10720.478406602804,10806.799277389146,10893.815200434417,10981.531772272076,11069.954634498676,11159.08947413668,11248.94202400021,11339.518063063782,11430.823416834026,11522.863957724268,11615.64560543233,11709.174327321158,11803.456138802712,11898.49710372478,11994.303334761045,12090.880993804161,12188.23629236214,12286.375491957784,12385.304904531427,12485.030892846919,12585.55987090084,12686.898304334996,12789.052710852275,12892.029660635888,12995.8357767719,13100.477735675182,13205.962267518828,13312.296156667053,13419.486242111492,13527.539417911097,13636.462633635434,13746.262894811807,13856.947263375758,13968.522858125163,14080.996855178266,14194.376488435144,14308.66905004285,14423.881890864615] 0.31126199007860056 [Infinity,Infinity,Infinity,Infinity,Infinity,Infinity,Infinity,Infinity,Infinity,Infinity,Infinity,Infinity,Infinity,Infinity,Infinity,Infinity,Infinity,Infinity,Infinity,Infinity,Infinity,Infinity,Infinity,Infinity,Infinity,Infinity,Infinity,Infinity,Infinity,Infinity,Infinity,Infinity,Infinity,Infinity,Infinity,Infinity,Infinity,Infinity,Infinity,Infinity,Infinity,Infinity,Infinity,Infinity,Infinity,Infinity,Infinity,Infinity,Infinity,Infinity,Infinity,Infinity,Infinity,Infinity,Infinity,Infinity,Infinity,Infinity,Infinity,Infinity,Infinity,Infinity,Infinity,Infinity,Infinity,Infinity,Infinity,Infinity,Infinity,Infinity,Infinity,Infinity,Infinity,Infinity,Infinity,Infinity,Infinity,Infinity,Infinity,Infinity,Infinity,Infinity,Infinity,Infinity,Infinity,Infinity,Infinity,Infinity,Infinity,Infinity,Infinity,Infinity,Infinity,Infinity,Infinity,Infinity,Infinity,Infinity,Infinity,Infinity,Infinity,Infinity,Infinity,Infinity,Infinity,Infinity,Infinity,Infinity,Infinity,Infinity,Infinity,Infinity,Infinity,Infinity,Infinity,Infinity,Infinity,Infinity,Infinity,Infinity,Infinity,Infinity,Infinity,Infinity,Infinity,Infinity,Infinity,Infinity,Infinity,Infinity,Infinity,Infinity,Infinity,Infinity,Infinity,Infinity,Infinity,Infinity,Infinity,Infinity,Infinity,Infinity,Infinity,Infinity,Infinity,Infinity,Infinity,Infinity,Infinity,Infinity,Infinity,Infinity,Infinity,Infinity,Infinity,Infinity,Infinity,Infinity,Infinity,Infinity,Infinity,Infinity,Infinity,Infinity,Infinity,Infinity,Infinity,Infinity,Infinity,Infinity,Infinity,Infinity,Infinity,Infinity,Infinity,Infinity,Infinity,Infinity,Infinity,Infinity,Infinity,Infinity,Infinity,Infinity,Infinity,Infinity,Infinity,Infinity,Infinity,Infinity,Infinity,Infinity,Infinity,Infinity,Infinity,Infinity,Infinity,Infinity,Infinity,Infinity,Infinity,Infinity,Infinity,Infinity,Infinity,Infinity,Infinity,Infinity,Infinity,Infinity,Infinity,Infinity,Infinity,Infinity,Infinity,Infinity,Infinity,Infinity,Infinity,Infinity,Infinity,Infinity,Infinity,Infinity,Infinity,Infinity,Infinity,Infinity,Infinity,Infinity,Infinity,Infinity,Infinity,Infinity,Infinity,Infinity,Infinity,Infinity,Infinity,Infinity,Infinity,Infinity,Infinity,Infinity,Infinity,Infinity,Infinity,Infinity,Infinity,Infinity,Infinity,Infinity,Infinity,Infinity,Infinity,Infinity,Infinity,Infinity,Infinity,Infinity,Infinity,Infinity,Infinity,Infinity,Infinity,Infinity,Infinity,Infinity,Infinity,Infinity,Infinity,Infinity,Infinity,Infinity,Infinity,Infinity,Infinity,Infinity,Infinity,Infinity,Infinity,Infinity,Infinity,Infinity,Infinity,Infinity,Infinity,Infinity,Infinity,Infinity,Infinity,Infinity,Infinity,Infinity,Infinity,Infinity,Infinity,Infinity,Infinity,Infinity] [0.0,0.0,0.0,0.0,0.0,0.0,0.0,0.0,0.0,0.0,0.0,0.0,0.0,0.0,0.0,0.0,0.0,0.0,0.0,0.0,0.0,0.0,0.0,0.0,0.0,0.0,0.0,0.0,0.0,0.0,0.0,0.0,0.0,0.0,0.0,0.0,0.0,0.0,0.0,0.0,0.0,0.0,0.0,0.0,0.0,0.0,0.0,0.0,0.0,0.0,0.0,0.0,0.0,0.0,0.0,0.0,0.0,0.0,0.0,0.0,0.0,0.0,0.0,0.0,0.0,0.0,0.0,0.0,0.0,0.0,0.0,0.0,0.0,0.0,0.0,0.0,0.0,0.0,0.0,0.0,0.0,0.0,0.0,0.0,0.0,0.0,0.0,0.0,0.0,0.0,0.0,0.0,0.0,0.0,0.0,0.0,0.0,0.0,0.0,0.0,0.0,0.0,0.0,0.0,0.0,0.0,0.0,0.0,0.0,0.0,0.0,0.0,0.0,0.0,0.0,0.0,0.0,0.0,0.0,0.0,0.0,0.0,0.0,0.0,0.0,0.0,0.0,0.0,0.0,0.0,0.0,0.0,0.0,0.0,0.0,0.0,0.0,0.0,0.0,0.0,0.0,0.0,0.0,0.0,0.0,0.0,0.0,0.0,0.0,0.0,0.0,0.0,0.0,0.0,0.0,0.0,0.0,0.0,0.0,0.0,0.0,0.0,0.0,0.0,0.0,0.0,0.0,0.0,0.0,0.0,0.0,0.0,0.0,0.0,0.0,0.0,0.0,0.0,0.0,0.0,0.0,0.0,0.0,0.0,0.0,0.0,0.0,0.0,0.0,0.0,0.0,0.0,0.0,0.0,0.0,0.0,0.0,0.0,0.0,0.0,0.0,0.0,0.0,0.0,0.0,0.0,0.0,0.0,0.0,0.0,0.0,0.0,0.0,0.0,0.0,0.0,0.0,0.0,0.0,0.0,0.0,0.0,0.0,0.0,0.0,0.0,0.0,0.0,0.0,0.0,0.0,0.0,0.0,0.0,0.0,0.0,0.0,0.0,0.0,0.0,0.0,0.0,0.0,0.0,0.0,0.0,0.0,0.0,0.0,0.0,0.0,0.0,0.0,0.0,0.0,0.0,0.0,0.0,0.0,0.0,0.0,0.0,0.0,0.0,0.0,0.0,0.0,0.0,0.0,0.0,0.0,0.0,0.0,0.0,0.0,0.0,0.0,0.0,0.0,0.0,0.0,0.0,0.0,0.0,0.0,0.0,0.0,0.0,0.0,0.0,0.0,0.0,0.0,0.0,0.0,0.0,0.0,0.0,0.0,0.0]
56147.95005195368 [0.0,0.0,0.0,0.0,0.0,0.0,0.0,0.0,0.0,0.0,0.0,0.0,0.0,0.0,0.0,0.0,0.0,0.0,0.0,0.0,0.0,0.0,0.0,0.0,0.0,0.0,0.0,0.0,0.0,0.0,0.0,0.0,0.0,0.0,0.0,0.0,0.0,0.0,0.0,0.0,0.0,0.0,0.0,0.0,0.0,0.0,0.0,0.0,0.0,0.0,0.0,0.0,0.0,0.0,0.0,0.0,0.0,0.0,0.0,0.0,0.0,0.0,0.0,0.0,0.0,0.0,0.0,0.0,0.0,0.0,0.0,0.0,0.0,0.0,0.0,0.0,0.0,0.0,0.0,0.0,0.0,0.0,0.0,0.0,0.0,0.0,0.0,0.0,0.0,0.0,0.0,0.0,0.0,0.0,0.0,0.0,0.0,0.0,0.0,0.0,0.0,0.0,0.0,0.0,0.0,0.0,0.0,0.0,0.0,0.0,0.0,0.0,0.0,0.0,0.0,0.0,0.0,0.0,0.0,0.0,0.0,0.0,0.0,0.0,0.0,0.0,0.0,0.0,0.0,0.0,0.0,0.0,0.0,0.0,0.0,0.0,0.0,0.0,0.0,0.0,0.0,0.0,0.0,0.0,0.0,0.0,0.0,0.0,0.0,0.0,0.0,0.0,0.0,0.0,0.0,0.0,0.0,0.0,0.0,0.0,0.0,0.0,0.0,0.0,0.0,0.0,0.0,0.0,0.0,0.0,0.0,0.0,0.0,0.0,0.0,0.0,0.0,0.0,0.0,0.0,0.0,0.0,0.0,0.0,0.0,0.0,0.0,0.0,0.0,0.0,0.0,0.0,0.0,0.0,0.0,0.0,0.0,0.0,0.0,0.0,0.0,0.0,0.0,0.0,0.0,0.0,0.0,0.0,0.0,0.0,0.0,0.0,0.0,0.0,0.0,0.0,0.0,0.0,0.0,0.0,0.0,0.0,0.0,0.0,0.0,0.0,0.0,0.0,0.0,0.0,0.0,0.0,0.0,0.0,0.0,0.0,0.0,0.0,0.0,0.0,0.0,0.0,0.0,0.0,0.0,0.0,0.0,0.0,0.0,0.0,0.0,0.0,0.0,0.0,0.0,0.0,0.0,0.0,0.0,0.0,0.0,0.0,0.0,0.0,0.0,0.0,0.0,0.0,0.0,0.0,0.0,0.0,0.0,0.0,0.0,0.0,0.0,0.0,0.0,0.0,0.0,0.0,0.0,0.0,0.0,0.0,0.0,0.0,0.0,0.0,0.0,0.0,0.0,0.0,0.0,0.0,0.0,0.0,0.0,0.0] [1311.2619900786005,1321.8202200865917,1332.463464547639,1343.19240799478,1354.0077404728797,1364.9101575830227,1375.9003605272408,1386.9790561536227,1398.1469570017646,1409.4047813486081,1420.7532532546286,1432.193102610412,1443.7250651835902,1455.3498826661717,1467.068302722235,1478.881079036026,1490.78897136042,1502.7927455657994,1514.8931736892998,1527.0910339844697,1539.3871109713293,1551.7821954868166,1564.2770847356642,1576.872582341659,1589.569498399342,1602.368649526097,1615.270858914685,1628.2769563861766,1641.3877784433362,1654.6041683244075,1667.9269760573632,1681.3570585145608,1694.895279467867,1708.5425096441993,1722.2996267815402,1736.1675156853773,1750.1470682856248,1764.2391836939755,1778.4447682617345,1792.7647356381167,1807.2000068289992,1821.7515102561672,1836.4201818170154,1851.2069649447558,1866.112810669078,1881.1386776773347,1896.285532376183,1911.5543489537563,1926.9461094423048,1942.4618037813711,1958.1024298814455,1973.8689936881608,1989.7625092469793,2005.7839987684179,2021.9344926937952,2038.215029761504,2054.626657073813,2071.1704301642176,2087.8474130653335,2104.6586783773164,2121.605307336866,2138.6883898867477,2155.9090247459117,2173.268319480143,2190.767390573309,2208.407363499154,2226.1893727937027,2244.1145621282076,2262.184084382728,2280.399101720259,2298.7607856614945,2317.2703171601615,2335.9288866789793,2354.7376942662327,2373.6979496329395,2392.810872230673,2412.077691329971,2431.4996460994216,2451.0779856853383,2470.813969292122,2490.7088662632277,2510.763956162824,2530.9805288580706,2551.359884602096,2571.9033341176064,2592.612198681206,2613.487810208354,2634.5315113390543,2655.7446555241822,2677.1286071125573,2698.6847414386757,2720.4144449111714,2742.319115101994,2764.4001608362782,2786.6590022829737,2809.097071046162,2831.715810257159,2854.5166746673017,2877.5011307415425,2900.67065675274,2924.0267428767575,2947.570891288285,2971.304616257478,2995.22944424732,3019.346914011829,3043.658576695001,3068.1659959305807,3092.870747942638,3117.7744216469364,3142.87861875312,3168.1849538677375,3193.695054598094,3219.410561656912,3245.333128967883,3271.4644237720117,3297.806126734876,3324.3599320546946,3351.1275475713155,3378.1106948760344,3405.3111094223436,3432.7305406375262,3460.3707520352004,3488.23352132871,3516.320640545493,3544.6339161423107,3573.1751691214417,3601.9462351478164,3630.9489646670518,3660.1852230244945,3689.6568905851636,3719.3658628547196,3749.3140506013438,3779.5033799786634,3809.935792649603,3840.6132459112973,3871.5377128209448,3902.7111823227383,3934.135659375755,3965.8131650829396,3997.7457368210635,4029.9354283717907,4062.3843100537392,4095.0944688556665,4128.068008570669,4161.3070499315045,4194.813730746993,4228.590206039511,4262.638648183577,4296.961247045588,4331.560210124669,4366.437762694626,4401.596147947099,4437.037627135803,4472.764479721992,4508.779003521039,4545.083514850253,4581.680348677821,4618.571858773019,4655.7604178575675,4693.248417758249,4731.038269560753,4769.132403764733,4807.533270440121,4846.243339384716,4885.265100283049,4924.601062866471,4964.253757074609,5004.22573321805,5044.519562142395,5085.137835393579,5126.08316538458,5167.3581855634,5208.965550582488,5250.907936469426,5293.188040799074,5335.808582867062,5378.772303864684,5422.081967055189,5465.740357951513,5509.7502844954415,5554.1145772382,5598.836089522486,5643.917697666003,5689.362301146471,5735.17282278806,5781.352208949439,5827.903429713208,5874.829479076986,5922.133375145914,5969.818160326825,6017.886901523867,6066.342690335802,6115.188643254807,6164.427901866934,6214.06363305417,6264.099029198114,6314.537308385285,6365.381714614103,6416.635518003553,6468.302015003491,6520.384528606639,6572.88640856233,6625.811031591967,6679.16180160615,6732.942149923667,6787.155535492116,6841.805445110439,6896.895393653112,6952.428924296275,7008.409608745552,7064.841047465831,7121.726869912778,7179.070734766296,7236.876330165845,7295.147373947643,7353.887613883764,7413.100827923194,7472.790824434837,7532.961442452409,7593.616551921397,7654.7600539479145,7716.395881049652,7778.527997408752,7841.160399126823,7904.2971144818985,7967.94220418758,8032.099761654146,8096.773913251861,8161.968818576374,8227.688670716232,8293.937696522553,8360.720156880894,8428.04034698531,8495.90259661459,8564.311270410717,8633.270768159597,8702.785525074065,8772.860012079082,8843.498736099358,8914.706240349144,8986.487104624512,9058.845945597834,9131.787417114787,9205.31621049359,9279.437054826807,9354.154717285446,9429.47400342559,9505.399757497484,9581.936862757088,9659.090241780126,9736.864856778713,9815.265709920519,9894.297843650465,9973.966341015032,10054.276325989182,10135.232963805956,10216.841461288606,10299.107067185563,10382.035072507933,10465.630810869876,10549.89965883156,10634.84703624505,10720.478406602804,10806.799277389146,10893.815200434417,10981.531772272076,11069.954634498676,11159.08947413668,11248.94202400021,11339.518063063782,11430.823416834026,11522.863957724268,11615.64560543233,11709.174327321158,11803.456138802712,11898.49710372478,11994.303334761045,12090.880993804161,12188.23629236214,12286.375491957784,12385.304904531427,12485.030892846919,12585.55987090084,12686.898304334996,12789.052710852275,12892.029660635888,12995.8357767719,13100.477735675182,13205.962267518828,13312.296156667053,13419.486242111492,13527.539417911097,13636.462633635434,13746.262894811807,13856.947263375758,13968.522858125163,14080.996855178266,14194.376488435144,14308.66905004285,14423.881890864615] 0.31126199007860056 [Infinity,Infinity,Infinity,Infinity,Infinity,Infinity,Infinity,Infinity,Infinity,Infinity,Infinity,Infinity,Infinity,Infinity,Infinity,Infinity,Infinity,Infinity,Infinity,Infinity,Infinity,Infinity,Infinity,Infinity,Infinity,Infinity,Infinity,Infinity,Infinity,Infinity,Infinity,Infinity,Infinity,Infinity,Infinity,Infinity,Infinity,Infinity,Infinity,Infinity,Infinity,Infinity,Infinity,Infinity,Infinity,Infinity,Infinity,Infinity,Infinity,Infinity,Infinity,Infinity,Infinity,Infinity,Infinity,Infinity,Infinity,Infinity,Infinity,Infinity,Infinity,Infinity,Infinity,Infinity,Infinity,Infinity,Infinity,Infinity,Infinity,Infinity,Infinity,Infinity,Infinity,Infinity,Infinity,Infinity,Infinity,Infinity,Infinity,Infinity,Infinity,Infinity,Infinity,Infinity,Infinity,Infinity,Infinity,Infinity,Infinity,Infinity,Infinity,Infinity,Infinity,Infinity,Infinity,Infinity,Infinity,Infinity,Infinity,Infinity,Infinity,Infinity,Infinity,Infinity,Infinity,Infinity,Infinity,Infinity,Infinity,Infinity,Infinity,Infinity,Infinity,Infinity,Infinity,Infinity,Infinity,Infinity,Infinity,Infinity,Infinity,Infinity,Infinity,Infinity,Infinity,Infinity,Infinity,Infinity,Infinity,Infinity,Infinity,Infinity,Infinity,Infinity,Infinity,Infinity,Infinity,Infinity,Infinity,Infinity,Infinity,Infinity,Infinity,Infinity,Infinity,Infinity,Infinity,Infinity,Infinity,Infinity,Infinity,Infinity,Infinity,Infinity,Infinity,Infinity,Infinity,Infinity,Infinity,Infinity,Infinity,Infinity,Infinity,Infinity,Infinity,Infinity,Infinity,Infinity,Infinity,Infinity,Infinity,Infinity,Infinity,Infinity,Infinity,Infinity,Infinity,Infinity,Infinity,Infinity,Infinity,Infinity,Infinity,Infinity,Infinity,Infinity,Infinity,Infinity,Infinity,Infinity,Infinity,Infinity,Infinity,Infinity,Infinity,Infinity,Infinity,Infinity,Infinity,Infinity,Infinity,Infinity,Infinity,Infinity,Infinity,Infinity,Infinity,Infinity,Infinity,Infinity,Infinity,Infinity,Infinity,Infinity,Infinity,Infinity,Infinity,Infinity,Infinity,Infinity,Infinity,Infinity,Infinity,Infinity,Infinity,Infinity,Infinity,Infinity,Infinity,Infinity,Infinity,Infinity,Infinity,Infinity,Infinity,Infinity,Infinity,Infinity,Infinity,Infinity,Infinity,Infinity,Infinity,Infinity,Infinity,Infinity,Infinity,Infinity,Infinity,Infinity,Infinity,Infinity,Infinity,Infinity,Infinity,Infinity,Infinity,Infinity,Infinity,Infinity,Infinity,Infinity,Infinity,Infinity,Infinity,Infinity,Infinity,Infinity,Infinity,Infinity,Infinity,Infinity,Infinity,Infinity,Infinity,Infinity,Infinity,Infinity,Infinity,Infinity,Infinity,Infinity,Infinity,Infinity,Infinity,Infinity,Infinity,Infinity,Infinity,Infinity,Infinity,Infinity,Infinity,Infinity,Infinity,Infinity,Infinity,Infinity,Infinity,Infinity] [0.0,0.0,0.0,0.0,0.0,0.0,0.0,0.0,0.0,0.0,0.0,0.0,0.0,0.0,0.0,0.0,0.0,0.0,0.0,0.0,0.0,0.0,0.0,0.0,0.0,0.0,0.0,0.0,0.0,0.0,0.0,0.0,0.0,0.0,0.0,0.0,0.0,0.0,0.0,0.0,0.0,0.0,0.0,0.0,0.0,0.0,0.0,0.0,0.0,0.0,0.0,0.0,0.0,0.0,0.0,0.0,0.0,0.0,0.0,0.0,0.0,0.0,0.0,0.0,0.0,0.0,0.0,0.0,0.0,0.0,0.0,0.0,0.0,0.0,0.0,0.0,0.0,0.0,0.0,0.0,0.0,0.0,0.0,0.0,0.0,0.0,0.0,0.0,0.0,0.0,0.0,0.0,0.0,0.0,0.0,0.0,0.0,0.0,0.0,0.0,0.0,0.0,0.0,0.0,0.0,0.0,0.0,0.0,0.0,0.0,0.0,0.0,0.0,0.0,0.0,0.0,0.0,0.0,0.0,0.0,0.0,0.0,0.0,0.0,0.0,0.0,0.0,0.0,0.0,0.0,0.0,0.0,0.0,0.0,0.0,0.0,0.0,0.0,0.0,0.0,0.0,0.0,0.0,0.0,0.0,0.0,0.0,0.0,0.0,0.0,0.0,0.0,0.0,0.0,0.0,0.0,0.0,0.0,0.0,0.0,0.0,0.0,0.0,0.0,0.0,0.0,0.0,0.0,0.0,0.0,0.0,0.0,0.0,0.0,0.0,0.0,0.0,0.0,0.0,0.0,0.0,0.0,0.0,0.0,0.0,0.0,0.0,0.0,0.0,0.0,0.0,0.0,0.0,0.0,0.0,0.0,0.0,0.0,0.0,0.0,0.0,0.0,0.0,0.0,0.0,0.0,0.0,0.0,0.0,0.0,0.0,0.0,0.0,0.0,0.0,0.0,0.0,0.0,0.0,0.0,0.0,0.0,0.0,0.0,0.0,0.0,0.0,0.0,0.0,0.0,0.0,0.0,0.0,0.0,0.0,0.0,0.0,0.0,0.0,0.0,0.0,0.0,0.0,0.0,0.0,0.0,0.0,0.0,0.0,0.0,0.0,0.0,0.0,0.0,0.0,0.0,0.0,0.0,0.0,0.0,0.0,0.0,0.0,0.0,0.0,0.0,0.0,0.0,0.0,0.0,0.0,0.0,0.0,0.0,0.0,0.0,0.0,0.0,0.0,0.0,0.0,0.0,0.0,0.0,0.0,0.0,0.0,0.0,0.0,0.0,0.0,0.0,0.0,0.0,0.0,0.0,0.0,0.0,0.0,0.0]
56314.25339011443 [0.0,0.0,0.0,0.0,0.0,0.0,0.0,0.0,0.0,0.0,0.0,0.0,0.0,0.0,0.0,0.0,0.0,0.0,0.0,0.0,0.0,0.0,0.0,0.0,0.0,0.0,0.0,0.0,0.0,0.0,0.0,0.0,0.0,0.0,0.0,0.0,0.0,0.0,0.0,0.0,0.0,0.0,0.0,0.0,0.0,0.0,0.0,0.0,0.0,0.0,0.0,0.0,0.0,0.0,0.0,0.0,0.0,0.0,0.0,0.0,0.0,0.0,0.0,0.0,0.0,0.0,0.0,0.0,0.0,0.0,0.0,0.0,0.0,0.0,0.0,0.0,0.0,0.0,0.0,0.0,0.0,0.0,0.0,0.0,0.0,0.0,0.0,0.0,0.0,0.0,0.0,0.0,0.0,0.0,0.0,0.0,0.0,0.0,0.0,0.0,0.0,0.0,0.0,0.0,0.0,0.0,0.0,0.0,0.0,0.0,0.0,0.0,0.0,0.0,0.0,0.0,0.0,0.0,0.0,0.0,0.0,0.0,0.0,0.0,0.0,0.0,0.0,0.0,0.0,0.0,0.0,0.0,0.0,0.0,0.0,0.0,0.0,0.0,0.0,0.0,0.0,0.0,0.0,0.0,0.0,0.0,0.0,0.0,0.0,0.0,0.0,0.0,0.0,0.0,0.0,0.0,0.0,0.0,0.0,0.0,0.0,0.0,0.0,0.0,0.0,0.0,0.0,0.0,0.0,0.0,0.0,0.0,0.0,0.0,0.0,0.0,0.0,0.0,0.0,0.0,0.0,0.0,0.0,0.0,0.0,0.0,0.0,0.0,0.0,0.0,0.0,0.0,0.0,0.0,0.0,0.0,0.0,0.0,0.0,0.0,0.0,0.0,0.0,0.0,0.0,0.0,0.0,0.0,0.0,0.0,0.0,0.0,0.0,0.0,0.0,0.0,0.0,0.0,0.0,0.0,0.0,0.0,0.0,0.0,0.0,0.0,0.0,0.0,0.0,0.0,0.0,0.0,0.0,0.0,0.0,0.0,0.0,0.0,0.0,0.0,0.0,0.0,0.0,0.0,0.0,0.0,0.0,0.0,0.0,0.0,0.0,0.0,0.0,0.0,0.0,0.0,0.0,0.0,0.0,0.0,0.0,0.0,0.0,0.0,0.0,0.0,0.0,0.0,0.0,0.0,0.0,0.0,0.0,0.0,0.0,0.0,0.0,0.0,0.0,0.0,0.0,0.0,0.0,0.0,0.0,0.0,0.0,0.0,0.0,0.0,0.0,0.0,0.0,0.0,0.0,0.0,0.0,0.0,0.0,0.0] [1311.2619900786005,1321.8202200865917,1332.463464547639,1343.19240799478,1354.0077404728797,1364.9101575830227,1375.9003605272408,1386.9790561536227,1398.1469570017646,1409.4047813486081,1420.7532532546286,1432.193102610412,1443.7250651835902,1455.3498826661717,1467.068302722235,1478.881079036026,1490.78897136042,1502.7927455657994,1514.8931736892998,1527.0910339844697,1539.3871109713293,1551.7821954868166,1564.2770847356642,1576.872582341659,1589.569498399342,1602.368649526097,1615.270858914685,1628.2769563861766,1641.3877784433362,1654.6041683244075,1667.9269760573632,1681.3570585145608,1694.895279467867,1708.5425096441993,1722.2996267815402,1736.1675156853773,1750.1470682856248,1764.2391836939755,1778.4447682617345,1792.7647356381167,1807.2000068289992,1821.7515102561672,1836.4201818170154,1851.2069649447558,1866.112810669078,1881.1386776773347,1896.285532376183,1911.5543489537563,1926.9461094423048,1942.4618037813711,1958.1024298814455,1973.8689936881608,1989.7625092469793,2005.7839987684179,2021.9344926937952,2038.215029761504,2054.626657073813,2071.1704301642176,2087.8474130653335,2104.6586783773164,2121.605307336866,2138.6883898867477,2155.9090247459117,2173.268319480143,2190.767390573309,2208.407363499154,2226.1893727937027,2244.1145621282076,2262.184084382728,2280.399101720259,2298.7607856614945,2317.2703171601615,2335.9288866789793,2354.7376942662327,2373.6979496329395,2392.810872230673,2412.077691329971,2431.4996460994216,2451.0779856853383,2470.813969292122,2490.7088662632277,2510.763956162824,2530.9805288580706,2551.359884602096,2571.9033341176064,2592.612198681206,2613.487810208354,2634.5315113390543,2655.7446555241822,2677.1286071125573,2698.6847414386757,2720.4144449111714,2742.319115101994,2764.4001608362782,2786.6590022829737,2809.097071046162,2831.715810257159,2854.5166746673017,2877.5011307415425,2900.67065675274,2924.0267428767575,2947.570891288285,2971.304616257478,2995.22944424732,3019.346914011829,3043.658576695001,3068.1659959305807,3092.870747942638,3117.7744216469364,3142.87861875312,3168.1849538677375,3193.695054598094,3219.410561656912,3245.333128967883,3271.4644237720117,3297.806126734876,3324.3599320546946,3351.1275475713155,3378.1106948760344,3405.3111094223436,3432.7305406375262,3460.3707520352004,3488.23352132871,3516.320640545493,3544.6339161423107,3573.1751691214417,3601.9462351478164,3630.9489646670518,3660.1852230244945,3689.6568905851636,3719.3658628547196,3749.3140506013438,3779.5033799786634,3809.935792649603,3840.6132459112973,3871.5377128209448,3902.7111823227383,3934.135659375755,3965.8131650829396,3997.7457368210635,4029.9354283717907,4062.3843100537392,4095.0944688556665,4128.068008570669,4161.3070499315045,4194.813730746993,4228.590206039511,4262.638648183577,4296.961247045588,4331.560210124669,4366.437762694626,4401.596147947099,4437.037627135803,4472.764479721992,4508.779003521039,4545.083514850253,4581.680348677821,4618.571858773019,4655.7604178575675,4693.248417758249,4731.038269560753,4769.132403764733,4807.533270440121,4846.243339384716,4885.265100283049,4924.601062866471,4964.253757074609,5004.22573321805,5044.519562142395,5085.137835393579,5126.08316538458,5167.3581855634,5208.965550582488,5250.907936469426,5293.188040799074,5335.808582867062,5378.772303864684,5422.081967055189,5465.740357951513,5509.7502844954415,5554.1145772382,5598.836089522486,5643.917697666003,5689.362301146471,5735.17282278806,5781.352208949439,5827.903429713208,5874.829479076986,5922.133375145914,5969.818160326825,6017.886901523867,6066.342690335802,6115.188643254807,6164.427901866934,6214.06363305417,6264.099029198114,6314.537308385285,6365.381714614103,6416.635518003553,6468.302015003491,6520.384528606639,6572.88640856233,6625.811031591967,6679.16180160615,6732.942149923667,6787.155535492116,6841.805445110439,6896.895393653112,6952.428924296275,7008.409608745552,7064.841047465831,7121.726869912778,7179.070734766296,7236.876330165845,7295.147373947643,7353.887613883764,7413.100827923194,7472.790824434837,7532.961442452409,7593.616551921397,7654.7600539479145,7716.395881049652,7778.527997408752,7841.160399126823,7904.2971144818985,7967.94220418758,8032.099761654146,8096.773913251861,8161.968818576374,8227.688670716232,8293.937696522553,8360.720156880894,8428.04034698531,8495.90259661459,8564.311270410717,8633.270768159597,8702.785525074065,8772.860012079082,8843.498736099358,8914.706240349144,8986.487104624512,9058.845945597834,9131.787417114787,9205.31621049359,9279.437054826807,9354.154717285446,9429.47400342559,9505.399757497484,9581.936862757088,9659.090241780126,9736.864856778713,9815.265709920519,9894.297843650465,9973.966341015032,10054.276325989182,10135.232963805956,10216.841461288606,10299.107067185563,10382.035072507933,10465.630810869876,10549.89965883156,10634.84703624505,10720.478406602804,10806.799277389146,10893.815200434417,10981.531772272076,11069.954634498676,11159.08947413668,11248.94202400021,11339.518063063782,11430.823416834026,11522.863957724268,11615.64560543233,11709.174327321158,11803.456138802712,11898.49710372478,11994.303334761045,12090.880993804161,12188.23629236214,12286.375491957784,12385.304904531427,12485.030892846919,12585.55987090084,12686.898304334996,12789.052710852275,12892.029660635888,12995.8357767719,13100.477735675182,13205.962267518828,13312.296156667053,13419.486242111492,13527.539417911097,13636.462633635434,13746.262894811807,13856.947263375758,13968.522858125163,14080.996855178266,14194.376488435144,14308.66905004285,14423.881890864615] 0.31126199007860056 [Infinity,Infinity,Infinity,Infinity,Infinity,Infinity,Infinity,Infinity,Infinity,Infinity,Infinity,Infinity,Infinity,Infinity,Infinity,Infinity,Infinity,Infinity,Infinity,Infinity,Infinity,Infinity,Infinity,Infinity,Infinity,Infinity,Infinity,Infinity,Infinity,Infinity,Infinity,Infinity,Infinity,Infinity,Infinity,Infinity,Infinity,Infinity,Infinity,Infinity,Infinity,Infinity,Infinity,Infinity,Infinity,Infinity,Infinity,Infinity,Infinity,Infinity,Infinity,Infinity,Infinity,Infinity,Infinity,Infinity,Infinity,Infinity,Infinity,Infinity,Infinity,Infinity,Infinity,Infinity,Infinity,Infinity,Infinity,Infinity,Infinity,Infinity,Infinity,Infinity,Infinity,Infinity,Infinity,Infinity,Infinity,Infinity,Infinity,Infinity,Infinity,Infinity,Infinity,Infinity,Infinity,Infinity,Infinity,Infinity,Infinity,Infinity,Infinity,Infinity,Infinity,Infinity,Infinity,Infinity,Infinity,Infinity,Infinity,Infinity,Infinity,Infinity,Infinity,Infinity,Infinity,Infinity,Infinity,Infinity,Infinity,Infinity,Infinity,Infinity,Infinity,Infinity,Infinity,Infinity,Infinity,Infinity,Infinity,Infinity,Infinity,Infinity,Infinity,Infinity,Infinity,Infinity,Infinity,Infinity,Infinity,Infinity,Infinity,Infinity,Infinity,Infinity,Infinity,Infinity,Infinity,Infinity,Infinity,Infinity,Infinity,Infinity,Infinity,Infinity,Infinity,Infinity,Infinity,Infinity,Infinity,Infinity,Infinity,Infinity,Infinity,Infinity,Infinity,Infinity,Infinity,Infinity,Infinity,Infinity,Infinity,Infinity,Infinity,Infinity,Infinity,Infinity,Infinity,Infinity,Infinity,Infinity,Infinity,Infinity,Infinity,Infinity,Infinity,Infinity,Infinity,Infinity,Infinity,Infinity,Infinity,Infinity,Infinity,Infinity,Infinity,Infinity,Infinity,Infinity,Infinity,Infinity,Infinity,Infinity,Infinity,Infinity,Infinity,Infinity,Infinity,Infinity,Infinity,Infinity,Infinity,Infinity,Infinity,Infinity,Infinity,Infinity,Infinity,Infinity,Infinity,Infinity,Infinity,Infinity,Infinity,Infinity,Infinity,Infinity,Infinity,Infinity,Infinity,Infinity,Infinity,Infinity,Infinity,Infinity,Infinity,Infinity,Infinity,Infinity,Infinity,Infinity,Infinity,Infinity,Infinity,Infinity,Infinity,Infinity,Infinity,Infinity,Infinity,Infinity,Infinity,Infinity,Infinity,Infinity,Infinity,Infinity,Infinity,Infinity,Infinity,Infinity,Infinity,Infinity,Infinity,Infinity,Infinity,Infinity,Infinity,Infinity,Infinity,Infinity,Infinity,Infinity,Infinity,Infinity,Infinity,Infinity,Infinity,Infinity,Infinity,Infinity,Infinity,Infinity,Infinity,Infinity,Infinity,Infinity,Infinity,Infinity,Infinity,Infinity,Infinity,Infinity,Infinity,Infinity,Infinity,Infinity,Infinity,Infinity,Infinity,Infinity,Infinity,Infinity,Infinity,Infinity,Infinity,Infinity,Infinity,Infinity,Infinity,Infinity] [0.0,0.0,0.0,0.0,0.0,0.0,0.0,0.0,0.0,0.0,0.0,0.0,0.0,0.0,0.0,0.0,0.0,0.0,0.0,0.0,0.0,0.0,0.0,0.0,0.0,0.0,0.0,0.0,0.0,0.0,0.0,0.0,0.0,0.0,0.0,0.0,0.0,0.0,0.0,0.0,0.0,0.0,0.0,0.0,0.0,0.0,0.0,0.0,0.0,0.0,0.0,0.0,0.0,0.0,0.0,0.0,0.0,0.0,0.0,0.0,0.0,0.0,0.0,0.0,0.0,0.0,0.0,0.0,0.0,0.0,0.0,0.0,0.0,0.0,0.0,0.0,0.0,0.0,0.0,0.0,0.0,0.0,0.0,0.0,0.0,0.0,0.0,0.0,0.0,0.0,0.0,0.0,0.0,0.0,0.0,0.0,0.0,0.0,0.0,0.0,0.0,0.0,0.0,0.0,0.0,0.0,0.0,0.0,0.0,0.0,0.0,0.0,0.0,0.0,0.0,0.0,0.0,0.0,0.0,0.0,0.0,0.0,0.0,0.0,0.0,0.0,0.0,0.0,0.0,0.0,0.0,0.0,0.0,0.0,0.0,0.0,0.0,0.0,0.0,0.0,0.0,0.0,0.0,0.0,0.0,0.0,0.0,0.0,0.0,0.0,0.0,0.0,0.0,0.0,0.0,0.0,0.0,0.0,0.0,0.0,0.0,0.0,0.0,0.0,0.0,0.0,0.0,0.0,0.0,0.0,0.0,0.0,0.0,0.0,0.0,0.0,0.0,0.0,0.0,0.0,0.0,0.0,0.0,0.0,0.0,0.0,0.0,0.0,0.0,0.0,0.0,0.0,0.0,0.0,0.0,0.0,0.0,0.0,0.0,0.0,0.0,0.0,0.0,0.0,0.0,0.0,0.0,0.0,0.0,0.0,0.0,0.0,0.0,0.0,0.0,0.0,0.0,0.0,0.0,0.0,0.0,0.0,0.0,0.0,0.0,0.0,0.0,0.0,0.0,0.0,0.0,0.0,0.0,0.0,0.0,0.0,0.0,0.0,0.0,0.0,0.0,0.0,0.0,0.0,0.0,0.0,0.0,0.0,0.0,0.0,0.0,0.0,0.0,0.0,0.0,0.0,0.0,0.0,0.0,0.0,0.0,0.0,0.0,0.0,0.0,0.0,0.0,0.0,0.0,0.0,0.0,0.0,0.0,0.0,0.0,0.0,0.0,0.0,0.0,0.0,0.0,0.0,0.0,0.0,0.0,0.0,0.0,0.0,0.0,0.0,0.0,0.0,0.0,0.0,0.0,0.0,0.0,0.0,0.0,0.0]
56404.58226593209 [0.0,0.0,0.0,0.0,0.0,0.0,0.0,0.0,0.0,0.0,0.0,0.0,0.0,0.0,0.0,0.0,0.0,0.0,0.0,0.0,0.0,0.0,0.0,0.0,0.0,0.0,0.0,0.0,0.0,0.0,0.0,0.0,0.0,0.0,0.0,0.0,0.0,0.0,0.0,0.0,0.0,0.0,0.0,0.0,0.0,0.0,0.0,0.0,0.0,0.0,0.0,0.0,0.0,0.0,0.0,0.0,0.0,0.0,0.0,0.0,0.0,0.0,0.0,0.0,0.0,0.0,0.0,0.0,0.0,0.0,0.0,0.0,0.0,0.0,0.0,0.0,0.0,0.0,0.0,0.0,0.0,0.0,0.0,0.0,0.0,0.0,0.0,0.0,0.0,0.0,0.0,0.0,0.0,0.0,0.0,0.0,0.0,0.0,0.0,0.0,0.0,0.0,0.0,0.0,0.0,0.0,0.0,0.0,0.0,0.0,0.0,0.0,0.0,0.0,0.0,0.0,0.0,0.0,0.0,0.0,0.0,0.0,0.0,0.0,0.0,0.0,0.0,0.0,0.0,0.0,0.0,0.0,0.0,0.0,0.0,0.0,0.0,0.0,0.0,0.0,0.0,0.0,0.0,0.0,0.0,0.0,0.0,0.0,0.0,0.0,0.0,0.0,0.0,0.0,0.0,0.0,0.0,0.0,0.0,0.0,0.0,0.0,0.0,0.0,0.0,0.0,0.0,0.0,0.0,0.0,0.0,0.0,0.0,0.0,0.0,0.0,0.0,0.0,0.0,0.0,0.0,0.0,0.0,0.0,0.0,0.0,0.0,0.0,0.0,0.0,0.0,0.0,0.0,0.0,0.0,0.0,0.0,0.0,0.0,0.0,0.0,0.0,0.0,0.0,0.0,0.0,0.0,0.0,0.0,0.0,0.0,0.0,0.0,0.0,0.0,0.0,0.0,0.0,0.0,0.0,0.0,0.0,0.0,0.0,0.0,0.0,0.0,0.0,0.0,0.0,0.0,0.0,0.0,0.0,0.0,0.0,0.0,0.0,0.0,0.0,0.0,0.0,0.0,0.0,0.0,0.0,0.0,0.0,0.0,0.0,0.0,0.0,0.0,0.0,0.0,0.0,0.0,0.0,0.0,0.0,0.0,0.0,0.0,0.0,0.0,0.0,0.0,0.0,0.0,0.0,0.0,0.0,0.0,0.0,0.0,0.0,0.0,0.0,0.0,0.0,0.0,0.0,0.0,0.0,0.0,0.0,0.0,0.0,0.0,0.0,0.0,0.0,0.0,0.0,0.0,0.0,0.0,0.0,0.0,0.0] [1311.2619900786005,1321.8202200865917,1332.463464547639,1343.19240799478,1354.0077404728797,1364.9101575830227,1375.9003605272408,1386.9790561536227,1398.1469570017646,1409.4047813486081,1420.7532532546286,1432.193102610412,1443.7250651835902,1455.3498826661717,1467.068302722235,1478.881079036026,1490.78897136042,1502.7927455657994,1514.8931736892998,1527.0910339844697,1539.3871109713293,1551.7821954868166,1564.2770847356642,1576.872582341659,1589.569498399342,1602.368649526097,1615.270858914685,1628.2769563861766,1641.3877784433362,1654.6041683244075,1667.9269760573632,1681.3570585145608,1694.895279467867,1708.5425096441993,1722.2996267815402,1736.1675156853773,1750.1470682856248,1764.2391836939755,1778.4447682617345,1792.7647356381167,1807.2000068289992,1821.7515102561672,1836.4201818170154,1851.2069649447558,1866.112810669078,1881.1386776773347,1896.285532376183,1911.5543489537563,1926.9461094423048,1942.4618037813711,1958.1024298814455,1973.8689936881608,1989.7625092469793,2005.7839987684179,2021.9344926937952,2038.215029761504,2054.626657073813,2071.1704301642176,2087.8474130653335,2104.6586783773164,2121.605307336866,2138.6883898867477,2155.9090247459117,2173.268319480143,2190.767390573309,2208.407363499154,2226.1893727937027,2244.1145621282076,2262.184084382728,2280.399101720259,2298.7607856614945,2317.2703171601615,2335.9288866789793,2354.7376942662327,2373.6979496329395,2392.810872230673,2412.077691329971,2431.4996460994216,2451.0779856853383,2470.813969292122,2490.7088662632277,2510.763956162824,2530.9805288580706,2551.359884602096,2571.9033341176064,2592.612198681206,2613.487810208354,2634.5315113390543,2655.7446555241822,2677.1286071125573,2698.6847414386757,2720.4144449111714,2742.319115101994,2764.4001608362782,2786.6590022829737,2809.097071046162,2831.715810257159,2854.5166746673017,2877.5011307415425,2900.67065675274,2924.0267428767575,2947.570891288285,2971.304616257478,2995.22944424732,3019.346914011829,3043.658576695001,3068.1659959305807,3092.870747942638,3117.7744216469364,3142.87861875312,3168.1849538677375,3193.695054598094,3219.410561656912,3245.333128967883,3271.4644237720117,3297.806126734876,3324.3599320546946,3351.1275475713155,3378.1106948760344,3405.3111094223436,3432.7305406375262,3460.3707520352004,3488.23352132871,3516.320640545493,3544.6339161423107,3573.1751691214417,3601.9462351478164,3630.9489646670518,3660.1852230244945,3689.6568905851636,3719.3658628547196,3749.3140506013438,3779.5033799786634,3809.935792649603,3840.6132459112973,3871.5377128209448,3902.7111823227383,3934.135659375755,3965.8131650829396,3997.7457368210635,4029.9354283717907,4062.3843100537392,4095.0944688556665,4128.068008570669,4161.3070499315045,4194.813730746993,4228.590206039511,4262.638648183577,4296.961247045588,4331.560210124669,4366.437762694626,4401.596147947099,4437.037627135803,4472.764479721992,4508.779003521039,4545.083514850253,4581.680348677821,4618.571858773019,4655.7604178575675,4693.248417758249,4731.038269560753,4769.132403764733,4807.533270440121,4846.243339384716,4885.265100283049,4924.601062866471,4964.253757074609,5004.22573321805,5044.519562142395,5085.137835393579,5126.08316538458,5167.3581855634,5208.965550582488,5250.907936469426,5293.188040799074,5335.808582867062,5378.772303864684,5422.081967055189,5465.740357951513,5509.7502844954415,5554.1145772382,5598.836089522486,5643.917697666003,5689.362301146471,5735.17282278806,5781.352208949439,5827.903429713208,5874.829479076986,5922.133375145914,5969.818160326825,6017.886901523867,6066.342690335802,6115.188643254807,6164.427901866934,6214.06363305417,6264.099029198114,6314.537308385285,6365.381714614103,6416.635518003553,6468.302015003491,6520.384528606639,6572.88640856233,6625.811031591967,6679.16180160615,6732.942149923667,6787.155535492116,6841.805445110439,6896.895393653112,6952.428924296275,7008.409608745552,7064.841047465831,7121.726869912778,7179.070734766296,7236.876330165845,7295.147373947643,7353.887613883764,7413.100827923194,7472.790824434837,7532.961442452409,7593.616551921397,7654.7600539479145,7716.395881049652,7778.527997408752,7841.160399126823,7904.2971144818985,7967.94220418758,8032.099761654146,8096.773913251861,8161.968818576374,8227.688670716232,8293.937696522553,8360.720156880894,8428.04034698531,8495.90259661459,8564.311270410717,8633.270768159597,8702.785525074065,8772.860012079082,8843.498736099358,8914.706240349144,8986.487104624512,9058.845945597834,9131.787417114787,9205.31621049359,9279.437054826807,9354.154717285446,9429.47400342559,9505.399757497484,9581.936862757088,9659.090241780126,9736.864856778713,9815.265709920519,9894.297843650465,9973.966341015032,10054.276325989182,10135.232963805956,10216.841461288606,10299.107067185563,10382.035072507933,10465.630810869876,10549.89965883156,10634.84703624505,10720.478406602804,10806.799277389146,10893.815200434417,10981.531772272076,11069.954634498676,11159.08947413668,11248.94202400021,11339.518063063782,11430.823416834026,11522.863957724268,11615.64560543233,11709.174327321158,11803.456138802712,11898.49710372478,11994.303334761045,12090.880993804161,12188.23629236214,12286.375491957784,12385.304904531427,12485.030892846919,12585.55987090084,12686.898304334996,12789.052710852275,12892.029660635888,12995.8357767719,13100.477735675182,13205.962267518828,13312.296156667053,13419.486242111492,13527.539417911097,13636.462633635434,13746.262894811807,13856.947263375758,13968.522858125163,14080.996855178266,14194.376488435144,14308.66905004285,14423.881890864615] 0.31126199007860056 [Infinity,Infinity,Infinity,Infinity,Infinity,Infinity,Infinity,Infinity,Infinity,Infinity,Infinity,Infinity,Infinity,Infinity,Infinity,Infinity,Infinity,Infinity,Infinity,Infinity,Infinity,Infinity,Infinity,Infinity,Infinity,Infinity,Infinity,Infinity,Infinity,Infinity,Infinity,Infinity,Infinity,Infinity,Infinity,Infinity,Infinity,Infinity,Infinity,Infinity,Infinity,Infinity,Infinity,Infinity,Infinity,Infinity,Infinity,Infinity,Infinity,Infinity,Infinity,Infinity,Infinity,Infinity,Infinity,Infinity,Infinity,Infinity,Infinity,Infinity,Infinity,Infinity,Infinity,Infinity,Infinity,Infinity,Infinity,Infinity,Infinity,Infinity,Infinity,Infinity,Infinity,Infinity,Infinity,Infinity,Infinity,Infinity,Infinity,Infinity,Infinity,Infinity,Infinity,Infinity,Infinity,Infinity,Infinity,Infinity,Infinity,Infinity,Infinity,Infinity,Infinity,Infinity,Infinity,Infinity,Infinity,Infinity,Infinity,Infinity,Infinity,Infinity,Infinity,Infinity,Infinity,Infinity,Infinity,Infinity,Infinity,Infinity,Infinity,Infinity,Infinity,Infinity,Infinity,Infinity,Infinity,Infinity,Infinity,Infinity,Infinity,Infinity,Infinity,Infinity,Infinity,Infinity,Infinity,Infinity,Infinity,Infinity,Infinity,Infinity,Infinity,Infinity,Infinity,Infinity,Infinity,Infinity,Infinity,Infinity,Infinity,Infinity,Infinity,Infinity,Infinity,Infinity,Infinity,Infinity,Infinity,Infinity,Infinity,Infinity,Infinity,Infinity,Infinity,Infinity,Infinity,Infinity,Infinity,Infinity,Infinity,Infinity,Infinity,Infinity,Infinity,Infinity,Infinity,Infinity,Infinity,Infinity,Infinity,Infinity,Infinity,Infinity,Infinity,Infinity,Infinity,Infinity,Infinity,Infinity,Infinity,Infinity,Infinity,Infinity,Infinity,Infinity,Infinity,Infinity,Infinity,Infinity,Infinity,Infinity,Infinity,Infinity,Infinity,Infinity,Infinity,Infinity,Infinity,Infinity,Infinity,Infinity,Infinity,Infinity,Infinity,Infinity,Infinity,Infinity,Infinity,Infinity,Infinity,Infinity,Infinity,Infinity,Infinity,Infinity,Infinity,Infinity,Infinity,Infinity,Infinity,Infinity,Infinity,Infinity,Infinity,Infinity,Infinity,Infinity,Infinity,Infinity,Infinity,Infinity,Infinity,Infinity,Infinity,Infinity,Infinity,Infinity,Infinity,Infinity,Infinity,Infinity,Infinity,Infinity,Infinity,Infinity,Infinity,Infinity,Infinity,Infinity,Infinity,Infinity,Infinity,Infinity,Infinity,Infinity,Infinity,Infinity,Infinity,Infinity,Infinity,Infinity,Infinity,Infinity,Infinity,Infinity,Infinity,Infinity,Infinity,Infinity,Infinity,Infinity,Infinity,Infinity,Infinity,Infinity,Infinity,Infinity,Infinity,Infinity,Infinity,Infinity,Infinity,Infinity,Infinity,Infinity,Infinity,Infinity,Infinity,Infinity,Infinity,Infinity,Infinity,Infinity,Infinity,Infinity,Infinity,Infinity,Infinity,Infinity] [0.0,0.0,0.0,0.0,0.0,0.0,0.0,0.0,0.0,0.0,0.0,0.0,0.0,0.0,0.0,0.0,0.0,0.0,0.0,0.0,0.0,0.0,0.0,0.0,0.0,0.0,0.0,0.0,0.0,0.0,0.0,0.0,0.0,0.0,0.0,0.0,0.0,0.0,0.0,0.0,0.0,0.0,0.0,0.0,0.0,0.0,0.0,0.0,0.0,0.0,0.0,0.0,0.0,0.0,0.0,0.0,0.0,0.0,0.0,0.0,0.0,0.0,0.0,0.0,0.0,0.0,0.0,0.0,0.0,0.0,0.0,0.0,0.0,0.0,0.0,0.0,0.0,0.0,0.0,0.0,0.0,0.0,0.0,0.0,0.0,0.0,0.0,0.0,0.0,0.0,0.0,0.0,0.0,0.0,0.0,0.0,0.0,0.0,0.0,0.0,0.0,0.0,0.0,0.0,0.0,0.0,0.0,0.0,0.0,0.0,0.0,0.0,0.0,0.0,0.0,0.0,0.0,0.0,0.0,0.0,0.0,0.0,0.0,0.0,0.0,0.0,0.0,0.0,0.0,0.0,0.0,0.0,0.0,0.0,0.0,0.0,0.0,0.0,0.0,0.0,0.0,0.0,0.0,0.0,0.0,0.0,0.0,0.0,0.0,0.0,0.0,0.0,0.0,0.0,0.0,0.0,0.0,0.0,0.0,0.0,0.0,0.0,0.0,0.0,0.0,0.0,0.0,0.0,0.0,0.0,0.0,0.0,0.0,0.0,0.0,0.0,0.0,0.0,0.0,0.0,0.0,0.0,0.0,0.0,0.0,0.0,0.0,0.0,0.0,0.0,0.0,0.0,0.0,0.0,0.0,0.0,0.0,0.0,0.0,0.0,0.0,0.0,0.0,0.0,0.0,0.0,0.0,0.0,0.0,0.0,0.0,0.0,0.0,0.0,0.0,0.0,0.0,0.0,0.0,0.0,0.0,0.0,0.0,0.0,0.0,0.0,0.0,0.0,0.0,0.0,0.0,0.0,0.0,0.0,0.0,0.0,0.0,0.0,0.0,0.0,0.0,0.0,0.0,0.0,0.0,0.0,0.0,0.0,0.0,0.0,0.0,0.0,0.0,0.0,0.0,0.0,0.0,0.0,0.0,0.0,0.0,0.0,0.0,0.0,0.0,0.0,0.0,0.0,0.0,0.0,0.0,0.0,0.0,0.0,0.0,0.0,0.0,0.0,0.0,0.0,0.0,0.0,0.0,0.0,0.0,0.0,0.0,0.0,0.0,0.0,0.0,0.0,0.0,0.0,0.0,0.0,0.0,0.0,0.0,0.0]
56163.52130316562 [0.0,0.0,0.0,0.0,0.0,0.0,0.0,0.0,0.0,0.0,0.0,0.0,0.0,0.0,0.0,0.0,0.0,0.0,0.0,0.0,0.0,0.0,0.0,0.0,0.0,0.0,0.0,0.0,0.0,0.0,0.0,0.0,0.0,0.0,0.0,0.0,0.0,0.0,0.0,0.0,0.0,0.0,0.0,0.0,0.0,0.0,0.0,0.0,0.0,0.0,0.0,0.0,0.0,0.0,0.0,0.0,0.0,0.0,0.0,0.0,0.0,0.0,0.0,0.0,0.0,0.0,0.0,0.0,0.0,0.0,0.0,0.0,0.0,0.0,0.0,0.0,0.0,0.0,0.0,0.0,0.0,0.0,0.0,0.0,0.0,0.0,0.0,0.0,0.0,0.0,0.0,0.0,0.0,0.0,0.0,0.0,0.0,0.0,0.0,0.0,0.0,0.0,0.0,0.0,0.0,0.0,0.0,0.0,0.0,0.0,0.0,0.0,0.0,0.0,0.0,0.0,0.0,0.0,0.0,0.0,0.0,0.0,0.0,0.0,0.0,0.0,0.0,0.0,0.0,0.0,0.0,0.0,0.0,0.0,0.0,0.0,0.0,0.0,0.0,0.0,0.0,0.0,0.0,0.0,0.0,0.0,0.0,0.0,0.0,0.0,0.0,0.0,0.0,0.0,0.0,0.0,0.0,0.0,0.0,0.0,0.0,0.0,0.0,0.0,0.0,0.0,0.0,0.0,0.0,0.0,0.0,0.0,0.0,0.0,0.0,0.0,0.0,0.0,0.0,0.0,0.0,0.0,0.0,0.0,0.0,0.0,0.0,0.0,0.0,0.0,0.0,0.0,0.0,0.0,0.0,0.0,0.0,0.0,0.0,0.0,0.0,0.0,0.0,0.0,0.0,0.0,0.0,0.0,0.0,0.0,0.0,0.0,0.0,0.0,0.0,0.0,0.0,0.0,0.0,0.0,0.0,0.0,0.0,0.0,0.0,0.0,0.0,0.0,0.0,0.0,0.0,0.0,0.0,0.0,0.0,0.0,0.0,0.0,0.0,0.0,0.0,0.0,0.0,0.0,0.0,0.0,0.0,0.0,0.0,0.0,0.0,0.0,0.0,0.0,0.0,0.0,0.0,0.0,0.0,0.0,0.0,0.0,0.0,0.0,0.0,0.0,0.0,0.0,0.0,0.0,0.0,0.0,0.0,0.0,0.0,0.0,0.0,0.0,0.0,0.0,0.0,0.0,0.0,0.0,0.0,0.0,0.0,0.0,0.0,0.0,0.0,0.0,0.0,0.0,0.0,0.0,0.0,0.0,0.0,0.0] [1311.2619900786005,1321.8202200865917,1332.463464547639,1343.19240799478,1354.0077404728797,1364.9101575830227,1375.9003605272408,1386.9790561536227,1398.1469570017646,1409.4047813486081,1420.7532532546286,1432.193102610412,1443.7250651835902,1455.3498826661717,1467.068302722235,1478.881079036026,1490.78897136042,1502.7927455657994,1514.8931736892998,1527.0910339844697,1539.3871109713293,1551.7821954868166,1564.2770847356642,1576.872582341659,1589.569498399342,1602.368649526097,1615.270858914685,1628.2769563861766,1641.3877784433362,1654.6041683244075,1667.9269760573632,1681.3570585145608,1694.895279467867,1708.5425096441993,1722.2996267815402,1736.1675156853773,1750.1470682856248,1764.2391836939755,1778.4447682617345,1792.7647356381167,1807.2000068289992,1821.7515102561672,1836.4201818170154,1851.2069649447558,1866.112810669078,1881.1386776773347,1896.285532376183,1911.5543489537563,1926.9461094423048,1942.4618037813711,1958.1024298814455,1973.8689936881608,1989.7625092469793,2005.7839987684179,2021.9344926937952,2038.215029761504,2054.626657073813,2071.1704301642176,2087.8474130653335,2104.6586783773164,2121.605307336866,2138.6883898867477,2155.9090247459117,2173.268319480143,2190.767390573309,2208.407363499154,2226.1893727937027,2244.1145621282076,2262.184084382728,2280.399101720259,2298.7607856614945,2317.2703171601615,2335.9288866789793,2354.7376942662327,2373.6979496329395,2392.810872230673,2412.077691329971,2431.4996460994216,2451.0779856853383,2470.813969292122,2490.7088662632277,2510.763956162824,2530.9805288580706,2551.359884602096,2571.9033341176064,2592.612198681206,2613.487810208354,2634.5315113390543,2655.7446555241822,2677.1286071125573,2698.6847414386757,2720.4144449111714,2742.319115101994,2764.4001608362782,2786.6590022829737,2809.097071046162,2831.715810257159,2854.5166746673017,2877.5011307415425,2900.67065675274,2924.0267428767575,2947.570891288285,2971.304616257478,2995.22944424732,3019.346914011829,3043.658576695001,3068.1659959305807,3092.870747942638,3117.7744216469364,3142.87861875312,3168.1849538677375,3193.695054598094,3219.410561656912,3245.333128967883,3271.4644237720117,3297.806126734876,3324.3599320546946,3351.1275475713155,3378.1106948760344,3405.3111094223436,3432.7305406375262,3460.3707520352004,3488.23352132871,3516.320640545493,3544.6339161423107,3573.1751691214417,3601.9462351478164,3630.9489646670518,3660.1852230244945,3689.6568905851636,3719.3658628547196,3749.3140506013438,3779.5033799786634,3809.935792649603,3840.6132459112973,3871.5377128209448,3902.7111823227383,3934.135659375755,3965.8131650829396,3997.7457368210635,4029.9354283717907,4062.3843100537392,4095.0944688556665,4128.068008570669,4161.3070499315045,4194.813730746993,4228.590206039511,4262.638648183577,4296.961247045588,4331.560210124669,4366.437762694626,4401.596147947099,4437.037627135803,4472.764479721992,4508.779003521039,4545.083514850253,4581.680348677821,4618.571858773019,4655.7604178575675,4693.248417758249,4731.038269560753,4769.132403764733,4807.533270440121,4846.243339384716,4885.265100283049,4924.601062866471,4964.253757074609,5004.22573321805,5044.519562142395,5085.137835393579,5126.08316538458,5167.3581855634,5208.965550582488,5250.907936469426,5293.188040799074,5335.808582867062,5378.772303864684,5422.081967055189,5465.740357951513,5509.7502844954415,5554.1145772382,5598.836089522486,5643.917697666003,5689.362301146471,5735.17282278806,5781.352208949439,5827.903429713208,5874.829479076986,5922.133375145914,5969.818160326825,6017.886901523867,6066.342690335802,6115.188643254807,6164.427901866934,6214.06363305417,6264.099029198114,6314.537308385285,6365.381714614103,6416.635518003553,6468.302015003491,6520.384528606639,6572.88640856233,6625.811031591967,6679.16180160615,6732.942149923667,6787.155535492116,6841.805445110439,6896.895393653112,6952.428924296275,7008.409608745552,7064.841047465831,7121.726869912778,7179.070734766296,7236.876330165845,7295.147373947643,7353.887613883764,7413.100827923194,7472.790824434837,7532.961442452409,7593.616551921397,7654.7600539479145,7716.395881049652,7778.527997408752,7841.160399126823,7904.2971144818985,7967.94220418758,8032.099761654146,8096.773913251861,8161.968818576374,8227.688670716232,8293.937696522553,8360.720156880894,8428.04034698531,8495.90259661459,8564.311270410717,8633.270768159597,8702.785525074065,8772.860012079082,8843.498736099358,8914.706240349144,8986.487104624512,9058.845945597834,9131.787417114787,9205.31621049359,9279.437054826807,9354.154717285446,9429.47400342559,9505.399757497484,9581.936862757088,9659.090241780126,9736.864856778713,9815.265709920519,9894.297843650465,9973.966341015032,10054.276325989182,10135.232963805956,10216.841461288606,10299.107067185563,10382.035072507933,10465.630810869876,10549.89965883156,10634.84703624505,10720.478406602804,10806.799277389146,10893.815200434417,10981.531772272076,11069.954634498676,11159.08947413668,11248.94202400021,11339.518063063782,11430.823416834026,11522.863957724268,11615.64560543233,11709.174327321158,11803.456138802712,11898.49710372478,11994.303334761045,12090.880993804161,12188.23629236214,12286.375491957784,12385.304904531427,12485.030892846919,12585.55987090084,12686.898304334996,12789.052710852275,12892.029660635888,12995.8357767719,13100.477735675182,13205.962267518828,13312.296156667053,13419.486242111492,13527.539417911097,13636.462633635434,13746.262894811807,13856.947263375758,13968.522858125163,14080.996855178266,14194.376488435144,14308.66905004285,14423.881890864615] 0.31126199007860056 [Infinity,Infinity,Infinity,Infinity,Infinity,Infinity,Infinity,Infinity,Infinity,Infinity,Infinity,Infinity,Infinity,Infinity,Infinity,Infinity,Infinity,Infinity,Infinity,Infinity,Infinity,Infinity,Infinity,Infinity,Infinity,Infinity,Infinity,Infinity,Infinity,Infinity,Infinity,Infinity,Infinity,Infinity,Infinity,Infinity,Infinity,Infinity,Infinity,Infinity,Infinity,Infinity,Infinity,Infinity,Infinity,Infinity,Infinity,Infinity,Infinity,Infinity,Infinity,Infinity,Infinity,Infinity,Infinity,Infinity,Infinity,Infinity,Infinity,Infinity,Infinity,Infinity,Infinity,Infinity,Infinity,Infinity,Infinity,Infinity,Infinity,Infinity,Infinity,Infinity,Infinity,Infinity,Infinity,Infinity,Infinity,Infinity,Infinity,Infinity,Infinity,Infinity,Infinity,Infinity,Infinity,Infinity,Infinity,Infinity,Infinity,Infinity,Infinity,Infinity,Infinity,Infinity,Infinity,Infinity,Infinity,Infinity,Infinity,Infinity,Infinity,Infinity,Infinity,Infinity,Infinity,Infinity,Infinity,Infinity,Infinity,Infinity,Infinity,Infinity,Infinity,Infinity,Infinity,Infinity,Infinity,Infinity,Infinity,Infinity,Infinity,Infinity,Infinity,Infinity,Infinity,Infinity,Infinity,Infinity,Infinity,Infinity,Infinity,Infinity,Infinity,Infinity,Infinity,Infinity,Infinity,Infinity,Infinity,Infinity,Infinity,Infinity,Infinity,Infinity,Infinity,Infinity,Infinity,Infinity,Infinity,Infinity,Infinity,Infinity,Infinity,Infinity,Infinity,Infinity,Infinity,Infinity,Infinity,Infinity,Infinity,Infinity,Infinity,Infinity,Infinity,Infinity,Infinity,Infinity,Infinity,Infinity,Infinity,Infinity,Infinity,Infinity,Infinity,Infinity,Infinity,Infinity,Infinity,Infinity,Infinity,Infinity,Infinity,Infinity,Infinity,Infinity,Infinity,Infinity,Infinity,Infinity,Infinity,Infinity,Infinity,Infinity,Infinity,Infinity,Infinity,Infinity,Infinity,Infinity,Infinity,Infinity,Infinity,Infinity,Infinity,Infinity,Infinity,Infinity,Infinity,Infinity,Infinity,Infinity,Infinity,Infinity,Infinity,Infinity,Infinity,Infinity,Infinity,Infinity,Infinity,Infinity,Infinity,Infinity,Infinity,Infinity,Infinity,Infinity,Infinity,Infinity,Infinity,Infinity,Infinity,Infinity,Infinity,Infinity,Infinity,Infinity,Infinity,Infinity,Infinity,Infinity,Infinity,Infinity,Infinity,Infinity,Infinity,Infinity,Infinity,Infinity,Infinity,Infinity,Infinity,Infinity,Infinity,Infinity,Infinity,Infinity,Infinity,Infinity,Infinity,Infinity,Infinity,Infinity,Infinity,Infinity,Infinity,Infinity,Infinity,Infinity,Infinity,Infinity,Infinity,Infinity,Infinity,Infinity,Infinity,Infinity,Infinity,Infinity,Infinity,Infinity,Infinity,Infinity,Infinity,Infinity,Infinity,Infinity,Infinity,Infinity,Infinity,Infinity,Infinity,Infinity,Infinity,Infinity,Infinity,Infinity,Infinity,Infinity] [0.0,0.0,0.0,0.0,0.0,0.0,0.0,0.0,0.0,0.0,0.0,0.0,0.0,0.0,0.0,0.0,0.0,0.0,0.0,0.0,0.0,0.0,0.0,0.0,0.0,0.0,0.0,0.0,0.0,0.0,0.0,0.0,0.0,0.0,0.0,0.0,0.0,0.0,0.0,0.0,0.0,0.0,0.0,0.0,0.0,0.0,0.0,0.0,0.0,0.0,0.0,0.0,0.0,0.0,0.0,0.0,0.0,0.0,0.0,0.0,0.0,0.0,0.0,0.0,0.0,0.0,0.0,0.0,0.0,0.0,0.0,0.0,0.0,0.0,0.0,0.0,0.0,0.0,0.0,0.0,0.0,0.0,0.0,0.0,0.0,0.0,0.0,0.0,0.0,0.0,0.0,0.0,0.0,0.0,0.0,0.0,0.0,0.0,0.0,0.0,0.0,0.0,0.0,0.0,0.0,0.0,0.0,0.0,0.0,0.0,0.0,0.0,0.0,0.0,0.0,0.0,0.0,0.0,0.0,0.0,0.0,0.0,0.0,0.0,0.0,0.0,0.0,0.0,0.0,0.0,0.0,0.0,0.0,0.0,0.0,0.0,0.0,0.0,0.0,0.0,0.0,0.0,0.0,0.0,0.0,0.0,0.0,0.0,0.0,0.0,0.0,0.0,0.0,0.0,0.0,0.0,0.0,0.0,0.0,0.0,0.0,0.0,0.0,0.0,0.0,0.0,0.0,0.0,0.0,0.0,0.0,0.0,0.0,0.0,0.0,0.0,0.0,0.0,0.0,0.0,0.0,0.0,0.0,0.0,0.0,0.0,0.0,0.0,0.0,0.0,0.0,0.0,0.0,0.0,0.0,0.0,0.0,0.0,0.0,0.0,0.0,0.0,0.0,0.0,0.0,0.0,0.0,0.0,0.0,0.0,0.0,0.0,0.0,0.0,0.0,0.0,0.0,0.0,0.0,0.0,0.0,0.0,0.0,0.0,0.0,0.0,0.0,0.0,0.0,0.0,0.0,0.0,0.0,0.0,0.0,0.0,0.0,0.0,0.0,0.0,0.0,0.0,0.0,0.0,0.0,0.0,0.0,0.0,0.0,0.0,0.0,0.0,0.0,0.0,0.0,0.0,0.0,0.0,0.0,0.0,0.0,0.0,0.0,0.0,0.0,0.0,0.0,0.0,0.0,0.0,0.0,0.0,0.0,0.0,0.0,0.0,0.0,0.0,0.0,0.0,0.0,0.0,0.0,0.0,0.0,0.0,0.0,0.0,0.0,0.0,0.0,0.0,0.0,0.0,0.0,0.0,0.0,0.0,0.0,0.0]
56272.83679601573 [0.0,0.0,0.0,0.0,0.0,0.0,0.0,0.0,0.0,0.0,0.0,0.0,0.0,0.0,0.0,0.0,0.0,0.0,0.0,0.0,0.0,0.0,0.0,0.0,0.0,0.0,0.0,0.0,0.0,0.0,0.0,0.0,0.0,0.0,0.0,0.0,0.0,0.0,0.0,0.0,0.0,0.0,0.0,0.0,0.0,0.0,0.0,0.0,0.0,0.0,0.0,0.0,0.0,0.0,0.0,0.0,0.0,0.0,0.0,0.0,0.0,0.0,0.0,0.0,0.0,0.0,0.0,0.0,0.0,0.0,0.0,0.0,0.0,0.0,0.0,0.0,0.0,0.0,0.0,0.0,0.0,0.0,0.0,0.0,0.0,0.0,0.0,0.0,0.0,0.0,0.0,0.0,0.0,0.0,0.0,0.0,0.0,0.0,0.0,0.0,0.0,0.0,0.0,0.0,0.0,0.0,0.0,0.0,0.0,0.0,0.0,0.0,0.0,0.0,0.0,0.0,0.0,0.0,0.0,0.0,0.0,0.0,0.0,0.0,0.0,0.0,0.0,0.0,0.0,0.0,0.0,0.0,0.0,0.0,0.0,0.0,0.0,0.0,0.0,0.0,11.519187460283563,3.513774722230822,5.084633926698957,16.041259049146834,25.914327019813502,21.666308478045902,5.718742135443208,-7.832088804452706,-6.638953949536171,4.727571414352959,18.25333977333559,26.924739091975116,35.17910829808387,37.51557904970407,38.013586251955054,38.67460318031942,48.71352089878176,60.56701968551231,59.765027373181496,68.94078908777725,77.57661685582036,78.530415825852,98.4598843182656,86.92100341786288,91.84589665935971,67.80408613268101,47.4411747126104,56.25734347468157,83.85570421946805,128.87673150611056,159.83699790772351,160.18682807555757,163.15988858412098,146.32311465878377,113.66534833249835,103.98428685304854,113.99447685011398,109.0937126023488,100.74433119925213,115.49603621071212,120.3443768432445,140.20754260904934,120.32211626990323,121.00203423119774,97.12261039931751,80.18760740820998,71.16758354821738,103.44880219575688,140.8036092893321,207.5848347583894,281.6079170844887,269.99163653880095,258.20055136250556,150.23313254175739,116.62179788450622,132.3244637395665,133.4515250085131,160.42521866085622,196.65355862725067,215.21571694320693,152.49763521838878,120.97124930105618,109.4054346199009,101.96866327221645,108.08354448019597,122.09172323909515,168.62654390642786,227.56188511114502,254.81309941076924,234.70876278569807,247.2985861567717,280.7030811556432,276.7298288149182,273.89286869432215,246.9578401412714,230.9837734873984,163.40418794683413,142.04798982384523,143.33680618994723,190.95079001722186,239.19154363812203,255.03467394192538,200.00801537880287,153.2651575465022,137.65690040418448,140.1233868354073,121.56587288430086,136.70708752402788,133.06131589717194,140.10976427169462,163.53679846018125,227.0194230623339,215.17103079835653,245.45702936707448,236.8032041191046,180.6725409192248,152.18258578933757,123.176388785703,100.76257426986928,88.96557940922524,92.63351615560278,84.50148194569311,88.45429514248715,74.9341525078921,75.95699447789238,85.65181810809679,88.61019701645493,93.53655513901752,99.43594128847579,95.921041267898,104.33155147407913,95.15889231334704,96.46703181374129,106.60872541673471,102.7946006428772,94.87889842681477,83.30772370292419,86.55872650860027,75.56144630122097,62.60539504371934,59.46912551116837,46.265785411438436,20.243006600173704,17.98411743175301,23.396265064819755,34.23341085330164,68.93997630654421,92.03847657171596,109.76322962849821,114.60142370729243,120.82538841090383,126.61092032721537,103.3987239442081,96.61018998704976,96.66392957800056,84.78999213285519,80.26450312913089,68.39977382348476,52.814908776636244,53.84339802251044,51.75748079754397,50.38188735315062,47.31013576009029,49.226523037345935,47.26065335203928,54.54523330240327,44.970188836316915,42.429136465516976,40.93931808659018,34.06102893861108,31.633065667362196,29.24078413533119,31.942403763426572,40.355965990187606,33.350067507038,34.8458057759746,33.37962916083245,29.232348840134794,29.41026485311491,21.844283308441288] [1311.2619900786005,1321.8202200865917,1332.463464547639,1343.19240799478,1354.0077404728797,1364.9101575830227,1375.9003605272408,1386.9790561536227,1398.1469570017646,1409.4047813486081,1420.7532532546286,1432.193102610412,1443.7250651835902,1455.3498826661717,1467.068302722235,1478.881079036026,1490.78897136042,1502.7927455657994,1514.8931736892998,1527.0910339844697,1539.3871109713293,1551.7821954868166,1564.2770847356642,1576.872582341659,1589.569498399342,1602.368649526097,1615.270858914685,1628.2769563861766,1641.3877784433362,1654.6041683244075,1667.9269760573632,1681.3570585145608,1694.895279467867,1708.5425096441993,1722.2996267815402,1736.1675156853773,1750.1470682856248,1764.2391836939755,1778.4447682617345,1792.7647356381167,1807.2000068289992,1821.7515102561672,1836.4201818170154,1851.2069649447558,1866.112810669078,1881.1386776773347,1896.285532376183,1911.5543489537563,1926.9461094423048,1942.4618037813711,1958.1024298814455,1973.8689936881608,1989.7625092469793,2005.7839987684179,2021.9344926937952,2038.215029761504,2054.626657073813,2071.1704301642176,2087.8474130653335,2104.6586783773164,2121.605307336866,2138.6883898867477,2155.9090247459117,2173.268319480143,2190.767390573309,2208.407363499154,2226.1893727937027,2244.1145621282076,2262.184084382728,2280.399101720259,2298.7607856614945,2317.2703171601615,2335.9288866789793,2354.7376942662327,2373.6979496329395,2392.810872230673,2412.077691329971,2431.4996460994216,2451.0779856853383,2470.813969292122,2490.7088662632277,2510.763956162824,2530.9805288580706,2551.359884602096,2571.9033341176064,2592.612198681206,2613.487810208354,2634.5315113390543,2655.7446555241822,2677.1286071125573,2698.6847414386757,2720.4144449111714,2742.319115101994,2764.4001608362782,2786.6590022829737,2809.097071046162,2831.715810257159,2854.5166746673017,2877.5011307415425,2900.67065675274,2924.0267428767575,2947.570891288285,2971.304616257478,2995.22944424732,3019.346914011829,3043.658576695001,3068.1659959305807,3092.870747942638,3117.7744216469364,3142.87861875312,3168.1849538677375,3193.695054598094,3219.410561656912,3245.333128967883,3271.4644237720117,3297.806126734876,3324.3599320546946,3351.1275475713155,3378.1106948760344,3405.3111094223436,3432.7305406375262,3460.3707520352004,3488.23352132871,3516.320640545493,3544.6339161423107,3573.1751691214417,3601.9462351478164,3630.9489646670518,3660.1852230244945,3689.6568905851636,3719.3658628547196,3749.3140506013438,3779.5033799786634,3809.935792649603,3840.6132459112973,3871.5377128209448,3902.7111823227383,3934.135659375755,3965.8131650829396,3997.7457368210635,4029.9354283717907,4062.3843100537392,4095.0944688556665,4128.068008570669,4161.3070499315045,4194.813730746993,4228.590206039511,4262.638648183577,4296.961247045588,4331.560210124669,4366.437762694626,4401.596147947099,4437.037627135803,4472.764479721992,4508.779003521039,4545.083514850253,4581.680348677821,4618.571858773019,4655.7604178575675,4693.248417758249,4731.038269560753,4769.132403764733,4807.533270440121,4846.243339384716,4885.265100283049,4924.601062866471,4964.253757074609,5004.22573321805,5044.519562142395,5085.137835393579,5126.08316538458,5167.3581855634,5208.965550582488,5250.907936469426,5293.188040799074,5335.808582867062,5378.772303864684,5422.081967055189,5465.740357951513,5509.7502844954415,5554.1145772382,5598.836089522486,5643.917697666003,5689.362301146471,5735.17282278806,5781.352208949439,5827.903429713208,5874.829479076986,5922.133375145914,5969.818160326825,6017.886901523867,6066.342690335802,6115.188643254807,6164.427901866934,6214.06363305417,6264.099029198114,6314.537308385285,6365.381714614103,6416.635518003553,6468.302015003491,6520.384528606639,6572.88640856233,6625.811031591967,6679.16180160615,6732.942149923667,6787.155535492116,6841.805445110439,6896.895393653112,6952.428924296275,7008.409608745552,7064.841047465831,7121.726869912778,7179.070734766296,7236.876330165845,7295.147373947643,7353.887613883764,7413.100827923194,7472.790824434837,7532.961442452409,7593.616551921397,7654.7600539479145,7716.395881049652,7778.527997408752,7841.160399126823,7904.2971144818985,7967.94220418758,8032.099761654146,8096.773913251861,8161.968818576374,8227.688670716232,8293.937696522553,8360.720156880894,8428.04034698531,8495.90259661459,8564.311270410717,8633.270768159597,8702.785525074065,8772.860012079082,8843.498736099358,8914.706240349144,8986.487104624512,9058.845945597834,9131.787417114787,9205.31621049359,9279.437054826807,9354.154717285446,9429.47400342559,9505.399757497484,9581.936862757088,9659.090241780126,9736.864856778713,9815.265709920519,9894.297843650465,9973.966341015032,10054.276325989182,10135.232963805956,10216.841461288606,10299.107067185563,10382.035072507933,10465.630810869876,10549.89965883156,10634.84703624505,10720.478406602804,10806.799277389146,10893.815200434417,10981.531772272076,11069.954634498676,11159.08947413668,11248.94202400021,11339.518063063782,11430.823416834026,11522.863957724268,11615.64560543233,11709.174327321158,11803.456138802712,11898.49710372478,11994.303334761045,12090.880993804161,12188.23629236214,12286.375491957784,12385.304904531427,12485.030892846919,12585.55987090084,12686.898304334996,12789.052710852275,12892.029660635888,12995.8357767719,13100.477735675182,13205.962267518828,13312.296156667053,13419.486242111492,13527.539417911097,13636.462633635434,13746.262894811807,13856.947263375758,13968.522858125163,14080.996855178266,14194.376488435144,14308.66905004285,14423.881890864615] 0.31126199007860056 [Infinity,Infinity,Infinity,Infinity,Infinity,Infinity,Infinity,Infinity,Infinity,Infinity,Infinity,Infinity,Infinity,Infinity,Infinity,Infinity,Infinity,Infinity,Infinity,Infinity,Infinity,Infinity,Infinity,Infinity,Infinity,Infinity,Infinity,Infinity,Infinity,Infinity,Infinity,Infinity,Infinity,Infinity,Infinity,Infinity,Infinity,Infinity,Infinity,Infinity,Infinity,Infinity,Infinity,Infinity,Infinity,Infinity,Infinity,Infinity,Infinity,Infinity,Infinity,Infinity,Infinity,Infinity,Infinity,Infinity,Infinity,Infinity,Infinity,Infinity,Infinity,Infinity,Infinity,Infinity,Infinity,Infinity,Infinity,Infinity,Infinity,Infinity,Infinity,Infinity,Infinity,Infinity,Infinity,Infinity,Infinity,Infinity,Infinity,Infinity,Infinity,Infinity,Infinity,Infinity,Infinity,Infinity,Infinity,Infinity,Infinity,Infinity,Infinity,Infinity,Infinity,Infinity,Infinity,Infinity,Infinity,Infinity,Infinity,Infinity,Infinity,Infinity,Infinity,Infinity,Infinity,Infinity,Infinity,Infinity,Infinity,Infinity,Infinity,Infinity,Infinity,Infinity,Infinity,Infinity,Infinity,Infinity,Infinity,Infinity,Infinity,Infinity,Infinity,Infinity,Infinity,Infinity,Infinity,Infinity,Infinity,Infinity,Infinity,Infinity,Infinity,Infinity,Infinity,Infinity,Infinity,Infinity,Infinity,Infinity,0.5909903116930907,0.17585982328077226,0.26737805326646835,0.8516254768038793,1.3211700715960881,1.0727621979663644,0.2750761701090589,0.37822487661705245,0.325358930217439,0.24000838095684474,0.908144346789663,1.4056581866878086,1.692607643231685,1.7676457211488579,1.79541618906944,2.0354473119887873,2.574222918011204,3.1275894341214707,3.3956245591861682,3.4796880544002717,3.7017413785271414,4.162657870693151,4.587731250775505,4.683340166174119,4.294042639610233,3.3476464506080132,2.4389206578011224,2.7067681385993563,4.4676436254911405,6.533207265158337,7.803661396060005,8.181078973335698,7.821054119838799,7.043692182632893,6.239587277834469,5.653533138701668,5.421741884867044,5.4879300952173775,5.605462894031668,5.720511644623742,6.040615279035545,6.487453050081429,6.504348724653918,5.840300410855263,4.860768031977261,4.03370484275383,3.8918471473963967,4.829393708748945,6.986830248545557,10.00188357024376,12.835190100228463,13.892471394360905,11.296207522924641,7.011223325843554,5.5212341122260185,6.17779384361842,6.295495619207518,7.117860248759806,9.658879907907714,10.650995697509265,8.746255891349461,6.65954574095876,5.6061921674069515,5.3255246998491765,5.505456209562305,6.254856442357523,8.641861773842411,11.513179744071127,11.94599075165755,11.710579231623019,12.965852911303582,14.252609602666363,14.589109192025967,13.863600665863208,12.309653712560529,10.292985768188622,8.291930154436525,7.0887127627214355,7.468459956106213,9.73490373794625,12.118235193471953,12.490397246994661,10.146057659442842,7.853151167529826,7.307670544992864,7.013092855144754,6.525492504470071,6.24394796653054,6.600202295935088,6.944850014928491,8.236696267951034,10.450934441547101,11.034968662688977,11.354239309119624,11.278460461761998,9.72891176710031,7.790968883519966,6.095303482638778,5.088921175153257,4.701564582790871,4.348608285587577,4.381711174929517,4.2283047085153616,3.843976487377245,3.9019623099485328,4.339922845596309,4.496155111803987,4.581941201923588,4.973904478417599,5.366241123455105,5.168654814636236,4.670983998126017,4.773166166089849,4.977470056303153,4.939467774444175,4.6550716486084,4.3039782317638515,4.0491046789428875,3.6886000891685327,3.153956350483058,2.800682493241733,2.186841085650639,0.9909388847236542,0.9711093942179418,1.1323953052070823,1.7568820188691237,3.384879588524368,4.828641205663603,5.521536586300169,6.115139122284821,6.503812605377813,6.223560582736352,5.654093032665437,4.994639948716683,4.552790672027185,4.275780447636113,3.763989015942081,3.438920914946962,2.73723207158383,2.837434156323701,2.717598996667902,2.4622533699277893,2.3170638255171507,2.402113621798849,2.4323273374362255,2.4138775792738736,2.33086435155534,2.178507654830497,1.9471804575790777,1.729333373952419,1.6281707172482691,1.5361190153119983,1.7346157858769753,2.0007875270059596,1.8484304135957899,1.740026452682649,1.6519343606927688,1.401405707323597,1.4337556086866043,1.198364714127614] [0.0,0.0,0.0,0.0,0.0,0.0,0.0,0.0,0.0,0.0,0.0,0.0,0.0,0.0,0.0,0.0,0.0,0.0,0.0,0.0,0.0,0.0,0.0,0.0,0.0,0.0,0.0,0.0,0.0,0.0,0.0,0.0,0.0,0.0,0.0,0.0,0.0,0.0,0.0,0.0,0.0,0.0,0.0,0.0,0.0,0.0,0.0,0.0,0.0,0.0,0.0,0.0,0.0,0.0,0.0,0.0,0.0,0.0,0.0,0.0,0.0,0.0,0.0,0.0,0.0,0.0,0.0,0.0,0.0,0.0,0.0,0.0,0.0,0.0,0.0,0.0,0.0,0.0,0.0,0.0,0.0,0.0,0.0,0.0,0.0,0.0,0.0,0.0,0.0,0.0,0.0,0.0,0.0,0.0,0.0,0.0,0.0,0.0,0.0,0.0,0.0,0.0,0.0,0.0,0.0,0.0,0.0,0.0,0.0,0.0,0.0,0.0,0.0,0.0,0.0,0.0,0.0,0.0,0.0,0.0,0.0,0.0,0.0,0.0,0.0,0.0,0.0,0.0,0.0,0.0,0.0,0.0,0.0,0.0,0.0,0.0,0.0,0.0,0.0,0.0,-0.3006187735782508,-0.003421743384623237,-0.2629271386304101,-0.9912504869307536,-0.5090744121082573,0.21106451871861637,0.21721873326203048,-0.26759127211165745,-0.1317753451873917,-0.07259620478393579,0.09045283754233126,-1.1884246417810571,1.3269554334501645,2.162664626726915,2.10526247056625,-2.0343430594563223,-2.7709374614423252,-1.9847689969171143,-8.147463810541867,-0.6529720002281887,3.5417892852775377,-4.722741588011005,6.705259302755499,-6.74579990561951,5.965043867155051,0.8511571205207402,-1.337238443412054,2.121980702694442,-5.497168290354763,-1.7874137970561976,3.763769986523407,-3.434751391156385,6.73880618734501,5.4492710061259055,-11.126397224191042,-9.08637592098482,5.5596391527731175,-0.6648893019987367,-11.364926681381231,1.085803318237287,-0.46792873746639335,10.458481607420762,-9.764858223175114,4.1960260140924746,-0.09275024022771322,-0.48648944686660145,-6.6693593997105625,6.86092802077797,1.0670043184209415,7.547163353514244,24.904115079919425,-7.857791348417163,32.276400904012725,10.00866602488632,6.197115639985853,8.768586867198113,7.541612624362749,18.06801368566012,3.47596046909638,2.1958029930216245,-22.427482608600446,-12.219665518119017,-2.71840872823813,-4.541830724767085,-2.0255797110501277,-3.005405608055314,-4.210691570420357,-2.70170977027755,15.89328437761822,0.49717815323769005,-12.018472069299941,-4.349110897684034,-15.052355025601138,-3.3791446229420026,0.7647658900608321,25.124058123625947,-2.4344151418963635,0.273734569416531,-6.032392932177021,-3.747284741703164,-3.173160231317029,5.22672900203216,-2.9131378100539567,-3.797865804094334,-8.496510495672782,-0.1384702674877652,-8.943977205100559,11.82812819341707,1.0572699784701602,1.2127639731247943,-1.19712689883942,18.00073423139191,-5.528342455422995,18.372243184681984,11.233994883864625,-13.905694422781403,-3.636791881061757,1.2703191329274193,-1.015849233195859,-5.0657122465921685,5.661350443851227,-3.1327415528972278,3.8882009721799213,-1.9453772396527986,-2.0822517210782774,-1.1466388038293844,-1.3129052196248068,1.8977311005457624,-0.04214827987618271,-11.403781201204099,0.9584551813544097,1.7392123508266897,1.0037084919443127,7.059324290671671,4.0052451539937035,1.7774654546467794,-2.7718409323528457,5.576632929742518,1.7894445178503064,-0.47373196594182276,3.4554756463337135,2.528963698425665,0.4242289057006204,-1.4380704526058292,0.748358960678107,-0.9042295240808303,1.242384536056841,-4.534347541556094,-0.6675020975051695,-7.701358738403984,-9.250863696652438,2.139708672488344,-9.683136709100635,-3.2826089872839126,5.6081161374568556,-0.7256168198670667,4.984722810289275,-0.37864447545447827,-1.9297326550403577,-2.9052851039635788,-2.594499135814076,1.13681995459483,0.9688592497472761,1.1842506013689589,-1.3858933966852314,6.267681716925796,-1.6470981947898813,-1.1410166310929646,1.9957089350086201,-0.5256385404372989,-0.9303486776031856,-1.4815961709087782,-2.7499119541129353,0.3402154500684129,-3.6185407648778027,0.045276722321615746,0.34094194697707736,1.204234693662852,0.7351526793828231,-2.123010974110991]
56309.63433720001 [0.0,0.0,0.0,0.0,0.0,0.0,0.0,0.0,0.0,0.0,0.0,0.0,0.0,0.0,0.0,0.0,0.0,0.0,0.0,0.0,0.0,0.0,0.0,0.0,0.0,0.0,0.0,0.0,0.0,0.0,0.0,0.0,0.0,0.0,0.0,0.0,0.0,0.0,0.0,0.0,0.0,0.0,0.0,0.0,0.0,0.0,0.0,0.0,0.0,0.0,0.0,0.0,0.0,0.0,0.0,0.0,0.0,0.0,0.0,0.0,0.0,0.0,0.0,0.0,0.0,0.0,0.0,0.0,0.0,0.0,0.0,0.0,0.0,0.0,0.0,0.0,0.0,0.0,0.0,0.0,0.0,0.0,0.0,0.0,0.0,0.0,0.0,0.0,0.0,0.0,0.0,0.0,0.0,0.0,0.0,0.0,0.0,0.0,0.0,0.0,0.0,0.0,0.0,0.0,0.0,0.0,0.0,0.0,0.0,0.0,0.0,0.0,0.0,0.0,0.0,0.0,0.0,0.0,0.0,0.0,0.0,0.0,0.0,0.0,0.0,0.0,0.0,0.0,0.0,0.0,0.0,0.0,0.0,0.0,0.0,0.0,0.0,0.0,0.0,0.0,0.0,0.0,0.0,0.0,0.0,0.0,0.0,0.0,0.0,0.0,0.0,0.0,0.0,0.0,0.0,0.0,0.0,0.0,0.0,0.0,0.0,0.0,0.0,0.0,0.0,0.0,0.0,0.0,0.0,0.0,0.0,0.0,0.0,0.0,0.0,0.0,0.0,0.0,0.0,0.0,0.0,0.0,0.0,0.0,0.0,0.0,0.0,0.0,0.0,0.0,0.0,0.0,0.0,0.0,0.0,0.0,0.0,0.0,0.0,0.0,0.0,0.0,0.0,0.0,0.0,0.0,0.0,0.0,0.0,0.0,0.0,0.0,0.0,0.0,0.0,0.0,0.0,0.0,0.0,0.0,0.0,0.0,0.0,0.0,0.0,0.0,0.0,0.0,0.0,0.0,0.0,0.0,0.0,0.0,0.0,0.0,0.0,0.0,0.0,0.0,0.0,0.0,0.0,0.0,0.0,0.0,0.0,0.0,0.0,0.0,0.0,0.0,0.0,0.0,0.0,0.0,0.0,0.0,0.0,0.0,0.0,0.0,0.0,0.0,0.0,0.0,0.0,0.0,0.0,0.0,0.0,0.0,0.0,0.0,0.0,0.0,0.0,0.0,0.0,0.0,0.0,0.0,0.0,0.0,0.0,0.0,0.0,0.0,0.0,0.0,0.0,0.0,0.0,0.0,0.0,0.0,0.0,0.0,0.0,0.0] [1311.2619900786005,1321.8202200865917,1332.463464547639,1343.19240799478,1354.0077404728797,1364.9101575830227,1375.9003605272408,1386.9790561536227,1398.1469570017646,1409.4047813486081,1420.7532532546286,1432.193102610412,1443.7250651835902,1455.3498826661717,1467.068302722235,1478.881079036026,1490.78897136042,1502.7927455657994,1514.8931736892998,1527.0910339844697,1539.3871109713293,1551.7821954868166,1564.2770847356642,1576.872582341659,1589.569498399342,1602.368649526097,1615.270858914685,1628.2769563861766,1641.3877784433362,1654.6041683244075,1667.9269760573632,1681.3570585145608,1694.895279467867,1708.5425096441993,1722.2996267815402,1736.1675156853773,1750.1470682856248,1764.2391836939755,1778.4447682617345,1792.7647356381167,1807.2000068289992,1821.7515102561672,1836.4201818170154,1851.2069649447558,1866.112810669078,1881.1386776773347,1896.285532376183,1911.5543489537563,1926.9461094423048,1942.4618037813711,1958.1024298814455,1973.8689936881608,1989.7625092469793,2005.7839987684179,2021.9344926937952,2038.215029761504,2054.626657073813,2071.1704301642176,2087.8474130653335,2104.6586783773164,2121.605307336866,2138.6883898867477,2155.9090247459117,2173.268319480143,2190.767390573309,2208.407363499154,2226.1893727937027,2244.1145621282076,2262.184084382728,2280.399101720259,2298.7607856614945,2317.2703171601615,2335.9288866789793,2354.7376942662327,2373.6979496329395,2392.810872230673,2412.077691329971,2431.4996460994216,2451.0779856853383,2470.813969292122,2490.7088662632277,2510.763956162824,2530.9805288580706,2551.359884602096,2571.9033341176064,2592.612198681206,2613.487810208354,2634.5315113390543,2655.7446555241822,2677.1286071125573,2698.6847414386757,2720.4144449111714,2742.319115101994,2764.4001608362782,2786.6590022829737,2809.097071046162,2831.715810257159,2854.5166746673017,2877.5011307415425,2900.67065675274,2924.0267428767575,2947.570891288285,2971.304616257478,2995.22944424732,3019.346914011829,3043.658576695001,3068.1659959305807,3092.870747942638,3117.7744216469364,3142.87861875312,3168.1849538677375,3193.695054598094,3219.410561656912,3245.333128967883,3271.4644237720117,3297.806126734876,3324.3599320546946,3351.1275475713155,3378.1106948760344,3405.3111094223436,3432.7305406375262,3460.3707520352004,3488.23352132871,3516.320640545493,3544.6339161423107,3573.1751691214417,3601.9462351478164,3630.9489646670518,3660.1852230244945,3689.6568905851636,3719.3658628547196,3749.3140506013438,3779.5033799786634,3809.935792649603,3840.6132459112973,3871.5377128209448,3902.7111823227383,3934.135659375755,3965.8131650829396,3997.7457368210635,4029.9354283717907,4062.3843100537392,4095.0944688556665,4128.068008570669,4161.3070499315045,4194.813730746993,4228.590206039511,4262.638648183577,4296.961247045588,4331.560210124669,4366.437762694626,4401.596147947099,4437.037627135803,4472.764479721992,4508.779003521039,4545.083514850253,4581.680348677821,4618.571858773019,4655.7604178575675,4693.248417758249,4731.038269560753,4769.132403764733,4807.533270440121,4846.243339384716,4885.265100283049,4924.601062866471,4964.253757074609,5004.22573321805,5044.519562142395,5085.137835393579,5126.08316538458,5167.3581855634,5208.965550582488,5250.907936469426,5293.188040799074,5335.808582867062,5378.772303864684,5422.081967055189,5465.740357951513,5509.7502844954415,5554.1145772382,5598.836089522486,5643.917697666003,5689.362301146471,5735.17282278806,5781.352208949439,5827.903429713208,5874.829479076986,5922.133375145914,5969.818160326825,6017.886901523867,6066.342690335802,6115.188643254807,6164.427901866934,6214.06363305417,6264.099029198114,6314.537308385285,6365.381714614103,6416.635518003553,6468.302015003491,6520.384528606639,6572.88640856233,6625.811031591967,6679.16180160615,6732.942149923667,6787.155535492116,6841.805445110439,6896.895393653112,6952.428924296275,7008.409608745552,7064.841047465831,7121.726869912778,7179.070734766296,7236.876330165845,7295.147373947643,7353.887613883764,7413.100827923194,7472.790824434837,7532.961442452409,7593.616551921397,7654.7600539479145,7716.395881049652,7778.527997408752,7841.160399126823,7904.2971144818985,7967.94220418758,8032.099761654146,8096.773913251861,8161.968818576374,8227.688670716232,8293.937696522553,8360.720156880894,8428.04034698531,8495.90259661459,8564.311270410717,8633.270768159597,8702.785525074065,8772.860012079082,8843.498736099358,8914.706240349144,8986.487104624512,9058.845945597834,9131.787417114787,9205.31621049359,9279.437054826807,9354.154717285446,9429.47400342559,9505.399757497484,9581.936862757088,9659.090241780126,9736.864856778713,9815.265709920519,9894.297843650465,9973.966341015032,10054.276325989182,10135.232963805956,10216.841461288606,10299.107067185563,10382.035072507933,10465.630810869876,10549.89965883156,10634.84703624505,10720.478406602804,10806.799277389146,10893.815200434417,10981.531772272076,11069.954634498676,11159.08947413668,11248.94202400021,11339.518063063782,11430.823416834026,11522.863957724268,11615.64560543233,11709.174327321158,11803.456138802712,11898.49710372478,11994.303334761045,12090.880993804161,12188.23629236214,12286.375491957784,12385.304904531427,12485.030892846919,12585.55987090084,12686.898304334996,12789.052710852275,12892.029660635888,12995.8357767719,13100.477735675182,13205.962267518828,13312.296156667053,13419.486242111492,13527.539417911097,13636.462633635434,13746.262894811807,13856.947263375758,13968.522858125163,14080.996855178266,14194.376488435144,14308.66905004285,14423.881890864615] 0.31126199007860056 [Infinity,Infinity,Infinity,Infinity,Infinity,Infinity,Infinity,Infinity,Infinity,Infinity,Infinity,Infinity,Infinity,Infinity,Infinity,Infinity,Infinity,Infinity,Infinity,Infinity,Infinity,Infinity,Infinity,Infinity,Infinity,Infinity,Infinity,Infinity,Infinity,Infinity,Infinity,Infinity,Infinity,Infinity,Infinity,Infinity,Infinity,Infinity,Infinity,Infinity,Infinity,Infinity,Infinity,Infinity,Infinity,Infinity,Infinity,Infinity,Infinity,Infinity,Infinity,Infinity,Infinity,Infinity,Infinity,Infinity,Infinity,Infinity,Infinity,Infinity,Infinity,Infinity,Infinity,Infinity,Infinity,Infinity,Infinity,Infinity,Infinity,Infinity,Infinity,Infinity,Infinity,Infinity,Infinity,Infinity,Infinity,Infinity,Infinity,Infinity,Infinity,Infinity,Infinity,Infinity,Infinity,Infinity,Infinity,Infinity,Infinity,Infinity,Infinity,Infinity,Infinity,Infinity,Infinity,Infinity,Infinity,Infinity,Infinity,Infinity,Infinity,Infinity,Infinity,Infinity,Infinity,Infinity,Infinity,Infinity,Infinity,Infinity,Infinity,Infinity,Infinity,Infinity,Infinity,Infinity,Infinity,Infinity,Infinity,Infinity,Infinity,Infinity,Infinity,Infinity,Infinity,Infinity,Infinity,Infinity,Infinity,Infinity,Infinity,Infinity,Infinity,Infinity,Infinity,Infinity,Infinity,Infinity,Infinity,Infinity,Infinity,Infinity,Infinity,Infinity,Infinity,Infinity,Infinity,Infinity,Infinity,Infinity,Infinity,Infinity,Infinity,Infinity,Infinity,Infinity,Infinity,Infinity,Infinity,Infinity,Infinity,Infinity,Infinity,Infinity,Infinity,Infinity,Infinity,Infinity,Infinity,Infinity,Infinity,Infinity,Infinity,Infinity,Infinity,Infinity,Infinity,Infinity,Infinity,Infinity,Infinity,Infinity,Infinity,Infinity,Infinity,Infinity,Infinity,Infinity,Infinity,Infinity,Infinity,Infinity,Infinity,Infinity,Infinity,Infinity,Infinity,Infinity,Infinity,Infinity,Infinity,Infinity,Infinity,Infinity,Infinity,Infinity,Infinity,Infinity,Infinity,Infinity,Infinity,Infinity,Infinity,Infinity,Infinity,Infinity,Infinity,Infinity,Infinity,Infinity,Infinity,Infinity,Infinity,Infinity,Infinity,Infinity,Infinity,Infinity,Infinity,Infinity,Infinity,Infinity,Infinity,Infinity,Infinity,Infinity,Infinity,Infinity,Infinity,Infinity,Infinity,Infinity,Infinity,Infinity,Infinity,Infinity,Infinity,Infinity,Infinity,Infinity,Infinity,Infinity,Infinity,Infinity,Infinity,Infinity,Infinity,Infinity,Infinity,Infinity,Infinity,Infinity,Infinity,Infinity,Infinity,Infinity,Infinity,Infinity,Infinity,Infinity,Infinity,Infinity,Infinity,Infinity,Infinity,Infinity,Infinity,Infinity,Infinity,Infinity,Infinity,Infinity,Infinity,Infinity,Infinity,Infinity,Infinity,Infinity,Infinity,Infinity,Infinity,Infinity,Infinity,Infinity,Infinity,Infinity,Infinity,Infinity,Infinity,Infinity] [0.0,0.0,0.0,0.0,0.0,0.0,0.0,0.0,0.0,0.0,0.0,0.0,0.0,0.0,0.0,0.0,0.0,0.0,0.0,0.0,0.0,0.0,0.0,0.0,0.0,0.0,0.0,0.0,0.0,0.0,0.0,0.0,0.0,0.0,0.0,0.0,0.0,0.0,0.0,0.0,0.0,0.0,0.0,0.0,0.0,0.0,0.0,0.0,0.0,0.0,0.0,0.0,0.0,0.0,0.0,0.0,0.0,0.0,0.0,0.0,0.0,0.0,0.0,0.0,0.0,0.0,0.0,0.0,0.0,0.0,0.0,0.0,0.0,0.0,0.0,0.0,0.0,0.0,0.0,0.0,0.0,0.0,0.0,0.0,0.0,0.0,0.0,0.0,0.0,0.0,0.0,0.0,0.0,0.0,0.0,0.0,0.0,0.0,0.0,0.0,0.0,0.0,0.0,0.0,0.0,0.0,0.0,0.0,0.0,0.0,0.0,0.0,0.0,0.0,0.0,0.0,0.0,0.0,0.0,0.0,0.0,0.0,0.0,0.0,0.0,0.0,0.0,0.0,0.0,0.0,0.0,0.0,0.0,0.0,0.0,0.0,0.0,0.0,0.0,0.0,0.0,0.0,0.0,0.0,0.0,0.0,0.0,0.0,0.0,0.0,0.0,0.0,0.0,0.0,0.0,0.0,0.0,0.0,0.0,0.0,0.0,0.0,0.0,0.0,0.0,0.0,0.0,0.0,0.0,0.0,0.0,0.0,0.0,0.0,0.0,0.0,0.0,0.0,0.0,0.0,0.0,0.0,0.0,0.0,0.0,0.0,0.0,0.0,0.0,0.0,0.0,0.0,0.0,0.0,0.0,0.0,0.0,0.0,0.0,0.0,0.0,0.0,0.0,0.0,0.0,0.0,0.0,0.0,0.0,0.0,0.0,0.0,0.0,0.0,0.0,0.0,0.0,0.0,0.0,0.0,0.0,0.0,0.0,0.0,0.0,0.0,0.0,0.0,0.0,0.0,0.0,0.0,0.0,0.0,0.0,0.0,0.0,0.0,0.0,0.0,0.0,0.0,0.0,0.0,0.0,0.0,0.0,0.0,0.0,0.0,0.0,0.0,0.0,0.0,0.0,0.0,0.0,0.0,0.0,0.0,0.0,0.0,0.0,0.0,0.0,0.0,0.0,0.0,0.0,0.0,0.0,0.0,0.0,0.0,0.0,0.0,0.0,0.0,0.0,0.0,0.0,0.0,0.0,0.0,0.0,0.0,0.0,0.0,0.0,0.0,0.0,0.0,0.0,0.0,0.0,0.0,0.0,0.0,0.0,0.0]
56154.13460555186 [0.0,0.0,0.0,0.0,0.0,0.0,0.0,0.0,0.0,0.0,0.0,0.0,0.0,0.0,0.0,0.0,0.0,0.0,0.0,0.0,0.0,0.0,0.0,0.0,0.0,0.0,0.0,0.0,0.0,0.0,0.0,0.0,0.0,0.0,0.0,0.0,0.0,0.0,0.0,0.0,0.0,0.0,0.0,0.0,0.0,0.0,0.0,0.0,0.0,0.0,0.0,0.0,0.0,0.0,0.0,0.0,0.0,0.0,0.0,0.0,0.0,0.0,0.0,0.0,0.0,0.0,0.0,0.0,0.0,0.0,0.0,0.0,0.0,0.0,0.0,0.0,0.0,0.0,0.0,0.0,0.0,0.0,0.0,0.0,0.0,0.0,0.0,0.0,0.0,0.0,0.0,0.0,0.0,0.0,0.0,0.0,0.0,0.0,0.0,0.0,0.0,0.0,0.0,0.0,0.0,0.0,0.0,0.0,0.0,0.0,0.0,0.0,0.0,0.0,0.0,0.0,0.0,0.0,0.0,0.0,0.0,0.0,0.0,0.0,0.0,0.0,0.0,0.0,0.0,0.0,0.0,0.0,0.0,0.0,0.0,0.0,0.0,0.0,0.0,0.0,0.0,0.0,0.0,0.0,0.0,0.0,0.0,0.0,0.0,0.0,0.0,0.0,0.0,0.0,0.0,0.0,0.0,0.0,0.0,0.0,0.0,0.0,0.0,0.0,0.0,0.0,0.0,0.0,0.0,0.0,0.0,0.0,0.0,0.0,0.0,0.0,0.0,0.0,0.0,0.0,0.0,0.0,0.0,0.0,0.0,0.0,0.0,0.0,0.0,0.0,0.0,0.0,0.0,0.0,0.0,0.0,0.0,0.0,0.0,0.0,0.0,0.0,0.0,0.0,0.0,0.0,0.0,0.0,0.0,0.0,0.0,0.0,0.0,0.0,0.0,0.0,0.0,0.0,0.0,0.0,0.0,0.0,0.0,0.0,0.0,0.0,0.0,0.0,0.0,0.0,0.0,0.0,0.0,0.0,0.0,0.0,0.0,0.0,0.0,0.0,0.0,0.0,0.0,0.0,0.0,0.0,0.0,0.0,0.0,0.0,0.0,0.0,0.0,0.0,0.0,0.0,0.0,0.0,0.0,0.0,0.0,0.0,0.0,0.0,0.0,0.0,0.0,0.0,0.0,0.0,0.0,0.0,0.0,0.0,0.0,0.0,0.0,0.0,0.0,0.0,0.0,0.0,0.0,0.0,0.0,0.0,0.0,0.0,0.0,0.0,0.0,0.0,0.0,0.0,0.0,0.0,0.0,0.0,0.0,0.0] [1311.2619900786005,1321.8202200865917,1332.463464547639,1343.19240799478,1354.0077404728797,1364.9101575830227,1375.9003605272408,1386.9790561536227,1398.1469570017646,1409.4047813486081,1420.7532532546286,1432.193102610412,1443.7250651835902,1455.3498826661717,1467.068302722235,1478.881079036026,1490.78897136042,1502.7927455657994,1514.8931736892998,1527.0910339844697,1539.3871109713293,1551.7821954868166,1564.2770847356642,1576.872582341659,1589.569498399342,1602.368649526097,1615.270858914685,1628.2769563861766,1641.3877784433362,1654.6041683244075,1667.9269760573632,1681.3570585145608,1694.895279467867,1708.5425096441993,1722.2996267815402,1736.1675156853773,1750.1470682856248,1764.2391836939755,1778.4447682617345,1792.7647356381167,1807.2000068289992,1821.7515102561672,1836.4201818170154,1851.2069649447558,1866.112810669078,1881.1386776773347,1896.285532376183,1911.5543489537563,1926.9461094423048,1942.4618037813711,1958.1024298814455,1973.8689936881608,1989.7625092469793,2005.7839987684179,2021.9344926937952,2038.215029761504,2054.626657073813,2071.1704301642176,2087.8474130653335,2104.6586783773164,2121.605307336866,2138.6883898867477,2155.9090247459117,2173.268319480143,2190.767390573309,2208.407363499154,2226.1893727937027,2244.1145621282076,2262.184084382728,2280.399101720259,2298.7607856614945,2317.2703171601615,2335.9288866789793,2354.7376942662327,2373.6979496329395,2392.810872230673,2412.077691329971,2431.4996460994216,2451.0779856853383,2470.813969292122,2490.7088662632277,2510.763956162824,2530.9805288580706,2551.359884602096,2571.9033341176064,2592.612198681206,2613.487810208354,2634.5315113390543,2655.7446555241822,2677.1286071125573,2698.6847414386757,2720.4144449111714,2742.319115101994,2764.4001608362782,2786.6590022829737,2809.097071046162,2831.715810257159,2854.5166746673017,2877.5011307415425,2900.67065675274,2924.0267428767575,2947.570891288285,2971.304616257478,2995.22944424732,3019.346914011829,3043.658576695001,3068.1659959305807,3092.870747942638,3117.7744216469364,3142.87861875312,3168.1849538677375,3193.695054598094,3219.410561656912,3245.333128967883,3271.4644237720117,3297.806126734876,3324.3599320546946,3351.1275475713155,3378.1106948760344,3405.3111094223436,3432.7305406375262,3460.3707520352004,3488.23352132871,3516.320640545493,3544.6339161423107,3573.1751691214417,3601.9462351478164,3630.9489646670518,3660.1852230244945,3689.6568905851636,3719.3658628547196,3749.3140506013438,3779.5033799786634,3809.935792649603,3840.6132459112973,3871.5377128209448,3902.7111823227383,3934.135659375755,3965.8131650829396,3997.7457368210635,4029.9354283717907,4062.3843100537392,4095.0944688556665,4128.068008570669,4161.3070499315045,4194.813730746993,4228.590206039511,4262.638648183577,4296.961247045588,4331.560210124669,4366.437762694626,4401.596147947099,4437.037627135803,4472.764479721992,4508.779003521039,4545.083514850253,4581.680348677821,4618.571858773019,4655.7604178575675,4693.248417758249,4731.038269560753,4769.132403764733,4807.533270440121,4846.243339384716,4885.265100283049,4924.601062866471,4964.253757074609,5004.22573321805,5044.519562142395,5085.137835393579,5126.08316538458,5167.3581855634,5208.965550582488,5250.907936469426,5293.188040799074,5335.808582867062,5378.772303864684,5422.081967055189,5465.740357951513,5509.7502844954415,5554.1145772382,5598.836089522486,5643.917697666003,5689.362301146471,5735.17282278806,5781.352208949439,5827.903429713208,5874.829479076986,5922.133375145914,5969.818160326825,6017.886901523867,6066.342690335802,6115.188643254807,6164.427901866934,6214.06363305417,6264.099029198114,6314.537308385285,6365.381714614103,6416.635518003553,6468.302015003491,6520.384528606639,6572.88640856233,6625.811031591967,6679.16180160615,6732.942149923667,6787.155535492116,6841.805445110439,6896.895393653112,6952.428924296275,7008.409608745552,7064.841047465831,7121.726869912778,7179.070734766296,7236.876330165845,7295.147373947643,7353.887613883764,7413.100827923194,7472.790824434837,7532.961442452409,7593.616551921397,7654.7600539479145,7716.395881049652,7778.527997408752,7841.160399126823,7904.2971144818985,7967.94220418758,8032.099761654146,8096.773913251861,8161.968818576374,8227.688670716232,8293.937696522553,8360.720156880894,8428.04034698531,8495.90259661459,8564.311270410717,8633.270768159597,8702.785525074065,8772.860012079082,8843.498736099358,8914.706240349144,8986.487104624512,9058.845945597834,9131.787417114787,9205.31621049359,9279.437054826807,9354.154717285446,9429.47400342559,9505.399757497484,9581.936862757088,9659.090241780126,9736.864856778713,9815.265709920519,9894.297843650465,9973.966341015032,10054.276325989182,10135.232963805956,10216.841461288606,10299.107067185563,10382.035072507933,10465.630810869876,10549.89965883156,10634.84703624505,10720.478406602804,10806.799277389146,10893.815200434417,10981.531772272076,11069.954634498676,11159.08947413668,11248.94202400021,11339.518063063782,11430.823416834026,11522.863957724268,11615.64560543233,11709.174327321158,11803.456138802712,11898.49710372478,11994.303334761045,12090.880993804161,12188.23629236214,12286.375491957784,12385.304904531427,12485.030892846919,12585.55987090084,12686.898304334996,12789.052710852275,12892.029660635888,12995.8357767719,13100.477735675182,13205.962267518828,13312.296156667053,13419.486242111492,13527.539417911097,13636.462633635434,13746.262894811807,13856.947263375758,13968.522858125163,14080.996855178266,14194.376488435144,14308.66905004285,14423.881890864615] 0.31126199007860056 [Infinity,Infinity,Infinity,Infinity,Infinity,Infinity,Infinity,Infinity,Infinity,Infinity,Infinity,Infinity,Infinity,Infinity,Infinity,Infinity,Infinity,Infinity,Infinity,Infinity,Infinity,Infinity,Infinity,Infinity,Infinity,Infinity,Infinity,Infinity,Infinity,Infinity,Infinity,Infinity,Infinity,Infinity,Infinity,Infinity,Infinity,Infinity,Infinity,Infinity,Infinity,Infinity,Infinity,Infinity,Infinity,Infinity,Infinity,Infinity,Infinity,Infinity,Infinity,Infinity,Infinity,Infinity,Infinity,Infinity,Infinity,Infinity,Infinity,Infinity,Infinity,Infinity,Infinity,Infinity,Infinity,Infinity,Infinity,Infinity,Infinity,Infinity,Infinity,Infinity,Infinity,Infinity,Infinity,Infinity,Infinity,Infinity,Infinity,Infinity,Infinity,Infinity,Infinity,Infinity,Infinity,Infinity,Infinity,Infinity,Infinity,Infinity,Infinity,Infinity,Infinity,Infinity,Infinity,Infinity,Infinity,Infinity,Infinity,Infinity,Infinity,Infinity,Infinity,Infinity,Infinity,Infinity,Infinity,Infinity,Infinity,Infinity,Infinity,Infinity,Infinity,Infinity,Infinity,Infinity,Infinity,Infinity,Infinity,Infinity,Infinity,Infinity,Infinity,Infinity,Infinity,Infinity,Infinity,Infinity,Infinity,Infinity,Infinity,Infinity,Infinity,Infinity,Infinity,Infinity,Infinity,Infinity,Infinity,Infinity,Infinity,Infinity,Infinity,Infinity,Infinity,Infinity,Infinity,Infinity,Infinity,Infinity,Infinity,Infinity,Infinity,Infinity,Infinity,Infinity,Infinity,Infinity,Infinity,Infinity,Infinity,Infinity,Infinity,Infinity,Infinity,Infinity,Infinity,Infinity,Infinity,Infinity,Infinity,Infinity,Infinity,Infinity,Infinity,Infinity,Infinity,Infinity,Infinity,Infinity,Infinity,Infinity,Infinity,Infinity,Infinity,Infinity,Infinity,Infinity,Infinity,Infinity,Infinity,Infinity,Infinity,Infinity,Infinity,Infinity,Infinity,Infinity,Infinity,Infinity,Infinity,Infinity,Infinity,Infinity,Infinity,Infinity,Infinity,Infinity,Infinity,Infinity,Infinity,Infinity,Infinity,Infinity,Infinity,Infinity,Infinity,Infinity,Infinity,Infinity,Infinity,Infinity,Infinity,Infinity,Infinity,Infinity,Infinity,Infinity,Infinity,Infinity,Infinity,Infinity,Infinity,Infinity,Infinity,Infinity,Infinity,Infinity,Infinity,Infinity,Infinity,Infinity,Infinity,Infinity,Infinity,Infinity,Infinity,Infinity,Infinity,Infinity,Infinity,Infinity,Infinity,Infinity,Infinity,Infinity,Infinity,Infinity,Infinity,Infinity,Infinity,Infinity,Infinity,Infinity,Infinity,Infinity,Infinity,Infinity,Infinity,Infinity,Infinity,Infinity,Infinity,Infinity,Infinity,Infinity,Infinity,Infinity,Infinity,Infinity,Infinity,Infinity,Infinity,Infinity,Infinity,Infinity,Infinity,Infinity,Infinity,Infinity,Infinity,Infinity,Infinity,Infinity,Infinity,Infinity,Infinity,Infinity,Infinity,Infinity] [0.0,0.0,0.0,0.0,0.0,0.0,0.0,0.0,0.0,0.0,0.0,0.0,0.0,0.0,0.0,0.0,0.0,0.0,0.0,0.0,0.0,0.0,0.0,0.0,0.0,0.0,0.0,0.0,0.0,0.0,0.0,0.0,0.0,0.0,0.0,0.0,0.0,0.0,0.0,0.0,0.0,0.0,0.0,0.0,0.0,0.0,0.0,0.0,0.0,0.0,0.0,0.0,0.0,0.0,0.0,0.0,0.0,0.0,0.0,0.0,0.0,0.0,0.0,0.0,0.0,0.0,0.0,0.0,0.0,0.0,0.0,0.0,0.0,0.0,0.0,0.0,0.0,0.0,0.0,0.0,0.0,0.0,0.0,0.0,0.0,0.0,0.0,0.0,0.0,0.0,0.0,0.0,0.0,0.0,0.0,0.0,0.0,0.0,0.0,0.0,0.0,0.0,0.0,0.0,0.0,0.0,0.0,0.0,0.0,0.0,0.0,0.0,0.0,0.0,0.0,0.0,0.0,0.0,0.0,0.0,0.0,0.0,0.0,0.0,0.0,0.0,0.0,0.0,0.0,0.0,0.0,0.0,0.0,0.0,0.0,0.0,0.0,0.0,0.0,0.0,0.0,0.0,0.0,0.0,0.0,0.0,0.0,0.0,0.0,0.0,0.0,0.0,0.0,0.0,0.0,0.0,0.0,0.0,0.0,0.0,0.0,0.0,0.0,0.0,0.0,0.0,0.0,0.0,0.0,0.0,0.0,0.0,0.0,0.0,0.0,0.0,0.0,0.0,0.0,0.0,0.0,0.0,0.0,0.0,0.0,0.0,0.0,0.0,0.0,0.0,0.0,0.0,0.0,0.0,0.0,0.0,0.0,0.0,0.0,0.0,0.0,0.0,0.0,0.0,0.0,0.0,0.0,0.0,0.0,0.0,0.0,0.0,0.0,0.0,0.0,0.0,0.0,0.0,0.0,0.0,0.0,0.0,0.0,0.0,0.0,0.0,0.0,0.0,0.0,0.0,0.0,0.0,0.0,0.0,0.0,0.0,0.0,0.0,0.0,0.0,0.0,0.0,0.0,0.0,0.0,0.0,0.0,0.0,0.0,0.0,0.0,0.0,0.0,0.0,0.0,0.0,0.0,0.0,0.0,0.0,0.0,0.0,0.0,0.0,0.0,0.0,0.0,0.0,0.0,0.0,0.0,0.0,0.0,0.0,0.0,0.0,0.0,0.0,0.0,0.0,0.0,0.0,0.0,0.0,0.0,0.0,0.0,0.0,0.0,0.0,0.0,0.0,0.0,0.0,0.0,0.0,0.0,0.0,0.0,0.0]
56317.42336715964 [0.0,0.0,0.0,0.0,0.0,0.0,0.0,0.0,0.0,0.0,0.0,0.0,0.0,0.0,0.0,0.0,0.0,0.0,0.0,0.0,0.0,0.0,0.0,0.0,0.0,0.0,0.0,0.0,0.0,0.0,0.0,0.0,0.0,0.0,0.0,0.0,0.0,0.0,0.0,0.0,0.0,0.0,0.0,0.0,0.0,0.0,0.0,0.0,0.0,0.0,0.0,0.0,0.0,0.0,0.0,0.0,0.0,0.0,0.0,0.0,0.0,0.0,0.0,0.0,0.0,0.0,0.0,0.0,0.0,0.0,0.0,0.0,0.0,0.0,0.0,0.0,0.0,0.0,0.0,0.0,0.0,0.0,0.0,0.0,0.0,0.0,0.0,0.0,0.0,0.0,0.0,0.0,0.0,0.0,0.0,0.0,0.0,0.0,0.0,0.0,0.0,0.0,0.0,0.0,0.0,0.0,0.0,0.0,0.0,0.0,0.0,0.0,0.0,0.0,0.0,0.0,0.0,0.0,0.0,0.0,0.0,0.0,0.0,0.0,0.0,0.0,0.0,0.0,0.0,0.0,0.0,0.0,0.0,0.0,0.0,0.0,0.0,0.0,0.0,0.0,0.0,0.0,0.0,0.0,0.0,0.0,0.0,0.0,0.0,0.0,0.0,0.0,0.0,0.0,0.0,0.0,0.0,0.0,0.0,0.0,0.0,0.0,0.0,0.0,0.0,0.0,0.0,0.0,0.0,0.0,0.0,0.0,0.0,0.0,0.0,0.0,0.0,0.0,0.0,0.0,0.0,0.0,0.0,0.0,0.0,0.0,0.0,0.0,0.0,0.0,0.0,0.0,0.0,0.0,0.0,0.0,0.0,0.0,0.0,0.0,0.0,0.0,0.0,0.0,0.0,0.0,0.0,0.0,0.0,0.0,0.0,0.0,0.0,0.0,0.0,0.0,0.0,0.0,0.0,0.0,0.0,0.0,0.0,0.0,0.0,0.0,0.0,0.0,0.0,0.0,0.0,0.0,0.0,0.0,0.0,0.0,0.0,0.0,0.0,0.0,0.0,0.0,0.0,0.0,0.0,0.0,0.0,0.0,0.0,0.0,0.0,0.0,0.0,0.0,0.0,0.0,0.0,0.0,0.0,0.0,0.0,0.0,0.0,0.0,0.0,0.0,0.0,0.0,0.0,0.0,0.0,0.0,0.0,0.0,0.0,0.0,0.0,0.0,0.0,0.0,0.0,0.0,0.0,0.0,0.0,0.0,0.0,0.0,0.0,0.0,0.0,0.0,0.0,0.0,0.0,0.0,0.0,0.0,0.0,0.0] [1311.2619900786005,1321.8202200865917,1332.463464547639,1343.19240799478,1354.0077404728797,1364.9101575830227,1375.9003605272408,1386.9790561536227,1398.1469570017646,1409.4047813486081,1420.7532532546286,1432.193102610412,1443.7250651835902,1455.3498826661717,1467.068302722235,1478.881079036026,1490.78897136042,1502.7927455657994,1514.8931736892998,1527.0910339844697,1539.3871109713293,1551.7821954868166,1564.2770847356642,1576.872582341659,1589.569498399342,1602.368649526097,1615.270858914685,1628.2769563861766,1641.3877784433362,1654.6041683244075,1667.9269760573632,1681.3570585145608,1694.895279467867,1708.5425096441993,1722.2996267815402,1736.1675156853773,1750.1470682856248,1764.2391836939755,1778.4447682617345,1792.7647356381167,1807.2000068289992,1821.7515102561672,1836.4201818170154,1851.2069649447558,1866.112810669078,1881.1386776773347,1896.285532376183,1911.5543489537563,1926.9461094423048,1942.4618037813711,1958.1024298814455,1973.8689936881608,1989.7625092469793,2005.7839987684179,2021.9344926937952,2038.215029761504,2054.626657073813,2071.1704301642176,2087.8474130653335,2104.6586783773164,2121.605307336866,2138.6883898867477,2155.9090247459117,2173.268319480143,2190.767390573309,2208.407363499154,2226.1893727937027,2244.1145621282076,2262.184084382728,2280.399101720259,2298.7607856614945,2317.2703171601615,2335.9288866789793,2354.7376942662327,2373.6979496329395,2392.810872230673,2412.077691329971,2431.4996460994216,2451.0779856853383,2470.813969292122,2490.7088662632277,2510.763956162824,2530.9805288580706,2551.359884602096,2571.9033341176064,2592.612198681206,2613.487810208354,2634.5315113390543,2655.7446555241822,2677.1286071125573,2698.6847414386757,2720.4144449111714,2742.319115101994,2764.4001608362782,2786.6590022829737,2809.097071046162,2831.715810257159,2854.5166746673017,2877.5011307415425,2900.67065675274,2924.0267428767575,2947.570891288285,2971.304616257478,2995.22944424732,3019.346914011829,3043.658576695001,3068.1659959305807,3092.870747942638,3117.7744216469364,3142.87861875312,3168.1849538677375,3193.695054598094,3219.410561656912,3245.333128967883,3271.4644237720117,3297.806126734876,3324.3599320546946,3351.1275475713155,3378.1106948760344,3405.3111094223436,3432.7305406375262,3460.3707520352004,3488.23352132871,3516.320640545493,3544.6339161423107,3573.1751691214417,3601.9462351478164,3630.9489646670518,3660.1852230244945,3689.6568905851636,3719.3658628547196,3749.3140506013438,3779.5033799786634,3809.935792649603,3840.6132459112973,3871.5377128209448,3902.7111823227383,3934.135659375755,3965.8131650829396,3997.7457368210635,4029.9354283717907,4062.3843100537392,4095.0944688556665,4128.068008570669,4161.3070499315045,4194.813730746993,4228.590206039511,4262.638648183577,4296.961247045588,4331.560210124669,4366.437762694626,4401.596147947099,4437.037627135803,4472.764479721992,4508.779003521039,4545.083514850253,4581.680348677821,4618.571858773019,4655.7604178575675,4693.248417758249,4731.038269560753,4769.132403764733,4807.533270440121,4846.243339384716,4885.265100283049,4924.601062866471,4964.253757074609,5004.22573321805,5044.519562142395,5085.137835393579,5126.08316538458,5167.3581855634,5208.965550582488,5250.907936469426,5293.188040799074,5335.808582867062,5378.772303864684,5422.081967055189,5465.740357951513,5509.7502844954415,5554.1145772382,5598.836089522486,5643.917697666003,5689.362301146471,5735.17282278806,5781.352208949439,5827.903429713208,5874.829479076986,5922.133375145914,5969.818160326825,6017.886901523867,6066.342690335802,6115.188643254807,6164.427901866934,6214.06363305417,6264.099029198114,6314.537308385285,6365.381714614103,6416.635518003553,6468.302015003491,6520.384528606639,6572.88640856233,6625.811031591967,6679.16180160615,6732.942149923667,6787.155535492116,6841.805445110439,6896.895393653112,6952.428924296275,7008.409608745552,7064.841047465831,7121.726869912778,7179.070734766296,7236.876330165845,7295.147373947643,7353.887613883764,7413.100827923194,7472.790824434837,7532.961442452409,7593.616551921397,7654.7600539479145,7716.395881049652,7778.527997408752,7841.160399126823,7904.2971144818985,7967.94220418758,8032.099761654146,8096.773913251861,8161.968818576374,8227.688670716232,8293.937696522553,8360.720156880894,8428.04034698531,8495.90259661459,8564.311270410717,8633.270768159597,8702.785525074065,8772.860012079082,8843.498736099358,8914.706240349144,8986.487104624512,9058.845945597834,9131.787417114787,9205.31621049359,9279.437054826807,9354.154717285446,9429.47400342559,9505.399757497484,9581.936862757088,9659.090241780126,9736.864856778713,9815.265709920519,9894.297843650465,9973.966341015032,10054.276325989182,10135.232963805956,10216.841461288606,10299.107067185563,10382.035072507933,10465.630810869876,10549.89965883156,10634.84703624505,10720.478406602804,10806.799277389146,10893.815200434417,10981.531772272076,11069.954634498676,11159.08947413668,11248.94202400021,11339.518063063782,11430.823416834026,11522.863957724268,11615.64560543233,11709.174327321158,11803.456138802712,11898.49710372478,11994.303334761045,12090.880993804161,12188.23629236214,12286.375491957784,12385.304904531427,12485.030892846919,12585.55987090084,12686.898304334996,12789.052710852275,12892.029660635888,12995.8357767719,13100.477735675182,13205.962267518828,13312.296156667053,13419.486242111492,13527.539417911097,13636.462633635434,13746.262894811807,13856.947263375758,13968.522858125163,14080.996855178266,14194.376488435144,14308.66905004285,14423.881890864615] 0.31126199007860056 [Infinity,Infinity,Infinity,Infinity,Infinity,Infinity,Infinity,Infinity,Infinity,Infinity,Infinity,Infinity,Infinity,Infinity,Infinity,Infinity,Infinity,Infinity,Infinity,Infinity,Infinity,Infinity,Infinity,Infinity,Infinity,Infinity,Infinity,Infinity,Infinity,Infinity,Infinity,Infinity,Infinity,Infinity,Infinity,Infinity,Infinity,Infinity,Infinity,Infinity,Infinity,Infinity,Infinity,Infinity,Infinity,Infinity,Infinity,Infinity,Infinity,Infinity,Infinity,Infinity,Infinity,Infinity,Infinity,Infinity,Infinity,Infinity,Infinity,Infinity,Infinity,Infinity,Infinity,Infinity,Infinity,Infinity,Infinity,Infinity,Infinity,Infinity,Infinity,Infinity,Infinity,Infinity,Infinity,Infinity,Infinity,Infinity,Infinity,Infinity,Infinity,Infinity,Infinity,Infinity,Infinity,Infinity,Infinity,Infinity,Infinity,Infinity,Infinity,Infinity,Infinity,Infinity,Infinity,Infinity,Infinity,Infinity,Infinity,Infinity,Infinity,Infinity,Infinity,Infinity,Infinity,Infinity,Infinity,Infinity,Infinity,Infinity,Infinity,Infinity,Infinity,Infinity,Infinity,Infinity,Infinity,Infinity,Infinity,Infinity,Infinity,Infinity,Infinity,Infinity,Infinity,Infinity,Infinity,Infinity,Infinity,Infinity,Infinity,Infinity,Infinity,Infinity,Infinity,Infinity,Infinity,Infinity,Infinity,Infinity,Infinity,Infinity,Infinity,Infinity,Infinity,Infinity,Infinity,Infinity,Infinity,Infinity,Infinity,Infinity,Infinity,Infinity,Infinity,Infinity,Infinity,Infinity,Infinity,Infinity,Infinity,Infinity,Infinity,Infinity,Infinity,Infinity,Infinity,Infinity,Infinity,Infinity,Infinity,Infinity,Infinity,Infinity,Infinity,Infinity,Infinity,Infinity,Infinity,Infinity,Infinity,Infinity,Infinity,Infinity,Infinity,Infinity,Infinity,Infinity,Infinity,Infinity,Infinity,Infinity,Infinity,Infinity,Infinity,Infinity,Infinity,Infinity,Infinity,Infinity,Infinity,Infinity,Infinity,Infinity,Infinity,Infinity,Infinity,Infinity,Infinity,Infinity,Infinity,Infinity,Infinity,Infinity,Infinity,Infinity,Infinity,Infinity,Infinity,Infinity,Infinity,Infinity,Infinity,Infinity,Infinity,Infinity,Infinity,Infinity,Infinity,Infinity,Infinity,Infinity,Infinity,Infinity,Infinity,Infinity,Infinity,Infinity,Infinity,Infinity,Infinity,Infinity,Infinity,Infinity,Infinity,Infinity,Infinity,Infinity,Infinity,Infinity,Infinity,Infinity,Infinity,Infinity,Infinity,Infinity,Infinity,Infinity,Infinity,Infinity,Infinity,Infinity,Infinity,Infinity,Infinity,Infinity,Infinity,Infinity,Infinity,Infinity,Infinity,Infinity,Infinity,Infinity,Infinity,Infinity,Infinity,Infinity,Infinity,Infinity,Infinity,Infinity,Infinity,Infinity,Infinity,Infinity,Infinity,Infinity,Infinity,Infinity,Infinity,Infinity,Infinity,Infinity,Infinity,Infinity,Infinity,Infinity,Infinity,Infinity] [0.0,0.0,0.0,0.0,0.0,0.0,0.0,0.0,0.0,0.0,0.0,0.0,0.0,0.0,0.0,0.0,0.0,0.0,0.0,0.0,0.0,0.0,0.0,0.0,0.0,0.0,0.0,0.0,0.0,0.0,0.0,0.0,0.0,0.0,0.0,0.0,0.0,0.0,0.0,0.0,0.0,0.0,0.0,0.0,0.0,0.0,0.0,0.0,0.0,0.0,0.0,0.0,0.0,0.0,0.0,0.0,0.0,0.0,0.0,0.0,0.0,0.0,0.0,0.0,0.0,0.0,0.0,0.0,0.0,0.0,0.0,0.0,0.0,0.0,0.0,0.0,0.0,0.0,0.0,0.0,0.0,0.0,0.0,0.0,0.0,0.0,0.0,0.0,0.0,0.0,0.0,0.0,0.0,0.0,0.0,0.0,0.0,0.0,0.0,0.0,0.0,0.0,0.0,0.0,0.0,0.0,0.0,0.0,0.0,0.0,0.0,0.0,0.0,0.0,0.0,0.0,0.0,0.0,0.0,0.0,0.0,0.0,0.0,0.0,0.0,0.0,0.0,0.0,0.0,0.0,0.0,0.0,0.0,0.0,0.0,0.0,0.0,0.0,0.0,0.0,0.0,0.0,0.0,0.0,0.0,0.0,0.0,0.0,0.0,0.0,0.0,0.0,0.0,0.0,0.0,0.0,0.0,0.0,0.0,0.0,0.0,0.0,0.0,0.0,0.0,0.0,0.0,0.0,0.0,0.0,0.0,0.0,0.0,0.0,0.0,0.0,0.0,0.0,0.0,0.0,0.0,0.0,0.0,0.0,0.0,0.0,0.0,0.0,0.0,0.0,0.0,0.0,0.0,0.0,0.0,0.0,0.0,0.0,0.0,0.0,0.0,0.0,0.0,0.0,0.0,0.0,0.0,0.0,0.0,0.0,0.0,0.0,0.0,0.0,0.0,0.0,0.0,0.0,0.0,0.0,0.0,0.0,0.0,0.0,0.0,0.0,0.0,0.0,0.0,0.0,0.0,0.0,0.0,0.0,0.0,0.0,0.0,0.0,0.0,0.0,0.0,0.0,0.0,0.0,0.0,0.0,0.0,0.0,0.0,0.0,0.0,0.0,0.0,0.0,0.0,0.0,0.0,0.0,0.0,0.0,0.0,0.0,0.0,0.0,0.0,0.0,0.0,0.0,0.0,0.0,0.0,0.0,0.0,0.0,0.0,0.0,0.0,0.0,0.0,0.0,0.0,0.0,0.0,0.0,0.0,0.0,0.0,0.0,0.0,0.0,0.0,0.0,0.0,0.0,0.0,0.0,0.0,0.0,0.0,0.0]
56095.36967100315 [0.0,0.0,0.0,0.0,0.0,0.0,0.0,0.0,0.0,0.0,0.0,0.0,0.0,0.0,0.0,0.0,0.0,0.0,0.0,0.0,0.0,0.0,0.0,0.0,0.0,0.0,0.0,0.0,0.0,0.0,0.0,0.0,0.0,0.0,0.0,0.0,0.0,0.0,0.0,0.0,0.0,0.0,0.0,0.0,0.0,0.0,0.0,0.0,0.0,0.0,0.0,0.0,0.0,0.0,0.0,0.0,0.0,0.0,0.0,0.0,0.0,0.0,0.0,0.0,0.0,0.0,0.0,0.0,0.0,0.0,0.0,0.0,0.0,0.0,0.0,0.0,0.0,0.0,0.0,0.0,0.0,0.0,0.0,0.0,0.0,0.0,0.0,0.0,0.0,0.0,0.0,0.0,0.0,0.0,0.0,0.0,0.0,0.0,0.0,0.0,0.0,0.0,0.0,0.0,0.0,0.0,0.0,0.0,0.0,0.0,0.0,0.0,0.0,0.0,0.0,0.0,0.0,0.0,0.0,0.0,0.0,0.0,0.0,0.0,0.0,0.0,0.0,0.0,0.0,0.0,0.0,0.0,0.0,0.0,0.0,0.0,0.0,0.0,0.0,0.0,0.0,0.0,0.0,0.0,0.0,0.0,0.0,0.0,0.0,0.0,0.0,0.0,0.0,0.0,0.0,0.0,0.0,0.0,0.0,0.0,0.0,0.0,0.0,0.0,0.0,0.0,0.0,0.0,0.0,0.0,0.0,0.0,0.0,0.0,0.0,0.0,0.0,0.0,0.0,0.0,0.0,0.0,0.0,0.0,0.0,0.0,0.0,0.0,0.0,0.0,0.0,0.0,0.0,0.0,0.0,0.0,0.0,0.0,0.0,0.0,0.0,0.0,0.0,0.0,0.0,0.0,0.0,0.0,0.0,0.0,0.0,0.0,0.0,0.0,0.0,0.0,0.0,0.0,0.0,0.0,0.0,0.0,0.0,0.0,0.0,0.0,0.0,0.0,0.0,0.0,0.0,0.0,0.0,0.0,0.0,0.0,0.0,0.0,0.0,0.0,0.0,0.0,0.0,0.0,0.0,0.0,0.0,0.0,0.0,0.0,0.0,0.0,0.0,0.0,0.0,0.0,0.0,0.0,0.0,0.0,0.0,0.0,0.0,0.0,0.0,0.0,0.0,0.0,0.0,0.0,0.0,0.0,0.0,0.0,0.0,0.0,0.0,0.0,0.0,0.0,0.0,0.0,0.0,0.0,0.0,0.0,0.0,0.0,0.0,0.0,0.0,0.0,0.0,0.0,0.0,0.0,0.0,0.0,0.0,0.0] [1311.2619900786005,1321.8202200865917,1332.463464547639,1343.19240799478,1354.0077404728797,1364.9101575830227,1375.9003605272408,1386.9790561536227,1398.1469570017646,1409.4047813486081,1420.7532532546286,1432.193102610412,1443.7250651835902,1455.3498826661717,1467.068302722235,1478.881079036026,1490.78897136042,1502.7927455657994,1514.8931736892998,1527.0910339844697,1539.3871109713293,1551.7821954868166,1564.2770847356642,1576.872582341659,1589.569498399342,1602.368649526097,1615.270858914685,1628.2769563861766,1641.3877784433362,1654.6041683244075,1667.9269760573632,1681.3570585145608,1694.895279467867,1708.5425096441993,1722.2996267815402,1736.1675156853773,1750.1470682856248,1764.2391836939755,1778.4447682617345,1792.7647356381167,1807.2000068289992,1821.7515102561672,1836.4201818170154,1851.2069649447558,1866.112810669078,1881.1386776773347,1896.285532376183,1911.5543489537563,1926.9461094423048,1942.4618037813711,1958.1024298814455,1973.8689936881608,1989.7625092469793,2005.7839987684179,2021.9344926937952,2038.215029761504,2054.626657073813,2071.1704301642176,2087.8474130653335,2104.6586783773164,2121.605307336866,2138.6883898867477,2155.9090247459117,2173.268319480143,2190.767390573309,2208.407363499154,2226.1893727937027,2244.1145621282076,2262.184084382728,2280.399101720259,2298.7607856614945,2317.2703171601615,2335.9288866789793,2354.7376942662327,2373.6979496329395,2392.810872230673,2412.077691329971,2431.4996460994216,2451.0779856853383,2470.813969292122,2490.7088662632277,2510.763956162824,2530.9805288580706,2551.359884602096,2571.9033341176064,2592.612198681206,2613.487810208354,2634.5315113390543,2655.7446555241822,2677.1286071125573,2698.6847414386757,2720.4144449111714,2742.319115101994,2764.4001608362782,2786.6590022829737,2809.097071046162,2831.715810257159,2854.5166746673017,2877.5011307415425,2900.67065675274,2924.0267428767575,2947.570891288285,2971.304616257478,2995.22944424732,3019.346914011829,3043.658576695001,3068.1659959305807,3092.870747942638,3117.7744216469364,3142.87861875312,3168.1849538677375,3193.695054598094,3219.410561656912,3245.333128967883,3271.4644237720117,3297.806126734876,3324.3599320546946,3351.1275475713155,3378.1106948760344,3405.3111094223436,3432.7305406375262,3460.3707520352004,3488.23352132871,3516.320640545493,3544.6339161423107,3573.1751691214417,3601.9462351478164,3630.9489646670518,3660.1852230244945,3689.6568905851636,3719.3658628547196,3749.3140506013438,3779.5033799786634,3809.935792649603,3840.6132459112973,3871.5377128209448,3902.7111823227383,3934.135659375755,3965.8131650829396,3997.7457368210635,4029.9354283717907,4062.3843100537392,4095.0944688556665,4128.068008570669,4161.3070499315045,4194.813730746993,4228.590206039511,4262.638648183577,4296.961247045588,4331.560210124669,4366.437762694626,4401.596147947099,4437.037627135803,4472.764479721992,4508.779003521039,4545.083514850253,4581.680348677821,4618.571858773019,4655.7604178575675,4693.248417758249,4731.038269560753,4769.132403764733,4807.533270440121,4846.243339384716,4885.265100283049,4924.601062866471,4964.253757074609,5004.22573321805,5044.519562142395,5085.137835393579,5126.08316538458,5167.3581855634,5208.965550582488,5250.907936469426,5293.188040799074,5335.808582867062,5378.772303864684,5422.081967055189,5465.740357951513,5509.7502844954415,5554.1145772382,5598.836089522486,5643.917697666003,5689.362301146471,5735.17282278806,5781.352208949439,5827.903429713208,5874.829479076986,5922.133375145914,5969.818160326825,6017.886901523867,6066.342690335802,6115.188643254807,6164.427901866934,6214.06363305417,6264.099029198114,6314.537308385285,6365.381714614103,6416.635518003553,6468.302015003491,6520.384528606639,6572.88640856233,6625.811031591967,6679.16180160615,6732.942149923667,6787.155535492116,6841.805445110439,6896.895393653112,6952.428924296275,7008.409608745552,7064.841047465831,7121.726869912778,7179.070734766296,7236.876330165845,7295.147373947643,7353.887613883764,7413.100827923194,7472.790824434837,7532.961442452409,7593.616551921397,7654.7600539479145,7716.395881049652,7778.527997408752,7841.160399126823,7904.2971144818985,7967.94220418758,8032.099761654146,8096.773913251861,8161.968818576374,8227.688670716232,8293.937696522553,8360.720156880894,8428.04034698531,8495.90259661459,8564.311270410717,8633.270768159597,8702.785525074065,8772.860012079082,8843.498736099358,8914.706240349144,8986.487104624512,9058.845945597834,9131.787417114787,9205.31621049359,9279.437054826807,9354.154717285446,9429.47400342559,9505.399757497484,9581.936862757088,9659.090241780126,9736.864856778713,9815.265709920519,9894.297843650465,9973.966341015032,10054.276325989182,10135.232963805956,10216.841461288606,10299.107067185563,10382.035072507933,10465.630810869876,10549.89965883156,10634.84703624505,10720.478406602804,10806.799277389146,10893.815200434417,10981.531772272076,11069.954634498676,11159.08947413668,11248.94202400021,11339.518063063782,11430.823416834026,11522.863957724268,11615.64560543233,11709.174327321158,11803.456138802712,11898.49710372478,11994.303334761045,12090.880993804161,12188.23629236214,12286.375491957784,12385.304904531427,12485.030892846919,12585.55987090084,12686.898304334996,12789.052710852275,12892.029660635888,12995.8357767719,13100.477735675182,13205.962267518828,13312.296156667053,13419.486242111492,13527.539417911097,13636.462633635434,13746.262894811807,13856.947263375758,13968.522858125163,14080.996855178266,14194.376488435144,14308.66905004285,14423.881890864615] 0.31126199007860056 [Infinity,Infinity,Infinity,Infinity,Infinity,Infinity,Infinity,Infinity,Infinity,Infinity,Infinity,Infinity,Infinity,Infinity,Infinity,Infinity,Infinity,Infinity,Infinity,Infinity,Infinity,Infinity,Infinity,Infinity,Infinity,Infinity,Infinity,Infinity,Infinity,Infinity,Infinity,Infinity,Infinity,Infinity,Infinity,Infinity,Infinity,Infinity,Infinity,Infinity,Infinity,Infinity,Infinity,Infinity,Infinity,Infinity,Infinity,Infinity,Infinity,Infinity,Infinity,Infinity,Infinity,Infinity,Infinity,Infinity,Infinity,Infinity,Infinity,Infinity,Infinity,Infinity,Infinity,Infinity,Infinity,Infinity,Infinity,Infinity,Infinity,Infinity,Infinity,Infinity,Infinity,Infinity,Infinity,Infinity,Infinity,Infinity,Infinity,Infinity,Infinity,Infinity,Infinity,Infinity,Infinity,Infinity,Infinity,Infinity,Infinity,Infinity,Infinity,Infinity,Infinity,Infinity,Infinity,Infinity,Infinity,Infinity,Infinity,Infinity,Infinity,Infinity,Infinity,Infinity,Infinity,Infinity,Infinity,Infinity,Infinity,Infinity,Infinity,Infinity,Infinity,Infinity,Infinity,Infinity,Infinity,Infinity,Infinity,Infinity,Infinity,Infinity,Infinity,Infinity,Infinity,Infinity,Infinity,Infinity,Infinity,Infinity,Infinity,Infinity,Infinity,Infinity,Infinity,Infinity,Infinity,Infinity,Infinity,Infinity,Infinity,Infinity,Infinity,Infinity,Infinity,Infinity,Infinity,Infinity,Infinity,Infinity,Infinity,Infinity,Infinity,Infinity,Infinity,Infinity,Infinity,Infinity,Infinity,Infinity,Infinity,Infinity,Infinity,Infinity,Infinity,Infinity,Infinity,Infinity,Infinity,Infinity,Infinity,Infinity,Infinity,Infinity,Infinity,Infinity,Infinity,Infinity,Infinity,Infinity,Infinity,Infinity,Infinity,Infinity,Infinity,Infinity,Infinity,Infinity,Infinity,Infinity,Infinity,Infinity,Infinity,Infinity,Infinity,Infinity,Infinity,Infinity,Infinity,Infinity,Infinity,Infinity,Infinity,Infinity,Infinity,Infinity,Infinity,Infinity,Infinity,Infinity,Infinity,Infinity,Infinity,Infinity,Infinity,Infinity,Infinity,Infinity,Infinity,Infinity,Infinity,Infinity,Infinity,Infinity,Infinity,Infinity,Infinity,Infinity,Infinity,Infinity,Infinity,Infinity,Infinity,Infinity,Infinity,Infinity,Infinity,Infinity,Infinity,Infinity,Infinity,Infinity,Infinity,Infinity,Infinity,Infinity,Infinity,Infinity,Infinity,Infinity,Infinity,Infinity,Infinity,Infinity,Infinity,Infinity,Infinity,Infinity,Infinity,Infinity,Infinity,Infinity,Infinity,Infinity,Infinity,Infinity,Infinity,Infinity,Infinity,Infinity,Infinity,Infinity,Infinity,Infinity,Infinity,Infinity,Infinity,Infinity,Infinity,Infinity,Infinity,Infinity,Infinity,Infinity,Infinity,Infinity,Infinity,Infinity,Infinity,Infinity,Infinity,Infinity,Infinity,Infinity,Infinity,Infinity,Infinity,Infinity,Infinity,Infinity] [0.0,0.0,0.0,0.0,0.0,0.0,0.0,0.0,0.0,0.0,0.0,0.0,0.0,0.0,0.0,0.0,0.0,0.0,0.0,0.0,0.0,0.0,0.0,0.0,0.0,0.0,0.0,0.0,0.0,0.0,0.0,0.0,0.0,0.0,0.0,0.0,0.0,0.0,0.0,0.0,0.0,0.0,0.0,0.0,0.0,0.0,0.0,0.0,0.0,0.0,0.0,0.0,0.0,0.0,0.0,0.0,0.0,0.0,0.0,0.0,0.0,0.0,0.0,0.0,0.0,0.0,0.0,0.0,0.0,0.0,0.0,0.0,0.0,0.0,0.0,0.0,0.0,0.0,0.0,0.0,0.0,0.0,0.0,0.0,0.0,0.0,0.0,0.0,0.0,0.0,0.0,0.0,0.0,0.0,0.0,0.0,0.0,0.0,0.0,0.0,0.0,0.0,0.0,0.0,0.0,0.0,0.0,0.0,0.0,0.0,0.0,0.0,0.0,0.0,0.0,0.0,0.0,0.0,0.0,0.0,0.0,0.0,0.0,0.0,0.0,0.0,0.0,0.0,0.0,0.0,0.0,0.0,0.0,0.0,0.0,0.0,0.0,0.0,0.0,0.0,0.0,0.0,0.0,0.0,0.0,0.0,0.0,0.0,0.0,0.0,0.0,0.0,0.0,0.0,0.0,0.0,0.0,0.0,0.0,0.0,0.0,0.0,0.0,0.0,0.0,0.0,0.0,0.0,0.0,0.0,0.0,0.0,0.0,0.0,0.0,0.0,0.0,0.0,0.0,0.0,0.0,0.0,0.0,0.0,0.0,0.0,0.0,0.0,0.0,0.0,0.0,0.0,0.0,0.0,0.0,0.0,0.0,0.0,0.0,0.0,0.0,0.0,0.0,0.0,0.0,0.0,0.0,0.0,0.0,0.0,0.0,0.0,0.0,0.0,0.0,0.0,0.0,0.0,0.0,0.0,0.0,0.0,0.0,0.0,0.0,0.0,0.0,0.0,0.0,0.0,0.0,0.0,0.0,0.0,0.0,0.0,0.0,0.0,0.0,0.0,0.0,0.0,0.0,0.0,0.0,0.0,0.0,0.0,0.0,0.0,0.0,0.0,0.0,0.0,0.0,0.0,0.0,0.0,0.0,0.0,0.0,0.0,0.0,0.0,0.0,0.0,0.0,0.0,0.0,0.0,0.0,0.0,0.0,0.0,0.0,0.0,0.0,0.0,0.0,0.0,0.0,0.0,0.0,0.0,0.0,0.0,0.0,0.0,0.0,0.0,0.0,0.0,0.0,0.0,0.0,0.0,0.0,0.0,0.0,0.0]
56203.450910395186 [0.0,0.0,0.0,0.0,0.0,0.0,0.0,0.0,0.0,0.0,0.0,0.0,0.0,0.0,0.0,0.0,0.0,0.0,0.0,0.0,0.0,0.0,0.0,0.0,0.0,0.0,0.0,0.0,0.0,0.0,0.0,0.0,0.0,0.0,0.0,0.0,0.0,0.0,0.0,0.0,0.0,0.0,0.0,0.0,0.0,0.0,0.0,0.0,0.0,0.0,0.0,0.0,0.0,0.0,0.0,0.0,0.0,0.0,0.0,0.0,0.0,0.0,0.0,0.0,0.0,0.0,0.0,0.0,0.0,0.0,0.0,0.0,0.0,0.0,0.0,0.0,0.0,0.0,0.0,0.0,0.0,0.0,0.0,0.0,0.0,0.0,0.0,0.0,0.0,0.0,0.0,0.0,0.0,0.0,0.0,0.0,0.0,0.0,0.0,0.0,0.0,0.0,0.0,0.0,0.0,0.0,0.0,0.0,0.0,0.0,0.0,0.0,0.0,0.0,0.0,0.0,0.0,0.0,0.0,0.0,0.0,0.0,0.0,0.0,0.0,0.0,0.0,0.0,0.0,0.0,0.0,0.0,0.0,0.0,0.0,0.0,0.0,0.0,0.0,0.0,0.0,0.0,0.0,0.0,0.0,0.0,0.0,0.0,0.0,0.0,0.0,0.0,0.0,0.0,0.0,0.0,0.0,0.0,0.0,0.0,0.0,0.0,0.0,0.0,0.0,0.0,0.0,0.0,0.0,0.0,0.0,0.0,0.0,0.0,0.0,0.0,0.0,0.0,0.0,0.0,0.0,0.0,0.0,0.0,0.0,0.0,0.0,0.0,0.0,0.0,0.0,0.0,0.0,0.0,0.0,0.0,0.0,0.0,0.0,0.0,0.0,0.0,0.0,0.0,0.0,0.0,0.0,0.0,0.0,0.0,0.0,0.0,0.0,0.0,0.0,0.0,0.0,0.0,0.0,0.0,0.0,0.0,0.0,0.0,0.0,0.0,0.0,0.0,0.0,0.0,0.0,0.0,0.0,0.0,0.0,0.0,0.0,0.0,0.0,0.0,0.0,0.0,0.0,0.0,0.0,0.0,0.0,0.0,0.0,0.0,0.0,0.0,0.0,0.0,0.0,0.0,0.0,0.0,0.0,0.0,0.0,0.0,0.0,0.0,0.0,0.0,0.0,0.0,0.0,0.0,0.0,0.0,0.0,0.0,0.0,0.0,0.0,0.0,0.0,0.0,0.0,0.0,0.0,0.0,0.0,0.0,0.0,0.0,0.0,0.0,0.0,0.0,0.0,0.0,0.0,0.0,0.0,0.0,0.0,0.0] [1311.2619900786005,1321.8202200865917,1332.463464547639,1343.19240799478,1354.0077404728797,1364.9101575830227,1375.9003605272408,1386.9790561536227,1398.1469570017646,1409.4047813486081,1420.7532532546286,1432.193102610412,1443.7250651835902,1455.3498826661717,1467.068302722235,1478.881079036026,1490.78897136042,1502.7927455657994,1514.8931736892998,1527.0910339844697,1539.3871109713293,1551.7821954868166,1564.2770847356642,1576.872582341659,1589.569498399342,1602.368649526097,1615.270858914685,1628.2769563861766,1641.3877784433362,1654.6041683244075,1667.9269760573632,1681.3570585145608,1694.895279467867,1708.5425096441993,1722.2996267815402,1736.1675156853773,1750.1470682856248,1764.2391836939755,1778.4447682617345,1792.7647356381167,1807.2000068289992,1821.7515102561672,1836.4201818170154,1851.2069649447558,1866.112810669078,1881.1386776773347,1896.285532376183,1911.5543489537563,1926.9461094423048,1942.4618037813711,1958.1024298814455,1973.8689936881608,1989.7625092469793,2005.7839987684179,2021.9344926937952,2038.215029761504,2054.626657073813,2071.1704301642176,2087.8474130653335,2104.6586783773164,2121.605307336866,2138.6883898867477,2155.9090247459117,2173.268319480143,2190.767390573309,2208.407363499154,2226.1893727937027,2244.1145621282076,2262.184084382728,2280.399101720259,2298.7607856614945,2317.2703171601615,2335.9288866789793,2354.7376942662327,2373.6979496329395,2392.810872230673,2412.077691329971,2431.4996460994216,2451.0779856853383,2470.813969292122,2490.7088662632277,2510.763956162824,2530.9805288580706,2551.359884602096,2571.9033341176064,2592.612198681206,2613.487810208354,2634.5315113390543,2655.7446555241822,2677.1286071125573,2698.6847414386757,2720.4144449111714,2742.319115101994,2764.4001608362782,2786.6590022829737,2809.097071046162,2831.715810257159,2854.5166746673017,2877.5011307415425,2900.67065675274,2924.0267428767575,2947.570891288285,2971.304616257478,2995.22944424732,3019.346914011829,3043.658576695001,3068.1659959305807,3092.870747942638,3117.7744216469364,3142.87861875312,3168.1849538677375,3193.695054598094,3219.410561656912,3245.333128967883,3271.4644237720117,3297.806126734876,3324.3599320546946,3351.1275475713155,3378.1106948760344,3405.3111094223436,3432.7305406375262,3460.3707520352004,3488.23352132871,3516.320640545493,3544.6339161423107,3573.1751691214417,3601.9462351478164,3630.9489646670518,3660.1852230244945,3689.6568905851636,3719.3658628547196,3749.3140506013438,3779.5033799786634,3809.935792649603,3840.6132459112973,3871.5377128209448,3902.7111823227383,3934.135659375755,3965.8131650829396,3997.7457368210635,4029.9354283717907,4062.3843100537392,4095.0944688556665,4128.068008570669,4161.3070499315045,4194.813730746993,4228.590206039511,4262.638648183577,4296.961247045588,4331.560210124669,4366.437762694626,4401.596147947099,4437.037627135803,4472.764479721992,4508.779003521039,4545.083514850253,4581.680348677821,4618.571858773019,4655.7604178575675,4693.248417758249,4731.038269560753,4769.132403764733,4807.533270440121,4846.243339384716,4885.265100283049,4924.601062866471,4964.253757074609,5004.22573321805,5044.519562142395,5085.137835393579,5126.08316538458,5167.3581855634,5208.965550582488,5250.907936469426,5293.188040799074,5335.808582867062,5378.772303864684,5422.081967055189,5465.740357951513,5509.7502844954415,5554.1145772382,5598.836089522486,5643.917697666003,5689.362301146471,5735.17282278806,5781.352208949439,5827.903429713208,5874.829479076986,5922.133375145914,5969.818160326825,6017.886901523867,6066.342690335802,6115.188643254807,6164.427901866934,6214.06363305417,6264.099029198114,6314.537308385285,6365.381714614103,6416.635518003553,6468.302015003491,6520.384528606639,6572.88640856233,6625.811031591967,6679.16180160615,6732.942149923667,6787.155535492116,6841.805445110439,6896.895393653112,6952.428924296275,7008.409608745552,7064.841047465831,7121.726869912778,7179.070734766296,7236.876330165845,7295.147373947643,7353.887613883764,7413.100827923194,7472.790824434837,7532.961442452409,7593.616551921397,7654.7600539479145,7716.395881049652,7778.527997408752,7841.160399126823,7904.2971144818985,7967.94220418758,8032.099761654146,8096.773913251861,8161.968818576374,8227.688670716232,8293.937696522553,8360.720156880894,8428.04034698531,8495.90259661459,8564.311270410717,8633.270768159597,8702.785525074065,8772.860012079082,8843.498736099358,8914.706240349144,8986.487104624512,9058.845945597834,9131.787417114787,9205.31621049359,9279.437054826807,9354.154717285446,9429.47400342559,9505.399757497484,9581.936862757088,9659.090241780126,9736.864856778713,9815.265709920519,9894.297843650465,9973.966341015032,10054.276325989182,10135.232963805956,10216.841461288606,10299.107067185563,10382.035072507933,10465.630810869876,10549.89965883156,10634.84703624505,10720.478406602804,10806.799277389146,10893.815200434417,10981.531772272076,11069.954634498676,11159.08947413668,11248.94202400021,11339.518063063782,11430.823416834026,11522.863957724268,11615.64560543233,11709.174327321158,11803.456138802712,11898.49710372478,11994.303334761045,12090.880993804161,12188.23629236214,12286.375491957784,12385.304904531427,12485.030892846919,12585.55987090084,12686.898304334996,12789.052710852275,12892.029660635888,12995.8357767719,13100.477735675182,13205.962267518828,13312.296156667053,13419.486242111492,13527.539417911097,13636.462633635434,13746.262894811807,13856.947263375758,13968.522858125163,14080.996855178266,14194.376488435144,14308.66905004285,14423.881890864615] 0.31126199007860056 [Infinity,Infinity,Infinity,Infinity,Infinity,Infinity,Infinity,Infinity,Infinity,Infinity,Infinity,Infinity,Infinity,Infinity,Infinity,Infinity,Infinity,Infinity,Infinity,Infinity,Infinity,Infinity,Infinity,Infinity,Infinity,Infinity,Infinity,Infinity,Infinity,Infinity,Infinity,Infinity,Infinity,Infinity,Infinity,Infinity,Infinity,Infinity,Infinity,Infinity,Infinity,Infinity,Infinity,Infinity,Infinity,Infinity,Infinity,Infinity,Infinity,Infinity,Infinity,Infinity,Infinity,Infinity,Infinity,Infinity,Infinity,Infinity,Infinity,Infinity,Infinity,Infinity,Infinity,Infinity,Infinity,Infinity,Infinity,Infinity,Infinity,Infinity,Infinity,Infinity,Infinity,Infinity,Infinity,Infinity,Infinity,Infinity,Infinity,Infinity,Infinity,Infinity,Infinity,Infinity,Infinity,Infinity,Infinity,Infinity,Infinity,Infinity,Infinity,Infinity,Infinity,Infinity,Infinity,Infinity,Infinity,Infinity,Infinity,Infinity,Infinity,Infinity,Infinity,Infinity,Infinity,Infinity,Infinity,Infinity,Infinity,Infinity,Infinity,Infinity,Infinity,Infinity,Infinity,Infinity,Infinity,Infinity,Infinity,Infinity,Infinity,Infinity,Infinity,Infinity,Infinity,Infinity,Infinity,Infinity,Infinity,Infinity,Infinity,Infinity,Infinity,Infinity,Infinity,Infinity,Infinity,Infinity,Infinity,Infinity,Infinity,Infinity,Infinity,Infinity,Infinity,Infinity,Infinity,Infinity,Infinity,Infinity,Infinity,Infinity,Infinity,Infinity,Infinity,Infinity,Infinity,Infinity,Infinity,Infinity,Infinity,Infinity,Infinity,Infinity,Infinity,Infinity,Infinity,Infinity,Infinity,Infinity,Infinity,Infinity,Infinity,Infinity,Infinity,Infinity,Infinity,Infinity,Infinity,Infinity,Infinity,Infinity,Infinity,Infinity,Infinity,Infinity,Infinity,Infinity,Infinity,Infinity,Infinity,Infinity,Infinity,Infinity,Infinity,Infinity,Infinity,Infinity,Infinity,Infinity,Infinity,Infinity,Infinity,Infinity,Infinity,Infinity,Infinity,Infinity,Infinity,Infinity,Infinity,Infinity,Infinity,Infinity,Infinity,Infinity,Infinity,Infinity,Infinity,Infinity,Infinity,Infinity,Infinity,Infinity,Infinity,Infinity,Infinity,Infinity,Infinity,Infinity,Infinity,Infinity,Infinity,Infinity,Infinity,Infinity,Infinity,Infinity,Infinity,Infinity,Infinity,Infinity,Infinity,Infinity,Infinity,Infinity,Infinity,Infinity,Infinity,Infinity,Infinity,Infinity,Infinity,Infinity,Infinity,Infinity,Infinity,Infinity,Infinity,Infinity,Infinity,Infinity,Infinity,Infinity,Infinity,Infinity,Infinity,Infinity,Infinity,Infinity,Infinity,Infinity,Infinity,Infinity,Infinity,Infinity,Infinity,Infinity,Infinity,Infinity,Infinity,Infinity,Infinity,Infinity,Infinity,Infinity,Infinity,Infinity,Infinity,Infinity,Infinity,Infinity,Infinity,Infinity,Infinity,Infinity,Infinity,Infinity,Infinity,Infinity] [0.0,0.0,0.0,0.0,0.0,0.0,0.0,0.0,0.0,0.0,0.0,0.0,0.0,0.0,0.0,0.0,0.0,0.0,0.0,0.0,0.0,0.0,0.0,0.0,0.0,0.0,0.0,0.0,0.0,0.0,0.0,0.0,0.0,0.0,0.0,0.0,0.0,0.0,0.0,0.0,0.0,0.0,0.0,0.0,0.0,0.0,0.0,0.0,0.0,0.0,0.0,0.0,0.0,0.0,0.0,0.0,0.0,0.0,0.0,0.0,0.0,0.0,0.0,0.0,0.0,0.0,0.0,0.0,0.0,0.0,0.0,0.0,0.0,0.0,0.0,0.0,0.0,0.0,0.0,0.0,0.0,0.0,0.0,0.0,0.0,0.0,0.0,0.0,0.0,0.0,0.0,0.0,0.0,0.0,0.0,0.0,0.0,0.0,0.0,0.0,0.0,0.0,0.0,0.0,0.0,0.0,0.0,0.0,0.0,0.0,0.0,0.0,0.0,0.0,0.0,0.0,0.0,0.0,0.0,0.0,0.0,0.0,0.0,0.0,0.0,0.0,0.0,0.0,0.0,0.0,0.0,0.0,0.0,0.0,0.0,0.0,0.0,0.0,0.0,0.0,0.0,0.0,0.0,0.0,0.0,0.0,0.0,0.0,0.0,0.0,0.0,0.0,0.0,0.0,0.0,0.0,0.0,0.0,0.0,0.0,0.0,0.0,0.0,0.0,0.0,0.0,0.0,0.0,0.0,0.0,0.0,0.0,0.0,0.0,0.0,0.0,0.0,0.0,0.0,0.0,0.0,0.0,0.0,0.0,0.0,0.0,0.0,0.0,0.0,0.0,0.0,0.0,0.0,0.0,0.0,0.0,0.0,0.0,0.0,0.0,0.0,0.0,0.0,0.0,0.0,0.0,0.0,0.0,0.0,0.0,0.0,0.0,0.0,0.0,0.0,0.0,0.0,0.0,0.0,0.0,0.0,0.0,0.0,0.0,0.0,0.0,0.0,0.0,0.0,0.0,0.0,0.0,0.0,0.0,0.0,0.0,0.0,0.0,0.0,0.0,0.0,0.0,0.0,0.0,0.0,0.0,0.0,0.0,0.0,0.0,0.0,0.0,0.0,0.0,0.0,0.0,0.0,0.0,0.0,0.0,0.0,0.0,0.0,0.0,0.0,0.0,0.0,0.0,0.0,0.0,0.0,0.0,0.0,0.0,0.0,0.0,0.0,0.0,0.0,0.0,0.0,0.0,0.0,0.0,0.0,0.0,0.0,0.0,0.0,0.0,0.0,0.0,0.0,0.0,0.0,0.0,0.0,0.0,0.0,0.0]
56343.98624286522 [0.0,0.0,0.0,0.0,0.0,0.0,0.0,0.0,0.0,0.0,0.0,0.0,0.0,0.0,0.0,0.0,0.0,0.0,0.0,0.0,0.0,0.0,0.0,0.0,0.0,0.0,0.0,0.0,0.0,0.0,0.0,0.0,0.0,0.0,0.0,0.0,0.0,0.0,0.0,0.0,0.0,0.0,0.0,0.0,0.0,0.0,0.0,0.0,0.0,0.0,0.0,0.0,0.0,0.0,0.0,0.0,0.0,0.0,0.0,0.0,0.0,0.0,0.0,0.0,0.0,0.0,0.0,0.0,0.0,0.0,0.0,0.0,0.0,0.0,0.0,0.0,0.0,0.0,0.0,0.0,0.0,0.0,0.0,0.0,0.0,0.0,0.0,0.0,0.0,0.0,0.0,0.0,0.0,0.0,0.0,0.0,0.0,0.0,0.0,0.0,0.0,0.0,0.0,0.0,0.0,0.0,0.0,0.0,0.0,0.0,0.0,0.0,0.0,0.0,0.0,0.0,0.0,0.0,0.0,0.0,0.0,0.0,0.0,0.0,0.0,0.0,0.0,0.0,0.0,0.0,0.0,0.0,0.0,0.0,0.0,0.0,0.0,0.0,0.0,0.0,0.0,0.0,0.0,0.0,0.0,0.0,0.0,0.0,0.0,0.0,0.0,0.0,0.0,0.0,0.0,0.0,0.0,0.0,0.0,0.0,0.0,0.0,0.0,0.0,0.0,0.0,0.0,0.0,0.0,0.0,0.0,0.0,0.0,0.0,0.0,0.0,0.0,0.0,0.0,0.0,0.0,0.0,0.0,0.0,0.0,0.0,0.0,0.0,0.0,0.0,0.0,0.0,0.0,0.0,0.0,0.0,0.0,0.0,0.0,0.0,0.0,0.0,0.0,0.0,0.0,0.0,0.0,0.0,0.0,0.0,0.0,0.0,0.0,0.0,0.0,0.0,0.0,0.0,0.0,0.0,0.0,0.0,0.0,0.0,0.0,0.0,0.0,0.0,0.0,0.0,0.0,0.0,0.0,0.0,0.0,0.0,0.0,0.0,0.0,0.0,0.0,0.0,0.0,0.0,0.0,0.0,0.0,0.0,0.0,0.0,0.0,0.0,0.0,0.0,0.0,0.0,0.0,0.0,0.0,0.0,0.0,0.0,0.0,0.0,0.0,0.0,0.0,0.0,0.0,0.0,0.0,0.0,0.0,0.0,0.0,0.0,0.0,0.0,0.0,0.0,0.0,0.0,0.0,0.0,0.0,0.0,0.0,0.0,0.0,0.0,0.0,0.0,0.0,0.0,0.0,0.0,0.0,0.0,0.0,0.0] [1311.2619900786005,1321.8202200865917,1332.463464547639,1343.19240799478,1354.0077404728797,1364.9101575830227,1375.9003605272408,1386.9790561536227,1398.1469570017646,1409.4047813486081,1420.7532532546286,1432.193102610412,1443.7250651835902,1455.3498826661717,1467.068302722235,1478.881079036026,1490.78897136042,1502.7927455657994,1514.8931736892998,1527.0910339844697,1539.3871109713293,1551.7821954868166,1564.2770847356642,1576.872582341659,1589.569498399342,1602.368649526097,1615.270858914685,1628.2769563861766,1641.3877784433362,1654.6041683244075,1667.9269760573632,1681.3570585145608,1694.895279467867,1708.5425096441993,1722.2996267815402,1736.1675156853773,1750.1470682856248,1764.2391836939755,1778.4447682617345,1792.7647356381167,1807.2000068289992,1821.7515102561672,1836.4201818170154,1851.2069649447558,1866.112810669078,1881.1386776773347,1896.285532376183,1911.5543489537563,1926.9461094423048,1942.4618037813711,1958.1024298814455,1973.8689936881608,1989.7625092469793,2005.7839987684179,2021.9344926937952,2038.215029761504,2054.626657073813,2071.1704301642176,2087.8474130653335,2104.6586783773164,2121.605307336866,2138.6883898867477,2155.9090247459117,2173.268319480143,2190.767390573309,2208.407363499154,2226.1893727937027,2244.1145621282076,2262.184084382728,2280.399101720259,2298.7607856614945,2317.2703171601615,2335.9288866789793,2354.7376942662327,2373.6979496329395,2392.810872230673,2412.077691329971,2431.4996460994216,2451.0779856853383,2470.813969292122,2490.7088662632277,2510.763956162824,2530.9805288580706,2551.359884602096,2571.9033341176064,2592.612198681206,2613.487810208354,2634.5315113390543,2655.7446555241822,2677.1286071125573,2698.6847414386757,2720.4144449111714,2742.319115101994,2764.4001608362782,2786.6590022829737,2809.097071046162,2831.715810257159,2854.5166746673017,2877.5011307415425,2900.67065675274,2924.0267428767575,2947.570891288285,2971.304616257478,2995.22944424732,3019.346914011829,3043.658576695001,3068.1659959305807,3092.870747942638,3117.7744216469364,3142.87861875312,3168.1849538677375,3193.695054598094,3219.410561656912,3245.333128967883,3271.4644237720117,3297.806126734876,3324.3599320546946,3351.1275475713155,3378.1106948760344,3405.3111094223436,3432.7305406375262,3460.3707520352004,3488.23352132871,3516.320640545493,3544.6339161423107,3573.1751691214417,3601.9462351478164,3630.9489646670518,3660.1852230244945,3689.6568905851636,3719.3658628547196,3749.3140506013438,3779.5033799786634,3809.935792649603,3840.6132459112973,3871.5377128209448,3902.7111823227383,3934.135659375755,3965.8131650829396,3997.7457368210635,4029.9354283717907,4062.3843100537392,4095.0944688556665,4128.068008570669,4161.3070499315045,4194.813730746993,4228.590206039511,4262.638648183577,4296.961247045588,4331.560210124669,4366.437762694626,4401.596147947099,4437.037627135803,4472.764479721992,4508.779003521039,4545.083514850253,4581.680348677821,4618.571858773019,4655.7604178575675,4693.248417758249,4731.038269560753,4769.132403764733,4807.533270440121,4846.243339384716,4885.265100283049,4924.601062866471,4964.253757074609,5004.22573321805,5044.519562142395,5085.137835393579,5126.08316538458,5167.3581855634,5208.965550582488,5250.907936469426,5293.188040799074,5335.808582867062,5378.772303864684,5422.081967055189,5465.740357951513,5509.7502844954415,5554.1145772382,5598.836089522486,5643.917697666003,5689.362301146471,5735.17282278806,5781.352208949439,5827.903429713208,5874.829479076986,5922.133375145914,5969.818160326825,6017.886901523867,6066.342690335802,6115.188643254807,6164.427901866934,6214.06363305417,6264.099029198114,6314.537308385285,6365.381714614103,6416.635518003553,6468.302015003491,6520.384528606639,6572.88640856233,6625.811031591967,6679.16180160615,6732.942149923667,6787.155535492116,6841.805445110439,6896.895393653112,6952.428924296275,7008.409608745552,7064.841047465831,7121.726869912778,7179.070734766296,7236.876330165845,7295.147373947643,7353.887613883764,7413.100827923194,7472.790824434837,7532.961442452409,7593.616551921397,7654.7600539479145,7716.395881049652,7778.527997408752,7841.160399126823,7904.2971144818985,7967.94220418758,8032.099761654146,8096.773913251861,8161.968818576374,8227.688670716232,8293.937696522553,8360.720156880894,8428.04034698531,8495.90259661459,8564.311270410717,8633.270768159597,8702.785525074065,8772.860012079082,8843.498736099358,8914.706240349144,8986.487104624512,9058.845945597834,9131.787417114787,9205.31621049359,9279.437054826807,9354.154717285446,9429.47400342559,9505.399757497484,9581.936862757088,9659.090241780126,9736.864856778713,9815.265709920519,9894.297843650465,9973.966341015032,10054.276325989182,10135.232963805956,10216.841461288606,10299.107067185563,10382.035072507933,10465.630810869876,10549.89965883156,10634.84703624505,10720.478406602804,10806.799277389146,10893.815200434417,10981.531772272076,11069.954634498676,11159.08947413668,11248.94202400021,11339.518063063782,11430.823416834026,11522.863957724268,11615.64560543233,11709.174327321158,11803.456138802712,11898.49710372478,11994.303334761045,12090.880993804161,12188.23629236214,12286.375491957784,12385.304904531427,12485.030892846919,12585.55987090084,12686.898304334996,12789.052710852275,12892.029660635888,12995.8357767719,13100.477735675182,13205.962267518828,13312.296156667053,13419.486242111492,13527.539417911097,13636.462633635434,13746.262894811807,13856.947263375758,13968.522858125163,14080.996855178266,14194.376488435144,14308.66905004285,14423.881890864615] 0.31126199007860056 [Infinity,Infinity,Infinity,Infinity,Infinity,Infinity,Infinity,Infinity,Infinity,Infinity,Infinity,Infinity,Infinity,Infinity,Infinity,Infinity,Infinity,Infinity,Infinity,Infinity,Infinity,Infinity,Infinity,Infinity,Infinity,Infinity,Infinity,Infinity,Infinity,Infinity,Infinity,Infinity,Infinity,Infinity,Infinity,Infinity,Infinity,Infinity,Infinity,Infinity,Infinity,Infinity,Infinity,Infinity,Infinity,Infinity,Infinity,Infinity,Infinity,Infinity,Infinity,Infinity,Infinity,Infinity,Infinity,Infinity,Infinity,Infinity,Infinity,Infinity,Infinity,Infinity,Infinity,Infinity,Infinity,Infinity,Infinity,Infinity,Infinity,Infinity,Infinity,Infinity,Infinity,Infinity,Infinity,Infinity,Infinity,Infinity,Infinity,Infinity,Infinity,Infinity,Infinity,Infinity,Infinity,Infinity,Infinity,Infinity,Infinity,Infinity,Infinity,Infinity,Infinity,Infinity,Infinity,Infinity,Infinity,Infinity,Infinity,Infinity,Infinity,Infinity,Infinity,Infinity,Infinity,Infinity,Infinity,Infinity,Infinity,Infinity,Infinity,Infinity,Infinity,Infinity,Infinity,Infinity,Infinity,Infinity,Infinity,Infinity,Infinity,Infinity,Infinity,Infinity,Infinity,Infinity,Infinity,Infinity,Infinity,Infinity,Infinity,Infinity,Infinity,Infinity,Infinity,Infinity,Infinity,Infinity,Infinity,Infinity,Infinity,Infinity,Infinity,Infinity,Infinity,Infinity,Infinity,Infinity,Infinity,Infinity,Infinity,Infinity,Infinity,Infinity,Infinity,Infinity,Infinity,Infinity,Infinity,Infinity,Infinity,Infinity,Infinity,Infinity,Infinity,Infinity,Infinity,Infinity,Infinity,Infinity,Infinity,Infinity,Infinity,Infinity,Infinity,Infinity,Infinity,Infinity,Infinity,Infinity,Infinity,Infinity,Infinity,Infinity,Infinity,Infinity,Infinity,Infinity,Infinity,Infinity,Infinity,Infinity,Infinity,Infinity,Infinity,Infinity,Infinity,Infinity,Infinity,Infinity,Infinity,Infinity,Infinity,Infinity,Infinity,Infinity,Infinity,Infinity,Infinity,Infinity,Infinity,Infinity,Infinity,Infinity,Infinity,Infinity,Infinity,Infinity,Infinity,Infinity,Infinity,Infinity,Infinity,Infinity,Infinity,Infinity,Infinity,Infinity,Infinity,Infinity,Infinity,Infinity,Infinity,Infinity,Infinity,Infinity,Infinity,Infinity,Infinity,Infinity,Infinity,Infinity,Infinity,Infinity,Infinity,Infinity,Infinity,Infinity,Infinity,Infinity,Infinity,Infinity,Infinity,Infinity,Infinity,Infinity,Infinity,Infinity,Infinity,Infinity,Infinity,Infinity,Infinity,Infinity,Infinity,Infinity,Infinity,Infinity,Infinity,Infinity,Infinity,Infinity,Infinity,Infinity,Infinity,Infinity,Infinity,Infinity,Infinity,Infinity,Infinity,Infinity,Infinity,Infinity,Infinity,Infinity,Infinity,Infinity,Infinity,Infinity,Infinity,Infinity,Infinity,Infinity,Infinity,Infinity,Infinity,Infinity,Infinity,Infinity] [0.0,0.0,0.0,0.0,0.0,0.0,0.0,0.0,0.0,0.0,0.0,0.0,0.0,0.0,0.0,0.0,0.0,0.0,0.0,0.0,0.0,0.0,0.0,0.0,0.0,0.0,0.0,0.0,0.0,0.0,0.0,0.0,0.0,0.0,0.0,0.0,0.0,0.0,0.0,0.0,0.0,0.0,0.0,0.0,0.0,0.0,0.0,0.0,0.0,0.0,0.0,0.0,0.0,0.0,0.0,0.0,0.0,0.0,0.0,0.0,0.0,0.0,0.0,0.0,0.0,0.0,0.0,0.0,0.0,0.0,0.0,0.0,0.0,0.0,0.0,0.0,0.0,0.0,0.0,0.0,0.0,0.0,0.0,0.0,0.0,0.0,0.0,0.0,0.0,0.0,0.0,0.0,0.0,0.0,0.0,0.0,0.0,0.0,0.0,0.0,0.0,0.0,0.0,0.0,0.0,0.0,0.0,0.0,0.0,0.0,0.0,0.0,0.0,0.0,0.0,0.0,0.0,0.0,0.0,0.0,0.0,0.0,0.0,0.0,0.0,0.0,0.0,0.0,0.0,0.0,0.0,0.0,0.0,0.0,0.0,0.0,0.0,0.0,0.0,0.0,0.0,0.0,0.0,0.0,0.0,0.0,0.0,0.0,0.0,0.0,0.0,0.0,0.0,0.0,0.0,0.0,0.0,0.0,0.0,0.0,0.0,0.0,0.0,0.0,0.0,0.0,0.0,0.0,0.0,0.0,0.0,0.0,0.0,0.0,0.0,0.0,0.0,0.0,0.0,0.0,0.0,0.0,0.0,0.0,0.0,0.0,0.0,0.0,0.0,0.0,0.0,0.0,0.0,0.0,0.0,0.0,0.0,0.0,0.0,0.0,0.0,0.0,0.0,0.0,0.0,0.0,0.0,0.0,0.0,0.0,0.0,0.0,0.0,0.0,0.0,0.0,0.0,0.0,0.0,0.0,0.0,0.0,0.0,0.0,0.0,0.0,0.0,0.0,0.0,0.0,0.0,0.0,0.0,0.0,0.0,0.0,0.0,0.0,0.0,0.0,0.0,0.0,0.0,0.0,0.0,0.0,0.0,0.0,0.0,0.0,0.0,0.0,0.0,0.0,0.0,0.0,0.0,0.0,0.0,0.0,0.0,0.0,0.0,0.0,0.0,0.0,0.0,0.0,0.0,0.0,0.0,0.0,0.0,0.0,0.0,0.0,0.0,0.0,0.0,0.0,0.0,0.0,0.0,0.0,0.0,0.0,0.0,0.0,0.0,0.0,0.0,0.0,0.0,0.0,0.0,0.0,0.0,0.0,0.0,0.0]
56272.429510979804 [0.0,0.0,0.0,0.0,0.0,0.0,0.0,0.0,0.0,0.0,0.0,0.0,0.0,0.0,0.0,0.0,0.0,0.0,0.0,0.0,0.0,0.0,0.0,0.0,0.0,0.0,0.0,0.0,0.0,0.0,0.0,0.0,0.0,0.0,0.0,0.0,0.0,0.0,0.0,0.0,0.0,0.0,0.0,0.0,0.0,0.0,0.0,0.0,0.0,0.0,0.0,0.0,0.0,0.0,0.0,0.0,0.0,0.0,0.0,0.0,0.0,0.0,0.0,0.0,0.0,0.0,0.0,0.0,0.0,0.0,0.0,0.0,0.0,0.0,0.0,0.0,0.0,0.0,0.0,0.0,0.0,0.0,0.0,0.0,0.0,0.0,0.0,0.0,0.0,0.0,0.0,0.0,0.0,0.0,0.0,0.0,0.0,0.0,0.0,0.0,0.0,0.0,0.0,0.0,0.0,0.0,0.0,0.0,0.0,0.0,0.0,0.0,0.0,0.0,0.0,0.0,0.0,0.0,0.0,0.0,0.0,0.0,0.0,0.0,0.0,0.0,0.0,0.0,0.0,0.0,0.0,0.0,0.0,0.0,0.0,0.0,0.0,0.0,0.0,0.0,12.376249788903335,3.6274536296218023,5.643713425087318,18.964740278334528,28.40084425457334,25.457513323741104,7.069000462867526,-5.885516592272804,-4.801864853451273,7.110574379461094,20.186828901591173,32.48452448542495,34.23468864157186,37.895762939118605,36.28256851018297,43.12524683678306,50.48527687635945,62.801391889319035,81.87784646126421,68.18598592981236,79.33139125626046,87.32155010610738,94.5264854033287,101.03088648993904,81.21637173241741,69.30856218473416,46.825828896436555,54.971678177806005,89.14558785164974,131.06921080154223,173.18510193335197,171.4529108900059,148.21613230582352,139.39506664261617,133.80899891083422,115.93522784088903,102.7386385676802,109.70458085685868,116.21221918890247,116.93533023676146,125.62046940020397,113.8944464575154,126.60976118833187,118.4439997946531,93.3478177785579,80.21900919352134,80.07179689366009,105.18849314173677,147.8655335519182,203.42726755233952,260.63118148368886,304.2939771567826,245.5282403438176,142.29266749088288,106.56639877985143,124.73992405608372,121.08530887363419,145.5756239494322,193.54347590154435,230.90802044824113,186.75442868866065,127.93116887461322,105.50378334323372,103.88663390892992,107.54229151286475,133.8907082977398,177.0081794690754,218.90351661064102,226.3324680703134,267.5689871956792,257.2482717277445,305.02380121984356,302.0091390495539,267.0290245721329,251.67783201271845,192.97700524763778,183.54702671946686,142.99956578513732,147.9248072984912,202.4269964296042,240.11928667909459,232.78063894079708,200.15614156966012,163.17278784806996,159.79865104575077,133.82227643695913,124.89390101843861,137.8124900359365,119.19236924560641,134.73555833586576,164.40726297705322,203.23318401139483,213.58074915548696,219.34724753730185,225.20902375468702,182.50510495127352,152.54208242851465,120.89479341164417,101.07555934844669,97.04898283523649,84.18623440295609,92.35913114699875,75.97539952678554,78.32634687659659,73.72961052610738,80.76365481125154,85.03470792622554,91.49621806885303,95.27232313896297,110.2927318592119,105.65888325528333,88.63661343499855,103.16916633538013,97.10102934825565,106.00519283946174,85.45268781110943,84.79033439209859,81.47322966468637,73.81490990962408,60.84845740637926,54.80635236168782,44.202676646018524,18.49245481098241,21.674144489002153,23.28608330892601,38.537124707637446,73.83655130115861,90.09788075431317,106.9651454693428,113.52813997361393,130.20146913934667,132.64625442667625,103.56225751277682,98.64212296793993,86.902817061443,89.83949354033624,67.82335351906347,66.99729934947996,59.092780404682365,53.48658809035955,54.617295841089636,51.14147752811066,50.19510746504682,48.30231651646001,44.07082534841098,49.22232969418384,43.216518715841715,41.80499177194484,36.91173697348552,35.783950593523976,32.470960515841654,30.888948211620495,35.345042940531485,42.14444137168724,37.1952390059881,34.14101792214009,30.48170014160062,28.055696344255068,30.811355774933034,22.6141369862264] [1311.2619900786005,1321.8202200865917,1332.463464547639,1343.19240799478,1354.0077404728797,1364.9101575830227,1375.9003605272408,1386.9790561536227,1398.1469570017646,1409.4047813486081,1420.7532532546286,1432.193102610412,1443.7250651835902,1455.3498826661717,1467.068302722235,1478.881079036026,1490.78897136042,1502.7927455657994,1514.8931736892998,1527.0910339844697,1539.3871109713293,1551.7821954868166,1564.2770847356642,1576.872582341659,1589.569498399342,1602.368649526097,1615.270858914685,1628.2769563861766,1641.3877784433362,1654.6041683244075,1667.9269760573632,1681.3570585145608,1694.895279467867,1708.5425096441993,1722.2996267815402,1736.1675156853773,1750.1470682856248,1764.2391836939755,1778.4447682617345,1792.7647356381167,1807.2000068289992,1821.7515102561672,1836.4201818170154,1851.2069649447558,1866.112810669078,1881.1386776773347,1896.285532376183,1911.5543489537563,1926.9461094423048,1942.4618037813711,1958.1024298814455,1973.8689936881608,1989.7625092469793,2005.7839987684179,2021.9344926937952,2038.215029761504,2054.626657073813,2071.1704301642176,2087.8474130653335,2104.6586783773164,2121.605307336866,2138.6883898867477,2155.9090247459117,2173.268319480143,2190.767390573309,2208.407363499154,2226.1893727937027,2244.1145621282076,2262.184084382728,2280.399101720259,2298.7607856614945,2317.2703171601615,2335.9288866789793,2354.7376942662327,2373.6979496329395,2392.810872230673,2412.077691329971,2431.4996460994216,2451.0779856853383,2470.813969292122,2490.7088662632277,2510.763956162824,2530.9805288580706,2551.359884602096,2571.9033341176064,2592.612198681206,2613.487810208354,2634.5315113390543,2655.7446555241822,2677.1286071125573,2698.6847414386757,2720.4144449111714,2742.319115101994,2764.4001608362782,2786.6590022829737,2809.097071046162,2831.715810257159,2854.5166746673017,2877.5011307415425,2900.67065675274,2924.0267428767575,2947.570891288285,2971.304616257478,2995.22944424732,3019.346914011829,3043.658576695001,3068.1659959305807,3092.870747942638,3117.7744216469364,3142.87861875312,3168.1849538677375,3193.695054598094,3219.410561656912,3245.333128967883,3271.4644237720117,3297.806126734876,3324.3599320546946,3351.1275475713155,3378.1106948760344,3405.3111094223436,3432.7305406375262,3460.3707520352004,3488.23352132871,3516.320640545493,3544.6339161423107,3573.1751691214417,3601.9462351478164,3630.9489646670518,3660.1852230244945,3689.6568905851636,3719.3658628547196,3749.3140506013438,3779.5033799786634,3809.935792649603,3840.6132459112973,3871.5377128209448,3902.7111823227383,3934.135659375755,3965.8131650829396,3997.7457368210635,4029.9354283717907,4062.3843100537392,4095.0944688556665,4128.068008570669,4161.3070499315045,4194.813730746993,4228.590206039511,4262.638648183577,4296.961247045588,4331.560210124669,4366.437762694626,4401.596147947099,4437.037627135803,4472.764479721992,4508.779003521039,4545.083514850253,4581.680348677821,4618.571858773019,4655.7604178575675,4693.248417758249,4731.038269560753,4769.132403764733,4807.533270440121,4846.243339384716,4885.265100283049,4924.601062866471,4964.253757074609,5004.22573321805,5044.519562142395,5085.137835393579,5126.08316538458,5167.3581855634,5208.965550582488,5250.907936469426,5293.188040799074,5335.808582867062,5378.772303864684,5422.081967055189,5465.740357951513,5509.7502844954415,5554.1145772382,5598.836089522486,5643.917697666003,5689.362301146471,5735.17282278806,5781.352208949439,5827.903429713208,5874.829479076986,5922.133375145914,5969.818160326825,6017.886901523867,6066.342690335802,6115.188643254807,6164.427901866934,6214.06363305417,6264.099029198114,6314.537308385285,6365.381714614103,6416.635518003553,6468.302015003491,6520.384528606639,6572.88640856233,6625.811031591967,6679.16180160615,6732.942149923667,6787.155535492116,6841.805445110439,6896.895393653112,6952.428924296275,7008.409608745552,7064.841047465831,7121.726869912778,7179.070734766296,7236.876330165845,7295.147373947643,7353.887613883764,7413.100827923194,7472.790824434837,7532.961442452409,7593.616551921397,7654.7600539479145,7716.395881049652,7778.527997408752,7841.160399126823,7904.2971144818985,7967.94220418758,8032.099761654146,8096.773913251861,8161.968818576374,8227.688670716232,8293.937696522553,8360.720156880894,8428.04034698531,8495.90259661459,8564.311270410717,8633.270768159597,8702.785525074065,8772.860012079082,8843.498736099358,8914.706240349144,8986.487104624512,9058.845945597834,9131.787417114787,9205.31621049359,9279.437054826807,9354.154717285446,9429.47400342559,9505.399757497484,9581.936862757088,9659.090241780126,9736.864856778713,9815.265709920519,9894.297843650465,9973.966341015032,10054.276325989182,10135.232963805956,10216.841461288606,10299.107067185563,10382.035072507933,10465.630810869876,10549.89965883156,10634.84703624505,10720.478406602804,10806.799277389146,10893.815200434417,10981.531772272076,11069.954634498676,11159.08947413668,11248.94202400021,11339.518063063782,11430.823416834026,11522.863957724268,11615.64560543233,11709.174327321158,11803.456138802712,11898.49710372478,11994.303334761045,12090.880993804161,12188.23629236214,12286.375491957784,12385.304904531427,12485.030892846919,12585.55987090084,12686.898304334996,12789.052710852275,12892.029660635888,12995.8357767719,13100.477735675182,13205.962267518828,13312.296156667053,13419.486242111492,13527.539417911097,13636.462633635434,13746.262894811807,13856.947263375758,13968.522858125163,14080.996855178266,14194.376488435144,14308.66905004285,14423.881890864615] 0.31126199007860056 [Infinity,Infinity,Infinity,Infinity,Infinity,Infinity,Infinity,Infinity,Infinity,Infinity,Infinity,Infinity,Infinity,Infinity,Infinity,Infinity,Infinity,Infinity,Infinity,Infinity,Infinity,Infinity,Infinity,Infinity,Infinity,Infinity,Infinity,Infinity,Infinity,Infinity,Infinity,Infinity,Infinity,Infinity,Infinity,Infinity,Infinity,Infinity,Infinity,Infinity,Infinity,Infinity,Infinity,Infinity,Infinity,Infinity,Infinity,Infinity,Infinity,Infinity,Infinity,Infinity,Infinity,Infinity,Infinity,Infinity,Infinity,Infinity,Infinity,Infinity,Infinity,Infinity,Infinity,Infinity,Infinity,Infinity,Infinity,Infinity,Infinity,Infinity,Infinity,Infinity,Infinity,Infinity,Infinity,Infinity,Infinity,Infinity,Infinity,Infinity,Infinity,Infinity,Infinity,Infinity,Infinity,Infinity,Infinity,Infinity,Infinity,Infinity,Infinity,Infinity,Infinity,Infinity,Infinity,Infinity,Infinity,Infinity,Infinity,Infinity,Infinity,Infinity,Infinity,Infinity,Infinity,Infinity,Infinity,Infinity,Infinity,Infinity,Infinity,Infinity,Infinity,Infinity,Infinity,Infinity,Infinity,Infinity,Infinity,Infinity,Infinity,Infinity,Infinity,Infinity,Infinity,Infinity,Infinity,Infinity,Infinity,Infinity,Infinity,Infinity,Infinity,Infinity,Infinity,Infinity,Infinity,Infinity,Infinity,Infinity,0.6008385661828973,0.18017190453252846,0.2803736908810026,0.8875860147604324,1.38167920352975,1.1465118133469594,0.3512147865509817,0.30103700186124177,0.24071995477337943,0.3359199759422488,1.0136000657601758,1.513957123490068,1.793240063208391,1.8479054432980266,1.8539222074361175,2.089810502260966,2.649903604723485,3.233890721999198,3.523331104344925,3.6149566420047043,3.8336872383683462,4.289836032384889,4.728620304217296,4.866291927060255,4.500866040669161,3.50017948087698,2.4992472389642297,2.7588329967413285,4.6319959834171645,6.809596972123046,8.09114825737587,8.42006059957029,8.019118943022567,7.217997992234196,6.393157585048966,5.791400926560992,5.5615871428397,5.643035202282578,5.767582199112089,5.880037447559584,6.213717418571495,6.688513393974121,6.699484197341188,5.9816833513219985,4.9539004297199405,4.116392674466852,3.9854973988608835,4.955525071844589,7.200296248661381,10.346328346614893,13.278638436919312,14.344238546957433,11.637849196155486,7.200245893121727,5.654414777209661,6.3222754485082975,6.4224814220413595,7.234850242759403,9.810525160262461,10.799322743479523,8.833239928345291,6.730116876087005,5.705111848631395,5.424091689299432,5.605872336953444,6.410379042739204,8.904095707564881,11.863714144390563,12.265360484349138,11.991323102426044,13.27582145574147,14.464877556475424,14.635784378522658,13.890592337235285,12.34209116544434,10.288366222793291,8.296747085415316,7.113076380426601,7.501878243976785,9.830533508116426,12.253049175309734,12.592564669550917,10.231283727087577,7.945706508073504,7.394017284421821,7.047542244668581,6.516703887193839,6.2332497918435354,6.618759833458958,7.025317788060929,8.357994984816482,10.542745439136214,11.057179973962494,11.355917136623633,11.287075199744564,9.72174002064739,7.803998267718475,6.116655302065306,5.112171744958443,4.734910806638801,4.36088949263692,4.398348586089955,4.241467797600713,3.8483640485005934,3.9212351350886943,4.347506225111352,4.4872999550474395,4.575526434219884,4.966929278798297,5.322326512270304,5.090871914558022,4.631210065691485,4.721926633372361,4.896016700298033,4.864536022520006,4.583336214635945,4.242798111566585,4.023884069232719,3.6640903098327664,3.1427666946215793,2.8148200841851176,2.18808515380448,1.0040294642472813,1.0036084520964788,1.1662038141133846,1.7904302037712756,3.434741300471778,4.8270221236532915,5.488938405384084,6.077401653945155,6.461411776636941,6.205415790887526,5.612592904845276,4.972696099697681,4.554609607093315,4.21374445995016,3.7668945862876817,3.408904667306802,2.7873885178881848,2.8261665906583597,2.7108266064578133,2.4385869088661964,2.2914969406869994,2.349746381748804,2.36966600072827,2.378985032805889,2.287804550904517,2.151557409204705,1.9757229591330294,1.7587301295059177,1.6324037757584695,1.5162436574051905,1.7181005767528497,2.0190529626170948,1.8062958358728172,1.704397153002936,1.625538833463424,1.3266843900376937,1.375496190734312,1.162073785548091] [0.0,0.0,0.0,0.0,0.0,0.0,0.0,0.0,0.0,0.0,0.0,0.0,0.0,0.0,0.0,0.0,0.0,0.0,0.0,0.0,0.0,0.0,0.0,0.0,0.0,0.0,0.0,0.0,0.0,0.0,0.0,0.0,0.0,0.0,0.0,0.0,0.0,0.0,0.0,0.0,0.0,0.0,0.0,0.0,0.0,0.0,0.0,0.0,0.0,0.0,0.0,0.0,0.0,0.0,0.0,0.0,0.0,0.0,0.0,0.0,0.0,0.0,0.0,0.0,0.0,0.0,0.0,0.0,0.0,0.0,0.0,0.0,0.0,0.0,0.0,0.0,0.0,0.0,0.0,0.0,0.0,0.0,0.0,0.0,0.0,0.0,0.0,0.0,0.0,0.0,0.0,0.0,0.0,0.0,0.0,0.0,0.0,0.0,0.0,0.0,0.0,0.0,0.0,0.0,0.0,0.0,0.0,0.0,0.0,0.0,0.0,0.0,0.0,0.0,0.0,0.0,0.0,0.0,0.0,0.0,0.0,0.0,0.0,0.0,0.0,0.0,0.0,0.0,0.0,0.0,0.0,0.0,0.0,0.0,0.0,0.0,0.0,0.0,0.0,0.0,0.3594784652453879,0.024015538971233288,0.036239607467265976,1.2130199831258783,0.7672601839783395,2.5272770568019136,0.04470473184789204,0.1352234449520319,0.012534242016315084,0.39217486061611745,-0.08517241361234423,2.2053820156235906,-1.6301126225959577,0.9376540731580741,-0.79587563853938,1.3290367915637376,-2.512795218110253,-1.8764225506649244,11.411224374365721,-4.113146910281724,2.657646488893538,1.5248294584096131,-0.045920681017211425,3.7050479487339447,-8.800949080965797,-0.6950274328054428,-3.159115882848039,-0.2049817570205675,-3.4943318166935553,-5.122728640918688,11.36213678583457,3.051698898600106,-12.166246554627824,-4.9648932020677305,5.945847209854898,0.10720930966919143,-8.493104289113823,-3.1561231887928787,0.8605752066607018,-0.6654187144302174,1.3461210287740841,-19.875821421967014,-7.3799227584918885,-1.189667231786864,-5.730190815840916,-2.1088442958157043,0.36184891644242917,6.077991704844986,3.85960857869057,-3.499299379958322,-4.9415872546973825,17.40920621763396,12.77125642070789,-1.712250371551658,-6.521896764341794,-1.7055849140822246,-7.364319567192992,0.8786190942441555,-2.667027303704883,14.92156557865068,10.08963012175482,-6.671168647126896,-8.59845362939417,-4.59519987705873,-4.575155226204111,5.683127442955711,-1.073734682222215,-18.37076627717024,-18.974741616669355,27.74252514715833,-8.2681573870849,15.726250090335082,9.293451479100732,-10.782822172572763,4.836008703831643,-12.790319208228059,17.612085011160556,0.7380381766052979,-2.11275758104449,5.816326267275683,-4.941696827100087,-19.07065445022126,-4.469532972091435,4.258657686599875,11.918305357314347,-7.128568456412508,-5.4401767254381665,13.147494199065786,-13.18282742357274,-5.770797425352797,-2.7526367192764325,-7.621724771329432,-7.562850323762914,-7.77109519517081,-0.532480240204253,-11.92969546167428,-3.537882925854857,-1.438312629661957,-1.1678755507221856,2.3507667024604673,-3.0315554497823,4.392159425199653,-8.85395642522871,1.3590659065847221,-4.695092175666509,-6.186469690975506,-4.711291174723252,-0.014310615544657845,-4.066262437002962,3.846201613805812,3.8414449641228914,-3.9875878788311483,8.730633667932919,-0.819304657705015,8.714472389061628,-6.214036481609466,-0.0656278392331109,0.9955482800319913,0.5331037129687464,-2.0068764860523296,-1.4900493220145263,0.44097356992892717,-1.5881344739632175,1.6019754470725776,-0.0379929733416827,2.7285206322119286,5.1417252917230485,-6.442561718752652,-2.813622638338877,-8.019893105289169,0.9732336066078372,8.537938608925753,-8.689600584128698,-0.811799026013709,-4.189375080423299,5.564604341333039,-7.514538206690157,-1.1807939966560825,3.345010046918676,-3.036743722807651,0.4007637119333708,2.3697393507867366,4.3651686513068295,1.3073888814839383,-3.3224946661544195,1.6426290380660666,-2.539572302248619,-1.2261564121492554,-2.6027222091750724,0.6093480034056206,-0.1771149993277313,0.564075063516686,0.9830314054744889,1.7633821193453434,1.0693222885317564,0.05307486208136827,-2.02907652766786,1.5220085435011956,3.3014319602467967,-0.62733872473542]
56294.59175024467 [0.0,0.0,0.0,0.0,0.0,0.0,0.0,0.0,0.0,0.0,0.0,0.0,0.0,0.0,0.0,0.0,0.0,0.0,0.0,0.0,0.0,0.0,0.0,0.0,0.0,0.0,0.0,0.0,0.0,0.0,0.0,0.0,0.0,0.0,0.0,0.0,0.0,0.0,0.0,0.0,0.0,0.0,0.0,0.0,0.0,0.0,0.0,0.0,0.0,0.0,0.0,0.0,0.0,0.0,0.0,0.0,0.0,0.0,0.0,0.0,0.0,0.0,0.0,0.0,0.0,0.0,0.0,0.0,0.0,0.0,0.0,0.0,0.0,0.0,0.0,0.0,0.0,0.0,0.0,0.0,0.0,0.0,0.0,0.0,0.0,0.0,0.0,0.0,0.0,0.0,0.0,0.0,0.0,0.0,0.0,0.0,0.0,0.0,0.0,0.0,0.0,0.0,0.0,0.0,0.0,0.0,0.0,0.0,0.0,0.0,0.0,0.0,0.0,0.0,0.0,0.0,0.0,0.0,0.0,0.0,0.0,0.0,0.0,0.0,0.0,0.0,0.0,0.0,0.0,0.0,0.0,0.0,0.0,0.0,0.0,0.0,0.0,0.0,0.0,0.0,1.4949061032980038,1.198251658336098,1.3744058985810597,2.056660323234973,3.9541755764206123,5.216449274613948,7.121343881829094,6.257860216891754,4.581251664708431,3.01468069755572,3.721100387743543,7.619165023659466,11.605519886233298,13.50976593932159,14.851388590450316,17.140149143946925,21.716777970130337,30.17500691775494,32.83310700085211,29.389820651876004,33.03036053014539,34.78760106557509,36.156001923650884,43.84650394040132,38.827727767846156,28.2584192205016,16.277945619369337,15.477759511420206,32.71044934321169,51.377443022558886,62.91343994666539,63.16516780118423,63.21653902912099,57.28847189679845,45.41027783599199,43.54352827739857,41.64250665777662,38.0423869200158,41.904787716734305,46.34908992335478,47.43420596482068,54.335863065130845,53.9292137640625,53.66740086539953,38.047554102716774,34.35541527715254,31.558870824548386,34.178152652047046,52.95894058341559,76.55593268026125,104.98862182458913,104.35557617854123,83.74379654585321,53.215505788054855,46.424557218726164,46.41715428754408,46.07342876122113,52.381525429210846,76.06022856041945,81.40709566915788,66.93953530718657,56.05476177648767,42.276913894930544,44.84201659473482,49.669017745817676,54.0267654536914,54.75927669515322,75.23040449751731,80.44121181195285,91.50691474881465,91.23960321547806,103.45945555459637,133.74113954105187,143.7862646820828,149.9962508269725,116.3562291774614,87.97344244309726,73.48754215296654,90.4907376334955,107.50990168767518,117.21934024720106,105.0555975582377,96.11908344068459,69.00191460629408,58.6054620346028,63.098056857028645,60.15695743735213,68.49950353323199,64.10911387489942,63.79345407352727,57.117301472248386,72.58574787381795,99.7723380169277,106.33568329808017,119.56564116480766,109.69152995992718,77.95178264194969,59.93447056839649,44.432646865340274,48.21772384784913,47.36746545740671,45.19542810011417,44.03495952212247,37.77087147056156,40.10809941067861,45.93748191508637,47.44996139889146,51.046313426899125,53.900437624553334,62.560096744979816,67.8031261176411,59.04046507962699,50.03036810027703,58.61041893108674,70.93889611883272,85.85274282841131,66.30629083942358,56.67010402711388,49.830573991393315,40.34384951848548,35.52487302674641,26.13204641772431,12.178388417513489,7.829945033264087,15.24443347391398,19.375539569439926,40.1220560547515,57.985911471429425,63.43473085310834,63.51810213095175,69.01983051839669,67.17149093685863,62.14503567524427,52.284455482739986,45.065269743477955,39.87311540845989,44.47450638922657,34.71014954759114,35.24246891094659,35.437115761079546,39.958166042650284,44.25167429570698,44.37462252296614,36.188086226062005,36.81909972184365,40.82515391564887,58.34043494392076,53.569003283906866,49.8557924425527,41.01327081634964,32.7871706003307,29.509066676846864,35.00001131794621,33.33919734882827,30.651639160229394,25.773552550514594,26.559771027442117,31.933368116902344,28.64578854751215,24.52609005576248] [1311.2619900786005,1321.8202200865917,1332.463464547639,1343.19240799478,1354.0077404728797,1364.9101575830227,1375.9003605272408,1386.9790561536227,1398.1469570017646,1409.4047813486081,1420.7532532546286,1432.193102610412,1443.7250651835902,1455.3498826661717,1467.068302722235,1478.881079036026,1490.78897136042,1502.7927455657994,1514.8931736892998,1527.0910339844697,1539.3871109713293,1551.7821954868166,1564.2770847356642,1576.872582341659,1589.569498399342,1602.368649526097,1615.270858914685,1628.2769563861766,1641.3877784433362,1654.6041683244075,1667.9269760573632,1681.3570585145608,1694.895279467867,1708.5425096441993,1722.2996267815402,1736.1675156853773,1750.1470682856248,1764.2391836939755,1778.4447682617345,1792.7647356381167,1807.2000068289992,1821.7515102561672,1836.4201818170154,1851.2069649447558,1866.112810669078,1881.1386776773347,1896.285532376183,1911.5543489537563,1926.9461094423048,1942.4618037813711,1958.1024298814455,1973.8689936881608,1989.7625092469793,2005.7839987684179,2021.9344926937952,2038.215029761504,2054.626657073813,2071.1704301642176,2087.8474130653335,2104.6586783773164,2121.605307336866,2138.6883898867477,2155.9090247459117,2173.268319480143,2190.767390573309,2208.407363499154,2226.1893727937027,2244.1145621282076,2262.184084382728,2280.399101720259,2298.7607856614945,2317.2703171601615,2335.9288866789793,2354.7376942662327,2373.6979496329395,2392.810872230673,2412.077691329971,2431.4996460994216,2451.0779856853383,2470.813969292122,2490.7088662632277,2510.763956162824,2530.9805288580706,2551.359884602096,2571.9033341176064,2592.612198681206,2613.487810208354,2634.5315113390543,2655.7446555241822,2677.1286071125573,2698.6847414386757,2720.4144449111714,2742.319115101994,2764.4001608362782,2786.6590022829737,2809.097071046162,2831.715810257159,2854.5166746673017,2877.5011307415425,2900.67065675274,2924.0267428767575,2947.570891288285,2971.304616257478,2995.22944424732,3019.346914011829,3043.658576695001,3068.1659959305807,3092.870747942638,3117.7744216469364,3142.87861875312,3168.1849538677375,3193.695054598094,3219.410561656912,3245.333128967883,3271.4644237720117,3297.806126734876,3324.3599320546946,3351.1275475713155,3378.1106948760344,3405.3111094223436,3432.7305406375262,3460.3707520352004,3488.23352132871,3516.320640545493,3544.6339161423107,3573.1751691214417,3601.9462351478164,3630.9489646670518,3660.1852230244945,3689.6568905851636,3719.3658628547196,3749.3140506013438,3779.5033799786634,3809.935792649603,3840.6132459112973,3871.5377128209448,3902.7111823227383,3934.135659375755,3965.8131650829396,3997.7457368210635,4029.9354283717907,4062.3843100537392,4095.0944688556665,4128.068008570669,4161.3070499315045,4194.813730746993,4228.590206039511,4262.638648183577,4296.961247045588,4331.560210124669,4366.437762694626,4401.596147947099,4437.037627135803,4472.764479721992,4508.779003521039,4545.083514850253,4581.680348677821,4618.571858773019,4655.7604178575675,4693.248417758249,4731.038269560753,4769.132403764733,4807.533270440121,4846.243339384716,4885.265100283049,4924.601062866471,4964.253757074609,5004.22573321805,5044.519562142395,5085.137835393579,5126.08316538458,5167.3581855634,5208.965550582488,5250.907936469426,5293.188040799074,5335.808582867062,5378.772303864684,5422.081967055189,5465.740357951513,5509.7502844954415,5554.1145772382,5598.836089522486,5643.917697666003,5689.362301146471,5735.17282278806,5781.352208949439,5827.903429713208,5874.829479076986,5922.133375145914,5969.818160326825,6017.886901523867,6066.342690335802,6115.188643254807,6164.427901866934,6214.06363305417,6264.099029198114,6314.537308385285,6365.381714614103,6416.635518003553,6468.302015003491,6520.384528606639,6572.88640856233,6625.811031591967,6679.16180160615,6732.942149923667,6787.155535492116,6841.805445110439,6896.895393653112,6952.428924296275,7008.409608745552,7064.841047465831,7121.726869912778,7179.070734766296,7236.876330165845,7295.147373947643,7353.887613883764,7413.100827923194,7472.790824434837,7532.961442452409,7593.616551921397,7654.7600539479145,7716.395881049652,7778.527997408752,7841.160399126823,7904.2971144818985,7967.94220418758,8032.099761654146,8096.773913251861,8161.968818576374,8227.688670716232,8293.937696522553,8360.720156880894,8428.04034698531,8495.90259661459,8564.311270410717,8633.270768159597,8702.785525074065,8772.860012079082,8843.498736099358,8914.706240349144,8986.487104624512,9058.845945597834,9131.787417114787,9205.31621049359,9279.437054826807,9354.154717285446,9429.47400342559,9505.399757497484,9581.936862757088,9659.090241780126,9736.864856778713,9815.265709920519,9894.297843650465,9973.966341015032,10054.276325989182,10135.232963805956,10216.841461288606,10299.107067185563,10382.035072507933,10465.630810869876,10549.89965883156,10634.84703624505,10720.478406602804,10806.799277389146,10893.815200434417,10981.531772272076,11069.954634498676,11159.08947413668,11248.94202400021,11339.518063063782,11430.823416834026,11522.863957724268,11615.64560543233,11709.174327321158,11803.456138802712,11898.49710372478,11994.303334761045,12090.880993804161,12188.23629236214,12286.375491957784,12385.304904531427,12485.030892846919,12585.55987090084,12686.898304334996,12789.052710852275,12892.029660635888,12995.8357767719,13100.477735675182,13205.962267518828,13312.296156667053,13419.486242111492,13527.539417911097,13636.462633635434,13746.262894811807,13856.947263375758,13968.522858125163,14080.996855178266,14194.376488435144,14308.66905004285,14423.881890864615] 0.31126199007860056 [Infinity,Infinity,Infinity,Infinity,Infinity,Infinity,Infinity,Infinity,Infinity,Infinity,Infinity,Infinity,Infinity,Infinity,Infinity,Infinity,Infinity,Infinity,Infinity,Infinity,Infinity,Infinity,Infinity,Infinity,Infinity,Infinity,Infinity,Infinity,Infinity,Infinity,Infinity,Infinity,Infinity,Infinity,Infinity,Infinity,Infinity,Infinity,Infinity,Infinity,Infinity,Infinity,Infinity,Infinity,Infinity,Infinity,Infinity,Infinity,Infinity,Infinity,Infinity,Infinity,Infinity,Infinity,Infinity,Infinity,Infinity,Infinity,Infinity,Infinity,Infinity,Infinity,Infinity,Infinity,Infinity,Infinity,Infinity,Infinity,Infinity,Infinity,Infinity,Infinity,Infinity,Infinity,Infinity,Infinity,Infinity,Infinity,Infinity,Infinity,Infinity,Infinity,Infinity,Infinity,Infinity,Infinity,Infinity,Infinity,Infinity,Infinity,Infinity,Infinity,Infinity,Infinity,Infinity,Infinity,Infinity,Infinity,Infinity,Infinity,Infinity,Infinity,Infinity,Infinity,Infinity,Infinity,Infinity,Infinity,Infinity,Infinity,Infinity,Infinity,Infinity,Infinity,Infinity,Infinity,Infinity,Infinity,Infinity,Infinity,Infinity,Infinity,Infinity,Infinity,Infinity,Infinity,Infinity,Infinity,Infinity,Infinity,Infinity,Infinity,Infinity,Infinity,Infinity,Infinity,Infinity,Infinity,Infinity,Infinity,0.08163553950254651,0.059164359632103994,0.06978830727802984,0.12015839307911054,0.19455820631129342,0.27404076614935863,0.32822359591652744,0.3187028333928214,0.22912872277332755,0.14672285397857943,0.18923116089143244,0.38119767497231904,0.5955676843577091,0.7071275883549355,0.758928717232134,0.8862905527095217,1.1406306600972702,1.392659542370654,1.5043520514572526,1.5203663526499072,1.5859651934364696,1.7609920583408474,1.959377523272907,2.0679143373998983,1.9292820038693432,1.3963041079910892,0.7802667952440523,0.7664774235354632,1.5726858916658346,2.556454067683464,3.13241330156393,3.305492620513197,3.2103912554037137,2.932616893596328,2.5443567321088567,2.1852639019801106,2.0360529434561534,2.095536342091157,2.1790481932509578,2.235847815292015,2.400618226641792,2.6575508798817764,2.732796233628591,2.4902254881714354,2.0784065510843535,1.6964188902085482,1.5789657157087114,1.882581350784546,2.625235101335505,3.6742185410937873,4.69903630773868,5.132594287887525,4.261798900982372,2.755271621051842,2.1944489875296957,2.365578349136927,2.349012389082027,2.634073637738213,3.6181034432464814,4.132144626201371,3.606006352814383,2.8166520703781144,2.2899521444107664,2.198362729479654,2.3283990502781213,2.512756645934398,3.0358958091508765,3.7903828105197968,4.261391405629388,4.429412574333865,4.59958383347035,5.284255111570609,6.364618671319805,7.176532332930648,7.0558122101389795,5.910306691079859,4.439683104780949,3.7807136042611504,4.408070081572649,5.48128528053312,5.91552705295673,5.312874913767375,4.426293370546144,3.6325881568956375,3.136136832765947,3.09527705974189,3.2940252029292503,3.496097859880927,3.5077799992863348,3.077782787191822,2.979420970275825,3.8247098276202216,4.95383946638453,5.81415855980252,5.959720230310119,5.261522731965321,4.1209664876077685,2.9356156686515265,2.309222443575997,2.311812278608342,2.2281597758261467,2.2487673188513346,2.1717149950099985,1.975517864185846,1.9409414535320095,2.1104619516844654,2.4923034037478202,2.7197179580156496,2.7097269782362887,2.923360753200377,3.3118128523227393,2.9405758344428614,2.6404466990953237,2.8756649407146315,3.358111286632048,3.686257029681716,3.521968776956635,2.8861261053480174,2.273417237948403,1.9080862359192814,1.7047247603618534,1.3612363521992952,0.6270623603566665,0.38926148555034545,0.6851943126595981,0.9309179015483403,2.067399913251885,2.9263175970059403,3.0229462671418657,3.2114435564280157,3.374564479475642,3.435972063543531,3.079312758270871,2.5193951134306425,2.1725411973339304,2.027084646116505,2.189133943586997,1.879069973653536,1.8409280190448427,1.75054222711895,2.025444340438603,2.1573010966387374,2.083988969707916,1.8138514850355203,1.7133606808156112,2.0734099114824867,2.704666823347889,2.8303816070488836,2.3693754543089907,1.9058336847456316,1.6149225944990722,1.4293672998126934,1.6773292734861216,1.7918416768034846,1.535179859938182,1.2347704674047244,1.3310384268433872,1.5180953006033548,1.448351814690793,1.2852556173757663] [0.0,0.0,0.0,0.0,0.0,0.0,0.0,0.0,0.0,0.0,0.0,0.0,0.0,0.0,0.0,0.0,0.0,0.0,0.0,0.0,0.0,0.0,0.0,0.0,0.0,0.0,0.0,0.0,0.0,0.0,0.0,0.0,0.0,0.0,0.0,0.0,0.0,0.0,0.0,0.0,0.0,0.0,0.0,0.0,0.0,0.0,0.0,0.0,0.0,0.0,0.0,0.0,0.0,0.0,0.0,0.0,0.0,0.0,0.0,0.0,0.0,0.0,0.0,0.0,0.0,0.0,0.0,0.0,0.0,0.0,0.0,0.0,0.0,0.0,0.0,0.0,0.0,0.0,0.0,0.0,0.0,0.0,0.0,0.0,0.0,0.0,0.0,0.0,0.0,0.0,0.0,0.0,0.0,0.0,0.0,0.0,0.0,0.0,0.0,0.0,0.0,0.0,0.0,0.0,0.0,0.0,0.0,0.0,0.0,0.0,0.0,0.0,0.0,0.0,0.0,0.0,0.0,0.0,0.0,0.0,0.0,0.0,0.0,0.0,0.0,0.0,0.0,0.0,0.0,0.0,0.0,0.0,0.0,0.0,0.0,0.0,0.0,0.0,0.0,0.0,-0.1378046867529266,0.014964465694018195,-0.021360246979537294,-0.34650753834723774,0.06301145019474427,-0.26436604837322486,0.556871963498545,-0.11619645096467421,-0.001322790758119451,0.08022361798413136,-0.06352283008510604,-0.0047884757869151705,-0.30583380092088464,-0.6327858277771218,-0.32718575419236284,-0.5856619102435097,-1.095835231815067,2.3218160703418564,2.746065971707061,-1.017506401122142,1.3110566614159982,-0.43224010124185736,-3.0315485418072523,2.4882171924033547,0.24208769045929224,0.33233706067982005,0.6726097144882938,0.1482110407109427,1.2567315098950045,0.24836166888960254,0.2651739153867874,-2.944684609079707,-0.9912860789532906,-1.363865975128117,-5.476856806185148,-0.16174976220363804,0.9214477886535495,-3.8683399218073324,-1.6761761482848543,1.6321336175144836,-0.5781585680151707,1.1848454674953137,-0.7267109085093201,3.8628911019708156,-3.5205769189702885,0.42703747298157174,-0.020443489625839834,-3.473474363643876,0.45423855670549146,3.0715618583855075,11.007895669815523,1.703690420790741,-1.4921814737942294,-1.8899266329819837,2.535577468132249,-0.8944126951944593,-0.9068190204194111,-0.29994732555340964,3.6981596954898257,-1.2357968548695282,-5.180591749101088,-0.27827963107461384,-3.5221289932847903,0.8747620051417427,3.1010367402552506,3.7716325350034303,-5.958639487864313,-0.5772517128786225,-4.786616300634911,2.9186632621373576,-0.7520734539289362,-2.2256466768158023,6.448766114655764,0.2556180234698115,8.880006624192909,-1.8499046441357887,-0.8202196525217184,-2.1267299322564734,2.3293360020425293,-2.1158039229872148,-1.091200811933538,-1.2019007171098157,7.593216029761703,-3.6498485316186677,-4.117274620716137,1.1925156621908468,-5.723546621232868,-1.4224536643865477,-6.04648611082728,2.23779832969083,-2.471117933268116,-3.908448678586479,0.6955486892370993,-9.947487897970232,0.3712365586052823,4.461075320620759,-4.4675471102056825,1.2221571953659602,-1.7518020061796682,1.9814782756822888,2.804269940883775,0.22008172308747131,0.6006596219225043,-1.7394858131553592,1.289270340038419,3.728242881397067,-2.396106676064944,-3.3480457334138713,-0.29410194017243785,4.092881680972278,1.5668690711863225,0.22894839076975954,-2.778565881629447,1.0971201167941116,3.776670386191758,12.127602234776985,-4.133084699709117,-1.0524180798464657,4.362229232425257,2.1821248000998468,1.430377819509349,-1.0926806262615936,-0.36285878961984086,0.0447153222571778,1.5405472207220199,0.7571815384731184,-1.2259422102861994,-0.5404404686893802,2.9758055102710292,-0.7107689976085594,1.5285409288838436,-1.5479503340119867,0.5587805098268622,1.8965532141271375,1.6144457967993415,-0.6685775138702084,0.6918275174866294,-2.871249925479571,-1.5760914699502655,0.4262712187005483,-0.5507207661217761,1.1056523629322335,2.694843128807824,-0.0889434746483997,2.5518861055314264,-0.6430443140008593,4.24709847696298,-3.0386288570708064,2.4682833563728894,2.8965971214370017,0.4887187103492529,0.9217206805929923,1.4534258482237818,-2.4976361872414206,-0.05195803853424697,1.0781432024201076,-0.06099750942563057,1.5714621048352466,-0.3212477463037083,-1.1790222917528443]
56374.22354256881 [0.0,0.0,0.0,0.0,0.0,0.0,0.0,0.0,0.0,0.0,0.0,0.0,0.0,0.0,0.0,0.0,0.0,0.0,0.0,0.0,0.0,0.0,0.0,0.0,0.0,0.0,0.0,0.0,0.0,0.0,0.0,0.0,0.0,0.0,0.0,0.0,0.0,0.0,0.0,0.0,0.0,0.0,0.0,0.0,0.0,0.0,0.0,0.0,0.0,0.0,0.0,0.0,0.0,0.0,0.0,0.0,0.0,0.0,0.0,0.0,0.0,0.0,0.0,0.0,0.0,0.0,0.0,0.0,0.0,0.0,0.0,0.0,0.0,0.0,0.0,0.0,0.0,0.0,0.0,0.0,0.0,0.0,0.0,0.0,0.0,0.0,0.0,0.0,0.0,0.0,0.0,0.0,0.0,0.0,0.0,0.0,0.0,0.0,0.0,0.0,0.0,0.0,0.0,0.0,0.0,0.0,0.0,0.0,0.0,0.0,0.0,0.0,0.0,0.0,0.0,0.0,0.0,0.0,0.0,0.0,0.0,0.0,0.0,0.0,0.0,0.0,0.0,0.0,0.0,0.0,0.0,0.0,0.0,0.0,0.0,0.0,0.0,0.0,0.0,0.0,0.0,0.0,0.0,0.0,0.0,0.0,0.0,0.0,0.0,0.0,0.0,0.0,0.0,0.0,0.0,0.0,0.0,0.0,0.0,0.0,0.0,0.0,0.0,0.0,0.0,0.0,0.0,0.0,0.0,0.0,0.0,0.0,0.0,0.0,0.0,0.0,0.0,0.0,0.0,0.0,0.0,0.0,0.0,0.0,0.0,0.0,0.0,0.0,0.0,0.0,0.0,0.0,0.0,0.0,0.0,0.0,0.0,0.0,0.0,0.0,0.0,0.0,0.0,0.0,0.0,0.0,0.0,0.0,0.0,0.0,0.0,0.0,0.0,0.0,0.0,0.0,0.0,0.0,0.0,0.0,0.0,0.0,0.0,0.0,0.0,0.0,0.0,0.0,0.0,0.0,0.0,0.0,0.0,0.0,0.0,0.0,0.0,0.0,0.0,0.0,0.0,0.0,0.0,0.0,0.0,0.0,0.0,0.0,0.0,0.0,0.0,0.0,0.0,0.0,0.0,0.0,0.0,0.0,0.0,0.0,0.0,0.0,0.0,0.0,0.0,0.0,0.0,0.0,0.0,0.0,0.0,0.0,0.0,0.0,0.0,0.0,0.0,0.0,0.0,0.0,0.0,0.0,0.0,0.0,0.0,0.0,0.0,0.0,0.0,0.0,0.0,0.0,0.0,0.0,0.0,0.0,0.0,0.0,0.0,0.0] [1311.2619900786005,1321.8202200865917,1332.463464547639,1343.19240799478,1354.0077404728797,1364.9101575830227,1375.9003605272408,1386.9790561536227,1398.1469570017646,1409.4047813486081,1420.7532532546286,1432.193102610412,1443.7250651835902,1455.3498826661717,1467.068302722235,1478.881079036026,1490.78897136042,1502.7927455657994,1514.8931736892998,1527.0910339844697,1539.3871109713293,1551.7821954868166,1564.2770847356642,1576.872582341659,1589.569498399342,1602.368649526097,1615.270858914685,1628.2769563861766,1641.3877784433362,1654.6041683244075,1667.9269760573632,1681.3570585145608,1694.895279467867,1708.5425096441993,1722.2996267815402,1736.1675156853773,1750.1470682856248,1764.2391836939755,1778.4447682617345,1792.7647356381167,1807.2000068289992,1821.7515102561672,1836.4201818170154,1851.2069649447558,1866.112810669078,1881.1386776773347,1896.285532376183,1911.5543489537563,1926.9461094423048,1942.4618037813711,1958.1024298814455,1973.8689936881608,1989.7625092469793,2005.7839987684179,2021.9344926937952,2038.215029761504,2054.626657073813,2071.1704301642176,2087.8474130653335,2104.6586783773164,2121.605307336866,2138.6883898867477,2155.9090247459117,2173.268319480143,2190.767390573309,2208.407363499154,2226.1893727937027,2244.1145621282076,2262.184084382728,2280.399101720259,2298.7607856614945,2317.2703171601615,2335.9288866789793,2354.7376942662327,2373.6979496329395,2392.810872230673,2412.077691329971,2431.4996460994216,2451.0779856853383,2470.813969292122,2490.7088662632277,2510.763956162824,2530.9805288580706,2551.359884602096,2571.9033341176064,2592.612198681206,2613.487810208354,2634.5315113390543,2655.7446555241822,2677.1286071125573,2698.6847414386757,2720.4144449111714,2742.319115101994,2764.4001608362782,2786.6590022829737,2809.097071046162,2831.715810257159,2854.5166746673017,2877.5011307415425,2900.67065675274,2924.0267428767575,2947.570891288285,2971.304616257478,2995.22944424732,3019.346914011829,3043.658576695001,3068.1659959305807,3092.870747942638,3117.7744216469364,3142.87861875312,3168.1849538677375,3193.695054598094,3219.410561656912,3245.333128967883,3271.4644237720117,3297.806126734876,3324.3599320546946,3351.1275475713155,3378.1106948760344,3405.3111094223436,3432.7305406375262,3460.3707520352004,3488.23352132871,3516.320640545493,3544.6339161423107,3573.1751691214417,3601.9462351478164,3630.9489646670518,3660.1852230244945,3689.6568905851636,3719.3658628547196,3749.3140506013438,3779.5033799786634,3809.935792649603,3840.6132459112973,3871.5377128209448,3902.7111823227383,3934.135659375755,3965.8131650829396,3997.7457368210635,4029.9354283717907,4062.3843100537392,4095.0944688556665,4128.068008570669,4161.3070499315045,4194.813730746993,4228.590206039511,4262.638648183577,4296.961247045588,4331.560210124669,4366.437762694626,4401.596147947099,4437.037627135803,4472.764479721992,4508.779003521039,4545.083514850253,4581.680348677821,4618.571858773019,4655.7604178575675,4693.248417758249,4731.038269560753,4769.132403764733,4807.533270440121,4846.243339384716,4885.265100283049,4924.601062866471,4964.253757074609,5004.22573321805,5044.519562142395,5085.137835393579,5126.08316538458,5167.3581855634,5208.965550582488,5250.907936469426,5293.188040799074,5335.808582867062,5378.772303864684,5422.081967055189,5465.740357951513,5509.7502844954415,5554.1145772382,5598.836089522486,5643.917697666003,5689.362301146471,5735.17282278806,5781.352208949439,5827.903429713208,5874.829479076986,5922.133375145914,5969.818160326825,6017.886901523867,6066.342690335802,6115.188643254807,6164.427901866934,6214.06363305417,6264.099029198114,6314.537308385285,6365.381714614103,6416.635518003553,6468.302015003491,6520.384528606639,6572.88640856233,6625.811031591967,6679.16180160615,6732.942149923667,6787.155535492116,6841.805445110439,6896.895393653112,6952.428924296275,7008.409608745552,7064.841047465831,7121.726869912778,7179.070734766296,7236.876330165845,7295.147373947643,7353.887613883764,7413.100827923194,7472.790824434837,7532.961442452409,7593.616551921397,7654.7600539479145,7716.395881049652,7778.527997408752,7841.160399126823,7904.2971144818985,7967.94220418758,8032.099761654146,8096.773913251861,8161.968818576374,8227.688670716232,8293.937696522553,8360.720156880894,8428.04034698531,8495.90259661459,8564.311270410717,8633.270768159597,8702.785525074065,8772.860012079082,8843.498736099358,8914.706240349144,8986.487104624512,9058.845945597834,9131.787417114787,9205.31621049359,9279.437054826807,9354.154717285446,9429.47400342559,9505.399757497484,9581.936862757088,9659.090241780126,9736.864856778713,9815.265709920519,9894.297843650465,9973.966341015032,10054.276325989182,10135.232963805956,10216.841461288606,10299.107067185563,10382.035072507933,10465.630810869876,10549.89965883156,10634.84703624505,10720.478406602804,10806.799277389146,10893.815200434417,10981.531772272076,11069.954634498676,11159.08947413668,11248.94202400021,11339.518063063782,11430.823416834026,11522.863957724268,11615.64560543233,11709.174327321158,11803.456138802712,11898.49710372478,11994.303334761045,12090.880993804161,12188.23629236214,12286.375491957784,12385.304904531427,12485.030892846919,12585.55987090084,12686.898304334996,12789.052710852275,12892.029660635888,12995.8357767719,13100.477735675182,13205.962267518828,13312.296156667053,13419.486242111492,13527.539417911097,13636.462633635434,13746.262894811807,13856.947263375758,13968.522858125163,14080.996855178266,14194.376488435144,14308.66905004285,14423.881890864615] 0.31126199007860056 [Infinity,Infinity,Infinity,Infinity,Infinity,Infinity,Infinity,Infinity,Infinity,Infinity,Infinity,Infinity,Infinity,Infinity,Infinity,Infinity,Infinity,Infinity,Infinity,Infinity,Infinity,Infinity,Infinity,Infinity,Infinity,Infinity,Infinity,Infinity,Infinity,Infinity,Infinity,Infinity,Infinity,Infinity,Infinity,Infinity,Infinity,Infinity,Infinity,Infinity,Infinity,Infinity,Infinity,Infinity,Infinity,Infinity,Infinity,Infinity,Infinity,Infinity,Infinity,Infinity,Infinity,Infinity,Infinity,Infinity,Infinity,Infinity,Infinity,Infinity,Infinity,Infinity,Infinity,Infinity,Infinity,Infinity,Infinity,Infinity,Infinity,Infinity,Infinity,Infinity,Infinity,Infinity,Infinity,Infinity,Infinity,Infinity,Infinity,Infinity,Infinity,Infinity,Infinity,Infinity,Infinity,Infinity,Infinity,Infinity,Infinity,Infinity,Infinity,Infinity,Infinity,Infinity,Infinity,Infinity,Infinity,Infinity,Infinity,Infinity,Infinity,Infinity,Infinity,Infinity,Infinity,Infinity,Infinity,Infinity,Infinity,Infinity,Infinity,Infinity,Infinity,Infinity,Infinity,Infinity,Infinity,Infinity,Infinity,Infinity,Infinity,Infinity,Infinity,Infinity,Infinity,Infinity,Infinity,Infinity,Infinity,Infinity,Infinity,Infinity,Infinity,Infinity,Infinity,Infinity,Infinity,Infinity,Infinity,Infinity,Infinity,Infinity,Infinity,Infinity,Infinity,Infinity,Infinity,Infinity,Infinity,Infinity,Infinity,Infinity,Infinity,Infinity,Infinity,Infinity,Infinity,Infinity,Infinity,Infinity,Infinity,Infinity,Infinity,Infinity,Infinity,Infinity,Infinity,Infinity,Infinity,Infinity,Infinity,Infinity,Infinity,Infinity,Infinity,Infinity,Infinity,Infinity,Infinity,Infinity,Infinity,Infinity,Infinity,Infinity,Infinity,Infinity,Infinity,Infinity,Infinity,Infinity,Infinity,Infinity,Infinity,Infinity,Infinity,Infinity,Infinity,Infinity,Infinity,Infinity,Infinity,Infinity,Infinity,Infinity,Infinity,Infinity,Infinity,Infinity,Infinity,Infinity,Infinity,Infinity,Infinity,Infinity,Infinity,Infinity,Infinity,Infinity,Infinity,Infinity,Infinity,Infinity,Infinity,Infinity,Infinity,Infinity,Infinity,Infinity,Infinity,Infinity,Infinity,Infinity,Infinity,Infinity,Infinity,Infinity,Infinity,Infinity,Infinity,Infinity,Infinity,Infinity,Infinity,Infinity,Infinity,Infinity,Infinity,Infinity,Infinity,Infinity,Infinity,Infinity,Infinity,Infinity,Infinity,Infinity,Infinity,Infinity,Infinity,Infinity,Infinity,Infinity,Infinity,Infinity,Infinity,Infinity,Infinity,Infinity,Infinity,Infinity,Infinity,Infinity,Infinity,Infinity,Infinity,Infinity,Infinity,Infinity,Infinity,Infinity,Infinity,Infinity,Infinity,Infinity,Infinity,Infinity,Infinity,Infinity,Infinity,Infinity,Infinity,Infinity,Infinity,Infinity,Infinity,Infinity,Infinity,Infinity,Infinity,Infinity] [0.0,0.0,0.0,0.0,0.0,0.0,0.0,0.0,0.0,0.0,0.0,0.0,0.0,0.0,0.0,0.0,0.0,0.0,0.0,0.0,0.0,0.0,0.0,0.0,0.0,0.0,0.0,0.0,0.0,0.0,0.0,0.0,0.0,0.0,0.0,0.0,0.0,0.0,0.0,0.0,0.0,0.0,0.0,0.0,0.0,0.0,0.0,0.0,0.0,0.0,0.0,0.0,0.0,0.0,0.0,0.0,0.0,0.0,0.0,0.0,0.0,0.0,0.0,0.0,0.0,0.0,0.0,0.0,0.0,0.0,0.0,0.0,0.0,0.0,0.0,0.0,0.0,0.0,0.0,0.0,0.0,0.0,0.0,0.0,0.0,0.0,0.0,0.0,0.0,0.0,0.0,0.0,0.0,0.0,0.0,0.0,0.0,0.0,0.0,0.0,0.0,0.0,0.0,0.0,0.0,0.0,0.0,0.0,0.0,0.0,0.0,0.0,0.0,0.0,0.0,0.0,0.0,0.0,0.0,0.0,0.0,0.0,0.0,0.0,0.0,0.0,0.0,0.0,0.0,0.0,0.0,0.0,0.0,0.0,0.0,0.0,0.0,0.0,0.0,0.0,0.0,0.0,0.0,0.0,0.0,0.0,0.0,0.0,0.0,0.0,0.0,0.0,0.0,0.0,0.0,0.0,0.0,0.0,0.0,0.0,0.0,0.0,0.0,0.0,0.0,0.0,0.0,0.0,0.0,0.0,0.0,0.0,0.0,0.0,0.0,0.0,0.0,0.0,0.0,0.0,0.0,0.0,0.0,0.0,0.0,0.0,0.0,0.0,0.0,0.0,0.0,0.0,0.0,0.0,0.0,0.0,0.0,0.0,0.0,0.0,0.0,0.0,0.0,0.0,0.0,0.0,0.0,0.0,0.0,0.0,0.0,0.0,0.0,0.0,0.0,0.0,0.0,0.0,0.0,0.0,0.0,0.0,0.0,0.0,0.0,0.0,0.0,0.0,0.0,0.0,0.0,0.0,0.0,0.0,0.0,0.0,0.0,0.0,0.0,0.0,0.0,0.0,0.0,0.0,0.0,0.0,0.0,0.0,0.0,0.0,0.0,0.0,0.0,0.0,0.0,0.0,0.0,0.0,0.0,0.0,0.0,0.0,0.0,0.0,0.0,0.0,0.0,0.0,0.0,0.0,0.0,0.0,0.0,0.0,0.0,0.0,0.0,0.0,0.0,0.0,0.0,0.0,0.0,0.0,0.0,0.0,0.0,0.0,0.0,0.0,0.0,0.0,0.0,0.0,0.0,0.0,0.0,0.0,0.0,0.0]
56124.162575759015 [0.0,0.0,0.0,0.0,0.0,0.0,0.0,0.0,0.0,0.0,0.0,0.0,0.0,0.0,0.0,0.0,0.0,0.0,0.0,0.0,0.0,0.0,0.0,0.0,0.0,0.0,0.0,0.0,0.0,0.0,0.0,0.0,0.0,0.0,0.0,0.0,0.0,0.0,0.0,0.0,0.0,0.0,0.0,0.0,0.0,0.0,0.0,0.0,0.0,0.0,0.0,0.0,0.0,0.0,0.0,0.0,0.0,0.0,0.0,0.0,0.0,0.0,0.0,0.0,0.0,0.0,0.0,0.0,0.0,0.0,0.0,0.0,0.0,0.0,0.0,0.0,0.0,0.0,0.0,0.0,0.0,0.0,0.0,0.0,0.0,0.0,0.0,0.0,0.0,0.0,0.0,0.0,0.0,0.0,0.0,0.0,0.0,0.0,0.0,0.0,0.0,0.0,0.0,0.0,0.0,0.0,0.0,0.0,0.0,0.0,0.0,0.0,0.0,0.0,0.0,0.0,0.0,0.0,0.0,0.0,0.0,0.0,0.0,0.0,0.0,0.0,0.0,0.0,0.0,0.0,0.0,0.0,0.0,0.0,0.0,0.0,0.0,0.0,0.0,0.0,0.0,0.0,0.0,0.0,0.0,0.0,0.0,0.0,0.0,0.0,0.0,0.0,0.0,0.0,0.0,0.0,0.0,0.0,0.0,0.0,0.0,0.0,0.0,0.0,0.0,0.0,0.0,0.0,0.0,0.0,0.0,0.0,0.0,0.0,0.0,0.0,0.0,0.0,0.0,0.0,0.0,0.0,0.0,0.0,0.0,0.0,0.0,0.0,0.0,0.0,0.0,0.0,0.0,0.0,0.0,0.0,0.0,0.0,0.0,0.0,0.0,0.0,0.0,0.0,0.0,0.0,0.0,0.0,0.0,0.0,0.0,0.0,0.0,0.0,0.0,0.0,0.0,0.0,0.0,0.0,0.0,0.0,0.0,0.0,0.0,0.0,0.0,0.0,0.0,0.0,0.0,0.0,0.0,0.0,0.0,0.0,0.0,0.0,0.0,0.0,0.0,0.0,0.0,0.0,0.0,0.0,0.0,0.0,0.0,0.0,0.0,0.0,0.0,0.0,0.0,0.0,0.0,0.0,0.0,0.0,0.0,0.0,0.0,0.0,0.0,0.0,0.0,0.0,0.0,0.0,0.0,0.0,0.0,0.0,0.0,0.0,0.0,0.0,0.0,0.0,0.0,0.0,0.0,0.0,0.0,0.0,0.0,0.0,0.0,0.0,0.0,0.0,0.0,0.0,0.0,0.0,0.0,0.0,0.0,0.0] [1311.2619900786005,1321.8202200865917,1332.463464547639,1343.19240799478,1354.0077404728797,1364.9101575830227,1375.9003605272408,1386.9790561536227,1398.1469570017646,1409.4047813486081,1420.7532532546286,1432.193102610412,1443.7250651835902,1455.3498826661717,1467.068302722235,1478.881079036026,1490.78897136042,1502.7927455657994,1514.8931736892998,1527.0910339844697,1539.3871109713293,1551.7821954868166,1564.2770847356642,1576.872582341659,1589.569498399342,1602.368649526097,1615.270858914685,1628.2769563861766,1641.3877784433362,1654.6041683244075,1667.9269760573632,1681.3570585145608,1694.895279467867,1708.5425096441993,1722.2996267815402,1736.1675156853773,1750.1470682856248,1764.2391836939755,1778.4447682617345,1792.7647356381167,1807.2000068289992,1821.7515102561672,1836.4201818170154,1851.2069649447558,1866.112810669078,1881.1386776773347,1896.285532376183,1911.5543489537563,1926.9461094423048,1942.4618037813711,1958.1024298814455,1973.8689936881608,1989.7625092469793,2005.7839987684179,2021.9344926937952,2038.215029761504,2054.626657073813,2071.1704301642176,2087.8474130653335,2104.6586783773164,2121.605307336866,2138.6883898867477,2155.9090247459117,2173.268319480143,2190.767390573309,2208.407363499154,2226.1893727937027,2244.1145621282076,2262.184084382728,2280.399101720259,2298.7607856614945,2317.2703171601615,2335.9288866789793,2354.7376942662327,2373.6979496329395,2392.810872230673,2412.077691329971,2431.4996460994216,2451.0779856853383,2470.813969292122,2490.7088662632277,2510.763956162824,2530.9805288580706,2551.359884602096,2571.9033341176064,2592.612198681206,2613.487810208354,2634.5315113390543,2655.7446555241822,2677.1286071125573,2698.6847414386757,2720.4144449111714,2742.319115101994,2764.4001608362782,2786.6590022829737,2809.097071046162,2831.715810257159,2854.5166746673017,2877.5011307415425,2900.67065675274,2924.0267428767575,2947.570891288285,2971.304616257478,2995.22944424732,3019.346914011829,3043.658576695001,3068.1659959305807,3092.870747942638,3117.7744216469364,3142.87861875312,3168.1849538677375,3193.695054598094,3219.410561656912,3245.333128967883,3271.4644237720117,3297.806126734876,3324.3599320546946,3351.1275475713155,3378.1106948760344,3405.3111094223436,3432.7305406375262,3460.3707520352004,3488.23352132871,3516.320640545493,3544.6339161423107,3573.1751691214417,3601.9462351478164,3630.9489646670518,3660.1852230244945,3689.6568905851636,3719.3658628547196,3749.3140506013438,3779.5033799786634,3809.935792649603,3840.6132459112973,3871.5377128209448,3902.7111823227383,3934.135659375755,3965.8131650829396,3997.7457368210635,4029.9354283717907,4062.3843100537392,4095.0944688556665,4128.068008570669,4161.3070499315045,4194.813730746993,4228.590206039511,4262.638648183577,4296.961247045588,4331.560210124669,4366.437762694626,4401.596147947099,4437.037627135803,4472.764479721992,4508.779003521039,4545.083514850253,4581.680348677821,4618.571858773019,4655.7604178575675,4693.248417758249,4731.038269560753,4769.132403764733,4807.533270440121,4846.243339384716,4885.265100283049,4924.601062866471,4964.253757074609,5004.22573321805,5044.519562142395,5085.137835393579,5126.08316538458,5167.3581855634,5208.965550582488,5250.907936469426,5293.188040799074,5335.808582867062,5378.772303864684,5422.081967055189,5465.740357951513,5509.7502844954415,5554.1145772382,5598.836089522486,5643.917697666003,5689.362301146471,5735.17282278806,5781.352208949439,5827.903429713208,5874.829479076986,5922.133375145914,5969.818160326825,6017.886901523867,6066.342690335802,6115.188643254807,6164.427901866934,6214.06363305417,6264.099029198114,6314.537308385285,6365.381714614103,6416.635518003553,6468.302015003491,6520.384528606639,6572.88640856233,6625.811031591967,6679.16180160615,6732.942149923667,6787.155535492116,6841.805445110439,6896.895393653112,6952.428924296275,7008.409608745552,7064.841047465831,7121.726869912778,7179.070734766296,7236.876330165845,7295.147373947643,7353.887613883764,7413.100827923194,7472.790824434837,7532.961442452409,7593.616551921397,7654.7600539479145,7716.395881049652,7778.527997408752,7841.160399126823,7904.2971144818985,7967.94220418758,8032.099761654146,8096.773913251861,8161.968818576374,8227.688670716232,8293.937696522553,8360.720156880894,8428.04034698531,8495.90259661459,8564.311270410717,8633.270768159597,8702.785525074065,8772.860012079082,8843.498736099358,8914.706240349144,8986.487104624512,9058.845945597834,9131.787417114787,9205.31621049359,9279.437054826807,9354.154717285446,9429.47400342559,9505.399757497484,9581.936862757088,9659.090241780126,9736.864856778713,9815.265709920519,9894.297843650465,9973.966341015032,10054.276325989182,10135.232963805956,10216.841461288606,10299.107067185563,10382.035072507933,10465.630810869876,10549.89965883156,10634.84703624505,10720.478406602804,10806.799277389146,10893.815200434417,10981.531772272076,11069.954634498676,11159.08947413668,11248.94202400021,11339.518063063782,11430.823416834026,11522.863957724268,11615.64560543233,11709.174327321158,11803.456138802712,11898.49710372478,11994.303334761045,12090.880993804161,12188.23629236214,12286.375491957784,12385.304904531427,12485.030892846919,12585.55987090084,12686.898304334996,12789.052710852275,12892.029660635888,12995.8357767719,13100.477735675182,13205.962267518828,13312.296156667053,13419.486242111492,13527.539417911097,13636.462633635434,13746.262894811807,13856.947263375758,13968.522858125163,14080.996855178266,14194.376488435144,14308.66905004285,14423.881890864615] 0.31126199007860056 [Infinity,Infinity,Infinity,Infinity,Infinity,Infinity,Infinity,Infinity,Infinity,Infinity,Infinity,Infinity,Infinity,Infinity,Infinity,Infinity,Infinity,Infinity,Infinity,Infinity,Infinity,Infinity,Infinity,Infinity,Infinity,Infinity,Infinity,Infinity,Infinity,Infinity,Infinity,Infinity,Infinity,Infinity,Infinity,Infinity,Infinity,Infinity,Infinity,Infinity,Infinity,Infinity,Infinity,Infinity,Infinity,Infinity,Infinity,Infinity,Infinity,Infinity,Infinity,Infinity,Infinity,Infinity,Infinity,Infinity,Infinity,Infinity,Infinity,Infinity,Infinity,Infinity,Infinity,Infinity,Infinity,Infinity,Infinity,Infinity,Infinity,Infinity,Infinity,Infinity,Infinity,Infinity,Infinity,Infinity,Infinity,Infinity,Infinity,Infinity,Infinity,Infinity,Infinity,Infinity,Infinity,Infinity,Infinity,Infinity,Infinity,Infinity,Infinity,Infinity,Infinity,Infinity,Infinity,Infinity,Infinity,Infinity,Infinity,Infinity,Infinity,Infinity,Infinity,Infinity,Infinity,Infinity,Infinity,Infinity,Infinity,Infinity,Infinity,Infinity,Infinity,Infinity,Infinity,Infinity,Infinity,Infinity,Infinity,Infinity,Infinity,Infinity,Infinity,Infinity,Infinity,Infinity,Infinity,Infinity,Infinity,Infinity,Infinity,Infinity,Infinity,Infinity,Infinity,Infinity,Infinity,Infinity,Infinity,Infinity,Infinity,Infinity,Infinity,Infinity,Infinity,Infinity,Infinity,Infinity,Infinity,Infinity,Infinity,Infinity,Infinity,Infinity,Infinity,Infinity,Infinity,Infinity,Infinity,Infinity,Infinity,Infinity,Infinity,Infinity,Infinity,Infinity,Infinity,Infinity,Infinity,Infinity,Infinity,Infinity,Infinity,Infinity,Infinity,Infinity,Infinity,Infinity,Infinity,Infinity,Infinity,Infinity,Infinity,Infinity,Infinity,Infinity,Infinity,Infinity,Infinity,Infinity,Infinity,Infinity,Infinity,Infinity,Infinity,Infinity,Infinity,Infinity,Infinity,Infinity,Infinity,Infinity,Infinity,Infinity,Infinity,Infinity,Infinity,Infinity,Infinity,Infinity,Infinity,Infinity,Infinity,Infinity,Infinity,Infinity,Infinity,Infinity,Infinity,Infinity,Infinity,Infinity,Infinity,Infinity,Infinity,Infinity,Infinity,Infinity,Infinity,Infinity,Infinity,Infinity,Infinity,Infinity,Infinity,Infinity,Infinity,Infinity,Infinity,Infinity,Infinity,Infinity,Infinity,Infinity,Infinity,Infinity,Infinity,Infinity,Infinity,Infinity,Infinity,Infinity,Infinity,Infinity,Infinity,Infinity,Infinity,Infinity,Infinity,Infinity,Infinity,Infinity,Infinity,Infinity,Infinity,Infinity,Infinity,Infinity,Infinity,Infinity,Infinity,Infinity,Infinity,Infinity,Infinity,Infinity,Infinity,Infinity,Infinity,Infinity,Infinity,Infinity,Infinity,Infinity,Infinity,Infinity,Infinity,Infinity,Infinity,Infinity,Infinity,Infinity,Infinity,Infinity,Infinity,Infinity,Infinity,Infinity,Infinity,Infinity] [0.0,0.0,0.0,0.0,0.0,0.0,0.0,0.0,0.0,0.0,0.0,0.0,0.0,0.0,0.0,0.0,0.0,0.0,0.0,0.0,0.0,0.0,0.0,0.0,0.0,0.0,0.0,0.0,0.0,0.0,0.0,0.0,0.0,0.0,0.0,0.0,0.0,0.0,0.0,0.0,0.0,0.0,0.0,0.0,0.0,0.0,0.0,0.0,0.0,0.0,0.0,0.0,0.0,0.0,0.0,0.0,0.0,0.0,0.0,0.0,0.0,0.0,0.0,0.0,0.0,0.0,0.0,0.0,0.0,0.0,0.0,0.0,0.0,0.0,0.0,0.0,0.0,0.0,0.0,0.0,0.0,0.0,0.0,0.0,0.0,0.0,0.0,0.0,0.0,0.0,0.0,0.0,0.0,0.0,0.0,0.0,0.0,0.0,0.0,0.0,0.0,0.0,0.0,0.0,0.0,0.0,0.0,0.0,0.0,0.0,0.0,0.0,0.0,0.0,0.0,0.0,0.0,0.0,0.0,0.0,0.0,0.0,0.0,0.0,0.0,0.0,0.0,0.0,0.0,0.0,0.0,0.0,0.0,0.0,0.0,0.0,0.0,0.0,0.0,0.0,0.0,0.0,0.0,0.0,0.0,0.0,0.0,0.0,0.0,0.0,0.0,0.0,0.0,0.0,0.0,0.0,0.0,0.0,0.0,0.0,0.0,0.0,0.0,0.0,0.0,0.0,0.0,0.0,0.0,0.0,0.0,0.0,0.0,0.0,0.0,0.0,0.0,0.0,0.0,0.0,0.0,0.0,0.0,0.0,0.0,0.0,0.0,0.0,0.0,0.0,0.0,0.0,0.0,0.0,0.0,0.0,0.0,0.0,0.0,0.0,0.0,0.0,0.0,0.0,0.0,0.0,0.0,0.0,0.0,0.0,0.0,0.0,0.0,0.0,0.0,0.0,0.0,0.0,0.0,0.0,0.0,0.0,0.0,0.0,0.0,0.0,0.0,0.0,0.0,0.0,0.0,0.0,0.0,0.0,0.0,0.0,0.0,0.0,0.0,0.0,0.0,0.0,0.0,0.0,0.0,0.0,0.0,0.0,0.0,0.0,0.0,0.0,0.0,0.0,0.0,0.0,0.0,0.0,0.0,0.0,0.0,0.0,0.0,0.0,0.0,0.0,0.0,0.0,0.0,0.0,0.0,0.0,0.0,0.0,0.0,0.0,0.0,0.0,0.0,0.0,0.0,0.0,0.0,0.0,0.0,0.0,0.0,0.0,0.0,0.0,0.0,0.0,0.0,0.0,0.0,0.0,0.0,0.0,0.0,0.0]
56080.170224587615 [0.0,0.0,0.0,0.0,0.0,0.0,0.0,0.0,0.0,0.0,0.0,0.0,0.0,0.0,0.0,0.0,0.0,0.0,0.0,0.0,0.0,0.0,0.0,0.0,0.0,0.0,0.0,0.0,0.0,0.0,0.0,0.0,0.0,0.0,0.0,0.0,0.0,0.0,0.0,0.0,0.0,0.0,0.0,0.0,0.0,0.0,0.0,0.0,0.0,0.0,0.0,0.0,0.0,0.0,0.0,0.0,0.0,0.0,0.0,0.0,0.0,0.0,0.0,0.0,0.0,0.0,0.0,0.0,0.0,0.0,0.0,0.0,0.0,0.0,0.0,0.0,0.0,0.0,0.0,0.0,0.0,0.0,0.0,0.0,0.0,0.0,0.0,0.0,0.0,0.0,0.0,0.0,0.0,0.0,0.0,0.0,0.0,0.0,0.0,0.0,0.0,0.0,0.0,0.0,0.0,0.0,0.0,0.0,0.0,0.0,0.0,0.0,0.0,0.0,0.0,0.0,0.0,0.0,0.0,0.0,0.0,0.0,0.0,0.0,0.0,0.0,0.0,0.0,0.0,0.0,0.0,0.0,0.0,0.0,0.0,0.0,0.0,0.0,0.0,0.0,0.0,0.0,0.0,0.0,0.0,0.0,0.0,0.0,0.0,0.0,0.0,0.0,0.0,0.0,0.0,0.0,0.0,0.0,0.0,0.0,0.0,0.0,0.0,0.0,0.0,0.0,0.0,0.0,0.0,0.0,0.0,0.0,0.0,0.0,0.0,0.0,0.0,0.0,0.0,0.0,0.0,0.0,0.0,0.0,0.0,0.0,0.0,0.0,0.0,0.0,0.0,0.0,0.0,0.0,0.0,0.0,0.0,0.0,0.0,0.0,0.0,0.0,0.0,0.0,0.0,0.0,0.0,0.0,0.0,0.0,0.0,0.0,0.0,0.0,0.0,0.0,0.0,0.0,0.0,0.0,0.0,0.0,0.0,0.0,0.0,0.0,0.0,0.0,0.0,0.0,0.0,0.0,0.0,0.0,0.0,0.0,0.0,0.0,0.0,0.0,0.0,0.0,0.0,0.0,0.0,0.0,0.0,0.0,0.0,0.0,0.0,0.0,0.0,0.0,0.0,0.0,0.0,0.0,0.0,0.0,0.0,0.0,0.0,0.0,0.0,0.0,0.0,0.0,0.0,0.0,0.0,0.0,0.0,0.0,0.0,0.0,0.0,0.0,0.0,0.0,0.0,0.0,0.0,0.0,0.0,0.0,0.0,0.0,0.0,0.0,0.0,0.0,0.0,0.0,0.0,0.0,0.0,0.0,0.0,0.0] [1311.2619900786005,1321.8202200865917,1332.463464547639,1343.19240799478,1354.0077404728797,1364.9101575830227,1375.9003605272408,1386.9790561536227,1398.1469570017646,1409.4047813486081,1420.7532532546286,1432.193102610412,1443.7250651835902,1455.3498826661717,1467.068302722235,1478.881079036026,1490.78897136042,1502.7927455657994,1514.8931736892998,1527.0910339844697,1539.3871109713293,1551.7821954868166,1564.2770847356642,1576.872582341659,1589.569498399342,1602.368649526097,1615.270858914685,1628.2769563861766,1641.3877784433362,1654.6041683244075,1667.9269760573632,1681.3570585145608,1694.895279467867,1708.5425096441993,1722.2996267815402,1736.1675156853773,1750.1470682856248,1764.2391836939755,1778.4447682617345,1792.7647356381167,1807.2000068289992,1821.7515102561672,1836.4201818170154,1851.2069649447558,1866.112810669078,1881.1386776773347,1896.285532376183,1911.5543489537563,1926.9461094423048,1942.4618037813711,1958.1024298814455,1973.8689936881608,1989.7625092469793,2005.7839987684179,2021.9344926937952,2038.215029761504,2054.626657073813,2071.1704301642176,2087.8474130653335,2104.6586783773164,2121.605307336866,2138.6883898867477,2155.9090247459117,2173.268319480143,2190.767390573309,2208.407363499154,2226.1893727937027,2244.1145621282076,2262.184084382728,2280.399101720259,2298.7607856614945,2317.2703171601615,2335.9288866789793,2354.7376942662327,2373.6979496329395,2392.810872230673,2412.077691329971,2431.4996460994216,2451.0779856853383,2470.813969292122,2490.7088662632277,2510.763956162824,2530.9805288580706,2551.359884602096,2571.9033341176064,2592.612198681206,2613.487810208354,2634.5315113390543,2655.7446555241822,2677.1286071125573,2698.6847414386757,2720.4144449111714,2742.319115101994,2764.4001608362782,2786.6590022829737,2809.097071046162,2831.715810257159,2854.5166746673017,2877.5011307415425,2900.67065675274,2924.0267428767575,2947.570891288285,2971.304616257478,2995.22944424732,3019.346914011829,3043.658576695001,3068.1659959305807,3092.870747942638,3117.7744216469364,3142.87861875312,3168.1849538677375,3193.695054598094,3219.410561656912,3245.333128967883,3271.4644237720117,3297.806126734876,3324.3599320546946,3351.1275475713155,3378.1106948760344,3405.3111094223436,3432.7305406375262,3460.3707520352004,3488.23352132871,3516.320640545493,3544.6339161423107,3573.1751691214417,3601.9462351478164,3630.9489646670518,3660.1852230244945,3689.6568905851636,3719.3658628547196,3749.3140506013438,3779.5033799786634,3809.935792649603,3840.6132459112973,3871.5377128209448,3902.7111823227383,3934.135659375755,3965.8131650829396,3997.7457368210635,4029.9354283717907,4062.3843100537392,4095.0944688556665,4128.068008570669,4161.3070499315045,4194.813730746993,4228.590206039511,4262.638648183577,4296.961247045588,4331.560210124669,4366.437762694626,4401.596147947099,4437.037627135803,4472.764479721992,4508.779003521039,4545.083514850253,4581.680348677821,4618.571858773019,4655.7604178575675,4693.248417758249,4731.038269560753,4769.132403764733,4807.533270440121,4846.243339384716,4885.265100283049,4924.601062866471,4964.253757074609,5004.22573321805,5044.519562142395,5085.137835393579,5126.08316538458,5167.3581855634,5208.965550582488,5250.907936469426,5293.188040799074,5335.808582867062,5378.772303864684,5422.081967055189,5465.740357951513,5509.7502844954415,5554.1145772382,5598.836089522486,5643.917697666003,5689.362301146471,5735.17282278806,5781.352208949439,5827.903429713208,5874.829479076986,5922.133375145914,5969.818160326825,6017.886901523867,6066.342690335802,6115.188643254807,6164.427901866934,6214.06363305417,6264.099029198114,6314.537308385285,6365.381714614103,6416.635518003553,6468.302015003491,6520.384528606639,6572.88640856233,6625.811031591967,6679.16180160615,6732.942149923667,6787.155535492116,6841.805445110439,6896.895393653112,6952.428924296275,7008.409608745552,7064.841047465831,7121.726869912778,7179.070734766296,7236.876330165845,7295.147373947643,7353.887613883764,7413.100827923194,7472.790824434837,7532.961442452409,7593.616551921397,7654.7600539479145,7716.395881049652,7778.527997408752,7841.160399126823,7904.2971144818985,7967.94220418758,8032.099761654146,8096.773913251861,8161.968818576374,8227.688670716232,8293.937696522553,8360.720156880894,8428.04034698531,8495.90259661459,8564.311270410717,8633.270768159597,8702.785525074065,8772.860012079082,8843.498736099358,8914.706240349144,8986.487104624512,9058.845945597834,9131.787417114787,9205.31621049359,9279.437054826807,9354.154717285446,9429.47400342559,9505.399757497484,9581.936862757088,9659.090241780126,9736.864856778713,9815.265709920519,9894.297843650465,9973.966341015032,10054.276325989182,10135.232963805956,10216.841461288606,10299.107067185563,10382.035072507933,10465.630810869876,10549.89965883156,10634.84703624505,10720.478406602804,10806.799277389146,10893.815200434417,10981.531772272076,11069.954634498676,11159.08947413668,11248.94202400021,11339.518063063782,11430.823416834026,11522.863957724268,11615.64560543233,11709.174327321158,11803.456138802712,11898.49710372478,11994.303334761045,12090.880993804161,12188.23629236214,12286.375491957784,12385.304904531427,12485.030892846919,12585.55987090084,12686.898304334996,12789.052710852275,12892.029660635888,12995.8357767719,13100.477735675182,13205.962267518828,13312.296156667053,13419.486242111492,13527.539417911097,13636.462633635434,13746.262894811807,13856.947263375758,13968.522858125163,14080.996855178266,14194.376488435144,14308.66905004285,14423.881890864615] 0.31126199007860056 [Infinity,Infinity,Infinity,Infinity,Infinity,Infinity,Infinity,Infinity,Infinity,Infinity,Infinity,Infinity,Infinity,Infinity,Infinity,Infinity,Infinity,Infinity,Infinity,Infinity,Infinity,Infinity,Infinity,Infinity,Infinity,Infinity,Infinity,Infinity,Infinity,Infinity,Infinity,Infinity,Infinity,Infinity,Infinity,Infinity,Infinity,Infinity,Infinity,Infinity,Infinity,Infinity,Infinity,Infinity,Infinity,Infinity,Infinity,Infinity,Infinity,Infinity,Infinity,Infinity,Infinity,Infinity,Infinity,Infinity,Infinity,Infinity,Infinity,Infinity,Infinity,Infinity,Infinity,Infinity,Infinity,Infinity,Infinity,Infinity,Infinity,Infinity,Infinity,Infinity,Infinity,Infinity,Infinity,Infinity,Infinity,Infinity,Infinity,Infinity,Infinity,Infinity,Infinity,Infinity,Infinity,Infinity,Infinity,Infinity,Infinity,Infinity,Infinity,Infinity,Infinity,Infinity,Infinity,Infinity,Infinity,Infinity,Infinity,Infinity,Infinity,Infinity,Infinity,Infinity,Infinity,Infinity,Infinity,Infinity,Infinity,Infinity,Infinity,Infinity,Infinity,Infinity,Infinity,Infinity,Infinity,Infinity,Infinity,Infinity,Infinity,Infinity,Infinity,Infinity,Infinity,Infinity,Infinity,Infinity,Infinity,Infinity,Infinity,Infinity,Infinity,Infinity,Infinity,Infinity,Infinity,Infinity,Infinity,Infinity,Infinity,Infinity,Infinity,Infinity,Infinity,Infinity,Infinity,Infinity,Infinity,Infinity,Infinity,Infinity,Infinity,Infinity,Infinity,Infinity,Infinity,Infinity,Infinity,Infinity,Infinity,Infinity,Infinity,Infinity,Infinity,Infinity,Infinity,Infinity,Infinity,Infinity,Infinity,Infinity,Infinity,Infinity,Infinity,Infinity,Infinity,Infinity,Infinity,Infinity,Infinity,Infinity,Infinity,Infinity,Infinity,Infinity,Infinity,Infinity,Infinity,Infinity,Infinity,Infinity,Infinity,Infinity,Infinity,Infinity,Infinity,Infinity,Infinity,Infinity,Infinity,Infinity,Infinity,Infinity,Infinity,Infinity,Infinity,Infinity,Infinity,Infinity,Infinity,Infinity,Infinity,Infinity,Infinity,Infinity,Infinity,Infinity,Infinity,Infinity,Infinity,Infinity,Infinity,Infinity,Infinity,Infinity,Infinity,Infinity,Infinity,Infinity,Infinity,Infinity,Infinity,Infinity,Infinity,Infinity,Infinity,Infinity,Infinity,Infinity,Infinity,Infinity,Infinity,Infinity,Infinity,Infinity,Infinity,Infinity,Infinity,Infinity,Infinity,Infinity,Infinity,Infinity,Infinity,Infinity,Infinity,Infinity,Infinity,Infinity,Infinity,Infinity,Infinity,Infinity,Infinity,Infinity,Infinity,Infinity,Infinity,Infinity,Infinity,Infinity,Infinity,Infinity,Infinity,Infinity,Infinity,Infinity,Infinity,Infinity,Infinity,Infinity,Infinity,Infinity,Infinity,Infinity,Infinity,Infinity,Infinity,Infinity,Infinity,Infinity,Infinity,Infinity,Infinity,Infinity,Infinity,Infinity,Infinity,Infinity] [0.0,0.0,0.0,0.0,0.0,0.0,0.0,0.0,0.0,0.0,0.0,0.0,0.0,0.0,0.0,0.0,0.0,0.0,0.0,0.0,0.0,0.0,0.0,0.0,0.0,0.0,0.0,0.0,0.0,0.0,0.0,0.0,0.0,0.0,0.0,0.0,0.0,0.0,0.0,0.0,0.0,0.0,0.0,0.0,0.0,0.0,0.0,0.0,0.0,0.0,0.0,0.0,0.0,0.0,0.0,0.0,0.0,0.0,0.0,0.0,0.0,0.0,0.0,0.0,0.0,0.0,0.0,0.0,0.0,0.0,0.0,0.0,0.0,0.0,0.0,0.0,0.0,0.0,0.0,0.0,0.0,0.0,0.0,0.0,0.0,0.0,0.0,0.0,0.0,0.0,0.0,0.0,0.0,0.0,0.0,0.0,0.0,0.0,0.0,0.0,0.0,0.0,0.0,0.0,0.0,0.0,0.0,0.0,0.0,0.0,0.0,0.0,0.0,0.0,0.0,0.0,0.0,0.0,0.0,0.0,0.0,0.0,0.0,0.0,0.0,0.0,0.0,0.0,0.0,0.0,0.0,0.0,0.0,0.0,0.0,0.0,0.0,0.0,0.0,0.0,0.0,0.0,0.0,0.0,0.0,0.0,0.0,0.0,0.0,0.0,0.0,0.0,0.0,0.0,0.0,0.0,0.0,0.0,0.0,0.0,0.0,0.0,0.0,0.0,0.0,0.0,0.0,0.0,0.0,0.0,0.0,0.0,0.0,0.0,0.0,0.0,0.0,0.0,0.0,0.0,0.0,0.0,0.0,0.0,0.0,0.0,0.0,0.0,0.0,0.0,0.0,0.0,0.0,0.0,0.0,0.0,0.0,0.0,0.0,0.0,0.0,0.0,0.0,0.0,0.0,0.0,0.0,0.0,0.0,0.0,0.0,0.0,0.0,0.0,0.0,0.0,0.0,0.0,0.0,0.0,0.0,0.0,0.0,0.0,0.0,0.0,0.0,0.0,0.0,0.0,0.0,0.0,0.0,0.0,0.0,0.0,0.0,0.0,0.0,0.0,0.0,0.0,0.0,0.0,0.0,0.0,0.0,0.0,0.0,0.0,0.0,0.0,0.0,0.0,0.0,0.0,0.0,0.0,0.0,0.0,0.0,0.0,0.0,0.0,0.0,0.0,0.0,0.0,0.0,0.0,0.0,0.0,0.0,0.0,0.0,0.0,0.0,0.0,0.0,0.0,0.0,0.0,0.0,0.0,0.0,0.0,0.0,0.0,0.0,0.0,0.0,0.0,0.0,0.0,0.0,0.0,0.0,0.0,0.0,0.0]
56096.11119269841 [0.0,0.0,0.0,0.0,0.0,0.0,0.0,0.0,0.0,0.0,0.0,0.0,0.0,0.0,0.0,0.0,0.0,0.0,0.0,0.0,0.0,0.0,0.0,0.0,0.0,0.0,0.0,0.0,0.0,0.0,0.0,0.0,0.0,0.0,0.0,0.0,0.0,0.0,0.0,0.0,0.0,0.0,0.0,0.0,0.0,0.0,0.0,0.0,0.0,0.0,0.0,0.0,0.0,0.0,0.0,0.0,0.0,0.0,0.0,0.0,0.0,0.0,0.0,0.0,0.0,0.0,0.0,0.0,0.0,0.0,0.0,0.0,0.0,0.0,0.0,0.0,0.0,0.0,0.0,0.0,0.0,0.0,0.0,0.0,0.0,0.0,0.0,0.0,0.0,0.0,0.0,0.0,0.0,0.0,0.0,0.0,0.0,0.0,0.0,0.0,0.0,0.0,0.0,0.0,0.0,0.0,0.0,0.0,0.0,0.0,0.0,0.0,0.0,0.0,0.0,0.0,0.0,0.0,0.0,0.0,0.0,0.0,0.0,0.0,0.0,0.0,0.0,0.0,0.0,0.0,0.0,0.0,0.0,0.0,0.0,0.0,0.0,0.0,0.0,0.0,0.0,0.0,0.0,0.0,0.0,0.0,0.0,0.0,0.0,0.0,0.0,0.0,0.0,0.0,0.0,0.0,0.0,0.0,0.0,0.0,0.0,0.0,0.0,0.0,0.0,0.0,0.0,0.0,0.0,0.0,0.0,0.0,0.0,0.0,0.0,0.0,0.0,0.0,0.0,0.0,0.0,0.0,0.0,0.0,0.0,0.0,0.0,0.0,0.0,0.0,0.0,0.0,0.0,0.0,0.0,0.0,0.0,0.0,0.0,0.0,0.0,0.0,0.0,0.0,0.0,0.0,0.0,0.0,0.0,0.0,0.0,0.0,0.0,0.0,0.0,0.0,0.0,0.0,0.0,0.0,0.0,0.0,0.0,0.0,0.0,0.0,0.0,0.0,0.0,0.0,0.0,0.0,0.0,0.0,0.0,0.0,0.0,0.0,0.0,0.0,0.0,0.0,0.0,0.0,0.0,0.0,0.0,0.0,0.0,0.0,0.0,0.0,0.0,0.0,0.0,0.0,0.0,0.0,0.0,0.0,0.0,0.0,0.0,0.0,0.0,0.0,0.0,0.0,0.0,0.0,0.0,0.0,0.0,0.0,0.0,0.0,0.0,0.0,0.0,0.0,0.0,0.0,0.0,0.0,0.0,0.0,0.0,0.0,0.0,0.0,0.0,0.0,0.0,0.0,0.0,0.0,0.0,0.0,0.0,0.0] [1311.2619900786005,1321.8202200865917,1332.463464547639,1343.19240799478,1354.0077404728797,1364.9101575830227,1375.9003605272408,1386.9790561536227,1398.1469570017646,1409.4047813486081,1420.7532532546286,1432.193102610412,1443.7250651835902,1455.3498826661717,1467.068302722235,1478.881079036026,1490.78897136042,1502.7927455657994,1514.8931736892998,1527.0910339844697,1539.3871109713293,1551.7821954868166,1564.2770847356642,1576.872582341659,1589.569498399342,1602.368649526097,1615.270858914685,1628.2769563861766,1641.3877784433362,1654.6041683244075,1667.9269760573632,1681.3570585145608,1694.895279467867,1708.5425096441993,1722.2996267815402,1736.1675156853773,1750.1470682856248,1764.2391836939755,1778.4447682617345,1792.7647356381167,1807.2000068289992,1821.7515102561672,1836.4201818170154,1851.2069649447558,1866.112810669078,1881.1386776773347,1896.285532376183,1911.5543489537563,1926.9461094423048,1942.4618037813711,1958.1024298814455,1973.8689936881608,1989.7625092469793,2005.7839987684179,2021.9344926937952,2038.215029761504,2054.626657073813,2071.1704301642176,2087.8474130653335,2104.6586783773164,2121.605307336866,2138.6883898867477,2155.9090247459117,2173.268319480143,2190.767390573309,2208.407363499154,2226.1893727937027,2244.1145621282076,2262.184084382728,2280.399101720259,2298.7607856614945,2317.2703171601615,2335.9288866789793,2354.7376942662327,2373.6979496329395,2392.810872230673,2412.077691329971,2431.4996460994216,2451.0779856853383,2470.813969292122,2490.7088662632277,2510.763956162824,2530.9805288580706,2551.359884602096,2571.9033341176064,2592.612198681206,2613.487810208354,2634.5315113390543,2655.7446555241822,2677.1286071125573,2698.6847414386757,2720.4144449111714,2742.319115101994,2764.4001608362782,2786.6590022829737,2809.097071046162,2831.715810257159,2854.5166746673017,2877.5011307415425,2900.67065675274,2924.0267428767575,2947.570891288285,2971.304616257478,2995.22944424732,3019.346914011829,3043.658576695001,3068.1659959305807,3092.870747942638,3117.7744216469364,3142.87861875312,3168.1849538677375,3193.695054598094,3219.410561656912,3245.333128967883,3271.4644237720117,3297.806126734876,3324.3599320546946,3351.1275475713155,3378.1106948760344,3405.3111094223436,3432.7305406375262,3460.3707520352004,3488.23352132871,3516.320640545493,3544.6339161423107,3573.1751691214417,3601.9462351478164,3630.9489646670518,3660.1852230244945,3689.6568905851636,3719.3658628547196,3749.3140506013438,3779.5033799786634,3809.935792649603,3840.6132459112973,3871.5377128209448,3902.7111823227383,3934.135659375755,3965.8131650829396,3997.7457368210635,4029.9354283717907,4062.3843100537392,4095.0944688556665,4128.068008570669,4161.3070499315045,4194.813730746993,4228.590206039511,4262.638648183577,4296.961247045588,4331.560210124669,4366.437762694626,4401.596147947099,4437.037627135803,4472.764479721992,4508.779003521039,4545.083514850253,4581.680348677821,4618.571858773019,4655.7604178575675,4693.248417758249,4731.038269560753,4769.132403764733,4807.533270440121,4846.243339384716,4885.265100283049,4924.601062866471,4964.253757074609,5004.22573321805,5044.519562142395,5085.137835393579,5126.08316538458,5167.3581855634,5208.965550582488,5250.907936469426,5293.188040799074,5335.808582867062,5378.772303864684,5422.081967055189,5465.740357951513,5509.7502844954415,5554.1145772382,5598.836089522486,5643.917697666003,5689.362301146471,5735.17282278806,5781.352208949439,5827.903429713208,5874.829479076986,5922.133375145914,5969.818160326825,6017.886901523867,6066.342690335802,6115.188643254807,6164.427901866934,6214.06363305417,6264.099029198114,6314.537308385285,6365.381714614103,6416.635518003553,6468.302015003491,6520.384528606639,6572.88640856233,6625.811031591967,6679.16180160615,6732.942149923667,6787.155535492116,6841.805445110439,6896.895393653112,6952.428924296275,7008.409608745552,7064.841047465831,7121.726869912778,7179.070734766296,7236.876330165845,7295.147373947643,7353.887613883764,7413.100827923194,7472.790824434837,7532.961442452409,7593.616551921397,7654.7600539479145,7716.395881049652,7778.527997408752,7841.160399126823,7904.2971144818985,7967.94220418758,8032.099761654146,8096.773913251861,8161.968818576374,8227.688670716232,8293.937696522553,8360.720156880894,8428.04034698531,8495.90259661459,8564.311270410717,8633.270768159597,8702.785525074065,8772.860012079082,8843.498736099358,8914.706240349144,8986.487104624512,9058.845945597834,9131.787417114787,9205.31621049359,9279.437054826807,9354.154717285446,9429.47400342559,9505.399757497484,9581.936862757088,9659.090241780126,9736.864856778713,9815.265709920519,9894.297843650465,9973.966341015032,10054.276325989182,10135.232963805956,10216.841461288606,10299.107067185563,10382.035072507933,10465.630810869876,10549.89965883156,10634.84703624505,10720.478406602804,10806.799277389146,10893.815200434417,10981.531772272076,11069.954634498676,11159.08947413668,11248.94202400021,11339.518063063782,11430.823416834026,11522.863957724268,11615.64560543233,11709.174327321158,11803.456138802712,11898.49710372478,11994.303334761045,12090.880993804161,12188.23629236214,12286.375491957784,12385.304904531427,12485.030892846919,12585.55987090084,12686.898304334996,12789.052710852275,12892.029660635888,12995.8357767719,13100.477735675182,13205.962267518828,13312.296156667053,13419.486242111492,13527.539417911097,13636.462633635434,13746.262894811807,13856.947263375758,13968.522858125163,14080.996855178266,14194.376488435144,14308.66905004285,14423.881890864615] 0.31126199007860056 [Infinity,Infinity,Infinity,Infinity,Infinity,Infinity,Infinity,Infinity,Infinity,Infinity,Infinity,Infinity,Infinity,Infinity,Infinity,Infinity,Infinity,Infinity,Infinity,Infinity,Infinity,Infinity,Infinity,Infinity,Infinity,Infinity,Infinity,Infinity,Infinity,Infinity,Infinity,Infinity,Infinity,Infinity,Infinity,Infinity,Infinity,Infinity,Infinity,Infinity,Infinity,Infinity,Infinity,Infinity,Infinity,Infinity,Infinity,Infinity,Infinity,Infinity,Infinity,Infinity,Infinity,Infinity,Infinity,Infinity,Infinity,Infinity,Infinity,Infinity,Infinity,Infinity,Infinity,Infinity,Infinity,Infinity,Infinity,Infinity,Infinity,Infinity,Infinity,Infinity,Infinity,Infinity,Infinity,Infinity,Infinity,Infinity,Infinity,Infinity,Infinity,Infinity,Infinity,Infinity,Infinity,Infinity,Infinity,Infinity,Infinity,Infinity,Infinity,Infinity,Infinity,Infinity,Infinity,Infinity,Infinity,Infinity,Infinity,Infinity,Infinity,Infinity,Infinity,Infinity,Infinity,Infinity,Infinity,Infinity,Infinity,Infinity,Infinity,Infinity,Infinity,Infinity,Infinity,Infinity,Infinity,Infinity,Infinity,Infinity,Infinity,Infinity,Infinity,Infinity,Infinity,Infinity,Infinity,Infinity,Infinity,Infinity,Infinity,Infinity,Infinity,Infinity,Infinity,Infinity,Infinity,Infinity,Infinity,Infinity,Infinity,Infinity,Infinity,Infinity,Infinity,Infinity,Infinity,Infinity,Infinity,Infinity,Infinity,Infinity,Infinity,Infinity,Infinity,Infinity,Infinity,Infinity,Infinity,Infinity,Infinity,Infinity,Infinity,Infinity,Infinity,Infinity,Infinity,Infinity,Infinity,Infinity,Infinity,Infinity,Infinity,Infinity,Infinity,Infinity,Infinity,Infinity,Infinity,Infinity,Infinity,Infinity,Infinity,Infinity,Infinity,Infinity,Infinity,Infinity,Infinity,Infinity,Infinity,Infinity,Infinity,Infinity,Infinity,Infinity,Infinity,Infinity,Infinity,Infinity,Infinity,Infinity,Infinity,Infinity,Infinity,Infinity,Infinity,Infinity,Infinity,Infinity,Infinity,Infinity,Infinity,Infinity,Infinity,Infinity,Infinity,Infinity,Infinity,Infinity,Infinity,Infinity,Infinity,Infinity,Infinity,Infinity,Infinity,Infinity,Infinity,Infinity,Infinity,Infinity,Infinity,Infinity,Infinity,Infinity,Infinity,Infinity,Infinity,Infinity,Infinity,Infinity,Infinity,Infinity,Infinity,Infinity,Infinity,Infinity,Infinity,Infinity,Infinity,Infinity,Infinity,Infinity,Infinity,Infinity,Infinity,Infinity,Infinity,Infinity,Infinity,Infinity,Infinity,Infinity,Infinity,Infinity,Infinity,Infinity,Infinity,Infinity,Infinity,Infinity,Infinity,Infinity,Infinity,Infinity,Infinity,Infinity,Infinity,Infinity,Infinity,Infinity,Infinity,Infinity,Infinity,Infinity,Infinity,Infinity,Infinity,Infinity,Infinity,Infinity,Infinity,Infinity,Infinity,Infinity,Infinity,Infinity,Infinity,Infinity] [0.0,0.0,0.0,0.0,0.0,0.0,0.0,0.0,0.0,0.0,0.0,0.0,0.0,0.0,0.0,0.0,0.0,0.0,0.0,0.0,0.0,0.0,0.0,0.0,0.0,0.0,0.0,0.0,0.0,0.0,0.0,0.0,0.0,0.0,0.0,0.0,0.0,0.0,0.0,0.0,0.0,0.0,0.0,0.0,0.0,0.0,0.0,0.0,0.0,0.0,0.0,0.0,0.0,0.0,0.0,0.0,0.0,0.0,0.0,0.0,0.0,0.0,0.0,0.0,0.0,0.0,0.0,0.0,0.0,0.0,0.0,0.0,0.0,0.0,0.0,0.0,0.0,0.0,0.0,0.0,0.0,0.0,0.0,0.0,0.0,0.0,0.0,0.0,0.0,0.0,0.0,0.0,0.0,0.0,0.0,0.0,0.0,0.0,0.0,0.0,0.0,0.0,0.0,0.0,0.0,0.0,0.0,0.0,0.0,0.0,0.0,0.0,0.0,0.0,0.0,0.0,0.0,0.0,0.0,0.0,0.0,0.0,0.0,0.0,0.0,0.0,0.0,0.0,0.0,0.0,0.0,0.0,0.0,0.0,0.0,0.0,0.0,0.0,0.0,0.0,0.0,0.0,0.0,0.0,0.0,0.0,0.0,0.0,0.0,0.0,0.0,0.0,0.0,0.0,0.0,0.0,0.0,0.0,0.0,0.0,0.0,0.0,0.0,0.0,0.0,0.0,0.0,0.0,0.0,0.0,0.0,0.0,0.0,0.0,0.0,0.0,0.0,0.0,0.0,0.0,0.0,0.0,0.0,0.0,0.0,0.0,0.0,0.0,0.0,0.0,0.0,0.0,0.0,0.0,0.0,0.0,0.0,0.0,0.0,0.0,0.0,0.0,0.0,0.0,0.0,0.0,0.0,0.0,0.0,0.0,0.0,0.0,0.0,0.0,0.0,0.0,0.0,0.0,0.0,0.0,0.0,0.0,0.0,0.0,0.0,0.0,0.0,0.0,0.0,0.0,0.0,0.0,0.0,0.0,0.0,0.0,0.0,0.0,0.0,0.0,0.0,0.0,0.0,0.0,0.0,0.0,0.0,0.0,0.0,0.0,0.0,0.0,0.0,0.0,0.0,0.0,0.0,0.0,0.0,0.0,0.0,0.0,0.0,0.0,0.0,0.0,0.0,0.0,0.0,0.0,0.0,0.0,0.0,0.0,0.0,0.0,0.0,0.0,0.0,0.0,0.0,0.0,0.0,0.0,0.0,0.0,0.0,0.0,0.0,0.0,0.0,0.0,0.0,0.0,0.0,0.0,0.0,0.0,0.0,0.0]
56098.01535623708 [0.0,0.0,0.0,0.0,0.0,0.0,0.0,0.0,0.0,0.0,0.0,0.0,0.0,0.0,0.0,0.0,0.0,0.0,0.0,0.0,0.0,0.0,0.0,0.0,0.0,0.0,0.0,0.0,0.0,0.0,0.0,0.0,0.0,0.0,0.0,0.0,0.0,0.0,0.0,0.0,0.0,0.0,0.0,0.0,0.0,0.0,0.0,0.0,0.0,0.0,0.0,0.0,0.0,0.0,0.0,0.0,0.0,0.0,0.0,0.0,0.0,0.0,0.0,0.0,0.0,0.0,0.0,0.0,0.0,0.0,0.0,0.0,0.0,0.0,0.0,0.0,0.0,0.0,0.0,0.0,0.0,0.0,0.0,0.0,0.0,0.0,0.0,0.0,0.0,0.0,0.0,0.0,0.0,0.0,0.0,0.0,0.0,0.0,0.0,0.0,0.0,0.0,0.0,0.0,0.0,0.0,0.0,0.0,0.0,0.0,0.0,0.0,0.0,0.0,0.0,0.0,0.0,0.0,0.0,0.0,0.0,0.0,0.0,0.0,0.0,0.0,0.0,0.0,0.0,0.0,0.0,0.0,0.0,0.0,0.0,0.0,0.0,0.0,0.0,0.0,0.0,0.0,0.0,0.0,0.0,0.0,0.0,0.0,0.0,0.0,0.0,0.0,0.0,0.0,0.0,0.0,0.0,0.0,0.0,0.0,0.0,0.0,0.0,0.0,0.0,0.0,0.0,0.0,0.0,0.0,0.0,0.0,0.0,0.0,0.0,0.0,0.0,0.0,0.0,0.0,0.0,0.0,0.0,0.0,0.0,0.0,0.0,0.0,0.0,0.0,0.0,0.0,0.0,0.0,0.0,0.0,0.0,0.0,0.0,0.0,0.0,0.0,0.0,0.0,0.0,0.0,0.0,0.0,0.0,0.0,0.0,0.0,0.0,0.0,0.0,0.0,0.0,0.0,0.0,0.0,0.0,0.0,0.0,0.0,0.0,0.0,0.0,0.0,0.0,0.0,0.0,0.0,0.0,0.0,0.0,0.0,0.0,0.0,0.0,0.0,0.0,0.0,0.0,0.0,0.0,0.0,0.0,0.0,0.0,0.0,0.0,0.0,0.0,0.0,0.0,0.0,0.0,0.0,0.0,0.0,0.0,0.0,0.0,0.0,0.0,0.0,0.0,0.0,0.0,0.0,0.0,0.0,0.0,0.0,0.0,0.0,0.0,0.0,0.0,0.0,0.0,0.0,0.0,0.0,0.0,0.0,0.0,0.0,0.0,0.0,0.0,0.0,0.0,0.0,0.0,0.0,0.0,0.0,0.0,0.0] [1311.2619900786005,1321.8202200865917,1332.463464547639,1343.19240799478,1354.0077404728797,1364.9101575830227,1375.9003605272408,1386.9790561536227,1398.1469570017646,1409.4047813486081,1420.7532532546286,1432.193102610412,1443.7250651835902,1455.3498826661717,1467.068302722235,1478.881079036026,1490.78897136042,1502.7927455657994,1514.8931736892998,1527.0910339844697,1539.3871109713293,1551.7821954868166,1564.2770847356642,1576.872582341659,1589.569498399342,1602.368649526097,1615.270858914685,1628.2769563861766,1641.3877784433362,1654.6041683244075,1667.9269760573632,1681.3570585145608,1694.895279467867,1708.5425096441993,1722.2996267815402,1736.1675156853773,1750.1470682856248,1764.2391836939755,1778.4447682617345,1792.7647356381167,1807.2000068289992,1821.7515102561672,1836.4201818170154,1851.2069649447558,1866.112810669078,1881.1386776773347,1896.285532376183,1911.5543489537563,1926.9461094423048,1942.4618037813711,1958.1024298814455,1973.8689936881608,1989.7625092469793,2005.7839987684179,2021.9344926937952,2038.215029761504,2054.626657073813,2071.1704301642176,2087.8474130653335,2104.6586783773164,2121.605307336866,2138.6883898867477,2155.9090247459117,2173.268319480143,2190.767390573309,2208.407363499154,2226.1893727937027,2244.1145621282076,2262.184084382728,2280.399101720259,2298.7607856614945,2317.2703171601615,2335.9288866789793,2354.7376942662327,2373.6979496329395,2392.810872230673,2412.077691329971,2431.4996460994216,2451.0779856853383,2470.813969292122,2490.7088662632277,2510.763956162824,2530.9805288580706,2551.359884602096,2571.9033341176064,2592.612198681206,2613.487810208354,2634.5315113390543,2655.7446555241822,2677.1286071125573,2698.6847414386757,2720.4144449111714,2742.319115101994,2764.4001608362782,2786.6590022829737,2809.097071046162,2831.715810257159,2854.5166746673017,2877.5011307415425,2900.67065675274,2924.0267428767575,2947.570891288285,2971.304616257478,2995.22944424732,3019.346914011829,3043.658576695001,3068.1659959305807,3092.870747942638,3117.7744216469364,3142.87861875312,3168.1849538677375,3193.695054598094,3219.410561656912,3245.333128967883,3271.4644237720117,3297.806126734876,3324.3599320546946,3351.1275475713155,3378.1106948760344,3405.3111094223436,3432.7305406375262,3460.3707520352004,3488.23352132871,3516.320640545493,3544.6339161423107,3573.1751691214417,3601.9462351478164,3630.9489646670518,3660.1852230244945,3689.6568905851636,3719.3658628547196,3749.3140506013438,3779.5033799786634,3809.935792649603,3840.6132459112973,3871.5377128209448,3902.7111823227383,3934.135659375755,3965.8131650829396,3997.7457368210635,4029.9354283717907,4062.3843100537392,4095.0944688556665,4128.068008570669,4161.3070499315045,4194.813730746993,4228.590206039511,4262.638648183577,4296.961247045588,4331.560210124669,4366.437762694626,4401.596147947099,4437.037627135803,4472.764479721992,4508.779003521039,4545.083514850253,4581.680348677821,4618.571858773019,4655.7604178575675,4693.248417758249,4731.038269560753,4769.132403764733,4807.533270440121,4846.243339384716,4885.265100283049,4924.601062866471,4964.253757074609,5004.22573321805,5044.519562142395,5085.137835393579,5126.08316538458,5167.3581855634,5208.965550582488,5250.907936469426,5293.188040799074,5335.808582867062,5378.772303864684,5422.081967055189,5465.740357951513,5509.7502844954415,5554.1145772382,5598.836089522486,5643.917697666003,5689.362301146471,5735.17282278806,5781.352208949439,5827.903429713208,5874.829479076986,5922.133375145914,5969.818160326825,6017.886901523867,6066.342690335802,6115.188643254807,6164.427901866934,6214.06363305417,6264.099029198114,6314.537308385285,6365.381714614103,6416.635518003553,6468.302015003491,6520.384528606639,6572.88640856233,6625.811031591967,6679.16180160615,6732.942149923667,6787.155535492116,6841.805445110439,6896.895393653112,6952.428924296275,7008.409608745552,7064.841047465831,7121.726869912778,7179.070734766296,7236.876330165845,7295.147373947643,7353.887613883764,7413.100827923194,7472.790824434837,7532.961442452409,7593.616551921397,7654.7600539479145,7716.395881049652,7778.527997408752,7841.160399126823,7904.2971144818985,7967.94220418758,8032.099761654146,8096.773913251861,8161.968818576374,8227.688670716232,8293.937696522553,8360.720156880894,8428.04034698531,8495.90259661459,8564.311270410717,8633.270768159597,8702.785525074065,8772.860012079082,8843.498736099358,8914.706240349144,8986.487104624512,9058.845945597834,9131.787417114787,9205.31621049359,9279.437054826807,9354.154717285446,9429.47400342559,9505.399757497484,9581.936862757088,9659.090241780126,9736.864856778713,9815.265709920519,9894.297843650465,9973.966341015032,10054.276325989182,10135.232963805956,10216.841461288606,10299.107067185563,10382.035072507933,10465.630810869876,10549.89965883156,10634.84703624505,10720.478406602804,10806.799277389146,10893.815200434417,10981.531772272076,11069.954634498676,11159.08947413668,11248.94202400021,11339.518063063782,11430.823416834026,11522.863957724268,11615.64560543233,11709.174327321158,11803.456138802712,11898.49710372478,11994.303334761045,12090.880993804161,12188.23629236214,12286.375491957784,12385.304904531427,12485.030892846919,12585.55987090084,12686.898304334996,12789.052710852275,12892.029660635888,12995.8357767719,13100.477735675182,13205.962267518828,13312.296156667053,13419.486242111492,13527.539417911097,13636.462633635434,13746.262894811807,13856.947263375758,13968.522858125163,14080.996855178266,14194.376488435144,14308.66905004285,14423.881890864615] 0.31126199007860056 [Infinity,Infinity,Infinity,Infinity,Infinity,Infinity,Infinity,Infinity,Infinity,Infinity,Infinity,Infinity,Infinity,Infinity,Infinity,Infinity,Infinity,Infinity,Infinity,Infinity,Infinity,Infinity,Infinity,Infinity,Infinity,Infinity,Infinity,Infinity,Infinity,Infinity,Infinity,Infinity,Infinity,Infinity,Infinity,Infinity,Infinity,Infinity,Infinity,Infinity,Infinity,Infinity,Infinity,Infinity,Infinity,Infinity,Infinity,Infinity,Infinity,Infinity,Infinity,Infinity,Infinity,Infinity,Infinity,Infinity,Infinity,Infinity,Infinity,Infinity,Infinity,Infinity,Infinity,Infinity,Infinity,Infinity,Infinity,Infinity,Infinity,Infinity,Infinity,Infinity,Infinity,Infinity,Infinity,Infinity,Infinity,Infinity,Infinity,Infinity,Infinity,Infinity,Infinity,Infinity,Infinity,Infinity,Infinity,Infinity,Infinity,Infinity,Infinity,Infinity,Infinity,Infinity,Infinity,Infinity,Infinity,Infinity,Infinity,Infinity,Infinity,Infinity,Infinity,Infinity,Infinity,Infinity,Infinity,Infinity,Infinity,Infinity,Infinity,Infinity,Infinity,Infinity,Infinity,Infinity,Infinity,Infinity,Infinity,Infinity,Infinity,Infinity,Infinity,Infinity,Infinity,Infinity,Infinity,Infinity,Infinity,Infinity,Infinity,Infinity,Infinity,Infinity,Infinity,Infinity,Infinity,Infinity,Infinity,Infinity,Infinity,Infinity,Infinity,Infinity,Infinity,Infinity,Infinity,Infinity,Infinity,Infinity,Infinity,Infinity,Infinity,Infinity,Infinity,Infinity,Infinity,Infinity,Infinity,Infinity,Infinity,Infinity,Infinity,Infinity,Infinity,Infinity,Infinity,Infinity,Infinity,Infinity,Infinity,Infinity,Infinity,Infinity,Infinity,Infinity,Infinity,Infinity,Infinity,Infinity,Infinity,Infinity,Infinity,Infinity,Infinity,Infinity,Infinity,Infinity,Infinity,Infinity,Infinity,Infinity,Infinity,Infinity,Infinity,Infinity,Infinity,Infinity,Infinity,Infinity,Infinity,Infinity,Infinity,Infinity,Infinity,Infinity,Infinity,Infinity,Infinity,Infinity,Infinity,Infinity,Infinity,Infinity,Infinity,Infinity,Infinity,Infinity,Infinity,Infinity,Infinity,Infinity,Infinity,Infinity,Infinity,Infinity,Infinity,Infinity,Infinity,Infinity,Infinity,Infinity,Infinity,Infinity,Infinity,Infinity,Infinity,Infinity,Infinity,Infinity,Infinity,Infinity,Infinity,Infinity,Infinity,Infinity,Infinity,Infinity,Infinity,Infinity,Infinity,Infinity,Infinity,Infinity,Infinity,Infinity,Infinity,Infinity,Infinity,Infinity,Infinity,Infinity,Infinity,Infinity,Infinity,Infinity,Infinity,Infinity,Infinity,Infinity,Infinity,Infinity,Infinity,Infinity,Infinity,Infinity,Infinity,Infinity,Infinity,Infinity,Infinity,Infinity,Infinity,Infinity,Infinity,Infinity,Infinity,Infinity,Infinity,Infinity,Infinity,Infinity,Infinity,Infinity,Infinity,Infinity,Infinity,Infinity,Infinity,Infinity] [0.0,0.0,0.0,0.0,0.0,0.0,0.0,0.0,0.0,0.0,0.0,0.0,0.0,0.0,0.0,0.0,0.0,0.0,0.0,0.0,0.0,0.0,0.0,0.0,0.0,0.0,0.0,0.0,0.0,0.0,0.0,0.0,0.0,0.0,0.0,0.0,0.0,0.0,0.0,0.0,0.0,0.0,0.0,0.0,0.0,0.0,0.0,0.0,0.0,0.0,0.0,0.0,0.0,0.0,0.0,0.0,0.0,0.0,0.0,0.0,0.0,0.0,0.0,0.0,0.0,0.0,0.0,0.0,0.0,0.0,0.0,0.0,0.0,0.0,0.0,0.0,0.0,0.0,0.0,0.0,0.0,0.0,0.0,0.0,0.0,0.0,0.0,0.0,0.0,0.0,0.0,0.0,0.0,0.0,0.0,0.0,0.0,0.0,0.0,0.0,0.0,0.0,0.0,0.0,0.0,0.0,0.0,0.0,0.0,0.0,0.0,0.0,0.0,0.0,0.0,0.0,0.0,0.0,0.0,0.0,0.0,0.0,0.0,0.0,0.0,0.0,0.0,0.0,0.0,0.0,0.0,0.0,0.0,0.0,0.0,0.0,0.0,0.0,0.0,0.0,0.0,0.0,0.0,0.0,0.0,0.0,0.0,0.0,0.0,0.0,0.0,0.0,0.0,0.0,0.0,0.0,0.0,0.0,0.0,0.0,0.0,0.0,0.0,0.0,0.0,0.0,0.0,0.0,0.0,0.0,0.0,0.0,0.0,0.0,0.0,0.0,0.0,0.0,0.0,0.0,0.0,0.0,0.0,0.0,0.0,0.0,0.0,0.0,0.0,0.0,0.0,0.0,0.0,0.0,0.0,0.0,0.0,0.0,0.0,0.0,0.0,0.0,0.0,0.0,0.0,0.0,0.0,0.0,0.0,0.0,0.0,0.0,0.0,0.0,0.0,0.0,0.0,0.0,0.0,0.0,0.0,0.0,0.0,0.0,0.0,0.0,0.0,0.0,0.0,0.0,0.0,0.0,0.0,0.0,0.0,0.0,0.0,0.0,0.0,0.0,0.0,0.0,0.0,0.0,0.0,0.0,0.0,0.0,0.0,0.0,0.0,0.0,0.0,0.0,0.0,0.0,0.0,0.0,0.0,0.0,0.0,0.0,0.0,0.0,0.0,0.0,0.0,0.0,0.0,0.0,0.0,0.0,0.0,0.0,0.0,0.0,0.0,0.0,0.0,0.0,0.0,0.0,0.0,0.0,0.0,0.0,0.0,0.0,0.0,0.0,0.0,0.0,0.0,0.0,0.0,0.0,0.0,0.0,0.0,0.0]
56382.349192968926 [0.0,0.0,0.0,0.0,0.0,0.0,0.0,0.0,0.0,0.0,0.0,0.0,0.0,0.0,0.0,0.0,0.0,0.0,0.0,0.0,0.0,0.0,0.0,0.0,0.0,0.0,0.0,0.0,0.0,0.0,0.0,0.0,0.0,0.0,0.0,0.0,0.0,0.0,0.0,0.0,0.0,0.0,0.0,0.0,0.0,0.0,0.0,0.0,0.0,0.0,0.0,0.0,0.0,0.0,0.0,0.0,0.0,0.0,0.0,0.0,0.0,0.0,0.0,0.0,0.0,0.0,0.0,0.0,0.0,0.0,0.0,0.0,0.0,0.0,0.0,0.0,0.0,0.0,0.0,0.0,0.0,0.0,0.0,0.0,0.0,0.0,0.0,0.0,0.0,0.0,0.0,0.0,0.0,0.0,0.0,0.0,0.0,0.0,0.0,0.0,0.0,0.0,0.0,0.0,0.0,0.0,0.0,0.0,0.0,0.0,0.0,0.0,0.0,0.0,0.0,0.0,0.0,0.0,0.0,0.0,0.0,0.0,0.0,0.0,0.0,0.0,0.0,0.0,0.0,0.0,0.0,0.0,0.0,0.0,0.0,0.0,0.0,0.0,0.0,0.0,0.0,0.0,0.0,0.0,0.0,0.0,0.0,0.0,0.0,0.0,0.0,0.0,0.0,0.0,0.0,0.0,0.0,0.0,0.0,0.0,0.0,0.0,0.0,0.0,0.0,0.0,0.0,0.0,0.0,0.0,0.0,0.0,0.0,0.0,0.0,0.0,0.0,0.0,0.0,0.0,0.0,0.0,0.0,0.0,0.0,0.0,0.0,0.0,0.0,0.0,0.0,0.0,0.0,0.0,0.0,0.0,0.0,0.0,0.0,0.0,0.0,0.0,0.0,0.0,0.0,0.0,0.0,0.0,0.0,0.0,0.0,0.0,0.0,0.0,0.0,0.0,0.0,0.0,0.0,0.0,0.0,0.0,0.0,0.0,0.0,0.0,0.0,0.0,0.0,0.0,0.0,0.0,0.0,0.0,0.0,0.0,0.0,0.0,0.0,0.0,0.0,0.0,0.0,0.0,0.0,0.0,0.0,0.0,0.0,0.0,0.0,0.0,0.0,0.0,0.0,0.0,0.0,0.0,0.0,0.0,0.0,0.0,0.0,0.0,0.0,0.0,0.0,0.0,0.0,0.0,0.0,0.0,0.0,0.0,0.0,0.0,0.0,0.0,0.0,0.0,0.0,0.0,0.0,0.0,0.0,0.0,0.0,0.0,0.0,0.0,0.0,0.0,0.0,0.0,0.0,0.0,0.0,0.0,0.0,0.0] [1311.2619900786005,1321.8202200865917,1332.463464547639,1343.19240799478,1354.0077404728797,1364.9101575830227,1375.9003605272408,1386.9790561536227,1398.1469570017646,1409.4047813486081,1420.7532532546286,1432.193102610412,1443.7250651835902,1455.3498826661717,1467.068302722235,1478.881079036026,1490.78897136042,1502.7927455657994,1514.8931736892998,1527.0910339844697,1539.3871109713293,1551.7821954868166,1564.2770847356642,1576.872582341659,1589.569498399342,1602.368649526097,1615.270858914685,1628.2769563861766,1641.3877784433362,1654.6041683244075,1667.9269760573632,1681.3570585145608,1694.895279467867,1708.5425096441993,1722.2996267815402,1736.1675156853773,1750.1470682856248,1764.2391836939755,1778.4447682617345,1792.7647356381167,1807.2000068289992,1821.7515102561672,1836.4201818170154,1851.2069649447558,1866.112810669078,1881.1386776773347,1896.285532376183,1911.5543489537563,1926.9461094423048,1942.4618037813711,1958.1024298814455,1973.8689936881608,1989.7625092469793,2005.7839987684179,2021.9344926937952,2038.215029761504,2054.626657073813,2071.1704301642176,2087.8474130653335,2104.6586783773164,2121.605307336866,2138.6883898867477,2155.9090247459117,2173.268319480143,2190.767390573309,2208.407363499154,2226.1893727937027,2244.1145621282076,2262.184084382728,2280.399101720259,2298.7607856614945,2317.2703171601615,2335.9288866789793,2354.7376942662327,2373.6979496329395,2392.810872230673,2412.077691329971,2431.4996460994216,2451.0779856853383,2470.813969292122,2490.7088662632277,2510.763956162824,2530.9805288580706,2551.359884602096,2571.9033341176064,2592.612198681206,2613.487810208354,2634.5315113390543,2655.7446555241822,2677.1286071125573,2698.6847414386757,2720.4144449111714,2742.319115101994,2764.4001608362782,2786.6590022829737,2809.097071046162,2831.715810257159,2854.5166746673017,2877.5011307415425,2900.67065675274,2924.0267428767575,2947.570891288285,2971.304616257478,2995.22944424732,3019.346914011829,3043.658576695001,3068.1659959305807,3092.870747942638,3117.7744216469364,3142.87861875312,3168.1849538677375,3193.695054598094,3219.410561656912,3245.333128967883,3271.4644237720117,3297.806126734876,3324.3599320546946,3351.1275475713155,3378.1106948760344,3405.3111094223436,3432.7305406375262,3460.3707520352004,3488.23352132871,3516.320640545493,3544.6339161423107,3573.1751691214417,3601.9462351478164,3630.9489646670518,3660.1852230244945,3689.6568905851636,3719.3658628547196,3749.3140506013438,3779.5033799786634,3809.935792649603,3840.6132459112973,3871.5377128209448,3902.7111823227383,3934.135659375755,3965.8131650829396,3997.7457368210635,4029.9354283717907,4062.3843100537392,4095.0944688556665,4128.068008570669,4161.3070499315045,4194.813730746993,4228.590206039511,4262.638648183577,4296.961247045588,4331.560210124669,4366.437762694626,4401.596147947099,4437.037627135803,4472.764479721992,4508.779003521039,4545.083514850253,4581.680348677821,4618.571858773019,4655.7604178575675,4693.248417758249,4731.038269560753,4769.132403764733,4807.533270440121,4846.243339384716,4885.265100283049,4924.601062866471,4964.253757074609,5004.22573321805,5044.519562142395,5085.137835393579,5126.08316538458,5167.3581855634,5208.965550582488,5250.907936469426,5293.188040799074,5335.808582867062,5378.772303864684,5422.081967055189,5465.740357951513,5509.7502844954415,5554.1145772382,5598.836089522486,5643.917697666003,5689.362301146471,5735.17282278806,5781.352208949439,5827.903429713208,5874.829479076986,5922.133375145914,5969.818160326825,6017.886901523867,6066.342690335802,6115.188643254807,6164.427901866934,6214.06363305417,6264.099029198114,6314.537308385285,6365.381714614103,6416.635518003553,6468.302015003491,6520.384528606639,6572.88640856233,6625.811031591967,6679.16180160615,6732.942149923667,6787.155535492116,6841.805445110439,6896.895393653112,6952.428924296275,7008.409608745552,7064.841047465831,7121.726869912778,7179.070734766296,7236.876330165845,7295.147373947643,7353.887613883764,7413.100827923194,7472.790824434837,7532.961442452409,7593.616551921397,7654.7600539479145,7716.395881049652,7778.527997408752,7841.160399126823,7904.2971144818985,7967.94220418758,8032.099761654146,8096.773913251861,8161.968818576374,8227.688670716232,8293.937696522553,8360.720156880894,8428.04034698531,8495.90259661459,8564.311270410717,8633.270768159597,8702.785525074065,8772.860012079082,8843.498736099358,8914.706240349144,8986.487104624512,9058.845945597834,9131.787417114787,9205.31621049359,9279.437054826807,9354.154717285446,9429.47400342559,9505.399757497484,9581.936862757088,9659.090241780126,9736.864856778713,9815.265709920519,9894.297843650465,9973.966341015032,10054.276325989182,10135.232963805956,10216.841461288606,10299.107067185563,10382.035072507933,10465.630810869876,10549.89965883156,10634.84703624505,10720.478406602804,10806.799277389146,10893.815200434417,10981.531772272076,11069.954634498676,11159.08947413668,11248.94202400021,11339.518063063782,11430.823416834026,11522.863957724268,11615.64560543233,11709.174327321158,11803.456138802712,11898.49710372478,11994.303334761045,12090.880993804161,12188.23629236214,12286.375491957784,12385.304904531427,12485.030892846919,12585.55987090084,12686.898304334996,12789.052710852275,12892.029660635888,12995.8357767719,13100.477735675182,13205.962267518828,13312.296156667053,13419.486242111492,13527.539417911097,13636.462633635434,13746.262894811807,13856.947263375758,13968.522858125163,14080.996855178266,14194.376488435144,14308.66905004285,14423.881890864615] 0.31126199007860056 [Infinity,Infinity,Infinity,Infinity,Infinity,Infinity,Infinity,Infinity,Infinity,Infinity,Infinity,Infinity,Infinity,Infinity,Infinity,Infinity,Infinity,Infinity,Infinity,Infinity,Infinity,Infinity,Infinity,Infinity,Infinity,Infinity,Infinity,Infinity,Infinity,Infinity,Infinity,Infinity,Infinity,Infinity,Infinity,Infinity,Infinity,Infinity,Infinity,Infinity,Infinity,Infinity,Infinity,Infinity,Infinity,Infinity,Infinity,Infinity,Infinity,Infinity,Infinity,Infinity,Infinity,Infinity,Infinity,Infinity,Infinity,Infinity,Infinity,Infinity,Infinity,Infinity,Infinity,Infinity,Infinity,Infinity,Infinity,Infinity,Infinity,Infinity,Infinity,Infinity,Infinity,Infinity,Infinity,Infinity,Infinity,Infinity,Infinity,Infinity,Infinity,Infinity,Infinity,Infinity,Infinity,Infinity,Infinity,Infinity,Infinity,Infinity,Infinity,Infinity,Infinity,Infinity,Infinity,Infinity,Infinity,Infinity,Infinity,Infinity,Infinity,Infinity,Infinity,Infinity,Infinity,Infinity,Infinity,Infinity,Infinity,Infinity,Infinity,Infinity,Infinity,Infinity,Infinity,Infinity,Infinity,Infinity,Infinity,Infinity,Infinity,Infinity,Infinity,Infinity,Infinity,Infinity,Infinity,Infinity,Infinity,Infinity,Infinity,Infinity,Infinity,Infinity,Infinity,Infinity,Infinity,Infinity,Infinity,Infinity,Infinity,Infinity,Infinity,Infinity,Infinity,Infinity,Infinity,Infinity,Infinity,Infinity,Infinity,Infinity,Infinity,Infinity,Infinity,Infinity,Infinity,Infinity,Infinity,Infinity,Infinity,Infinity,Infinity,Infinity,Infinity,Infinity,Infinity,Infinity,Infinity,Infinity,Infinity,Infinity,Infinity,Infinity,Infinity,Infinity,Infinity,Infinity,Infinity,Infinity,Infinity,Infinity,Infinity,Infinity,Infinity,Infinity,Infinity,Infinity,Infinity,Infinity,Infinity,Infinity,Infinity,Infinity,Infinity,Infinity,Infinity,Infinity,Infinity,Infinity,Infinity,Infinity,Infinity,Infinity,Infinity,Infinity,Infinity,Infinity,Infinity,Infinity,Infinity,Infinity,Infinity,Infinity,Infinity,Infinity,Infinity,Infinity,Infinity,Infinity,Infinity,Infinity,Infinity,Infinity,Infinity,Infinity,Infinity,Infinity,Infinity,Infinity,Infinity,Infinity,Infinity,Infinity,Infinity,Infinity,Infinity,Infinity,Infinity,Infinity,Infinity,Infinity,Infinity,Infinity,Infinity,Infinity,Infinity,Infinity,Infinity,Infinity,Infinity,Infinity,Infinity,Infinity,Infinity,Infinity,Infinity,Infinity,Infinity,Infinity,Infinity,Infinity,Infinity,Infinity,Infinity,Infinity,Infinity,Infinity,Infinity,Infinity,Infinity,Infinity,Infinity,Infinity,Infinity,Infinity,Infinity,Infinity,Infinity,Infinity,Infinity,Infinity,Infinity,Infinity,Infinity,Infinity,Infinity,Infinity,Infinity,Infinity,Infinity,Infinity,Infinity,Infinity,Infinity,Infinity,Infinity,Infinity,Infinity,Infinity] [0.0,0.0,0.0,0.0,0.0,0.0,0.0,0.0,0.0,0.0,0.0,0.0,0.0,0.0,0.0,0.0,0.0,0.0,0.0,0.0,0.0,0.0,0.0,0.0,0.0,0.0,0.0,0.0,0.0,0.0,0.0,0.0,0.0,0.0,0.0,0.0,0.0,0.0,0.0,0.0,0.0,0.0,0.0,0.0,0.0,0.0,0.0,0.0,0.0,0.0,0.0,0.0,0.0,0.0,0.0,0.0,0.0,0.0,0.0,0.0,0.0,0.0,0.0,0.0,0.0,0.0,0.0,0.0,0.0,0.0,0.0,0.0,0.0,0.0,0.0,0.0,0.0,0.0,0.0,0.0,0.0,0.0,0.0,0.0,0.0,0.0,0.0,0.0,0.0,0.0,0.0,0.0,0.0,0.0,0.0,0.0,0.0,0.0,0.0,0.0,0.0,0.0,0.0,0.0,0.0,0.0,0.0,0.0,0.0,0.0,0.0,0.0,0.0,0.0,0.0,0.0,0.0,0.0,0.0,0.0,0.0,0.0,0.0,0.0,0.0,0.0,0.0,0.0,0.0,0.0,0.0,0.0,0.0,0.0,0.0,0.0,0.0,0.0,0.0,0.0,0.0,0.0,0.0,0.0,0.0,0.0,0.0,0.0,0.0,0.0,0.0,0.0,0.0,0.0,0.0,0.0,0.0,0.0,0.0,0.0,0.0,0.0,0.0,0.0,0.0,0.0,0.0,0.0,0.0,0.0,0.0,0.0,0.0,0.0,0.0,0.0,0.0,0.0,0.0,0.0,0.0,0.0,0.0,0.0,0.0,0.0,0.0,0.0,0.0,0.0,0.0,0.0,0.0,0.0,0.0,0.0,0.0,0.0,0.0,0.0,0.0,0.0,0.0,0.0,0.0,0.0,0.0,0.0,0.0,0.0,0.0,0.0,0.0,0.0,0.0,0.0,0.0,0.0,0.0,0.0,0.0,0.0,0.0,0.0,0.0,0.0,0.0,0.0,0.0,0.0,0.0,0.0,0.0,0.0,0.0,0.0,0.0,0.0,0.0,0.0,0.0,0.0,0.0,0.0,0.0,0.0,0.0,0.0,0.0,0.0,0.0,0.0,0.0,0.0,0.0,0.0,0.0,0.0,0.0,0.0,0.0,0.0,0.0,0.0,0.0,0.0,0.0,0.0,0.0,0.0,0.0,0.0,0.0,0.0,0.0,0.0,0.0,0.0,0.0,0.0,0.0,0.0,0.0,0.0,0.0,0.0,0.0,0.0,0.0,0.0,0.0,0.0,0.0,0.0,0.0,0.0,0.0,0.0,0.0,0.0]
56408.9929549079 [0.0,0.0,0.0,0.0,0.0,0.0,0.0,0.0,0.0,0.0,0.0,0.0,0.0,0.0,0.0,0.0,0.0,0.0,0.0,0.0,0.0,0.0,0.0,0.0,0.0,0.0,0.0,0.0,0.0,0.0,0.0,0.0,0.0,0.0,0.0,0.0,0.0,0.0,0.0,0.0,0.0,0.0,0.0,0.0,0.0,0.0,0.0,0.0,0.0,0.0,0.0,0.0,0.0,0.0,0.0,0.0,0.0,0.0,0.0,0.0,0.0,0.0,0.0,0.0,0.0,0.0,0.0,0.0,0.0,0.0,0.0,0.0,0.0,0.0,0.0,0.0,0.0,0.0,0.0,0.0,0.0,0.0,0.0,0.0,0.0,0.0,0.0,0.0,0.0,0.0,0.0,0.0,0.0,0.0,0.0,0.0,0.0,0.0,0.0,0.0,0.0,0.0,0.0,0.0,0.0,0.0,0.0,0.0,0.0,0.0,0.0,0.0,0.0,0.0,0.0,0.0,0.0,0.0,0.0,0.0,0.0,0.0,0.0,0.0,0.0,0.0,0.0,0.0,0.0,0.0,0.0,0.0,0.0,0.0,0.0,0.0,0.0,0.0,0.0,0.0,0.0,0.0,0.0,0.0,0.0,0.0,0.0,0.0,0.0,0.0,0.0,0.0,0.0,0.0,0.0,0.0,0.0,0.0,0.0,0.0,0.0,0.0,0.0,0.0,0.0,0.0,0.0,0.0,0.0,0.0,0.0,0.0,0.0,0.0,0.0,0.0,0.0,0.0,0.0,0.0,0.0,0.0,0.0,0.0,0.0,0.0,0.0,0.0,0.0,0.0,0.0,0.0,0.0,0.0,0.0,0.0,0.0,0.0,0.0,0.0,0.0,0.0,0.0,0.0,0.0,0.0,0.0,0.0,0.0,0.0,0.0,0.0,0.0,0.0,0.0,0.0,0.0,0.0,0.0,0.0,0.0,0.0,0.0,0.0,0.0,0.0,0.0,0.0,0.0,0.0,0.0,0.0,0.0,0.0,0.0,0.0,0.0,0.0,0.0,0.0,0.0,0.0,0.0,0.0,0.0,0.0,0.0,0.0,0.0,0.0,0.0,0.0,0.0,0.0,0.0,0.0,0.0,0.0,0.0,0.0,0.0,0.0,0.0,0.0,0.0,0.0,0.0,0.0,0.0,0.0,0.0,0.0,0.0,0.0,0.0,0.0,0.0,0.0,0.0,0.0,0.0,0.0,0.0,0.0,0.0,0.0,0.0,0.0,0.0,0.0,0.0,0.0,0.0,0.0,0.0,0.0,0.0,0.0,0.0,0.0] [1311.2619900786005,1321.8202200865917,1332.463464547639,1343.19240799478,1354.0077404728797,1364.9101575830227,1375.9003605272408,1386.9790561536227,1398.1469570017646,1409.4047813486081,1420.7532532546286,1432.193102610412,1443.7250651835902,1455.3498826661717,1467.068302722235,1478.881079036026,1490.78897136042,1502.7927455657994,1514.8931736892998,1527.0910339844697,1539.3871109713293,1551.7821954868166,1564.2770847356642,1576.872582341659,1589.569498399342,1602.368649526097,1615.270858914685,1628.2769563861766,1641.3877784433362,1654.6041683244075,1667.9269760573632,1681.3570585145608,1694.895279467867,1708.5425096441993,1722.2996267815402,1736.1675156853773,1750.1470682856248,1764.2391836939755,1778.4447682617345,1792.7647356381167,1807.2000068289992,1821.7515102561672,1836.4201818170154,1851.2069649447558,1866.112810669078,1881.1386776773347,1896.285532376183,1911.5543489537563,1926.9461094423048,1942.4618037813711,1958.1024298814455,1973.8689936881608,1989.7625092469793,2005.7839987684179,2021.9344926937952,2038.215029761504,2054.626657073813,2071.1704301642176,2087.8474130653335,2104.6586783773164,2121.605307336866,2138.6883898867477,2155.9090247459117,2173.268319480143,2190.767390573309,2208.407363499154,2226.1893727937027,2244.1145621282076,2262.184084382728,2280.399101720259,2298.7607856614945,2317.2703171601615,2335.9288866789793,2354.7376942662327,2373.6979496329395,2392.810872230673,2412.077691329971,2431.4996460994216,2451.0779856853383,2470.813969292122,2490.7088662632277,2510.763956162824,2530.9805288580706,2551.359884602096,2571.9033341176064,2592.612198681206,2613.487810208354,2634.5315113390543,2655.7446555241822,2677.1286071125573,2698.6847414386757,2720.4144449111714,2742.319115101994,2764.4001608362782,2786.6590022829737,2809.097071046162,2831.715810257159,2854.5166746673017,2877.5011307415425,2900.67065675274,2924.0267428767575,2947.570891288285,2971.304616257478,2995.22944424732,3019.346914011829,3043.658576695001,3068.1659959305807,3092.870747942638,3117.7744216469364,3142.87861875312,3168.1849538677375,3193.695054598094,3219.410561656912,3245.333128967883,3271.4644237720117,3297.806126734876,3324.3599320546946,3351.1275475713155,3378.1106948760344,3405.3111094223436,3432.7305406375262,3460.3707520352004,3488.23352132871,3516.320640545493,3544.6339161423107,3573.1751691214417,3601.9462351478164,3630.9489646670518,3660.1852230244945,3689.6568905851636,3719.3658628547196,3749.3140506013438,3779.5033799786634,3809.935792649603,3840.6132459112973,3871.5377128209448,3902.7111823227383,3934.135659375755,3965.8131650829396,3997.7457368210635,4029.9354283717907,4062.3843100537392,4095.0944688556665,4128.068008570669,4161.3070499315045,4194.813730746993,4228.590206039511,4262.638648183577,4296.961247045588,4331.560210124669,4366.437762694626,4401.596147947099,4437.037627135803,4472.764479721992,4508.779003521039,4545.083514850253,4581.680348677821,4618.571858773019,4655.7604178575675,4693.248417758249,4731.038269560753,4769.132403764733,4807.533270440121,4846.243339384716,4885.265100283049,4924.601062866471,4964.253757074609,5004.22573321805,5044.519562142395,5085.137835393579,5126.08316538458,5167.3581855634,5208.965550582488,5250.907936469426,5293.188040799074,5335.808582867062,5378.772303864684,5422.081967055189,5465.740357951513,5509.7502844954415,5554.1145772382,5598.836089522486,5643.917697666003,5689.362301146471,5735.17282278806,5781.352208949439,5827.903429713208,5874.829479076986,5922.133375145914,5969.818160326825,6017.886901523867,6066.342690335802,6115.188643254807,6164.427901866934,6214.06363305417,6264.099029198114,6314.537308385285,6365.381714614103,6416.635518003553,6468.302015003491,6520.384528606639,6572.88640856233,6625.811031591967,6679.16180160615,6732.942149923667,6787.155535492116,6841.805445110439,6896.895393653112,6952.428924296275,7008.409608745552,7064.841047465831,7121.726869912778,7179.070734766296,7236.876330165845,7295.147373947643,7353.887613883764,7413.100827923194,7472.790824434837,7532.961442452409,7593.616551921397,7654.7600539479145,7716.395881049652,7778.527997408752,7841.160399126823,7904.2971144818985,7967.94220418758,8032.099761654146,8096.773913251861,8161.968818576374,8227.688670716232,8293.937696522553,8360.720156880894,8428.04034698531,8495.90259661459,8564.311270410717,8633.270768159597,8702.785525074065,8772.860012079082,8843.498736099358,8914.706240349144,8986.487104624512,9058.845945597834,9131.787417114787,9205.31621049359,9279.437054826807,9354.154717285446,9429.47400342559,9505.399757497484,9581.936862757088,9659.090241780126,9736.864856778713,9815.265709920519,9894.297843650465,9973.966341015032,10054.276325989182,10135.232963805956,10216.841461288606,10299.107067185563,10382.035072507933,10465.630810869876,10549.89965883156,10634.84703624505,10720.478406602804,10806.799277389146,10893.815200434417,10981.531772272076,11069.954634498676,11159.08947413668,11248.94202400021,11339.518063063782,11430.823416834026,11522.863957724268,11615.64560543233,11709.174327321158,11803.456138802712,11898.49710372478,11994.303334761045,12090.880993804161,12188.23629236214,12286.375491957784,12385.304904531427,12485.030892846919,12585.55987090084,12686.898304334996,12789.052710852275,12892.029660635888,12995.8357767719,13100.477735675182,13205.962267518828,13312.296156667053,13419.486242111492,13527.539417911097,13636.462633635434,13746.262894811807,13856.947263375758,13968.522858125163,14080.996855178266,14194.376488435144,14308.66905004285,14423.881890864615] 0.31126199007860056 [Infinity,Infinity,Infinity,Infinity,Infinity,Infinity,Infinity,Infinity,Infinity,Infinity,Infinity,Infinity,Infinity,Infinity,Infinity,Infinity,Infinity,Infinity,Infinity,Infinity,Infinity,Infinity,Infinity,Infinity,Infinity,Infinity,Infinity,Infinity,Infinity,Infinity,Infinity,Infinity,Infinity,Infinity,Infinity,Infinity,Infinity,Infinity,Infinity,Infinity,Infinity,Infinity,Infinity,Infinity,Infinity,Infinity,Infinity,Infinity,Infinity,Infinity,Infinity,Infinity,Infinity,Infinity,Infinity,Infinity,Infinity,Infinity,Infinity,Infinity,Infinity,Infinity,Infinity,Infinity,Infinity,Infinity,Infinity,Infinity,Infinity,Infinity,Infinity,Infinity,Infinity,Infinity,Infinity,Infinity,Infinity,Infinity,Infinity,Infinity,Infinity,Infinity,Infinity,Infinity,Infinity,Infinity,Infinity,Infinity,Infinity,Infinity,Infinity,Infinity,Infinity,Infinity,Infinity,Infinity,Infinity,Infinity,Infinity,Infinity,Infinity,Infinity,Infinity,Infinity,Infinity,Infinity,Infinity,Infinity,Infinity,Infinity,Infinity,Infinity,Infinity,Infinity,Infinity,Infinity,Infinity,Infinity,Infinity,Infinity,Infinity,Infinity,Infinity,Infinity,Infinity,Infinity,Infinity,Infinity,Infinity,Infinity,Infinity,Infinity,Infinity,Infinity,Infinity,Infinity,Infinity,Infinity,Infinity,Infinity,Infinity,Infinity,Infinity,Infinity,Infinity,Infinity,Infinity,Infinity,Infinity,Infinity,Infinity,Infinity,Infinity,Infinity,Infinity,Infinity,Infinity,Infinity,Infinity,Infinity,Infinity,Infinity,Infinity,Infinity,Infinity,Infinity,Infinity,Infinity,Infinity,Infinity,Infinity,Infinity,Infinity,Infinity,Infinity,Infinity,Infinity,Infinity,Infinity,Infinity,Infinity,Infinity,Infinity,Infinity,Infinity,Infinity,Infinity,Infinity,Infinity,Infinity,Infinity,Infinity,Infinity,Infinity,Infinity,Infinity,Infinity,Infinity,Infinity,Infinity,Infinity,Infinity,Infinity,Infinity,Infinity,Infinity,Infinity,Infinity,Infinity,Infinity,Infinity,Infinity,Infinity,Infinity,Infinity,Infinity,Infinity,Infinity,Infinity,Infinity,Infinity,Infinity,Infinity,Infinity,Infinity,Infinity,Infinity,Infinity,Infinity,Infinity,Infinity,Infinity,Infinity,Infinity,Infinity,Infinity,Infinity,Infinity,Infinity,Infinity,Infinity,Infinity,Infinity,Infinity,Infinity,Infinity,Infinity,Infinity,Infinity,Infinity,Infinity,Infinity,Infinity,Infinity,Infinity,Infinity,Infinity,Infinity,Infinity,Infinity,Infinity,Infinity,Infinity,Infinity,Infinity,Infinity,Infinity,Infinity,Infinity,Infinity,Infinity,Infinity,Infinity,Infinity,Infinity,Infinity,Infinity,Infinity,Infinity,Infinity,Infinity,Infinity,Infinity,Infinity,Infinity,Infinity,Infinity,Infinity,Infinity,Infinity,Infinity,Infinity,Infinity,Infinity,Infinity,Infinity,Infinity,Infinity,Infinity,Infinity] [0.0,0.0,0.0,0.0,0.0,0.0,0.0,0.0,0.0,0.0,0.0,0.0,0.0,0.0,0.0,0.0,0.0,0.0,0.0,0.0,0.0,0.0,0.0,0.0,0.0,0.0,0.0,0.0,0.0,0.0,0.0,0.0,0.0,0.0,0.0,0.0,0.0,0.0,0.0,0.0,0.0,0.0,0.0,0.0,0.0,0.0,0.0,0.0,0.0,0.0,0.0,0.0,0.0,0.0,0.0,0.0,0.0,0.0,0.0,0.0,0.0,0.0,0.0,0.0,0.0,0.0,0.0,0.0,0.0,0.0,0.0,0.0,0.0,0.0,0.0,0.0,0.0,0.0,0.0,0.0,0.0,0.0,0.0,0.0,0.0,0.0,0.0,0.0,0.0,0.0,0.0,0.0,0.0,0.0,0.0,0.0,0.0,0.0,0.0,0.0,0.0,0.0,0.0,0.0,0.0,0.0,0.0,0.0,0.0,0.0,0.0,0.0,0.0,0.0,0.0,0.0,0.0,0.0,0.0,0.0,0.0,0.0,0.0,0.0,0.0,0.0,0.0,0.0,0.0,0.0,0.0,0.0,0.0,0.0,0.0,0.0,0.0,0.0,0.0,0.0,0.0,0.0,0.0,0.0,0.0,0.0,0.0,0.0,0.0,0.0,0.0,0.0,0.0,0.0,0.0,0.0,0.0,0.0,0.0,0.0,0.0,0.0,0.0,0.0,0.0,0.0,0.0,0.0,0.0,0.0,0.0,0.0,0.0,0.0,0.0,0.0,0.0,0.0,0.0,0.0,0.0,0.0,0.0,0.0,0.0,0.0,0.0,0.0,0.0,0.0,0.0,0.0,0.0,0.0,0.0,0.0,0.0,0.0,0.0,0.0,0.0,0.0,0.0,0.0,0.0,0.0,0.0,0.0,0.0,0.0,0.0,0.0,0.0,0.0,0.0,0.0,0.0,0.0,0.0,0.0,0.0,0.0,0.0,0.0,0.0,0.0,0.0,0.0,0.0,0.0,0.0,0.0,0.0,0.0,0.0,0.0,0.0,0.0,0.0,0.0,0.0,0.0,0.0,0.0,0.0,0.0,0.0,0.0,0.0,0.0,0.0,0.0,0.0,0.0,0.0,0.0,0.0,0.0,0.0,0.0,0.0,0.0,0.0,0.0,0.0,0.0,0.0,0.0,0.0,0.0,0.0,0.0,0.0,0.0,0.0,0.0,0.0,0.0,0.0,0.0,0.0,0.0,0.0,0.0,0.0,0.0,0.0,0.0,0.0,0.0,0.0,0.0,0.0,0.0,0.0,0.0,0.0,0.0,0.0,0.0]
56192.37699342566 [0.0,0.0,0.0,0.0,0.0,0.0,0.0,0.0,0.0,0.0,0.0,0.0,0.0,0.0,0.0,0.0,0.0,0.0,0.0,0.0,0.0,0.0,0.0,0.0,0.0,0.0,0.0,0.0,0.0,0.0,0.0,0.0,0.0,0.0,0.0,0.0,0.0,0.0,0.0,0.0,0.0,0.0,0.0,0.0,0.0,0.0,0.0,0.0,0.0,0.0,0.0,0.0,0.0,0.0,0.0,0.0,0.0,0.0,0.0,0.0,0.0,0.0,0.0,0.0,0.0,0.0,0.0,0.0,0.0,0.0,0.0,0.0,0.0,0.0,0.0,0.0,0.0,0.0,0.0,0.0,0.0,0.0,0.0,0.0,0.0,0.0,0.0,0.0,0.0,0.0,0.0,0.0,0.0,0.0,0.0,0.0,0.0,0.0,0.0,0.0,0.0,0.0,0.0,0.0,0.0,0.0,0.0,0.0,0.0,0.0,0.0,0.0,0.0,0.0,0.0,0.0,0.0,0.0,0.0,0.0,0.0,0.0,0.0,0.0,0.0,0.0,0.0,0.0,0.0,0.0,0.0,0.0,0.0,0.0,0.0,0.0,0.0,0.0,0.0,0.0,0.0,0.0,0.0,0.0,0.0,0.0,0.0,0.0,0.0,0.0,0.0,0.0,0.0,0.0,0.0,0.0,0.0,0.0,0.0,0.0,0.0,0.0,0.0,0.0,0.0,0.0,0.0,0.0,0.0,0.0,0.0,0.0,0.0,0.0,0.0,0.0,0.0,0.0,0.0,0.0,0.0,0.0,0.0,0.0,0.0,0.0,0.0,0.0,0.0,0.0,0.0,0.0,0.0,0.0,0.0,0.0,0.0,0.0,0.0,0.0,0.0,0.0,0.0,0.0,0.0,0.0,0.0,0.0,0.0,0.0,0.0,0.0,0.0,0.0,0.0,0.0,0.0,0.0,0.0,0.0,0.0,0.0,0.0,0.0,0.0,0.0,0.0,0.0,0.0,0.0,0.0,0.0,0.0,0.0,0.0,0.0,0.0,0.0,0.0,0.0,0.0,0.0,0.0,0.0,0.0,0.0,0.0,0.0,0.0,0.0,0.0,0.0,0.0,0.0,0.0,0.0,0.0,0.0,0.0,0.0,0.0,0.0,0.0,0.0,0.0,0.0,0.0,0.0,0.0,0.0,0.0,0.0,0.0,0.0,0.0,0.0,0.0,0.0,0.0,0.0,0.0,0.0,0.0,0.0,0.0,0.0,0.0,0.0,0.0,0.0,0.0,0.0,0.0,0.0,0.0,0.0,0.0,0.0,0.0,0.0] [1311.2619900786005,1321.8202200865917,1332.463464547639,1343.19240799478,1354.0077404728797,1364.9101575830227,1375.9003605272408,1386.9790561536227,1398.1469570017646,1409.4047813486081,1420.7532532546286,1432.193102610412,1443.7250651835902,1455.3498826661717,1467.068302722235,1478.881079036026,1490.78897136042,1502.7927455657994,1514.8931736892998,1527.0910339844697,1539.3871109713293,1551.7821954868166,1564.2770847356642,1576.872582341659,1589.569498399342,1602.368649526097,1615.270858914685,1628.2769563861766,1641.3877784433362,1654.6041683244075,1667.9269760573632,1681.3570585145608,1694.895279467867,1708.5425096441993,1722.2996267815402,1736.1675156853773,1750.1470682856248,1764.2391836939755,1778.4447682617345,1792.7647356381167,1807.2000068289992,1821.7515102561672,1836.4201818170154,1851.2069649447558,1866.112810669078,1881.1386776773347,1896.285532376183,1911.5543489537563,1926.9461094423048,1942.4618037813711,1958.1024298814455,1973.8689936881608,1989.7625092469793,2005.7839987684179,2021.9344926937952,2038.215029761504,2054.626657073813,2071.1704301642176,2087.8474130653335,2104.6586783773164,2121.605307336866,2138.6883898867477,2155.9090247459117,2173.268319480143,2190.767390573309,2208.407363499154,2226.1893727937027,2244.1145621282076,2262.184084382728,2280.399101720259,2298.7607856614945,2317.2703171601615,2335.9288866789793,2354.7376942662327,2373.6979496329395,2392.810872230673,2412.077691329971,2431.4996460994216,2451.0779856853383,2470.813969292122,2490.7088662632277,2510.763956162824,2530.9805288580706,2551.359884602096,2571.9033341176064,2592.612198681206,2613.487810208354,2634.5315113390543,2655.7446555241822,2677.1286071125573,2698.6847414386757,2720.4144449111714,2742.319115101994,2764.4001608362782,2786.6590022829737,2809.097071046162,2831.715810257159,2854.5166746673017,2877.5011307415425,2900.67065675274,2924.0267428767575,2947.570891288285,2971.304616257478,2995.22944424732,3019.346914011829,3043.658576695001,3068.1659959305807,3092.870747942638,3117.7744216469364,3142.87861875312,3168.1849538677375,3193.695054598094,3219.410561656912,3245.333128967883,3271.4644237720117,3297.806126734876,3324.3599320546946,3351.1275475713155,3378.1106948760344,3405.3111094223436,3432.7305406375262,3460.3707520352004,3488.23352132871,3516.320640545493,3544.6339161423107,3573.1751691214417,3601.9462351478164,3630.9489646670518,3660.1852230244945,3689.6568905851636,3719.3658628547196,3749.3140506013438,3779.5033799786634,3809.935792649603,3840.6132459112973,3871.5377128209448,3902.7111823227383,3934.135659375755,3965.8131650829396,3997.7457368210635,4029.9354283717907,4062.3843100537392,4095.0944688556665,4128.068008570669,4161.3070499315045,4194.813730746993,4228.590206039511,4262.638648183577,4296.961247045588,4331.560210124669,4366.437762694626,4401.596147947099,4437.037627135803,4472.764479721992,4508.779003521039,4545.083514850253,4581.680348677821,4618.571858773019,4655.7604178575675,4693.248417758249,4731.038269560753,4769.132403764733,4807.533270440121,4846.243339384716,4885.265100283049,4924.601062866471,4964.253757074609,5004.22573321805,5044.519562142395,5085.137835393579,5126.08316538458,5167.3581855634,5208.965550582488,5250.907936469426,5293.188040799074,5335.808582867062,5378.772303864684,5422.081967055189,5465.740357951513,5509.7502844954415,5554.1145772382,5598.836089522486,5643.917697666003,5689.362301146471,5735.17282278806,5781.352208949439,5827.903429713208,5874.829479076986,5922.133375145914,5969.818160326825,6017.886901523867,6066.342690335802,6115.188643254807,6164.427901866934,6214.06363305417,6264.099029198114,6314.537308385285,6365.381714614103,6416.635518003553,6468.302015003491,6520.384528606639,6572.88640856233,6625.811031591967,6679.16180160615,6732.942149923667,6787.155535492116,6841.805445110439,6896.895393653112,6952.428924296275,7008.409608745552,7064.841047465831,7121.726869912778,7179.070734766296,7236.876330165845,7295.147373947643,7353.887613883764,7413.100827923194,7472.790824434837,7532.961442452409,7593.616551921397,7654.7600539479145,7716.395881049652,7778.527997408752,7841.160399126823,7904.2971144818985,7967.94220418758,8032.099761654146,8096.773913251861,8161.968818576374,8227.688670716232,8293.937696522553,8360.720156880894,8428.04034698531,8495.90259661459,8564.311270410717,8633.270768159597,8702.785525074065,8772.860012079082,8843.498736099358,8914.706240349144,8986.487104624512,9058.845945597834,9131.787417114787,9205.31621049359,9279.437054826807,9354.154717285446,9429.47400342559,9505.399757497484,9581.936862757088,9659.090241780126,9736.864856778713,9815.265709920519,9894.297843650465,9973.966341015032,10054.276325989182,10135.232963805956,10216.841461288606,10299.107067185563,10382.035072507933,10465.630810869876,10549.89965883156,10634.84703624505,10720.478406602804,10806.799277389146,10893.815200434417,10981.531772272076,11069.954634498676,11159.08947413668,11248.94202400021,11339.518063063782,11430.823416834026,11522.863957724268,11615.64560543233,11709.174327321158,11803.456138802712,11898.49710372478,11994.303334761045,12090.880993804161,12188.23629236214,12286.375491957784,12385.304904531427,12485.030892846919,12585.55987090084,12686.898304334996,12789.052710852275,12892.029660635888,12995.8357767719,13100.477735675182,13205.962267518828,13312.296156667053,13419.486242111492,13527.539417911097,13636.462633635434,13746.262894811807,13856.947263375758,13968.522858125163,14080.996855178266,14194.376488435144,14308.66905004285,14423.881890864615] 0.31126199007860056 [Infinity,Infinity,Infinity,Infinity,Infinity,Infinity,Infinity,Infinity,Infinity,Infinity,Infinity,Infinity,Infinity,Infinity,Infinity,Infinity,Infinity,Infinity,Infinity,Infinity,Infinity,Infinity,Infinity,Infinity,Infinity,Infinity,Infinity,Infinity,Infinity,Infinity,Infinity,Infinity,Infinity,Infinity,Infinity,Infinity,Infinity,Infinity,Infinity,Infinity,Infinity,Infinity,Infinity,Infinity,Infinity,Infinity,Infinity,Infinity,Infinity,Infinity,Infinity,Infinity,Infinity,Infinity,Infinity,Infinity,Infinity,Infinity,Infinity,Infinity,Infinity,Infinity,Infinity,Infinity,Infinity,Infinity,Infinity,Infinity,Infinity,Infinity,Infinity,Infinity,Infinity,Infinity,Infinity,Infinity,Infinity,Infinity,Infinity,Infinity,Infinity,Infinity,Infinity,Infinity,Infinity,Infinity,Infinity,Infinity,Infinity,Infinity,Infinity,Infinity,Infinity,Infinity,Infinity,Infinity,Infinity,Infinity,Infinity,Infinity,Infinity,Infinity,Infinity,Infinity,Infinity,Infinity,Infinity,Infinity,Infinity,Infinity,Infinity,Infinity,Infinity,Infinity,Infinity,Infinity,Infinity,Infinity,Infinity,Infinity,Infinity,Infinity,Infinity,Infinity,Infinity,Infinity,Infinity,Infinity,Infinity,Infinity,Infinity,Infinity,Infinity,Infinity,Infinity,Infinity,Infinity,Infinity,Infinity,Infinity,Infinity,Infinity,Infinity,Infinity,Infinity,Infinity,Infinity,Infinity,Infinity,Infinity,Infinity,Infinity,Infinity,Infinity,Infinity,Infinity,Infinity,Infinity,Infinity,Infinity,Infinity,Infinity,Infinity,Infinity,Infinity,Infinity,Infinity,Infinity,Infinity,Infinity,Infinity,Infinity,Infinity,Infinity,Infinity,Infinity,Infinity,Infinity,Infinity,Infinity,Infinity,Infinity,Infinity,Infinity,Infinity,Infinity,Infinity,Infinity,Infinity,Infinity,Infinity,Infinity,Infinity,Infinity,Infinity,Infinity,Infinity,Infinity,Infinity,Infinity,Infinity,Infinity,Infinity,Infinity,Infinity,Infinity,Infinity,Infinity,Infinity,Infinity,Infinity,Infinity,Infinity,Infinity,Infinity,Infinity,Infinity,Infinity,Infinity,Infinity,Infinity,Infinity,Infinity,Infinity,Infinity,Infinity,Infinity,Infinity,Infinity,Infinity,Infinity,Infinity,Infinity,Infinity,Infinity,Infinity,Infinity,Infinity,Infinity,Infinity,Infinity,Infinity,Infinity,Infinity,Infinity,Infinity,Infinity,Infinity,Infinity,Infinity,Infinity,Infinity,Infinity,Infinity,Infinity,Infinity,Infinity,Infinity,Infinity,Infinity,Infinity,Infinity,Infinity,Infinity,Infinity,Infinity,Infinity,Infinity,Infinity,Infinity,Infinity,Infinity,Infinity,Infinity,Infinity,Infinity,Infinity,Infinity,Infinity,Infinity,Infinity,Infinity,Infinity,Infinity,Infinity,Infinity,Infinity,Infinity,Infinity,Infinity,Infinity,Infinity,Infinity,Infinity,Infinity,Infinity,Infinity,Infinity,Infinity,Infinity] [0.0,0.0,0.0,0.0,0.0,0.0,0.0,0.0,0.0,0.0,0.0,0.0,0.0,0.0,0.0,0.0,0.0,0.0,0.0,0.0,0.0,0.0,0.0,0.0,0.0,0.0,0.0,0.0,0.0,0.0,0.0,0.0,0.0,0.0,0.0,0.0,0.0,0.0,0.0,0.0,0.0,0.0,0.0,0.0,0.0,0.0,0.0,0.0,0.0,0.0,0.0,0.0,0.0,0.0,0.0,0.0,0.0,0.0,0.0,0.0,0.0,0.0,0.0,0.0,0.0,0.0,0.0,0.0,0.0,0.0,0.0,0.0,0.0,0.0,0.0,0.0,0.0,0.0,0.0,0.0,0.0,0.0,0.0,0.0,0.0,0.0,0.0,0.0,0.0,0.0,0.0,0.0,0.0,0.0,0.0,0.0,0.0,0.0,0.0,0.0,0.0,0.0,0.0,0.0,0.0,0.0,0.0,0.0,0.0,0.0,0.0,0.0,0.0,0.0,0.0,0.0,0.0,0.0,0.0,0.0,0.0,0.0,0.0,0.0,0.0,0.0,0.0,0.0,0.0,0.0,0.0,0.0,0.0,0.0,0.0,0.0,0.0,0.0,0.0,0.0,0.0,0.0,0.0,0.0,0.0,0.0,0.0,0.0,0.0,0.0,0.0,0.0,0.0,0.0,0.0,0.0,0.0,0.0,0.0,0.0,0.0,0.0,0.0,0.0,0.0,0.0,0.0,0.0,0.0,0.0,0.0,0.0,0.0,0.0,0.0,0.0,0.0,0.0,0.0,0.0,0.0,0.0,0.0,0.0,0.0,0.0,0.0,0.0,0.0,0.0,0.0,0.0,0.0,0.0,0.0,0.0,0.0,0.0,0.0,0.0,0.0,0.0,0.0,0.0,0.0,0.0,0.0,0.0,0.0,0.0,0.0,0.0,0.0,0.0,0.0,0.0,0.0,0.0,0.0,0.0,0.0,0.0,0.0,0.0,0.0,0.0,0.0,0.0,0.0,0.0,0.0,0.0,0.0,0.0,0.0,0.0,0.0,0.0,0.0,0.0,0.0,0.0,0.0,0.0,0.0,0.0,0.0,0.0,0.0,0.0,0.0,0.0,0.0,0.0,0.0,0.0,0.0,0.0,0.0,0.0,0.0,0.0,0.0,0.0,0.0,0.0,0.0,0.0,0.0,0.0,0.0,0.0,0.0,0.0,0.0,0.0,0.0,0.0,0.0,0.0,0.0,0.0,0.0,0.0,0.0,0.0,0.0,0.0,0.0,0.0,0.0,0.0,0.0,0.0,0.0,0.0,0.0,0.0,0.0,0.0]
56187.55042500082 [0.0,0.0,0.0,0.0,0.0,0.0,0.0,0.0,0.0,0.0,0.0,0.0,0.0,0.0,0.0,0.0,0.0,0.0,0.0,0.0,0.0,0.0,0.0,0.0,0.0,0.0,0.0,0.0,0.0,0.0,0.0,0.0,0.0,0.0,0.0,0.0,0.0,0.0,0.0,0.0,0.0,0.0,0.0,0.0,0.0,0.0,0.0,0.0,0.0,0.0,0.0,0.0,0.0,0.0,0.0,0.0,0.0,0.0,0.0,0.0,0.0,0.0,0.0,0.0,0.0,0.0,0.0,0.0,0.0,0.0,0.0,0.0,0.0,0.0,0.0,0.0,0.0,0.0,0.0,0.0,0.0,0.0,0.0,0.0,0.0,0.0,0.0,0.0,0.0,0.0,0.0,0.0,0.0,0.0,0.0,0.0,0.0,0.0,0.0,0.0,0.0,0.0,0.0,0.0,0.0,0.0,0.0,0.0,0.0,0.0,0.0,0.0,0.0,0.0,0.0,0.0,0.0,0.0,0.0,0.0,0.0,0.0,0.0,0.0,0.0,0.0,0.0,0.0,0.0,0.0,0.0,0.0,0.0,0.0,0.0,0.0,0.0,0.0,0.0,0.0,0.0,0.0,0.0,0.0,0.0,0.0,0.0,0.0,0.0,0.0,0.0,0.0,0.0,0.0,0.0,0.0,0.0,0.0,0.0,0.0,0.0,0.0,0.0,0.0,0.0,0.0,0.0,0.0,0.0,0.0,0.0,0.0,0.0,0.0,0.0,0.0,0.0,0.0,0.0,0.0,0.0,0.0,0.0,0.0,0.0,0.0,0.0,0.0,0.0,0.0,0.0,0.0,0.0,0.0,0.0,0.0,0.0,0.0,0.0,0.0,0.0,0.0,0.0,0.0,0.0,0.0,0.0,0.0,0.0,0.0,0.0,0.0,0.0,0.0,0.0,0.0,0.0,0.0,0.0,0.0,0.0,0.0,0.0,0.0,0.0,0.0,0.0,0.0,0.0,0.0,0.0,0.0,0.0,0.0,0.0,0.0,0.0,0.0,0.0,0.0,0.0,0.0,0.0,0.0,0.0,0.0,0.0,0.0,0.0,0.0,0.0,0.0,0.0,0.0,0.0,0.0,0.0,0.0,0.0,0.0,0.0,0.0,0.0,0.0,0.0,0.0,0.0,0.0,0.0,0.0,0.0,0.0,0.0,0.0,0.0,0.0,0.0,0.0,0.0,0.0,0.0,0.0,0.0,0.0,0.0,0.0,0.0,0.0,0.0,0.0,0.0,0.0,0.0,0.0,0.0,0.0,0.0,0.0,0.0,0.0] [1311.2619900786005,1321.8202200865917,1332.463464547639,1343.19240799478,1354.0077404728797,1364.9101575830227,1375.9003605272408,1386.9790561536227,1398.1469570017646,1409.4047813486081,1420.7532532546286,1432.193102610412,1443.7250651835902,1455.3498826661717,1467.068302722235,1478.881079036026,1490.78897136042,1502.7927455657994,1514.8931736892998,1527.0910339844697,1539.3871109713293,1551.7821954868166,1564.2770847356642,1576.872582341659,1589.569498399342,1602.368649526097,1615.270858914685,1628.2769563861766,1641.3877784433362,1654.6041683244075,1667.9269760573632,1681.3570585145608,1694.895279467867,1708.5425096441993,1722.2996267815402,1736.1675156853773,1750.1470682856248,1764.2391836939755,1778.4447682617345,1792.7647356381167,1807.2000068289992,1821.7515102561672,1836.4201818170154,1851.2069649447558,1866.112810669078,1881.1386776773347,1896.285532376183,1911.5543489537563,1926.9461094423048,1942.4618037813711,1958.1024298814455,1973.8689936881608,1989.7625092469793,2005.7839987684179,2021.9344926937952,2038.215029761504,2054.626657073813,2071.1704301642176,2087.8474130653335,2104.6586783773164,2121.605307336866,2138.6883898867477,2155.9090247459117,2173.268319480143,2190.767390573309,2208.407363499154,2226.1893727937027,2244.1145621282076,2262.184084382728,2280.399101720259,2298.7607856614945,2317.2703171601615,2335.9288866789793,2354.7376942662327,2373.6979496329395,2392.810872230673,2412.077691329971,2431.4996460994216,2451.0779856853383,2470.813969292122,2490.7088662632277,2510.763956162824,2530.9805288580706,2551.359884602096,2571.9033341176064,2592.612198681206,2613.487810208354,2634.5315113390543,2655.7446555241822,2677.1286071125573,2698.6847414386757,2720.4144449111714,2742.319115101994,2764.4001608362782,2786.6590022829737,2809.097071046162,2831.715810257159,2854.5166746673017,2877.5011307415425,2900.67065675274,2924.0267428767575,2947.570891288285,2971.304616257478,2995.22944424732,3019.346914011829,3043.658576695001,3068.1659959305807,3092.870747942638,3117.7744216469364,3142.87861875312,3168.1849538677375,3193.695054598094,3219.410561656912,3245.333128967883,3271.4644237720117,3297.806126734876,3324.3599320546946,3351.1275475713155,3378.1106948760344,3405.3111094223436,3432.7305406375262,3460.3707520352004,3488.23352132871,3516.320640545493,3544.6339161423107,3573.1751691214417,3601.9462351478164,3630.9489646670518,3660.1852230244945,3689.6568905851636,3719.3658628547196,3749.3140506013438,3779.5033799786634,3809.935792649603,3840.6132459112973,3871.5377128209448,3902.7111823227383,3934.135659375755,3965.8131650829396,3997.7457368210635,4029.9354283717907,4062.3843100537392,4095.0944688556665,4128.068008570669,4161.3070499315045,4194.813730746993,4228.590206039511,4262.638648183577,4296.961247045588,4331.560210124669,4366.437762694626,4401.596147947099,4437.037627135803,4472.764479721992,4508.779003521039,4545.083514850253,4581.680348677821,4618.571858773019,4655.7604178575675,4693.248417758249,4731.038269560753,4769.132403764733,4807.533270440121,4846.243339384716,4885.265100283049,4924.601062866471,4964.253757074609,5004.22573321805,5044.519562142395,5085.137835393579,5126.08316538458,5167.3581855634,5208.965550582488,5250.907936469426,5293.188040799074,5335.808582867062,5378.772303864684,5422.081967055189,5465.740357951513,5509.7502844954415,5554.1145772382,5598.836089522486,5643.917697666003,5689.362301146471,5735.17282278806,5781.352208949439,5827.903429713208,5874.829479076986,5922.133375145914,5969.818160326825,6017.886901523867,6066.342690335802,6115.188643254807,6164.427901866934,6214.06363305417,6264.099029198114,6314.537308385285,6365.381714614103,6416.635518003553,6468.302015003491,6520.384528606639,6572.88640856233,6625.811031591967,6679.16180160615,6732.942149923667,6787.155535492116,6841.805445110439,6896.895393653112,6952.428924296275,7008.409608745552,7064.841047465831,7121.726869912778,7179.070734766296,7236.876330165845,7295.147373947643,7353.887613883764,7413.100827923194,7472.790824434837,7532.961442452409,7593.616551921397,7654.7600539479145,7716.395881049652,7778.527997408752,7841.160399126823,7904.2971144818985,7967.94220418758,8032.099761654146,8096.773913251861,8161.968818576374,8227.688670716232,8293.937696522553,8360.720156880894,8428.04034698531,8495.90259661459,8564.311270410717,8633.270768159597,8702.785525074065,8772.860012079082,8843.498736099358,8914.706240349144,8986.487104624512,9058.845945597834,9131.787417114787,9205.31621049359,9279.437054826807,9354.154717285446,9429.47400342559,9505.399757497484,9581.936862757088,9659.090241780126,9736.864856778713,9815.265709920519,9894.297843650465,9973.966341015032,10054.276325989182,10135.232963805956,10216.841461288606,10299.107067185563,10382.035072507933,10465.630810869876,10549.89965883156,10634.84703624505,10720.478406602804,10806.799277389146,10893.815200434417,10981.531772272076,11069.954634498676,11159.08947413668,11248.94202400021,11339.518063063782,11430.823416834026,11522.863957724268,11615.64560543233,11709.174327321158,11803.456138802712,11898.49710372478,11994.303334761045,12090.880993804161,12188.23629236214,12286.375491957784,12385.304904531427,12485.030892846919,12585.55987090084,12686.898304334996,12789.052710852275,12892.029660635888,12995.8357767719,13100.477735675182,13205.962267518828,13312.296156667053,13419.486242111492,13527.539417911097,13636.462633635434,13746.262894811807,13856.947263375758,13968.522858125163,14080.996855178266,14194.376488435144,14308.66905004285,14423.881890864615] 0.31126199007860056 [Infinity,Infinity,Infinity,Infinity,Infinity,Infinity,Infinity,Infinity,Infinity,Infinity,Infinity,Infinity,Infinity,Infinity,Infinity,Infinity,Infinity,Infinity,Infinity,Infinity,Infinity,Infinity,Infinity,Infinity,Infinity,Infinity,Infinity,Infinity,Infinity,Infinity,Infinity,Infinity,Infinity,Infinity,Infinity,Infinity,Infinity,Infinity,Infinity,Infinity,Infinity,Infinity,Infinity,Infinity,Infinity,Infinity,Infinity,Infinity,Infinity,Infinity,Infinity,Infinity,Infinity,Infinity,Infinity,Infinity,Infinity,Infinity,Infinity,Infinity,Infinity,Infinity,Infinity,Infinity,Infinity,Infinity,Infinity,Infinity,Infinity,Infinity,Infinity,Infinity,Infinity,Infinity,Infinity,Infinity,Infinity,Infinity,Infinity,Infinity,Infinity,Infinity,Infinity,Infinity,Infinity,Infinity,Infinity,Infinity,Infinity,Infinity,Infinity,Infinity,Infinity,Infinity,Infinity,Infinity,Infinity,Infinity,Infinity,Infinity,Infinity,Infinity,Infinity,Infinity,Infinity,Infinity,Infinity,Infinity,Infinity,Infinity,Infinity,Infinity,Infinity,Infinity,Infinity,Infinity,Infinity,Infinity,Infinity,Infinity,Infinity,Infinity,Infinity,Infinity,Infinity,Infinity,Infinity,Infinity,Infinity,Infinity,Infinity,Infinity,Infinity,Infinity,Infinity,Infinity,Infinity,Infinity,Infinity,Infinity,Infinity,Infinity,Infinity,Infinity,Infinity,Infinity,Infinity,Infinity,Infinity,Infinity,Infinity,Infinity,Infinity,Infinity,Infinity,Infinity,Infinity,Infinity,Infinity,Infinity,Infinity,Infinity,Infinity,Infinity,Infinity,Infinity,Infinity,Infinity,Infinity,Infinity,Infinity,Infinity,Infinity,Infinity,Infinity,Infinity,Infinity,Infinity,Infinity,Infinity,Infinity,Infinity,Infinity,Infinity,Infinity,Infinity,Infinity,Infinity,Infinity,Infinity,Infinity,Infinity,Infinity,Infinity,Infinity,Infinity,Infinity,Infinity,Infinity,Infinity,Infinity,Infinity,Infinity,Infinity,Infinity,Infinity,Infinity,Infinity,Infinity,Infinity,Infinity,Infinity,Infinity,Infinity,Infinity,Infinity,Infinity,Infinity,Infinity,Infinity,Infinity,Infinity,Infinity,Infinity,Infinity,Infinity,Infinity,Infinity,Infinity,Infinity,Infinity,Infinity,Infinity,Infinity,Infinity,Infinity,Infinity,Infinity,Infinity,Infinity,Infinity,Infinity,Infinity,Infinity,Infinity,Infinity,Infinity,Infinity,Infinity,Infinity,Infinity,Infinity,Infinity,Infinity,Infinity,Infinity,Infinity,Infinity,Infinity,Infinity,Infinity,Infinity,Infinity,Infinity,Infinity,Infinity,Infinity,Infinity,Infinity,Infinity,Infinity,Infinity,Infinity,Infinity,Infinity,Infinity,Infinity,Infinity,Infinity,Infinity,Infinity,Infinity,Infinity,Infinity,Infinity,Infinity,Infinity,Infinity,Infinity,Infinity,Infinity,Infinity,Infinity,Infinity,Infinity,Infinity,Infinity,Infinity,Infinity,Infinity] [0.0,0.0,0.0,0.0,0.0,0.0,0.0,0.0,0.0,0.0,0.0,0.0,0.0,0.0,0.0,0.0,0.0,0.0,0.0,0.0,0.0,0.0,0.0,0.0,0.0,0.0,0.0,0.0,0.0,0.0,0.0,0.0,0.0,0.0,0.0,0.0,0.0,0.0,0.0,0.0,0.0,0.0,0.0,0.0,0.0,0.0,0.0,0.0,0.0,0.0,0.0,0.0,0.0,0.0,0.0,0.0,0.0,0.0,0.0,0.0,0.0,0.0,0.0,0.0,0.0,0.0,0.0,0.0,0.0,0.0,0.0,0.0,0.0,0.0,0.0,0.0,0.0,0.0,0.0,0.0,0.0,0.0,0.0,0.0,0.0,0.0,0.0,0.0,0.0,0.0,0.0,0.0,0.0,0.0,0.0,0.0,0.0,0.0,0.0,0.0,0.0,0.0,0.0,0.0,0.0,0.0,0.0,0.0,0.0,0.0,0.0,0.0,0.0,0.0,0.0,0.0,0.0,0.0,0.0,0.0,0.0,0.0,0.0,0.0,0.0,0.0,0.0,0.0,0.0,0.0,0.0,0.0,0.0,0.0,0.0,0.0,0.0,0.0,0.0,0.0,0.0,0.0,0.0,0.0,0.0,0.0,0.0,0.0,0.0,0.0,0.0,0.0,0.0,0.0,0.0,0.0,0.0,0.0,0.0,0.0,0.0,0.0,0.0,0.0,0.0,0.0,0.0,0.0,0.0,0.0,0.0,0.0,0.0,0.0,0.0,0.0,0.0,0.0,0.0,0.0,0.0,0.0,0.0,0.0,0.0,0.0,0.0,0.0,0.0,0.0,0.0,0.0,0.0,0.0,0.0,0.0,0.0,0.0,0.0,0.0,0.0,0.0,0.0,0.0,0.0,0.0,0.0,0.0,0.0,0.0,0.0,0.0,0.0,0.0,0.0,0.0,0.0,0.0,0.0,0.0,0.0,0.0,0.0,0.0,0.0,0.0,0.0,0.0,0.0,0.0,0.0,0.0,0.0,0.0,0.0,0.0,0.0,0.0,0.0,0.0,0.0,0.0,0.0,0.0,0.0,0.0,0.0,0.0,0.0,0.0,0.0,0.0,0.0,0.0,0.0,0.0,0.0,0.0,0.0,0.0,0.0,0.0,0.0,0.0,0.0,0.0,0.0,0.0,0.0,0.0,0.0,0.0,0.0,0.0,0.0,0.0,0.0,0.0,0.0,0.0,0.0,0.0,0.0,0.0,0.0,0.0,0.0,0.0,0.0,0.0,0.0,0.0,0.0,0.0,0.0,0.0,0.0,0.0,0.0,0.0]
56192.37256200091 [0.0,0.0,0.0,0.0,0.0,0.0,0.0,0.0,0.0,0.0,0.0,0.0,0.0,0.0,0.0,0.0,0.0,0.0,0.0,0.0,0.0,0.0,0.0,0.0,0.0,0.0,0.0,0.0,0.0,0.0,0.0,0.0,0.0,0.0,0.0,0.0,0.0,0.0,0.0,0.0,0.0,0.0,0.0,0.0,0.0,0.0,0.0,0.0,0.0,0.0,0.0,0.0,0.0,0.0,0.0,0.0,0.0,0.0,0.0,0.0,0.0,0.0,0.0,0.0,0.0,0.0,0.0,0.0,0.0,0.0,0.0,0.0,0.0,0.0,0.0,0.0,0.0,0.0,0.0,0.0,0.0,0.0,0.0,0.0,0.0,0.0,0.0,0.0,0.0,0.0,0.0,0.0,0.0,0.0,0.0,0.0,0.0,0.0,0.0,0.0,0.0,0.0,0.0,0.0,0.0,0.0,0.0,0.0,0.0,0.0,0.0,0.0,0.0,0.0,0.0,0.0,0.0,0.0,0.0,0.0,0.0,0.0,0.0,0.0,0.0,0.0,0.0,0.0,0.0,0.0,0.0,0.0,0.0,0.0,0.0,0.0,0.0,0.0,0.0,0.0,0.0,0.0,0.0,0.0,0.0,0.0,0.0,0.0,0.0,0.0,0.0,0.0,0.0,0.0,0.0,0.0,0.0,0.0,0.0,0.0,0.0,0.0,0.0,0.0,0.0,0.0,0.0,0.0,0.0,0.0,0.0,0.0,0.0,0.0,0.0,0.0,0.0,0.0,0.0,0.0,0.0,0.0,0.0,0.0,0.0,0.0,0.0,0.0,0.0,0.0,0.0,0.0,0.0,0.0,0.0,0.0,0.0,0.0,0.0,0.0,0.0,0.0,0.0,0.0,0.0,0.0,0.0,0.0,0.0,0.0,0.0,0.0,0.0,0.0,0.0,0.0,0.0,0.0,0.0,0.0,0.0,0.0,0.0,0.0,0.0,0.0,0.0,0.0,0.0,0.0,0.0,0.0,0.0,0.0,0.0,0.0,0.0,0.0,0.0,0.0,0.0,0.0,0.0,0.0,0.0,0.0,0.0,0.0,0.0,0.0,0.0,0.0,0.0,0.0,0.0,0.0,0.0,0.0,0.0,0.0,0.0,0.0,0.0,0.0,0.0,0.0,0.0,0.0,0.0,0.0,0.0,0.0,0.0,0.0,0.0,0.0,0.0,0.0,0.0,0.0,0.0,0.0,0.0,0.0,0.0,0.0,0.0,0.0,0.0,0.0,0.0,0.0,0.0,0.0,0.0,0.0,0.0,0.0,0.0,0.0] [1311.2619900786005,1321.8202200865917,1332.463464547639,1343.19240799478,1354.0077404728797,1364.9101575830227,1375.9003605272408,1386.9790561536227,1398.1469570017646,1409.4047813486081,1420.7532532546286,1432.193102610412,1443.7250651835902,1455.3498826661717,1467.068302722235,1478.881079036026,1490.78897136042,1502.7927455657994,1514.8931736892998,1527.0910339844697,1539.3871109713293,1551.7821954868166,1564.2770847356642,1576.872582341659,1589.569498399342,1602.368649526097,1615.270858914685,1628.2769563861766,1641.3877784433362,1654.6041683244075,1667.9269760573632,1681.3570585145608,1694.895279467867,1708.5425096441993,1722.2996267815402,1736.1675156853773,1750.1470682856248,1764.2391836939755,1778.4447682617345,1792.7647356381167,1807.2000068289992,1821.7515102561672,1836.4201818170154,1851.2069649447558,1866.112810669078,1881.1386776773347,1896.285532376183,1911.5543489537563,1926.9461094423048,1942.4618037813711,1958.1024298814455,1973.8689936881608,1989.7625092469793,2005.7839987684179,2021.9344926937952,2038.215029761504,2054.626657073813,2071.1704301642176,2087.8474130653335,2104.6586783773164,2121.605307336866,2138.6883898867477,2155.9090247459117,2173.268319480143,2190.767390573309,2208.407363499154,2226.1893727937027,2244.1145621282076,2262.184084382728,2280.399101720259,2298.7607856614945,2317.2703171601615,2335.9288866789793,2354.7376942662327,2373.6979496329395,2392.810872230673,2412.077691329971,2431.4996460994216,2451.0779856853383,2470.813969292122,2490.7088662632277,2510.763956162824,2530.9805288580706,2551.359884602096,2571.9033341176064,2592.612198681206,2613.487810208354,2634.5315113390543,2655.7446555241822,2677.1286071125573,2698.6847414386757,2720.4144449111714,2742.319115101994,2764.4001608362782,2786.6590022829737,2809.097071046162,2831.715810257159,2854.5166746673017,2877.5011307415425,2900.67065675274,2924.0267428767575,2947.570891288285,2971.304616257478,2995.22944424732,3019.346914011829,3043.658576695001,3068.1659959305807,3092.870747942638,3117.7744216469364,3142.87861875312,3168.1849538677375,3193.695054598094,3219.410561656912,3245.333128967883,3271.4644237720117,3297.806126734876,3324.3599320546946,3351.1275475713155,3378.1106948760344,3405.3111094223436,3432.7305406375262,3460.3707520352004,3488.23352132871,3516.320640545493,3544.6339161423107,3573.1751691214417,3601.9462351478164,3630.9489646670518,3660.1852230244945,3689.6568905851636,3719.3658628547196,3749.3140506013438,3779.5033799786634,3809.935792649603,3840.6132459112973,3871.5377128209448,3902.7111823227383,3934.135659375755,3965.8131650829396,3997.7457368210635,4029.9354283717907,4062.3843100537392,4095.0944688556665,4128.068008570669,4161.3070499315045,4194.813730746993,4228.590206039511,4262.638648183577,4296.961247045588,4331.560210124669,4366.437762694626,4401.596147947099,4437.037627135803,4472.764479721992,4508.779003521039,4545.083514850253,4581.680348677821,4618.571858773019,4655.7604178575675,4693.248417758249,4731.038269560753,4769.132403764733,4807.533270440121,4846.243339384716,4885.265100283049,4924.601062866471,4964.253757074609,5004.22573321805,5044.519562142395,5085.137835393579,5126.08316538458,5167.3581855634,5208.965550582488,5250.907936469426,5293.188040799074,5335.808582867062,5378.772303864684,5422.081967055189,5465.740357951513,5509.7502844954415,5554.1145772382,5598.836089522486,5643.917697666003,5689.362301146471,5735.17282278806,5781.352208949439,5827.903429713208,5874.829479076986,5922.133375145914,5969.818160326825,6017.886901523867,6066.342690335802,6115.188643254807,6164.427901866934,6214.06363305417,6264.099029198114,6314.537308385285,6365.381714614103,6416.635518003553,6468.302015003491,6520.384528606639,6572.88640856233,6625.811031591967,6679.16180160615,6732.942149923667,6787.155535492116,6841.805445110439,6896.895393653112,6952.428924296275,7008.409608745552,7064.841047465831,7121.726869912778,7179.070734766296,7236.876330165845,7295.147373947643,7353.887613883764,7413.100827923194,7472.790824434837,7532.961442452409,7593.616551921397,7654.7600539479145,7716.395881049652,7778.527997408752,7841.160399126823,7904.2971144818985,7967.94220418758,8032.099761654146,8096.773913251861,8161.968818576374,8227.688670716232,8293.937696522553,8360.720156880894,8428.04034698531,8495.90259661459,8564.311270410717,8633.270768159597,8702.785525074065,8772.860012079082,8843.498736099358,8914.706240349144,8986.487104624512,9058.845945597834,9131.787417114787,9205.31621049359,9279.437054826807,9354.154717285446,9429.47400342559,9505.399757497484,9581.936862757088,9659.090241780126,9736.864856778713,9815.265709920519,9894.297843650465,9973.966341015032,10054.276325989182,10135.232963805956,10216.841461288606,10299.107067185563,10382.035072507933,10465.630810869876,10549.89965883156,10634.84703624505,10720.478406602804,10806.799277389146,10893.815200434417,10981.531772272076,11069.954634498676,11159.08947413668,11248.94202400021,11339.518063063782,11430.823416834026,11522.863957724268,11615.64560543233,11709.174327321158,11803.456138802712,11898.49710372478,11994.303334761045,12090.880993804161,12188.23629236214,12286.375491957784,12385.304904531427,12485.030892846919,12585.55987090084,12686.898304334996,12789.052710852275,12892.029660635888,12995.8357767719,13100.477735675182,13205.962267518828,13312.296156667053,13419.486242111492,13527.539417911097,13636.462633635434,13746.262894811807,13856.947263375758,13968.522858125163,14080.996855178266,14194.376488435144,14308.66905004285,14423.881890864615] 0.31126199007860056 [Infinity,Infinity,Infinity,Infinity,Infinity,Infinity,Infinity,Infinity,Infinity,Infinity,Infinity,Infinity,Infinity,Infinity,Infinity,Infinity,Infinity,Infinity,Infinity,Infinity,Infinity,Infinity,Infinity,Infinity,Infinity,Infinity,Infinity,Infinity,Infinity,Infinity,Infinity,Infinity,Infinity,Infinity,Infinity,Infinity,Infinity,Infinity,Infinity,Infinity,Infinity,Infinity,Infinity,Infinity,Infinity,Infinity,Infinity,Infinity,Infinity,Infinity,Infinity,Infinity,Infinity,Infinity,Infinity,Infinity,Infinity,Infinity,Infinity,Infinity,Infinity,Infinity,Infinity,Infinity,Infinity,Infinity,Infinity,Infinity,Infinity,Infinity,Infinity,Infinity,Infinity,Infinity,Infinity,Infinity,Infinity,Infinity,Infinity,Infinity,Infinity,Infinity,Infinity,Infinity,Infinity,Infinity,Infinity,Infinity,Infinity,Infinity,Infinity,Infinity,Infinity,Infinity,Infinity,Infinity,Infinity,Infinity,Infinity,Infinity,Infinity,Infinity,Infinity,Infinity,Infinity,Infinity,Infinity,Infinity,Infinity,Infinity,Infinity,Infinity,Infinity,Infinity,Infinity,Infinity,Infinity,Infinity,Infinity,Infinity,Infinity,Infinity,Infinity,Infinity,Infinity,Infinity,Infinity,Infinity,Infinity,Infinity,Infinity,Infinity,Infinity,Infinity,Infinity,Infinity,Infinity,Infinity,Infinity,Infinity,Infinity,Infinity,Infinity,Infinity,Infinity,Infinity,Infinity,Infinity,Infinity,Infinity,Infinity,Infinity,Infinity,Infinity,Infinity,Infinity,Infinity,Infinity,Infinity,Infinity,Infinity,Infinity,Infinity,Infinity,Infinity,Infinity,Infinity,Infinity,Infinity,Infinity,Infinity,Infinity,Infinity,Infinity,Infinity,Infinity,Infinity,Infinity,Infinity,Infinity,Infinity,Infinity,Infinity,Infinity,Infinity,Infinity,Infinity,Infinity,Infinity,Infinity,Infinity,Infinity,Infinity,Infinity,Infinity,Infinity,Infinity,Infinity,Infinity,Infinity,Infinity,Infinity,Infinity,Infinity,Infinity,Infinity,Infinity,Infinity,Infinity,Infinity,Infinity,Infinity,Infinity,Infinity,Infinity,Infinity,Infinity,Infinity,Infinity,Infinity,Infinity,Infinity,Infinity,Infinity,Infinity,Infinity,Infinity,Infinity,Infinity,Infinity,Infinity,Infinity,Infinity,Infinity,Infinity,Infinity,Infinity,Infinity,Infinity,Infinity,Infinity,Infinity,Infinity,Infinity,Infinity,Infinity,Infinity,Infinity,Infinity,Infinity,Infinity,Infinity,Infinity,Infinity,Infinity,Infinity,Infinity,Infinity,Infinity,Infinity,Infinity,Infinity,Infinity,Infinity,Infinity,Infinity,Infinity,Infinity,Infinity,Infinity,Infinity,Infinity,Infinity,Infinity,Infinity,Infinity,Infinity,Infinity,Infinity,Infinity,Infinity,Infinity,Infinity,Infinity,Infinity,Infinity,Infinity,Infinity,Infinity,Infinity,Infinity,Infinity,Infinity,Infinity,Infinity,Infinity,Infinity,Infinity,Infinity,Infinity] [0.0,0.0,0.0,0.0,0.0,0.0,0.0,0.0,0.0,0.0,0.0,0.0,0.0,0.0,0.0,0.0,0.0,0.0,0.0,0.0,0.0,0.0,0.0,0.0,0.0,0.0,0.0,0.0,0.0,0.0,0.0,0.0,0.0,0.0,0.0,0.0,0.0,0.0,0.0,0.0,0.0,0.0,0.0,0.0,0.0,0.0,0.0,0.0,0.0,0.0,0.0,0.0,0.0,0.0,0.0,0.0,0.0,0.0,0.0,0.0,0.0,0.0,0.0,0.0,0.0,0.0,0.0,0.0,0.0,0.0,0.0,0.0,0.0,0.0,0.0,0.0,0.0,0.0,0.0,0.0,0.0,0.0,0.0,0.0,0.0,0.0,0.0,0.0,0.0,0.0,0.0,0.0,0.0,0.0,0.0,0.0,0.0,0.0,0.0,0.0,0.0,0.0,0.0,0.0,0.0,0.0,0.0,0.0,0.0,0.0,0.0,0.0,0.0,0.0,0.0,0.0,0.0,0.0,0.0,0.0,0.0,0.0,0.0,0.0,0.0,0.0,0.0,0.0,0.0,0.0,0.0,0.0,0.0,0.0,0.0,0.0,0.0,0.0,0.0,0.0,0.0,0.0,0.0,0.0,0.0,0.0,0.0,0.0,0.0,0.0,0.0,0.0,0.0,0.0,0.0,0.0,0.0,0.0,0.0,0.0,0.0,0.0,0.0,0.0,0.0,0.0,0.0,0.0,0.0,0.0,0.0,0.0,0.0,0.0,0.0,0.0,0.0,0.0,0.0,0.0,0.0,0.0,0.0,0.0,0.0,0.0,0.0,0.0,0.0,0.0,0.0,0.0,0.0,0.0,0.0,0.0,0.0,0.0,0.0,0.0,0.0,0.0,0.0,0.0,0.0,0.0,0.0,0.0,0.0,0.0,0.0,0.0,0.0,0.0,0.0,0.0,0.0,0.0,0.0,0.0,0.0,0.0,0.0,0.0,0.0,0.0,0.0,0.0,0.0,0.0,0.0,0.0,0.0,0.0,0.0,0.0,0.0,0.0,0.0,0.0,0.0,0.0,0.0,0.0,0.0,0.0,0.0,0.0,0.0,0.0,0.0,0.0,0.0,0.0,0.0,0.0,0.0,0.0,0.0,0.0,0.0,0.0,0.0,0.0,0.0,0.0,0.0,0.0,0.0,0.0,0.0,0.0,0.0,0.0,0.0,0.0,0.0,0.0,0.0,0.0,0.0,0.0,0.0,0.0,0.0,0.0,0.0,0.0,0.0,0.0,0.0,0.0,0.0,0.0,0.0,0.0,0.0,0.0,0.0,0.0]
56418.43262935819 [0.0,0.0,0.0,0.0,0.0,0.0,0.0,0.0,0.0,0.0,0.0,0.0,0.0,0.0,0.0,0.0,0.0,0.0,0.0,0.0,0.0,0.0,0.0,0.0,0.0,0.0,0.0,0.0,0.0,0.0,0.0,0.0,0.0,0.0,0.0,0.0,0.0,0.0,0.0,0.0,0.0,0.0,0.0,0.0,0.0,0.0,0.0,0.0,0.0,0.0,0.0,0.0,0.0,0.0,0.0,0.0,0.0,0.0,0.0,0.0,0.0,0.0,0.0,0.0,0.0,0.0,0.0,0.0,0.0,0.0,0.0,0.0,0.0,0.0,0.0,0.0,0.0,0.0,0.0,0.0,0.0,0.0,0.0,0.0,0.0,0.0,0.0,0.0,0.0,0.0,0.0,0.0,0.0,0.0,0.0,0.0,0.0,0.0,0.0,0.0,0.0,0.0,0.0,0.0,0.0,0.0,0.0,0.0,0.0,0.0,0.0,0.0,0.0,0.0,0.0,0.0,0.0,0.0,0.0,0.0,0.0,0.0,0.0,0.0,0.0,0.0,0.0,0.0,0.0,0.0,0.0,0.0,0.0,0.0,0.0,0.0,0.0,0.0,0.0,0.0,0.0,0.0,0.0,0.0,0.0,0.0,0.0,0.0,0.0,0.0,0.0,0.0,0.0,0.0,0.0,0.0,0.0,0.0,0.0,0.0,0.0,0.0,0.0,0.0,0.0,0.0,0.0,0.0,0.0,0.0,0.0,0.0,0.0,0.0,0.0,0.0,0.0,0.0,0.0,0.0,0.0,0.0,0.0,0.0,0.0,0.0,0.0,0.0,0.0,0.0,0.0,0.0,0.0,0.0,0.0,0.0,0.0,0.0,0.0,0.0,0.0,0.0,0.0,0.0,0.0,0.0,0.0,0.0,0.0,0.0,0.0,0.0,0.0,0.0,0.0,0.0,0.0,0.0,0.0,0.0,0.0,0.0,0.0,0.0,0.0,0.0,0.0,0.0,0.0,0.0,0.0,0.0,0.0,0.0,0.0,0.0,0.0,0.0,0.0,0.0,0.0,0.0,0.0,0.0,0.0,0.0,0.0,0.0,0.0,0.0,0.0,0.0,0.0,0.0,0.0,0.0,0.0,0.0,0.0,0.0,0.0,0.0,0.0,0.0,0.0,0.0,0.0,0.0,0.0,0.0,0.0,0.0,0.0,0.0,0.0,0.0,0.0,0.0,0.0,0.0,0.0,0.0,0.0,0.0,0.0,0.0,0.0,0.0,0.0,0.0,0.0,0.0,0.0,0.0,0.0,0.0,0.0,0.0,0.0,0.0] [1311.2619900786005,1321.8202200865917,1332.463464547639,1343.19240799478,1354.0077404728797,1364.9101575830227,1375.9003605272408,1386.9790561536227,1398.1469570017646,1409.4047813486081,1420.7532532546286,1432.193102610412,1443.7250651835902,1455.3498826661717,1467.068302722235,1478.881079036026,1490.78897136042,1502.7927455657994,1514.8931736892998,1527.0910339844697,1539.3871109713293,1551.7821954868166,1564.2770847356642,1576.872582341659,1589.569498399342,1602.368649526097,1615.270858914685,1628.2769563861766,1641.3877784433362,1654.6041683244075,1667.9269760573632,1681.3570585145608,1694.895279467867,1708.5425096441993,1722.2996267815402,1736.1675156853773,1750.1470682856248,1764.2391836939755,1778.4447682617345,1792.7647356381167,1807.2000068289992,1821.7515102561672,1836.4201818170154,1851.2069649447558,1866.112810669078,1881.1386776773347,1896.285532376183,1911.5543489537563,1926.9461094423048,1942.4618037813711,1958.1024298814455,1973.8689936881608,1989.7625092469793,2005.7839987684179,2021.9344926937952,2038.215029761504,2054.626657073813,2071.1704301642176,2087.8474130653335,2104.6586783773164,2121.605307336866,2138.6883898867477,2155.9090247459117,2173.268319480143,2190.767390573309,2208.407363499154,2226.1893727937027,2244.1145621282076,2262.184084382728,2280.399101720259,2298.7607856614945,2317.2703171601615,2335.9288866789793,2354.7376942662327,2373.6979496329395,2392.810872230673,2412.077691329971,2431.4996460994216,2451.0779856853383,2470.813969292122,2490.7088662632277,2510.763956162824,2530.9805288580706,2551.359884602096,2571.9033341176064,2592.612198681206,2613.487810208354,2634.5315113390543,2655.7446555241822,2677.1286071125573,2698.6847414386757,2720.4144449111714,2742.319115101994,2764.4001608362782,2786.6590022829737,2809.097071046162,2831.715810257159,2854.5166746673017,2877.5011307415425,2900.67065675274,2924.0267428767575,2947.570891288285,2971.304616257478,2995.22944424732,3019.346914011829,3043.658576695001,3068.1659959305807,3092.870747942638,3117.7744216469364,3142.87861875312,3168.1849538677375,3193.695054598094,3219.410561656912,3245.333128967883,3271.4644237720117,3297.806126734876,3324.3599320546946,3351.1275475713155,3378.1106948760344,3405.3111094223436,3432.7305406375262,3460.3707520352004,3488.23352132871,3516.320640545493,3544.6339161423107,3573.1751691214417,3601.9462351478164,3630.9489646670518,3660.1852230244945,3689.6568905851636,3719.3658628547196,3749.3140506013438,3779.5033799786634,3809.935792649603,3840.6132459112973,3871.5377128209448,3902.7111823227383,3934.135659375755,3965.8131650829396,3997.7457368210635,4029.9354283717907,4062.3843100537392,4095.0944688556665,4128.068008570669,4161.3070499315045,4194.813730746993,4228.590206039511,4262.638648183577,4296.961247045588,4331.560210124669,4366.437762694626,4401.596147947099,4437.037627135803,4472.764479721992,4508.779003521039,4545.083514850253,4581.680348677821,4618.571858773019,4655.7604178575675,4693.248417758249,4731.038269560753,4769.132403764733,4807.533270440121,4846.243339384716,4885.265100283049,4924.601062866471,4964.253757074609,5004.22573321805,5044.519562142395,5085.137835393579,5126.08316538458,5167.3581855634,5208.965550582488,5250.907936469426,5293.188040799074,5335.808582867062,5378.772303864684,5422.081967055189,5465.740357951513,5509.7502844954415,5554.1145772382,5598.836089522486,5643.917697666003,5689.362301146471,5735.17282278806,5781.352208949439,5827.903429713208,5874.829479076986,5922.133375145914,5969.818160326825,6017.886901523867,6066.342690335802,6115.188643254807,6164.427901866934,6214.06363305417,6264.099029198114,6314.537308385285,6365.381714614103,6416.635518003553,6468.302015003491,6520.384528606639,6572.88640856233,6625.811031591967,6679.16180160615,6732.942149923667,6787.155535492116,6841.805445110439,6896.895393653112,6952.428924296275,7008.409608745552,7064.841047465831,7121.726869912778,7179.070734766296,7236.876330165845,7295.147373947643,7353.887613883764,7413.100827923194,7472.790824434837,7532.961442452409,7593.616551921397,7654.7600539479145,7716.395881049652,7778.527997408752,7841.160399126823,7904.2971144818985,7967.94220418758,8032.099761654146,8096.773913251861,8161.968818576374,8227.688670716232,8293.937696522553,8360.720156880894,8428.04034698531,8495.90259661459,8564.311270410717,8633.270768159597,8702.785525074065,8772.860012079082,8843.498736099358,8914.706240349144,8986.487104624512,9058.845945597834,9131.787417114787,9205.31621049359,9279.437054826807,9354.154717285446,9429.47400342559,9505.399757497484,9581.936862757088,9659.090241780126,9736.864856778713,9815.265709920519,9894.297843650465,9973.966341015032,10054.276325989182,10135.232963805956,10216.841461288606,10299.107067185563,10382.035072507933,10465.630810869876,10549.89965883156,10634.84703624505,10720.478406602804,10806.799277389146,10893.815200434417,10981.531772272076,11069.954634498676,11159.08947413668,11248.94202400021,11339.518063063782,11430.823416834026,11522.863957724268,11615.64560543233,11709.174327321158,11803.456138802712,11898.49710372478,11994.303334761045,12090.880993804161,12188.23629236214,12286.375491957784,12385.304904531427,12485.030892846919,12585.55987090084,12686.898304334996,12789.052710852275,12892.029660635888,12995.8357767719,13100.477735675182,13205.962267518828,13312.296156667053,13419.486242111492,13527.539417911097,13636.462633635434,13746.262894811807,13856.947263375758,13968.522858125163,14080.996855178266,14194.376488435144,14308.66905004285,14423.881890864615] 0.31126199007860056 [Infinity,Infinity,Infinity,Infinity,Infinity,Infinity,Infinity,Infinity,Infinity,Infinity,Infinity,Infinity,Infinity,Infinity,Infinity,Infinity,Infinity,Infinity,Infinity,Infinity,Infinity,Infinity,Infinity,Infinity,Infinity,Infinity,Infinity,Infinity,Infinity,Infinity,Infinity,Infinity,Infinity,Infinity,Infinity,Infinity,Infinity,Infinity,Infinity,Infinity,Infinity,Infinity,Infinity,Infinity,Infinity,Infinity,Infinity,Infinity,Infinity,Infinity,Infinity,Infinity,Infinity,Infinity,Infinity,Infinity,Infinity,Infinity,Infinity,Infinity,Infinity,Infinity,Infinity,Infinity,Infinity,Infinity,Infinity,Infinity,Infinity,Infinity,Infinity,Infinity,Infinity,Infinity,Infinity,Infinity,Infinity,Infinity,Infinity,Infinity,Infinity,Infinity,Infinity,Infinity,Infinity,Infinity,Infinity,Infinity,Infinity,Infinity,Infinity,Infinity,Infinity,Infinity,Infinity,Infinity,Infinity,Infinity,Infinity,Infinity,Infinity,Infinity,Infinity,Infinity,Infinity,Infinity,Infinity,Infinity,Infinity,Infinity,Infinity,Infinity,Infinity,Infinity,Infinity,Infinity,Infinity,Infinity,Infinity,Infinity,Infinity,Infinity,Infinity,Infinity,Infinity,Infinity,Infinity,Infinity,Infinity,Infinity,Infinity,Infinity,Infinity,Infinity,Infinity,Infinity,Infinity,Infinity,Infinity,Infinity,Infinity,Infinity,Infinity,Infinity,Infinity,Infinity,Infinity,Infinity,Infinity,Infinity,Infinity,Infinity,Infinity,Infinity,Infinity,Infinity,Infinity,Infinity,Infinity,Infinity,Infinity,Infinity,Infinity,Infinity,Infinity,Infinity,Infinity,Infinity,Infinity,Infinity,Infinity,Infinity,Infinity,Infinity,Infinity,Infinity,Infinity,Infinity,Infinity,Infinity,Infinity,Infinity,Infinity,Infinity,Infinity,Infinity,Infinity,Infinity,Infinity,Infinity,Infinity,Infinity,Infinity,Infinity,Infinity,Infinity,Infinity,Infinity,Infinity,Infinity,Infinity,Infinity,Infinity,Infinity,Infinity,Infinity,Infinity,Infinity,Infinity,Infinity,Infinity,Infinity,Infinity,Infinity,Infinity,Infinity,Infinity,Infinity,Infinity,Infinity,Infinity,Infinity,Infinity,Infinity,Infinity,Infinity,Infinity,Infinity,Infinity,Infinity,Infinity,Infinity,Infinity,Infinity,Infinity,Infinity,Infinity,Infinity,Infinity,Infinity,Infinity,Infinity,Infinity,Infinity,Infinity,Infinity,Infinity,Infinity,Infinity,Infinity,Infinity,Infinity,Infinity,Infinity,Infinity,Infinity,Infinity,Infinity,Infinity,Infinity,Infinity,Infinity,Infinity,Infinity,Infinity,Infinity,Infinity,Infinity,Infinity,Infinity,Infinity,Infinity,Infinity,Infinity,Infinity,Infinity,Infinity,Infinity,Infinity,Infinity,Infinity,Infinity,Infinity,Infinity,Infinity,Infinity,Infinity,Infinity,Infinity,Infinity,Infinity,Infinity,Infinity,Infinity,Infinity,Infinity,Infinity,Infinity,Infinity,Infinity] [0.0,0.0,0.0,0.0,0.0,0.0,0.0,0.0,0.0,0.0,0.0,0.0,0.0,0.0,0.0,0.0,0.0,0.0,0.0,0.0,0.0,0.0,0.0,0.0,0.0,0.0,0.0,0.0,0.0,0.0,0.0,0.0,0.0,0.0,0.0,0.0,0.0,0.0,0.0,0.0,0.0,0.0,0.0,0.0,0.0,0.0,0.0,0.0,0.0,0.0,0.0,0.0,0.0,0.0,0.0,0.0,0.0,0.0,0.0,0.0,0.0,0.0,0.0,0.0,0.0,0.0,0.0,0.0,0.0,0.0,0.0,0.0,0.0,0.0,0.0,0.0,0.0,0.0,0.0,0.0,0.0,0.0,0.0,0.0,0.0,0.0,0.0,0.0,0.0,0.0,0.0,0.0,0.0,0.0,0.0,0.0,0.0,0.0,0.0,0.0,0.0,0.0,0.0,0.0,0.0,0.0,0.0,0.0,0.0,0.0,0.0,0.0,0.0,0.0,0.0,0.0,0.0,0.0,0.0,0.0,0.0,0.0,0.0,0.0,0.0,0.0,0.0,0.0,0.0,0.0,0.0,0.0,0.0,0.0,0.0,0.0,0.0,0.0,0.0,0.0,0.0,0.0,0.0,0.0,0.0,0.0,0.0,0.0,0.0,0.0,0.0,0.0,0.0,0.0,0.0,0.0,0.0,0.0,0.0,0.0,0.0,0.0,0.0,0.0,0.0,0.0,0.0,0.0,0.0,0.0,0.0,0.0,0.0,0.0,0.0,0.0,0.0,0.0,0.0,0.0,0.0,0.0,0.0,0.0,0.0,0.0,0.0,0.0,0.0,0.0,0.0,0.0,0.0,0.0,0.0,0.0,0.0,0.0,0.0,0.0,0.0,0.0,0.0,0.0,0.0,0.0,0.0,0.0,0.0,0.0,0.0,0.0,0.0,0.0,0.0,0.0,0.0,0.0,0.0,0.0,0.0,0.0,0.0,0.0,0.0,0.0,0.0,0.0,0.0,0.0,0.0,0.0,0.0,0.0,0.0,0.0,0.0,0.0,0.0,0.0,0.0,0.0,0.0,0.0,0.0,0.0,0.0,0.0,0.0,0.0,0.0,0.0,0.0,0.0,0.0,0.0,0.0,0.0,0.0,0.0,0.0,0.0,0.0,0.0,0.0,0.0,0.0,0.0,0.0,0.0,0.0,0.0,0.0,0.0,0.0,0.0,0.0,0.0,0.0,0.0,0.0,0.0,0.0,0.0,0.0,0.0,0.0,0.0,0.0,0.0,0.0,0.0,0.0,0.0,0.0,0.0,0.0,0.0,0.0,0.0]
56386.21258687303 [0.0,0.0,0.0,0.0,0.0,0.0,0.0,0.0,0.0,0.0,0.0,0.0,0.0,0.0,0.0,0.0,0.0,0.0,0.0,0.0,0.0,0.0,0.0,0.0,0.0,0.0,0.0,0.0,0.0,0.0,0.0,0.0,0.0,0.0,0.0,0.0,0.0,0.0,0.0,0.0,0.0,0.0,0.0,0.0,0.0,0.0,0.0,0.0,0.0,0.0,0.0,0.0,0.0,0.0,0.0,0.0,0.0,0.0,0.0,0.0,0.0,0.0,0.0,0.0,0.0,0.0,0.0,0.0,0.0,0.0,0.0,0.0,0.0,0.0,0.0,0.0,0.0,0.0,0.0,0.0,0.0,0.0,0.0,0.0,0.0,0.0,0.0,0.0,0.0,0.0,0.0,0.0,0.0,0.0,0.0,0.0,0.0,0.0,0.0,0.0,0.0,0.0,0.0,0.0,0.0,0.0,0.0,0.0,0.0,0.0,0.0,0.0,0.0,0.0,0.0,0.0,0.0,0.0,0.0,0.0,0.0,0.0,0.0,0.0,0.0,0.0,0.0,0.0,0.0,0.0,0.0,0.0,0.0,0.0,0.0,0.0,0.0,0.0,0.0,0.0,0.0,0.0,0.0,0.0,0.0,0.0,0.0,0.0,0.0,0.0,0.0,0.0,0.0,0.0,0.0,0.0,0.0,0.0,0.0,0.0,0.0,0.0,0.0,0.0,0.0,0.0,0.0,0.0,0.0,0.0,0.0,0.0,0.0,0.0,0.0,0.0,0.0,0.0,0.0,0.0,0.0,0.0,0.0,0.0,0.0,0.0,0.0,0.0,0.0,0.0,0.0,0.0,0.0,0.0,0.0,0.0,0.0,0.0,0.0,0.0,0.0,0.0,0.0,0.0,0.0,0.0,0.0,0.0,0.0,0.0,0.0,0.0,0.0,0.0,0.0,0.0,0.0,0.0,0.0,0.0,0.0,0.0,0.0,0.0,0.0,0.0,0.0,0.0,0.0,0.0,0.0,0.0,0.0,0.0,0.0,0.0,0.0,0.0,0.0,0.0,0.0,0.0,0.0,0.0,0.0,0.0,0.0,0.0,0.0,0.0,0.0,0.0,0.0,0.0,0.0,0.0,0.0,0.0,0.0,0.0,0.0,0.0,0.0,0.0,0.0,0.0,0.0,0.0,0.0,0.0,0.0,0.0,0.0,0.0,0.0,0.0,0.0,0.0,0.0,0.0,0.0,0.0,0.0,0.0,0.0,0.0,0.0,0.0,0.0,0.0,0.0,0.0,0.0,0.0,0.0,0.0,0.0,0.0,0.0,0.0] [1311.2619900786005,1321.8202200865917,1332.463464547639,1343.19240799478,1354.0077404728797,1364.9101575830227,1375.9003605272408,1386.9790561536227,1398.1469570017646,1409.4047813486081,1420.7532532546286,1432.193102610412,1443.7250651835902,1455.3498826661717,1467.068302722235,1478.881079036026,1490.78897136042,1502.7927455657994,1514.8931736892998,1527.0910339844697,1539.3871109713293,1551.7821954868166,1564.2770847356642,1576.872582341659,1589.569498399342,1602.368649526097,1615.270858914685,1628.2769563861766,1641.3877784433362,1654.6041683244075,1667.9269760573632,1681.3570585145608,1694.895279467867,1708.5425096441993,1722.2996267815402,1736.1675156853773,1750.1470682856248,1764.2391836939755,1778.4447682617345,1792.7647356381167,1807.2000068289992,1821.7515102561672,1836.4201818170154,1851.2069649447558,1866.112810669078,1881.1386776773347,1896.285532376183,1911.5543489537563,1926.9461094423048,1942.4618037813711,1958.1024298814455,1973.8689936881608,1989.7625092469793,2005.7839987684179,2021.9344926937952,2038.215029761504,2054.626657073813,2071.1704301642176,2087.8474130653335,2104.6586783773164,2121.605307336866,2138.6883898867477,2155.9090247459117,2173.268319480143,2190.767390573309,2208.407363499154,2226.1893727937027,2244.1145621282076,2262.184084382728,2280.399101720259,2298.7607856614945,2317.2703171601615,2335.9288866789793,2354.7376942662327,2373.6979496329395,2392.810872230673,2412.077691329971,2431.4996460994216,2451.0779856853383,2470.813969292122,2490.7088662632277,2510.763956162824,2530.9805288580706,2551.359884602096,2571.9033341176064,2592.612198681206,2613.487810208354,2634.5315113390543,2655.7446555241822,2677.1286071125573,2698.6847414386757,2720.4144449111714,2742.319115101994,2764.4001608362782,2786.6590022829737,2809.097071046162,2831.715810257159,2854.5166746673017,2877.5011307415425,2900.67065675274,2924.0267428767575,2947.570891288285,2971.304616257478,2995.22944424732,3019.346914011829,3043.658576695001,3068.1659959305807,3092.870747942638,3117.7744216469364,3142.87861875312,3168.1849538677375,3193.695054598094,3219.410561656912,3245.333128967883,3271.4644237720117,3297.806126734876,3324.3599320546946,3351.1275475713155,3378.1106948760344,3405.3111094223436,3432.7305406375262,3460.3707520352004,3488.23352132871,3516.320640545493,3544.6339161423107,3573.1751691214417,3601.9462351478164,3630.9489646670518,3660.1852230244945,3689.6568905851636,3719.3658628547196,3749.3140506013438,3779.5033799786634,3809.935792649603,3840.6132459112973,3871.5377128209448,3902.7111823227383,3934.135659375755,3965.8131650829396,3997.7457368210635,4029.9354283717907,4062.3843100537392,4095.0944688556665,4128.068008570669,4161.3070499315045,4194.813730746993,4228.590206039511,4262.638648183577,4296.961247045588,4331.560210124669,4366.437762694626,4401.596147947099,4437.037627135803,4472.764479721992,4508.779003521039,4545.083514850253,4581.680348677821,4618.571858773019,4655.7604178575675,4693.248417758249,4731.038269560753,4769.132403764733,4807.533270440121,4846.243339384716,4885.265100283049,4924.601062866471,4964.253757074609,5004.22573321805,5044.519562142395,5085.137835393579,5126.08316538458,5167.3581855634,5208.965550582488,5250.907936469426,5293.188040799074,5335.808582867062,5378.772303864684,5422.081967055189,5465.740357951513,5509.7502844954415,5554.1145772382,5598.836089522486,5643.917697666003,5689.362301146471,5735.17282278806,5781.352208949439,5827.903429713208,5874.829479076986,5922.133375145914,5969.818160326825,6017.886901523867,6066.342690335802,6115.188643254807,6164.427901866934,6214.06363305417,6264.099029198114,6314.537308385285,6365.381714614103,6416.635518003553,6468.302015003491,6520.384528606639,6572.88640856233,6625.811031591967,6679.16180160615,6732.942149923667,6787.155535492116,6841.805445110439,6896.895393653112,6952.428924296275,7008.409608745552,7064.841047465831,7121.726869912778,7179.070734766296,7236.876330165845,7295.147373947643,7353.887613883764,7413.100827923194,7472.790824434837,7532.961442452409,7593.616551921397,7654.7600539479145,7716.395881049652,7778.527997408752,7841.160399126823,7904.2971144818985,7967.94220418758,8032.099761654146,8096.773913251861,8161.968818576374,8227.688670716232,8293.937696522553,8360.720156880894,8428.04034698531,8495.90259661459,8564.311270410717,8633.270768159597,8702.785525074065,8772.860012079082,8843.498736099358,8914.706240349144,8986.487104624512,9058.845945597834,9131.787417114787,9205.31621049359,9279.437054826807,9354.154717285446,9429.47400342559,9505.399757497484,9581.936862757088,9659.090241780126,9736.864856778713,9815.265709920519,9894.297843650465,9973.966341015032,10054.276325989182,10135.232963805956,10216.841461288606,10299.107067185563,10382.035072507933,10465.630810869876,10549.89965883156,10634.84703624505,10720.478406602804,10806.799277389146,10893.815200434417,10981.531772272076,11069.954634498676,11159.08947413668,11248.94202400021,11339.518063063782,11430.823416834026,11522.863957724268,11615.64560543233,11709.174327321158,11803.456138802712,11898.49710372478,11994.303334761045,12090.880993804161,12188.23629236214,12286.375491957784,12385.304904531427,12485.030892846919,12585.55987090084,12686.898304334996,12789.052710852275,12892.029660635888,12995.8357767719,13100.477735675182,13205.962267518828,13312.296156667053,13419.486242111492,13527.539417911097,13636.462633635434,13746.262894811807,13856.947263375758,13968.522858125163,14080.996855178266,14194.376488435144,14308.66905004285,14423.881890864615] 0.31126199007860056 [Infinity,Infinity,Infinity,Infinity,Infinity,Infinity,Infinity,Infinity,Infinity,Infinity,Infinity,Infinity,Infinity,Infinity,Infinity,Infinity,Infinity,Infinity,Infinity,Infinity,Infinity,Infinity,Infinity,Infinity,Infinity,Infinity,Infinity,Infinity,Infinity,Infinity,Infinity,Infinity,Infinity,Infinity,Infinity,Infinity,Infinity,Infinity,Infinity,Infinity,Infinity,Infinity,Infinity,Infinity,Infinity,Infinity,Infinity,Infinity,Infinity,Infinity,Infinity,Infinity,Infinity,Infinity,Infinity,Infinity,Infinity,Infinity,Infinity,Infinity,Infinity,Infinity,Infinity,Infinity,Infinity,Infinity,Infinity,Infinity,Infinity,Infinity,Infinity,Infinity,Infinity,Infinity,Infinity,Infinity,Infinity,Infinity,Infinity,Infinity,Infinity,Infinity,Infinity,Infinity,Infinity,Infinity,Infinity,Infinity,Infinity,Infinity,Infinity,Infinity,Infinity,Infinity,Infinity,Infinity,Infinity,Infinity,Infinity,Infinity,Infinity,Infinity,Infinity,Infinity,Infinity,Infinity,Infinity,Infinity,Infinity,Infinity,Infinity,Infinity,Infinity,Infinity,Infinity,Infinity,Infinity,Infinity,Infinity,Infinity,Infinity,Infinity,Infinity,Infinity,Infinity,Infinity,Infinity,Infinity,Infinity,Infinity,Infinity,Infinity,Infinity,Infinity,Infinity,Infinity,Infinity,Infinity,Infinity,Infinity,Infinity,Infinity,Infinity,Infinity,Infinity,Infinity,Infinity,Infinity,Infinity,Infinity,Infinity,Infinity,Infinity,Infinity,Infinity,Infinity,Infinity,Infinity,Infinity,Infinity,Infinity,Infinity,Infinity,Infinity,Infinity,Infinity,Infinity,Infinity,Infinity,Infinity,Infinity,Infinity,Infinity,Infinity,Infinity,Infinity,Infinity,Infinity,Infinity,Infinity,Infinity,Infinity,Infinity,Infinity,Infinity,Infinity,Infinity,Infinity,Infinity,Infinity,Infinity,Infinity,Infinity,Infinity,Infinity,Infinity,Infinity,Infinity,Infinity,Infinity,Infinity,Infinity,Infinity,Infinity,Infinity,Infinity,Infinity,Infinity,Infinity,Infinity,Infinity,Infinity,Infinity,Infinity,Infinity,Infinity,Infinity,Infinity,Infinity,Infinity,Infinity,Infinity,Infinity,Infinity,Infinity,Infinity,Infinity,Infinity,Infinity,Infinity,Infinity,Infinity,Infinity,Infinity,Infinity,Infinity,Infinity,Infinity,Infinity,Infinity,Infinity,Infinity,Infinity,Infinity,Infinity,Infinity,Infinity,Infinity,Infinity,Infinity,Infinity,Infinity,Infinity,Infinity,Infinity,Infinity,Infinity,Infinity,Infinity,Infinity,Infinity,Infinity,Infinity,Infinity,Infinity,Infinity,Infinity,Infinity,Infinity,Infinity,Infinity,Infinity,Infinity,Infinity,Infinity,Infinity,Infinity,Infinity,Infinity,Infinity,Infinity,Infinity,Infinity,Infinity,Infinity,Infinity,Infinity,Infinity,Infinity,Infinity,Infinity,Infinity,Infinity,Infinity,Infinity,Infinity,Infinity,Infinity,Infinity,Infinity] [0.0,0.0,0.0,0.0,0.0,0.0,0.0,0.0,0.0,0.0,0.0,0.0,0.0,0.0,0.0,0.0,0.0,0.0,0.0,0.0,0.0,0.0,0.0,0.0,0.0,0.0,0.0,0.0,0.0,0.0,0.0,0.0,0.0,0.0,0.0,0.0,0.0,0.0,0.0,0.0,0.0,0.0,0.0,0.0,0.0,0.0,0.0,0.0,0.0,0.0,0.0,0.0,0.0,0.0,0.0,0.0,0.0,0.0,0.0,0.0,0.0,0.0,0.0,0.0,0.0,0.0,0.0,0.0,0.0,0.0,0.0,0.0,0.0,0.0,0.0,0.0,0.0,0.0,0.0,0.0,0.0,0.0,0.0,0.0,0.0,0.0,0.0,0.0,0.0,0.0,0.0,0.0,0.0,0.0,0.0,0.0,0.0,0.0,0.0,0.0,0.0,0.0,0.0,0.0,0.0,0.0,0.0,0.0,0.0,0.0,0.0,0.0,0.0,0.0,0.0,0.0,0.0,0.0,0.0,0.0,0.0,0.0,0.0,0.0,0.0,0.0,0.0,0.0,0.0,0.0,0.0,0.0,0.0,0.0,0.0,0.0,0.0,0.0,0.0,0.0,0.0,0.0,0.0,0.0,0.0,0.0,0.0,0.0,0.0,0.0,0.0,0.0,0.0,0.0,0.0,0.0,0.0,0.0,0.0,0.0,0.0,0.0,0.0,0.0,0.0,0.0,0.0,0.0,0.0,0.0,0.0,0.0,0.0,0.0,0.0,0.0,0.0,0.0,0.0,0.0,0.0,0.0,0.0,0.0,0.0,0.0,0.0,0.0,0.0,0.0,0.0,0.0,0.0,0.0,0.0,0.0,0.0,0.0,0.0,0.0,0.0,0.0,0.0,0.0,0.0,0.0,0.0,0.0,0.0,0.0,0.0,0.0,0.0,0.0,0.0,0.0,0.0,0.0,0.0,0.0,0.0,0.0,0.0,0.0,0.0,0.0,0.0,0.0,0.0,0.0,0.0,0.0,0.0,0.0,0.0,0.0,0.0,0.0,0.0,0.0,0.0,0.0,0.0,0.0,0.0,0.0,0.0,0.0,0.0,0.0,0.0,0.0,0.0,0.0,0.0,0.0,0.0,0.0,0.0,0.0,0.0,0.0,0.0,0.0,0.0,0.0,0.0,0.0,0.0,0.0,0.0,0.0,0.0,0.0,0.0,0.0,0.0,0.0,0.0,0.0,0.0,0.0,0.0,0.0,0.0,0.0,0.0,0.0,0.0,0.0,0.0,0.0,0.0,0.0,0.0,0.0,0.0,0.0,0.0,0.0]
56150.494732695566 [0.0,0.0,0.0,0.0,0.0,0.0,0.0,0.0,0.0,0.0,0.0,0.0,0.0,0.0,0.0,0.0,0.0,0.0,0.0,0.0,0.0,0.0,0.0,0.0,0.0,0.0,0.0,0.0,0.0,0.0,0.0,0.0,0.0,0.0,0.0,0.0,0.0,0.0,0.0,0.0,0.0,0.0,0.0,0.0,0.0,0.0,0.0,0.0,0.0,0.0,0.0,0.0,0.0,0.0,0.0,0.0,0.0,0.0,0.0,0.0,0.0,0.0,0.0,0.0,0.0,0.0,0.0,0.0,0.0,0.0,0.0,0.0,0.0,0.0,0.0,0.0,0.0,0.0,0.0,0.0,0.0,0.0,0.0,0.0,0.0,0.0,0.0,0.0,0.0,0.0,0.0,0.0,0.0,0.0,0.0,0.0,0.0,0.0,0.0,0.0,0.0,0.0,0.0,0.0,0.0,0.0,0.0,0.0,0.0,0.0,0.0,0.0,0.0,0.0,0.0,0.0,0.0,0.0,0.0,0.0,0.0,0.0,0.0,0.0,0.0,0.0,0.0,0.0,0.0,0.0,0.0,0.0,0.0,0.0,0.0,0.0,0.0,0.0,0.0,0.0,0.0,0.0,0.0,0.0,0.0,0.0,0.0,0.0,0.0,0.0,0.0,0.0,0.0,0.0,0.0,0.0,0.0,0.0,0.0,0.0,0.0,0.0,0.0,0.0,0.0,0.0,0.0,0.0,0.0,0.0,0.0,0.0,0.0,0.0,0.0,0.0,0.0,0.0,0.0,0.0,0.0,0.0,0.0,0.0,0.0,0.0,0.0,0.0,0.0,0.0,0.0,0.0,0.0,0.0,0.0,0.0,0.0,0.0,0.0,0.0,0.0,0.0,0.0,0.0,0.0,0.0,0.0,0.0,0.0,0.0,0.0,0.0,0.0,0.0,0.0,0.0,0.0,0.0,0.0,0.0,0.0,0.0,0.0,0.0,0.0,0.0,0.0,0.0,0.0,0.0,0.0,0.0,0.0,0.0,0.0,0.0,0.0,0.0,0.0,0.0,0.0,0.0,0.0,0.0,0.0,0.0,0.0,0.0,0.0,0.0,0.0,0.0,0.0,0.0,0.0,0.0,0.0,0.0,0.0,0.0,0.0,0.0,0.0,0.0,0.0,0.0,0.0,0.0,0.0,0.0,0.0,0.0,0.0,0.0,0.0,0.0,0.0,0.0,0.0,0.0,0.0,0.0,0.0,0.0,0.0,0.0,0.0,0.0,0.0,0.0,0.0,0.0,0.0,0.0,0.0,0.0,0.0,0.0,0.0,0.0] [1311.2619900786005,1321.8202200865917,1332.463464547639,1343.19240799478,1354.0077404728797,1364.9101575830227,1375.9003605272408,1386.9790561536227,1398.1469570017646,1409.4047813486081,1420.7532532546286,1432.193102610412,1443.7250651835902,1455.3498826661717,1467.068302722235,1478.881079036026,1490.78897136042,1502.7927455657994,1514.8931736892998,1527.0910339844697,1539.3871109713293,1551.7821954868166,1564.2770847356642,1576.872582341659,1589.569498399342,1602.368649526097,1615.270858914685,1628.2769563861766,1641.3877784433362,1654.6041683244075,1667.9269760573632,1681.3570585145608,1694.895279467867,1708.5425096441993,1722.2996267815402,1736.1675156853773,1750.1470682856248,1764.2391836939755,1778.4447682617345,1792.7647356381167,1807.2000068289992,1821.7515102561672,1836.4201818170154,1851.2069649447558,1866.112810669078,1881.1386776773347,1896.285532376183,1911.5543489537563,1926.9461094423048,1942.4618037813711,1958.1024298814455,1973.8689936881608,1989.7625092469793,2005.7839987684179,2021.9344926937952,2038.215029761504,2054.626657073813,2071.1704301642176,2087.8474130653335,2104.6586783773164,2121.605307336866,2138.6883898867477,2155.9090247459117,2173.268319480143,2190.767390573309,2208.407363499154,2226.1893727937027,2244.1145621282076,2262.184084382728,2280.399101720259,2298.7607856614945,2317.2703171601615,2335.9288866789793,2354.7376942662327,2373.6979496329395,2392.810872230673,2412.077691329971,2431.4996460994216,2451.0779856853383,2470.813969292122,2490.7088662632277,2510.763956162824,2530.9805288580706,2551.359884602096,2571.9033341176064,2592.612198681206,2613.487810208354,2634.5315113390543,2655.7446555241822,2677.1286071125573,2698.6847414386757,2720.4144449111714,2742.319115101994,2764.4001608362782,2786.6590022829737,2809.097071046162,2831.715810257159,2854.5166746673017,2877.5011307415425,2900.67065675274,2924.0267428767575,2947.570891288285,2971.304616257478,2995.22944424732,3019.346914011829,3043.658576695001,3068.1659959305807,3092.870747942638,3117.7744216469364,3142.87861875312,3168.1849538677375,3193.695054598094,3219.410561656912,3245.333128967883,3271.4644237720117,3297.806126734876,3324.3599320546946,3351.1275475713155,3378.1106948760344,3405.3111094223436,3432.7305406375262,3460.3707520352004,3488.23352132871,3516.320640545493,3544.6339161423107,3573.1751691214417,3601.9462351478164,3630.9489646670518,3660.1852230244945,3689.6568905851636,3719.3658628547196,3749.3140506013438,3779.5033799786634,3809.935792649603,3840.6132459112973,3871.5377128209448,3902.7111823227383,3934.135659375755,3965.8131650829396,3997.7457368210635,4029.9354283717907,4062.3843100537392,4095.0944688556665,4128.068008570669,4161.3070499315045,4194.813730746993,4228.590206039511,4262.638648183577,4296.961247045588,4331.560210124669,4366.437762694626,4401.596147947099,4437.037627135803,4472.764479721992,4508.779003521039,4545.083514850253,4581.680348677821,4618.571858773019,4655.7604178575675,4693.248417758249,4731.038269560753,4769.132403764733,4807.533270440121,4846.243339384716,4885.265100283049,4924.601062866471,4964.253757074609,5004.22573321805,5044.519562142395,5085.137835393579,5126.08316538458,5167.3581855634,5208.965550582488,5250.907936469426,5293.188040799074,5335.808582867062,5378.772303864684,5422.081967055189,5465.740357951513,5509.7502844954415,5554.1145772382,5598.836089522486,5643.917697666003,5689.362301146471,5735.17282278806,5781.352208949439,5827.903429713208,5874.829479076986,5922.133375145914,5969.818160326825,6017.886901523867,6066.342690335802,6115.188643254807,6164.427901866934,6214.06363305417,6264.099029198114,6314.537308385285,6365.381714614103,6416.635518003553,6468.302015003491,6520.384528606639,6572.88640856233,6625.811031591967,6679.16180160615,6732.942149923667,6787.155535492116,6841.805445110439,6896.895393653112,6952.428924296275,7008.409608745552,7064.841047465831,7121.726869912778,7179.070734766296,7236.876330165845,7295.147373947643,7353.887613883764,7413.100827923194,7472.790824434837,7532.961442452409,7593.616551921397,7654.7600539479145,7716.395881049652,7778.527997408752,7841.160399126823,7904.2971144818985,7967.94220418758,8032.099761654146,8096.773913251861,8161.968818576374,8227.688670716232,8293.937696522553,8360.720156880894,8428.04034698531,8495.90259661459,8564.311270410717,8633.270768159597,8702.785525074065,8772.860012079082,8843.498736099358,8914.706240349144,8986.487104624512,9058.845945597834,9131.787417114787,9205.31621049359,9279.437054826807,9354.154717285446,9429.47400342559,9505.399757497484,9581.936862757088,9659.090241780126,9736.864856778713,9815.265709920519,9894.297843650465,9973.966341015032,10054.276325989182,10135.232963805956,10216.841461288606,10299.107067185563,10382.035072507933,10465.630810869876,10549.89965883156,10634.84703624505,10720.478406602804,10806.799277389146,10893.815200434417,10981.531772272076,11069.954634498676,11159.08947413668,11248.94202400021,11339.518063063782,11430.823416834026,11522.863957724268,11615.64560543233,11709.174327321158,11803.456138802712,11898.49710372478,11994.303334761045,12090.880993804161,12188.23629236214,12286.375491957784,12385.304904531427,12485.030892846919,12585.55987090084,12686.898304334996,12789.052710852275,12892.029660635888,12995.8357767719,13100.477735675182,13205.962267518828,13312.296156667053,13419.486242111492,13527.539417911097,13636.462633635434,13746.262894811807,13856.947263375758,13968.522858125163,14080.996855178266,14194.376488435144,14308.66905004285,14423.881890864615] 0.31126199007860056 [Infinity,Infinity,Infinity,Infinity,Infinity,Infinity,Infinity,Infinity,Infinity,Infinity,Infinity,Infinity,Infinity,Infinity,Infinity,Infinity,Infinity,Infinity,Infinity,Infinity,Infinity,Infinity,Infinity,Infinity,Infinity,Infinity,Infinity,Infinity,Infinity,Infinity,Infinity,Infinity,Infinity,Infinity,Infinity,Infinity,Infinity,Infinity,Infinity,Infinity,Infinity,Infinity,Infinity,Infinity,Infinity,Infinity,Infinity,Infinity,Infinity,Infinity,Infinity,Infinity,Infinity,Infinity,Infinity,Infinity,Infinity,Infinity,Infinity,Infinity,Infinity,Infinity,Infinity,Infinity,Infinity,Infinity,Infinity,Infinity,Infinity,Infinity,Infinity,Infinity,Infinity,Infinity,Infinity,Infinity,Infinity,Infinity,Infinity,Infinity,Infinity,Infinity,Infinity,Infinity,Infinity,Infinity,Infinity,Infinity,Infinity,Infinity,Infinity,Infinity,Infinity,Infinity,Infinity,Infinity,Infinity,Infinity,Infinity,Infinity,Infinity,Infinity,Infinity,Infinity,Infinity,Infinity,Infinity,Infinity,Infinity,Infinity,Infinity,Infinity,Infinity,Infinity,Infinity,Infinity,Infinity,Infinity,Infinity,Infinity,Infinity,Infinity,Infinity,Infinity,Infinity,Infinity,Infinity,Infinity,Infinity,Infinity,Infinity,Infinity,Infinity,Infinity,Infinity,Infinity,Infinity,Infinity,Infinity,Infinity,Infinity,Infinity,Infinity,Infinity,Infinity,Infinity,Infinity,Infinity,Infinity,Infinity,Infinity,Infinity,Infinity,Infinity,Infinity,Infinity,Infinity,Infinity,Infinity,Infinity,Infinity,Infinity,Infinity,Infinity,Infinity,Infinity,Infinity,Infinity,Infinity,Infinity,Infinity,Infinity,Infinity,Infinity,Infinity,Infinity,Infinity,Infinity,Infinity,Infinity,Infinity,Infinity,Infinity,Infinity,Infinity,Infinity,Infinity,Infinity,Infinity,Infinity,Infinity,Infinity,Infinity,Infinity,Infinity,Infinity,Infinity,Infinity,Infinity,Infinity,Infinity,Infinity,Infinity,Infinity,Infinity,Infinity,Infinity,Infinity,Infinity,Infinity,Infinity,Infinity,Infinity,Infinity,Infinity,Infinity,Infinity,Infinity,Infinity,Infinity,Infinity,Infinity,Infinity,Infinity,Infinity,Infinity,Infinity,Infinity,Infinity,Infinity,Infinity,Infinity,Infinity,Infinity,Infinity,Infinity,Infinity,Infinity,Infinity,Infinity,Infinity,Infinity,Infinity,Infinity,Infinity,Infinity,Infinity,Infinity,Infinity,Infinity,Infinity,Infinity,Infinity,Infinity,Infinity,Infinity,Infinity,Infinity,Infinity,Infinity,Infinity,Infinity,Infinity,Infinity,Infinity,Infinity,Infinity,Infinity,Infinity,Infinity,Infinity,Infinity,Infinity,Infinity,Infinity,Infinity,Infinity,Infinity,Infinity,Infinity,Infinity,Infinity,Infinity,Infinity,Infinity,Infinity,Infinity,Infinity,Infinity,Infinity,Infinity,Infinity,Infinity,Infinity,Infinity,Infinity,Infinity,Infinity,Infinity,Infinity] [0.0,0.0,0.0,0.0,0.0,0.0,0.0,0.0,0.0,0.0,0.0,0.0,0.0,0.0,0.0,0.0,0.0,0.0,0.0,0.0,0.0,0.0,0.0,0.0,0.0,0.0,0.0,0.0,0.0,0.0,0.0,0.0,0.0,0.0,0.0,0.0,0.0,0.0,0.0,0.0,0.0,0.0,0.0,0.0,0.0,0.0,0.0,0.0,0.0,0.0,0.0,0.0,0.0,0.0,0.0,0.0,0.0,0.0,0.0,0.0,0.0,0.0,0.0,0.0,0.0,0.0,0.0,0.0,0.0,0.0,0.0,0.0,0.0,0.0,0.0,0.0,0.0,0.0,0.0,0.0,0.0,0.0,0.0,0.0,0.0,0.0,0.0,0.0,0.0,0.0,0.0,0.0,0.0,0.0,0.0,0.0,0.0,0.0,0.0,0.0,0.0,0.0,0.0,0.0,0.0,0.0,0.0,0.0,0.0,0.0,0.0,0.0,0.0,0.0,0.0,0.0,0.0,0.0,0.0,0.0,0.0,0.0,0.0,0.0,0.0,0.0,0.0,0.0,0.0,0.0,0.0,0.0,0.0,0.0,0.0,0.0,0.0,0.0,0.0,0.0,0.0,0.0,0.0,0.0,0.0,0.0,0.0,0.0,0.0,0.0,0.0,0.0,0.0,0.0,0.0,0.0,0.0,0.0,0.0,0.0,0.0,0.0,0.0,0.0,0.0,0.0,0.0,0.0,0.0,0.0,0.0,0.0,0.0,0.0,0.0,0.0,0.0,0.0,0.0,0.0,0.0,0.0,0.0,0.0,0.0,0.0,0.0,0.0,0.0,0.0,0.0,0.0,0.0,0.0,0.0,0.0,0.0,0.0,0.0,0.0,0.0,0.0,0.0,0.0,0.0,0.0,0.0,0.0,0.0,0.0,0.0,0.0,0.0,0.0,0.0,0.0,0.0,0.0,0.0,0.0,0.0,0.0,0.0,0.0,0.0,0.0,0.0,0.0,0.0,0.0,0.0,0.0,0.0,0.0,0.0,0.0,0.0,0.0,0.0,0.0,0.0,0.0,0.0,0.0,0.0,0.0,0.0,0.0,0.0,0.0,0.0,0.0,0.0,0.0,0.0,0.0,0.0,0.0,0.0,0.0,0.0,0.0,0.0,0.0,0.0,0.0,0.0,0.0,0.0,0.0,0.0,0.0,0.0,0.0,0.0,0.0,0.0,0.0,0.0,0.0,0.0,0.0,0.0,0.0,0.0,0.0,0.0,0.0,0.0,0.0,0.0,0.0,0.0,0.0,0.0,0.0,0.0,0.0,0.0,0.0]
56228.472838380614 [0.0,0.0,0.0,0.0,0.0,0.0,0.0,0.0,0.0,0.0,0.0,0.0,0.0,0.0,0.0,0.0,0.0,0.0,0.0,0.0,0.0,0.0,0.0,0.0,0.0,0.0,0.0,0.0,0.0,0.0,0.0,0.0,0.0,0.0,0.0,0.0,0.0,0.0,0.0,0.0,0.0,0.0,0.0,0.0,0.0,0.0,0.0,0.0,0.0,0.0,0.0,0.0,0.0,0.0,0.0,0.0,0.0,0.0,0.0,0.0,0.0,0.0,0.0,0.0,0.0,0.0,0.0,0.0,0.0,0.0,0.0,0.0,0.0,0.0,0.0,0.0,0.0,0.0,0.0,0.0,0.0,0.0,0.0,0.0,0.0,0.0,0.0,0.0,0.0,0.0,0.0,0.0,0.0,0.0,0.0,0.0,0.0,0.0,0.0,0.0,0.0,0.0,0.0,0.0,0.0,0.0,0.0,0.0,0.0,0.0,0.0,0.0,0.0,0.0,0.0,0.0,0.0,0.0,0.0,0.0,0.0,0.0,0.0,0.0,0.0,0.0,0.0,0.0,0.0,0.0,0.0,0.0,0.0,0.0,0.0,0.0,0.0,0.0,0.0,0.0,274.4504653496427,214.99331304270706,177.28424619464192,136.66261919957248,119.15945794356738,127.38503890725212,165.85963877273807,174.8041861590541,176.96444125682655,206.94515745424212,216.61915938971347,269.25821817249204,298.7968696280363,346.28404623861275,355.4974197774142,334.53244296822487,402.9748421405154,404.9714805759209,382.26716044740346,354.1747233659701,348.35185956322005,328.0036577234262,312.3565284774187,292.7351726354865,334.1631610090178,379.7203934391407,437.91324028644715,372.0380946542617,460.24418221714745,504.6699674544353,477.63779608908516,491.382102327132,517.3449397621974,529.8473179024509,511.02238297666736,464.3623181481035,447.0590283581448,456.3108346751174,400.8482342551781,328.31107186129697,337.7791921390547,329.3046233746391,304.8930139733243,326.1553839012263,370.8724989728352,372.1588890660009,372.84261866476396,379.9497412385154,372.38965500801487,377.2704680614555,351.3725646646265,360.0658072977949,318.0153833766842,312.36046437283085,296.76068640322165,303.5324833150913,264.4767173783321,262.3202220210716,231.12843684314475,234.75984191370182,233.5984020260586,257.12232211497786,274.88413416339364,294.8927549297394,295.73043069992195,277.4007546318353,258.8088720746028,214.94713049491037,229.84031387759057,229.35699158226882,210.41674836269874,189.9652824072526,217.67248482623657,189.5155050689351,200.8896816913825,222.20514020427467,202.3075084865817,212.22548243308114,213.3722012065153,204.12107847298927,198.16600836957207,196.02646957990402,185.39735492546637,170.46165318201793,171.18529407195751,153.3172488424213,146.57756090128575,159.37684251417005,173.73644575971312,181.42723036862168,161.87402160905145,164.53870564015315,150.93303940730002,151.44566538559081,165.94098056908084,145.89073865887363,149.62293937926296,141.83508851415195,152.00973001559908,129.1950052253243,117.86743264677028,120.63057006428116,112.38594235212462,115.4788514167439,116.7221851571351,118.09806385536629,114.31359517948664,106.40343112082948,102.10062108400935,101.91457167285635,83.72494192687974,86.56522426913352,92.6969948412111,81.54889563103424,81.03495142939208,84.02646544654323,75.35654908682098,70.21130037108661,70.097813299354,60.34336564764737,58.2319693446444,62.57106473678922,62.40595923152634,61.96894933057509,63.596443917576785,72.40305717773636,62.58755452992375,68.82872085482951,67.67090141880276,65.58407685777706,66.58062328060878,62.403651899838636,55.19095832657194,59.17396212063138,51.57253654404559,54.74384469679624,54.4642383833871,49.44995656816633,47.00102007934597,44.90703645328647,42.81823516620144,46.18759105933208,53.16564372107913,55.654011397076566,47.98313614808447,52.616057136360446,45.4710471385068,41.1422137693107,34.61927165587092,30.280633056319434,26.536188253060445,21.068182645377778,20.698163669992724,20.143978724099235,19.762580661525238,20.69307577996235,20.073753170303696,19.572710524109134,17.115313537703102,15.689399586802487] [1311.2619900786005,1321.8202200865917,1332.463464547639,1343.19240799478,1354.0077404728797,1364.9101575830227,1375.9003605272408,1386.9790561536227,1398.1469570017646,1409.4047813486081,1420.7532532546286,1432.193102610412,1443.7250651835902,1455.3498826661717,1467.068302722235,1478.881079036026,1490.78897136042,1502.7927455657994,1514.8931736892998,1527.0910339844697,1539.3871109713293,1551.7821954868166,1564.2770847356642,1576.872582341659,1589.569498399342,1602.368649526097,1615.270858914685,1628.2769563861766,1641.3877784433362,1654.6041683244075,1667.9269760573632,1681.3570585145608,1694.895279467867,1708.5425096441993,1722.2996267815402,1736.1675156853773,1750.1470682856248,1764.2391836939755,1778.4447682617345,1792.7647356381167,1807.2000068289992,1821.7515102561672,1836.4201818170154,1851.2069649447558,1866.112810669078,1881.1386776773347,1896.285532376183,1911.5543489537563,1926.9461094423048,1942.4618037813711,1958.1024298814455,1973.8689936881608,1989.7625092469793,2005.7839987684179,2021.9344926937952,2038.215029761504,2054.626657073813,2071.1704301642176,2087.8474130653335,2104.6586783773164,2121.605307336866,2138.6883898867477,2155.9090247459117,2173.268319480143,2190.767390573309,2208.407363499154,2226.1893727937027,2244.1145621282076,2262.184084382728,2280.399101720259,2298.7607856614945,2317.2703171601615,2335.9288866789793,2354.7376942662327,2373.6979496329395,2392.810872230673,2412.077691329971,2431.4996460994216,2451.0779856853383,2470.813969292122,2490.7088662632277,2510.763956162824,2530.9805288580706,2551.359884602096,2571.9033341176064,2592.612198681206,2613.487810208354,2634.5315113390543,2655.7446555241822,2677.1286071125573,2698.6847414386757,2720.4144449111714,2742.319115101994,2764.4001608362782,2786.6590022829737,2809.097071046162,2831.715810257159,2854.5166746673017,2877.5011307415425,2900.67065675274,2924.0267428767575,2947.570891288285,2971.304616257478,2995.22944424732,3019.346914011829,3043.658576695001,3068.1659959305807,3092.870747942638,3117.7744216469364,3142.87861875312,3168.1849538677375,3193.695054598094,3219.410561656912,3245.333128967883,3271.4644237720117,3297.806126734876,3324.3599320546946,3351.1275475713155,3378.1106948760344,3405.3111094223436,3432.7305406375262,3460.3707520352004,3488.23352132871,3516.320640545493,3544.6339161423107,3573.1751691214417,3601.9462351478164,3630.9489646670518,3660.1852230244945,3689.6568905851636,3719.3658628547196,3749.3140506013438,3779.5033799786634,3809.935792649603,3840.6132459112973,3871.5377128209448,3902.7111823227383,3934.135659375755,3965.8131650829396,3997.7457368210635,4029.9354283717907,4062.3843100537392,4095.0944688556665,4128.068008570669,4161.3070499315045,4194.813730746993,4228.590206039511,4262.638648183577,4296.961247045588,4331.560210124669,4366.437762694626,4401.596147947099,4437.037627135803,4472.764479721992,4508.779003521039,4545.083514850253,4581.680348677821,4618.571858773019,4655.7604178575675,4693.248417758249,4731.038269560753,4769.132403764733,4807.533270440121,4846.243339384716,4885.265100283049,4924.601062866471,4964.253757074609,5004.22573321805,5044.519562142395,5085.137835393579,5126.08316538458,5167.3581855634,5208.965550582488,5250.907936469426,5293.188040799074,5335.808582867062,5378.772303864684,5422.081967055189,5465.740357951513,5509.7502844954415,5554.1145772382,5598.836089522486,5643.917697666003,5689.362301146471,5735.17282278806,5781.352208949439,5827.903429713208,5874.829479076986,5922.133375145914,5969.818160326825,6017.886901523867,6066.342690335802,6115.188643254807,6164.427901866934,6214.06363305417,6264.099029198114,6314.537308385285,6365.381714614103,6416.635518003553,6468.302015003491,6520.384528606639,6572.88640856233,6625.811031591967,6679.16180160615,6732.942149923667,6787.155535492116,6841.805445110439,6896.895393653112,6952.428924296275,7008.409608745552,7064.841047465831,7121.726869912778,7179.070734766296,7236.876330165845,7295.147373947643,7353.887613883764,7413.100827923194,7472.790824434837,7532.961442452409,7593.616551921397,7654.7600539479145,7716.395881049652,7778.527997408752,7841.160399126823,7904.2971144818985,7967.94220418758,8032.099761654146,8096.773913251861,8161.968818576374,8227.688670716232,8293.937696522553,8360.720156880894,8428.04034698531,8495.90259661459,8564.311270410717,8633.270768159597,8702.785525074065,8772.860012079082,8843.498736099358,8914.706240349144,8986.487104624512,9058.845945597834,9131.787417114787,9205.31621049359,9279.437054826807,9354.154717285446,9429.47400342559,9505.399757497484,9581.936862757088,9659.090241780126,9736.864856778713,9815.265709920519,9894.297843650465,9973.966341015032,10054.276325989182,10135.232963805956,10216.841461288606,10299.107067185563,10382.035072507933,10465.630810869876,10549.89965883156,10634.84703624505,10720.478406602804,10806.799277389146,10893.815200434417,10981.531772272076,11069.954634498676,11159.08947413668,11248.94202400021,11339.518063063782,11430.823416834026,11522.863957724268,11615.64560543233,11709.174327321158,11803.456138802712,11898.49710372478,11994.303334761045,12090.880993804161,12188.23629236214,12286.375491957784,12385.304904531427,12485.030892846919,12585.55987090084,12686.898304334996,12789.052710852275,12892.029660635888,12995.8357767719,13100.477735675182,13205.962267518828,13312.296156667053,13419.486242111492,13527.539417911097,13636.462633635434,13746.262894811807,13856.947263375758,13968.522858125163,14080.996855178266,14194.376488435144,14308.66905004285,14423.881890864615] 0.31126199007860056 [Infinity,Infinity,Infinity,Infinity,Infinity,Infinity,Infinity,Infinity,Infinity,Infinity,Infinity,Infinity,Infinity,Infinity,Infinity,Infinity,Infinity,Infinity,Infinity,Infinity,Infinity,Infinity,Infinity,Infinity,Infinity,Infinity,Infinity,Infinity,Infinity,Infinity,Infinity,Infinity,Infinity,Infinity,Infinity,Infinity,Infinity,Infinity,Infinity,Infinity,Infinity,Infinity,Infinity,Infinity,Infinity,Infinity,Infinity,Infinity,Infinity,Infinity,Infinity,Infinity,Infinity,Infinity,Infinity,Infinity,Infinity,Infinity,Infinity,Infinity,Infinity,Infinity,Infinity,Infinity,Infinity,Infinity,Infinity,Infinity,Infinity,Infinity,Infinity,Infinity,Infinity,Infinity,Infinity,Infinity,Infinity,Infinity,Infinity,Infinity,Infinity,Infinity,Infinity,Infinity,Infinity,Infinity,Infinity,Infinity,Infinity,Infinity,Infinity,Infinity,Infinity,Infinity,Infinity,Infinity,Infinity,Infinity,Infinity,Infinity,Infinity,Infinity,Infinity,Infinity,Infinity,Infinity,Infinity,Infinity,Infinity,Infinity,Infinity,Infinity,Infinity,Infinity,Infinity,Infinity,Infinity,Infinity,Infinity,Infinity,Infinity,Infinity,Infinity,Infinity,Infinity,Infinity,Infinity,Infinity,Infinity,Infinity,Infinity,Infinity,Infinity,Infinity,Infinity,Infinity,Infinity,Infinity,Infinity,Infinity,13.436656651102757,11.492300421117092,9.136499406941695,7.1720100373714715,6.1387800189358055,6.503907239924885,7.8514823695886635,9.162868684035471,9.666311868490913,9.920333176512056,10.864812625485897,12.8339919237909,15.168922021382736,17.15639911317832,18.587536003881297,19.51990283769516,20.03799640036663,20.274843058670477,20.331182311423262,19.920960432099744,18.547479608226375,16.44597866968861,15.070702220229759,15.619469350580383,17.220960933527174,18.39400680629475,19.089824496132128,20.422811039629277,22.68439516625572,24.6313909372886,25.28625938045369,25.306267937667894,25.602782182150484,26.087319967901834,26.246343647400813,25.771416304045875,24.503261602269838,22.456615285605395,19.83300314921839,17.251439057094043,15.847773168561512,16.00128444691035,16.81260080722361,17.54523907032675,17.96206113356451,18.090156940241037,18.332895046242903,18.811739120008266,19.132845999746735,18.97493759564974,18.197731705149508,16.994065783910013,15.897341378936892,15.295855746676903,15.343653022762272,15.23669007170786,13.999490529695573,12.443173129044542,11.6217436791345,11.588164074110223,12.188384566882993,13.206690667074222,14.194096657030807,14.61810493367708,14.54790240006236,14.103185953475343,13.000056976153166,11.748737939490697,11.472885280088153,11.432261965637768,10.87848222355396,10.770168587168566,11.013130541135094,10.806874352614198,10.731149643780515,10.945116475815137,10.767663390351405,10.394261241520312,10.174551733803959,10.126912208406507,10.112603573646604,9.91867853137235,9.367508408834796,8.6790761662816,8.023799935601621,7.39859444843327,7.356746164118941,7.917381208743128,8.476598997815938,8.731313888505415,8.72213150905945,8.542498218856961,8.165449579093504,7.877863827562635,7.70910586615944,7.501725191754867,7.2781363094489295,7.080741341019372,6.796491419955584,6.442852114535723,6.279034909538252,6.139509548296095,5.979113911517904,5.879630603237432,5.803112318553146,5.567995277549297,5.3201483782325685,5.175773906060259,5.0756478489421815,4.922191675730758,4.714170722877267,4.4926919743676885,4.297783006826573,4.294907823674046,4.333792034983601,4.184206648550346,3.863690702824363,3.5029242957229734,3.2109882214918755,3.1346699429822293,3.185562337912491,3.184425713693292,3.157820224620225,3.125839518989343,3.1377427582002007,3.310212437972298,3.406909896923998,3.3590124380371242,3.3053343477696417,3.249583848172338,3.1408366510045016,3.0348713573747528,2.87019239385624,2.785776546744535,2.618797562467673,2.6421663569684157,2.6957342032825045,2.445960783900561,2.2969986001218574,2.3748460689070523,2.291825497154904,2.520702430331867,2.658143036827582,2.6184408823517407,2.4996246715713286,2.455223658366955,2.3090252733397616,2.025457306378004,1.7582665243503084,1.5113591896994203,1.2926058322277298,1.024204948352473,1.0287793401415153,1.0139881665489614,1.0165443395585652,0.9937348637282198,0.9914437284549307,0.9118565315744794,0.8528424870065076,0.8433133557057072] [0.0,0.0,0.0,0.0,0.0,0.0,0.0,0.0,0.0,0.0,0.0,0.0,0.0,0.0,0.0,0.0,0.0,0.0,0.0,0.0,0.0,0.0,0.0,0.0,0.0,0.0,0.0,0.0,0.0,0.0,0.0,0.0,0.0,0.0,0.0,0.0,0.0,0.0,0.0,0.0,0.0,0.0,0.0,0.0,0.0,0.0,0.0,0.0,0.0,0.0,0.0,0.0,0.0,0.0,0.0,0.0,0.0,0.0,0.0,0.0,0.0,0.0,0.0,0.0,0.0,0.0,0.0,0.0,0.0,0.0,0.0,0.0,0.0,0.0,0.0,0.0,0.0,0.0,0.0,0.0,0.0,0.0,0.0,0.0,0.0,0.0,0.0,0.0,0.0,0.0,0.0,0.0,0.0,0.0,0.0,0.0,0.0,0.0,0.0,0.0,0.0,0.0,0.0,0.0,0.0,0.0,0.0,0.0,0.0,0.0,0.0,0.0,0.0,0.0,0.0,0.0,0.0,0.0,0.0,0.0,0.0,0.0,0.0,0.0,0.0,0.0,0.0,0.0,0.0,0.0,0.0,0.0,0.0,0.0,0.0,0.0,0.0,0.0,0.0,0.0,5.717332327587518,-14.852695379634778,-5.445741944191968,-6.77758154785696,-3.6161424351487326,-2.6931058912455783,8.829991380964804,-8.453187521655334,-16.361796112991716,8.53849392400103,-0.6770931200044447,12.578379696673998,-4.581570799618441,3.1560639750463304,-16.253300300211702,-55.8656137856783,2.214914133182806,-0.5253805974886635,-24.35648578106177,-44.24448527602475,-22.59773260130745,-0.9159156703459985,10.942484072823492,-19.65421437612118,-10.256057661525686,11.84025731324568,56.11675036380461,-36.41812613832383,6.5562788920330455,12.04214870866333,-28.08739151998862,-14.743256426225898,5.28929611918767,8.100918544414226,-13.904489971348873,-51.066007932813996,-43.006203687251954,7.178528963009535,4.188171270810337,-16.71770928058388,20.823728767824495,9.278934436432118,-31.359002171147935,-24.749397505308714,11.63127630154495,10.35575026118009,6.184717739905921,3.714958838350045,-10.26726498691983,-2.228283851539321,-12.582069438363657,20.1844916195946,0.06855579794639907,6.4433494392927715,-10.112374052023773,-1.2013181190658815,-15.51309321557934,13.45675944018072,-1.3064367395452574,2.9965604314973437,-10.169289311601256,-7.0114912265065685,-8.997798977222466,2.530656256197805,4.7723826986747335,-4.662964437671578,-1.1922674484605535,-20.027628294903568,0.3826082758275148,0.7117522695134749,-7.152896108380448,-25.43808933611873,-2.5901259964653423,-26.621981983348856,-13.733311184227802,3.302810687971935,-13.045759320446402,4.340257602674922,9.88116653043612,1.5828343048591151,-4.08606310336001,-2.3471010475430054,-1.952813251229551,-3.1198701436140976,10.709295359925083,5.345359873755891,-0.5573623810930631,1.029218339307481,4.204465803394354,6.800952598513372,-12.568608572137562,-6.311258736986063,-12.375952174570076,-6.111611165661885,11.758863245892028,-4.143765176223705,4.06021319028436,0.2202616937645048,16.079901616487415,0.33796293460982907,-7.713265543994759,-2.159620901640743,-7.196335878233461,-2.113760648004751,0.6599387860721792,6.738158304380349,7.9106276148352705,2.8879529996242996,0.5876641051657109,3.4707381582411894,-10.558472530665592,-3.2886152182202437,6.741334704679629,-4.34926084244667,-5.640889270279926,0.34233247553629137,-1.9172649696662982,0.15281445662714663,5.878048869516493,-2.3500332119972236,-5.479277413605427,-1.117449537076622,-0.7504452608781661,-0.5478410492117656,0.8415887535727742,6.198808418290403,-5.55064340855621,1.6484720940870263,1.564214463409922,0.5923998943302947,3.763890260518749,1.7062247523435774,-2.212889550552862,3.4584311857406886,-0.8034147053078752,1.900517557427927,0.549554317737004,0.5307408901551058,1.0610480769088169,-2.589884924854576,-3.0182747768966496,-4.2264575473052615,0.0027829845274920566,3.285193750041754,-2.0093572833421063,3.511583969021346,-0.7094583282884344,0.6330676417506109,-0.546058831135251,0.05344926233102867,0.6840716085058505,0.5840836783283146,0.12257686716241853,-0.13578460687999502,-0.568306129646065,0.8183785053979508,0.24487860120508326,1.3355798926195446,0.058463797572952954,-1.1768675273116571]
56081.04085795692 [0.0,0.0,0.0,0.0,0.0,0.0,0.0,0.0,0.0,0.0,0.0,0.0,0.0,0.0,0.0,0.0,0.0,0.0,0.0,0.0,0.0,0.0,0.0,0.0,0.0,0.0,0.0,0.0,0.0,0.0,0.0,0.0,0.0,0.0,0.0,0.0,0.0,0.0,0.0,0.0,0.0,0.0,0.0,0.0,0.0,0.0,0.0,0.0,0.0,0.0,0.0,0.0,0.0,0.0,0.0,0.0,0.0,0.0,0.0,0.0,0.0,0.0,0.0,0.0,0.0,0.0,0.0,0.0,0.0,0.0,0.0,0.0,0.0,0.0,0.0,0.0,0.0,0.0,0.0,0.0,0.0,0.0,0.0,0.0,0.0,0.0,0.0,0.0,0.0,0.0,0.0,0.0,0.0,0.0,0.0,0.0,0.0,0.0,0.0,0.0,0.0,0.0,0.0,0.0,0.0,0.0,0.0,0.0,0.0,0.0,0.0,0.0,0.0,0.0,0.0,0.0,0.0,0.0,0.0,0.0,0.0,0.0,0.0,0.0,0.0,0.0,0.0,0.0,0.0,0.0,0.0,0.0,0.0,0.0,0.0,0.0,0.0,0.0,0.0,0.0,0.0,0.0,0.0,0.0,0.0,0.0,0.0,0.0,0.0,0.0,0.0,0.0,0.0,0.0,0.0,0.0,0.0,0.0,0.0,0.0,0.0,0.0,0.0,0.0,0.0,0.0,0.0,0.0,0.0,0.0,0.0,0.0,0.0,0.0,0.0,0.0,0.0,0.0,0.0,0.0,0.0,0.0,0.0,0.0,0.0,0.0,0.0,0.0,0.0,0.0,0.0,0.0,0.0,0.0,0.0,0.0,0.0,0.0,0.0,0.0,0.0,0.0,0.0,0.0,0.0,0.0,0.0,0.0,0.0,0.0,0.0,0.0,0.0,0.0,0.0,0.0,0.0,0.0,0.0,0.0,0.0,0.0,0.0,0.0,0.0,0.0,0.0,0.0,0.0,0.0,0.0,0.0,0.0,0.0,0.0,0.0,0.0,0.0,0.0,0.0,0.0,0.0,0.0,0.0,0.0,0.0,0.0,0.0,0.0,0.0,0.0,0.0,0.0,0.0,0.0,0.0,0.0,0.0,0.0,0.0,0.0,0.0,0.0,0.0,0.0,0.0,0.0,0.0,0.0,0.0,0.0,0.0,0.0,0.0,0.0,0.0,0.0,0.0,0.0,0.0,0.0,0.0,0.0,0.0,0.0,0.0,0.0,0.0,0.0,0.0,0.0,0.0,0.0,0.0,0.0,0.0,0.0,0.0,0.0,0.0] [1311.2619900786005,1321.8202200865917,1332.463464547639,1343.19240799478,1354.0077404728797,1364.9101575830227,1375.9003605272408,1386.9790561536227,1398.1469570017646,1409.4047813486081,1420.7532532546286,1432.193102610412,1443.7250651835902,1455.3498826661717,1467.068302722235,1478.881079036026,1490.78897136042,1502.7927455657994,1514.8931736892998,1527.0910339844697,1539.3871109713293,1551.7821954868166,1564.2770847356642,1576.872582341659,1589.569498399342,1602.368649526097,1615.270858914685,1628.2769563861766,1641.3877784433362,1654.6041683244075,1667.9269760573632,1681.3570585145608,1694.895279467867,1708.5425096441993,1722.2996267815402,1736.1675156853773,1750.1470682856248,1764.2391836939755,1778.4447682617345,1792.7647356381167,1807.2000068289992,1821.7515102561672,1836.4201818170154,1851.2069649447558,1866.112810669078,1881.1386776773347,1896.285532376183,1911.5543489537563,1926.9461094423048,1942.4618037813711,1958.1024298814455,1973.8689936881608,1989.7625092469793,2005.7839987684179,2021.9344926937952,2038.215029761504,2054.626657073813,2071.1704301642176,2087.8474130653335,2104.6586783773164,2121.605307336866,2138.6883898867477,2155.9090247459117,2173.268319480143,2190.767390573309,2208.407363499154,2226.1893727937027,2244.1145621282076,2262.184084382728,2280.399101720259,2298.7607856614945,2317.2703171601615,2335.9288866789793,2354.7376942662327,2373.6979496329395,2392.810872230673,2412.077691329971,2431.4996460994216,2451.0779856853383,2470.813969292122,2490.7088662632277,2510.763956162824,2530.9805288580706,2551.359884602096,2571.9033341176064,2592.612198681206,2613.487810208354,2634.5315113390543,2655.7446555241822,2677.1286071125573,2698.6847414386757,2720.4144449111714,2742.319115101994,2764.4001608362782,2786.6590022829737,2809.097071046162,2831.715810257159,2854.5166746673017,2877.5011307415425,2900.67065675274,2924.0267428767575,2947.570891288285,2971.304616257478,2995.22944424732,3019.346914011829,3043.658576695001,3068.1659959305807,3092.870747942638,3117.7744216469364,3142.87861875312,3168.1849538677375,3193.695054598094,3219.410561656912,3245.333128967883,3271.4644237720117,3297.806126734876,3324.3599320546946,3351.1275475713155,3378.1106948760344,3405.3111094223436,3432.7305406375262,3460.3707520352004,3488.23352132871,3516.320640545493,3544.6339161423107,3573.1751691214417,3601.9462351478164,3630.9489646670518,3660.1852230244945,3689.6568905851636,3719.3658628547196,3749.3140506013438,3779.5033799786634,3809.935792649603,3840.6132459112973,3871.5377128209448,3902.7111823227383,3934.135659375755,3965.8131650829396,3997.7457368210635,4029.9354283717907,4062.3843100537392,4095.0944688556665,4128.068008570669,4161.3070499315045,4194.813730746993,4228.590206039511,4262.638648183577,4296.961247045588,4331.560210124669,4366.437762694626,4401.596147947099,4437.037627135803,4472.764479721992,4508.779003521039,4545.083514850253,4581.680348677821,4618.571858773019,4655.7604178575675,4693.248417758249,4731.038269560753,4769.132403764733,4807.533270440121,4846.243339384716,4885.265100283049,4924.601062866471,4964.253757074609,5004.22573321805,5044.519562142395,5085.137835393579,5126.08316538458,5167.3581855634,5208.965550582488,5250.907936469426,5293.188040799074,5335.808582867062,5378.772303864684,5422.081967055189,5465.740357951513,5509.7502844954415,5554.1145772382,5598.836089522486,5643.917697666003,5689.362301146471,5735.17282278806,5781.352208949439,5827.903429713208,5874.829479076986,5922.133375145914,5969.818160326825,6017.886901523867,6066.342690335802,6115.188643254807,6164.427901866934,6214.06363305417,6264.099029198114,6314.537308385285,6365.381714614103,6416.635518003553,6468.302015003491,6520.384528606639,6572.88640856233,6625.811031591967,6679.16180160615,6732.942149923667,6787.155535492116,6841.805445110439,6896.895393653112,6952.428924296275,7008.409608745552,7064.841047465831,7121.726869912778,7179.070734766296,7236.876330165845,7295.147373947643,7353.887613883764,7413.100827923194,7472.790824434837,7532.961442452409,7593.616551921397,7654.7600539479145,7716.395881049652,7778.527997408752,7841.160399126823,7904.2971144818985,7967.94220418758,8032.099761654146,8096.773913251861,8161.968818576374,8227.688670716232,8293.937696522553,8360.720156880894,8428.04034698531,8495.90259661459,8564.311270410717,8633.270768159597,8702.785525074065,8772.860012079082,8843.498736099358,8914.706240349144,8986.487104624512,9058.845945597834,9131.787417114787,9205.31621049359,9279.437054826807,9354.154717285446,9429.47400342559,9505.399757497484,9581.936862757088,9659.090241780126,9736.864856778713,9815.265709920519,9894.297843650465,9973.966341015032,10054.276325989182,10135.232963805956,10216.841461288606,10299.107067185563,10382.035072507933,10465.630810869876,10549.89965883156,10634.84703624505,10720.478406602804,10806.799277389146,10893.815200434417,10981.531772272076,11069.954634498676,11159.08947413668,11248.94202400021,11339.518063063782,11430.823416834026,11522.863957724268,11615.64560543233,11709.174327321158,11803.456138802712,11898.49710372478,11994.303334761045,12090.880993804161,12188.23629236214,12286.375491957784,12385.304904531427,12485.030892846919,12585.55987090084,12686.898304334996,12789.052710852275,12892.029660635888,12995.8357767719,13100.477735675182,13205.962267518828,13312.296156667053,13419.486242111492,13527.539417911097,13636.462633635434,13746.262894811807,13856.947263375758,13968.522858125163,14080.996855178266,14194.376488435144,14308.66905004285,14423.881890864615] 0.31126199007860056 [Infinity,Infinity,Infinity,Infinity,Infinity,Infinity,Infinity,Infinity,Infinity,Infinity,Infinity,Infinity,Infinity,Infinity,Infinity,Infinity,Infinity,Infinity,Infinity,Infinity,Infinity,Infinity,Infinity,Infinity,Infinity,Infinity,Infinity,Infinity,Infinity,Infinity,Infinity,Infinity,Infinity,Infinity,Infinity,Infinity,Infinity,Infinity,Infinity,Infinity,Infinity,Infinity,Infinity,Infinity,Infinity,Infinity,Infinity,Infinity,Infinity,Infinity,Infinity,Infinity,Infinity,Infinity,Infinity,Infinity,Infinity,Infinity,Infinity,Infinity,Infinity,Infinity,Infinity,Infinity,Infinity,Infinity,Infinity,Infinity,Infinity,Infinity,Infinity,Infinity,Infinity,Infinity,Infinity,Infinity,Infinity,Infinity,Infinity,Infinity,Infinity,Infinity,Infinity,Infinity,Infinity,Infinity,Infinity,Infinity,Infinity,Infinity,Infinity,Infinity,Infinity,Infinity,Infinity,Infinity,Infinity,Infinity,Infinity,Infinity,Infinity,Infinity,Infinity,Infinity,Infinity,Infinity,Infinity,Infinity,Infinity,Infinity,Infinity,Infinity,Infinity,Infinity,Infinity,Infinity,Infinity,Infinity,Infinity,Infinity,Infinity,Infinity,Infinity,Infinity,Infinity,Infinity,Infinity,Infinity,Infinity,Infinity,Infinity,Infinity,Infinity,Infinity,Infinity,Infinity,Infinity,Infinity,Infinity,Infinity,Infinity,Infinity,Infinity,Infinity,Infinity,Infinity,Infinity,Infinity,Infinity,Infinity,Infinity,Infinity,Infinity,Infinity,Infinity,Infinity,Infinity,Infinity,Infinity,Infinity,Infinity,Infinity,Infinity,Infinity,Infinity,Infinity,Infinity,Infinity,Infinity,Infinity,Infinity,Infinity,Infinity,Infinity,Infinity,Infinity,Infinity,Infinity,Infinity,Infinity,Infinity,Infinity,Infinity,Infinity,Infinity,Infinity,Infinity,Infinity,Infinity,Infinity,Infinity,Infinity,Infinity,Infinity,Infinity,Infinity,Infinity,Infinity,Infinity,Infinity,Infinity,Infinity,Infinity,Infinity,Infinity,Infinity,Infinity,Infinity,Infinity,Infinity,Infinity,Infinity,Infinity,Infinity,Infinity,Infinity,Infinity,Infinity,Infinity,Infinity,Infinity,Infinity,Infinity,Infinity,Infinity,Infinity,Infinity,Infinity,Infinity,Infinity,Infinity,Infinity,Infinity,Infinity,Infinity,Infinity,Infinity,Infinity,Infinity,Infinity,Infinity,Infinity,Infinity,Infinity,Infinity,Infinity,Infinity,Infinity,Infinity,Infinity,Infinity,Infinity,Infinity,Infinity,Infinity,Infinity,Infinity,Infinity,Infinity,Infinity,Infinity,Infinity,Infinity,Infinity,Infinity,Infinity,Infinity,Infinity,Infinity,Infinity,Infinity,Infinity,Infinity,Infinity,Infinity,Infinity,Infinity,Infinity,Infinity,Infinity,Infinity,Infinity,Infinity,Infinity,Infinity,Infinity,Infinity,Infinity,Infinity,Infinity,Infinity,Infinity,Infinity,Infinity,Infinity,Infinity,Infinity,Infinity,Infinity,Infinity] [0.0,0.0,0.0,0.0,0.0,0.0,0.0,0.0,0.0,0.0,0.0,0.0,0.0,0.0,0.0,0.0,0.0,0.0,0.0,0.0,0.0,0.0,0.0,0.0,0.0,0.0,0.0,0.0,0.0,0.0,0.0,0.0,0.0,0.0,0.0,0.0,0.0,0.0,0.0,0.0,0.0,0.0,0.0,0.0,0.0,0.0,0.0,0.0,0.0,0.0,0.0,0.0,0.0,0.0,0.0,0.0,0.0,0.0,0.0,0.0,0.0,0.0,0.0,0.0,0.0,0.0,0.0,0.0,0.0,0.0,0.0,0.0,0.0,0.0,0.0,0.0,0.0,0.0,0.0,0.0,0.0,0.0,0.0,0.0,0.0,0.0,0.0,0.0,0.0,0.0,0.0,0.0,0.0,0.0,0.0,0.0,0.0,0.0,0.0,0.0,0.0,0.0,0.0,0.0,0.0,0.0,0.0,0.0,0.0,0.0,0.0,0.0,0.0,0.0,0.0,0.0,0.0,0.0,0.0,0.0,0.0,0.0,0.0,0.0,0.0,0.0,0.0,0.0,0.0,0.0,0.0,0.0,0.0,0.0,0.0,0.0,0.0,0.0,0.0,0.0,0.0,0.0,0.0,0.0,0.0,0.0,0.0,0.0,0.0,0.0,0.0,0.0,0.0,0.0,0.0,0.0,0.0,0.0,0.0,0.0,0.0,0.0,0.0,0.0,0.0,0.0,0.0,0.0,0.0,0.0,0.0,0.0,0.0,0.0,0.0,0.0,0.0,0.0,0.0,0.0,0.0,0.0,0.0,0.0,0.0,0.0,0.0,0.0,0.0,0.0,0.0,0.0,0.0,0.0,0.0,0.0,0.0,0.0,0.0,0.0,0.0,0.0,0.0,0.0,0.0,0.0,0.0,0.0,0.0,0.0,0.0,0.0,0.0,0.0,0.0,0.0,0.0,0.0,0.0,0.0,0.0,0.0,0.0,0.0,0.0,0.0,0.0,0.0,0.0,0.0,0.0,0.0,0.0,0.0,0.0,0.0,0.0,0.0,0.0,0.0,0.0,0.0,0.0,0.0,0.0,0.0,0.0,0.0,0.0,0.0,0.0,0.0,0.0,0.0,0.0,0.0,0.0,0.0,0.0,0.0,0.0,0.0,0.0,0.0,0.0,0.0,0.0,0.0,0.0,0.0,0.0,0.0,0.0,0.0,0.0,0.0,0.0,0.0,0.0,0.0,0.0,0.0,0.0,0.0,0.0,0.0,0.0,0.0,0.0,0.0,0.0,0.0,0.0,0.0,0.0,0.0,0.0,0.0,0.0,0.0]
56382.23263158162 [0.0,0.0,0.0,0.0,0.0,0.0,0.0,0.0,0.0,0.0,0.0,0.0,0.0,0.0,0.0,0.0,0.0,0.0,0.0,0.0,0.0,0.0,0.0,0.0,0.0,0.0,0.0,0.0,0.0,0.0,0.0,0.0,0.0,0.0,0.0,0.0,0.0,0.0,0.0,0.0,0.0,0.0,0.0,0.0,0.0,0.0,0.0,0.0,0.0,0.0,0.0,0.0,0.0,0.0,0.0,0.0,0.0,0.0,0.0,0.0,0.0,0.0,0.0,0.0,0.0,0.0,0.0,0.0,0.0,0.0,0.0,0.0,0.0,0.0,0.0,0.0,0.0,0.0,0.0,0.0,0.0,0.0,0.0,0.0,0.0,0.0,0.0,0.0,0.0,0.0,0.0,0.0,0.0,0.0,0.0,0.0,0.0,0.0,0.0,0.0,0.0,0.0,0.0,0.0,0.0,0.0,0.0,0.0,0.0,0.0,0.0,0.0,0.0,0.0,0.0,0.0,0.0,0.0,0.0,0.0,0.0,0.0,0.0,0.0,0.0,0.0,0.0,0.0,0.0,0.0,0.0,0.0,0.0,0.0,0.0,0.0,0.0,0.0,0.0,0.0,0.0,0.0,0.0,0.0,0.0,0.0,0.0,0.0,0.0,0.0,0.0,0.0,0.0,0.0,0.0,0.0,0.0,0.0,0.0,0.0,0.0,0.0,0.0,0.0,0.0,0.0,0.0,0.0,0.0,0.0,0.0,0.0,0.0,0.0,0.0,0.0,0.0,0.0,0.0,0.0,0.0,0.0,0.0,0.0,0.0,0.0,0.0,0.0,0.0,0.0,0.0,0.0,0.0,0.0,0.0,0.0,0.0,0.0,0.0,0.0,0.0,0.0,0.0,0.0,0.0,0.0,0.0,0.0,0.0,0.0,0.0,0.0,0.0,0.0,0.0,0.0,0.0,0.0,0.0,0.0,0.0,0.0,0.0,0.0,0.0,0.0,0.0,0.0,0.0,0.0,0.0,0.0,0.0,0.0,0.0,0.0,0.0,0.0,0.0,0.0,0.0,0.0,0.0,0.0,0.0,0.0,0.0,0.0,0.0,0.0,0.0,0.0,0.0,0.0,0.0,0.0,0.0,0.0,0.0,0.0,0.0,0.0,0.0,0.0,0.0,0.0,0.0,0.0,0.0,0.0,0.0,0.0,0.0,0.0,0.0,0.0,0.0,0.0,0.0,0.0,0.0,0.0,0.0,0.0,0.0,0.0,0.0,0.0,0.0,0.0,0.0,0.0,0.0,0.0,0.0,0.0,0.0,0.0,0.0,0.0] [1311.2619900786005,1321.8202200865917,1332.463464547639,1343.19240799478,1354.0077404728797,1364.9101575830227,1375.9003605272408,1386.9790561536227,1398.1469570017646,1409.4047813486081,1420.7532532546286,1432.193102610412,1443.7250651835902,1455.3498826661717,1467.068302722235,1478.881079036026,1490.78897136042,1502.7927455657994,1514.8931736892998,1527.0910339844697,1539.3871109713293,1551.7821954868166,1564.2770847356642,1576.872582341659,1589.569498399342,1602.368649526097,1615.270858914685,1628.2769563861766,1641.3877784433362,1654.6041683244075,1667.9269760573632,1681.3570585145608,1694.895279467867,1708.5425096441993,1722.2996267815402,1736.1675156853773,1750.1470682856248,1764.2391836939755,1778.4447682617345,1792.7647356381167,1807.2000068289992,1821.7515102561672,1836.4201818170154,1851.2069649447558,1866.112810669078,1881.1386776773347,1896.285532376183,1911.5543489537563,1926.9461094423048,1942.4618037813711,1958.1024298814455,1973.8689936881608,1989.7625092469793,2005.7839987684179,2021.9344926937952,2038.215029761504,2054.626657073813,2071.1704301642176,2087.8474130653335,2104.6586783773164,2121.605307336866,2138.6883898867477,2155.9090247459117,2173.268319480143,2190.767390573309,2208.407363499154,2226.1893727937027,2244.1145621282076,2262.184084382728,2280.399101720259,2298.7607856614945,2317.2703171601615,2335.9288866789793,2354.7376942662327,2373.6979496329395,2392.810872230673,2412.077691329971,2431.4996460994216,2451.0779856853383,2470.813969292122,2490.7088662632277,2510.763956162824,2530.9805288580706,2551.359884602096,2571.9033341176064,2592.612198681206,2613.487810208354,2634.5315113390543,2655.7446555241822,2677.1286071125573,2698.6847414386757,2720.4144449111714,2742.319115101994,2764.4001608362782,2786.6590022829737,2809.097071046162,2831.715810257159,2854.5166746673017,2877.5011307415425,2900.67065675274,2924.0267428767575,2947.570891288285,2971.304616257478,2995.22944424732,3019.346914011829,3043.658576695001,3068.1659959305807,3092.870747942638,3117.7744216469364,3142.87861875312,3168.1849538677375,3193.695054598094,3219.410561656912,3245.333128967883,3271.4644237720117,3297.806126734876,3324.3599320546946,3351.1275475713155,3378.1106948760344,3405.3111094223436,3432.7305406375262,3460.3707520352004,3488.23352132871,3516.320640545493,3544.6339161423107,3573.1751691214417,3601.9462351478164,3630.9489646670518,3660.1852230244945,3689.6568905851636,3719.3658628547196,3749.3140506013438,3779.5033799786634,3809.935792649603,3840.6132459112973,3871.5377128209448,3902.7111823227383,3934.135659375755,3965.8131650829396,3997.7457368210635,4029.9354283717907,4062.3843100537392,4095.0944688556665,4128.068008570669,4161.3070499315045,4194.813730746993,4228.590206039511,4262.638648183577,4296.961247045588,4331.560210124669,4366.437762694626,4401.596147947099,4437.037627135803,4472.764479721992,4508.779003521039,4545.083514850253,4581.680348677821,4618.571858773019,4655.7604178575675,4693.248417758249,4731.038269560753,4769.132403764733,4807.533270440121,4846.243339384716,4885.265100283049,4924.601062866471,4964.253757074609,5004.22573321805,5044.519562142395,5085.137835393579,5126.08316538458,5167.3581855634,5208.965550582488,5250.907936469426,5293.188040799074,5335.808582867062,5378.772303864684,5422.081967055189,5465.740357951513,5509.7502844954415,5554.1145772382,5598.836089522486,5643.917697666003,5689.362301146471,5735.17282278806,5781.352208949439,5827.903429713208,5874.829479076986,5922.133375145914,5969.818160326825,6017.886901523867,6066.342690335802,6115.188643254807,6164.427901866934,6214.06363305417,6264.099029198114,6314.537308385285,6365.381714614103,6416.635518003553,6468.302015003491,6520.384528606639,6572.88640856233,6625.811031591967,6679.16180160615,6732.942149923667,6787.155535492116,6841.805445110439,6896.895393653112,6952.428924296275,7008.409608745552,7064.841047465831,7121.726869912778,7179.070734766296,7236.876330165845,7295.147373947643,7353.887613883764,7413.100827923194,7472.790824434837,7532.961442452409,7593.616551921397,7654.7600539479145,7716.395881049652,7778.527997408752,7841.160399126823,7904.2971144818985,7967.94220418758,8032.099761654146,8096.773913251861,8161.968818576374,8227.688670716232,8293.937696522553,8360.720156880894,8428.04034698531,8495.90259661459,8564.311270410717,8633.270768159597,8702.785525074065,8772.860012079082,8843.498736099358,8914.706240349144,8986.487104624512,9058.845945597834,9131.787417114787,9205.31621049359,9279.437054826807,9354.154717285446,9429.47400342559,9505.399757497484,9581.936862757088,9659.090241780126,9736.864856778713,9815.265709920519,9894.297843650465,9973.966341015032,10054.276325989182,10135.232963805956,10216.841461288606,10299.107067185563,10382.035072507933,10465.630810869876,10549.89965883156,10634.84703624505,10720.478406602804,10806.799277389146,10893.815200434417,10981.531772272076,11069.954634498676,11159.08947413668,11248.94202400021,11339.518063063782,11430.823416834026,11522.863957724268,11615.64560543233,11709.174327321158,11803.456138802712,11898.49710372478,11994.303334761045,12090.880993804161,12188.23629236214,12286.375491957784,12385.304904531427,12485.030892846919,12585.55987090084,12686.898304334996,12789.052710852275,12892.029660635888,12995.8357767719,13100.477735675182,13205.962267518828,13312.296156667053,13419.486242111492,13527.539417911097,13636.462633635434,13746.262894811807,13856.947263375758,13968.522858125163,14080.996855178266,14194.376488435144,14308.66905004285,14423.881890864615] 0.31126199007860056 [Infinity,Infinity,Infinity,Infinity,Infinity,Infinity,Infinity,Infinity,Infinity,Infinity,Infinity,Infinity,Infinity,Infinity,Infinity,Infinity,Infinity,Infinity,Infinity,Infinity,Infinity,Infinity,Infinity,Infinity,Infinity,Infinity,Infinity,Infinity,Infinity,Infinity,Infinity,Infinity,Infinity,Infinity,Infinity,Infinity,Infinity,Infinity,Infinity,Infinity,Infinity,Infinity,Infinity,Infinity,Infinity,Infinity,Infinity,Infinity,Infinity,Infinity,Infinity,Infinity,Infinity,Infinity,Infinity,Infinity,Infinity,Infinity,Infinity,Infinity,Infinity,Infinity,Infinity,Infinity,Infinity,Infinity,Infinity,Infinity,Infinity,Infinity,Infinity,Infinity,Infinity,Infinity,Infinity,Infinity,Infinity,Infinity,Infinity,Infinity,Infinity,Infinity,Infinity,Infinity,Infinity,Infinity,Infinity,Infinity,Infinity,Infinity,Infinity,Infinity,Infinity,Infinity,Infinity,Infinity,Infinity,Infinity,Infinity,Infinity,Infinity,Infinity,Infinity,Infinity,Infinity,Infinity,Infinity,Infinity,Infinity,Infinity,Infinity,Infinity,Infinity,Infinity,Infinity,Infinity,Infinity,Infinity,Infinity,Infinity,Infinity,Infinity,Infinity,Infinity,Infinity,Infinity,Infinity,Infinity,Infinity,Infinity,Infinity,Infinity,Infinity,Infinity,Infinity,Infinity,Infinity,Infinity,Infinity,Infinity,Infinity,Infinity,Infinity,Infinity,Infinity,Infinity,Infinity,Infinity,Infinity,Infinity,Infinity,Infinity,Infinity,Infinity,Infinity,Infinity,Infinity,Infinity,Infinity,Infinity,Infinity,Infinity,Infinity,Infinity,Infinity,Infinity,Infinity,Infinity,Infinity,Infinity,Infinity,Infinity,Infinity,Infinity,Infinity,Infinity,Infinity,Infinity,Infinity,Infinity,Infinity,Infinity,Infinity,Infinity,Infinity,Infinity,Infinity,Infinity,Infinity,Infinity,Infinity,Infinity,Infinity,Infinity,Infinity,Infinity,Infinity,Infinity,Infinity,Infinity,Infinity,Infinity,Infinity,Infinity,Infinity,Infinity,Infinity,Infinity,Infinity,Infinity,Infinity,Infinity,Infinity,Infinity,Infinity,Infinity,Infinity,Infinity,Infinity,Infinity,Infinity,Infinity,Infinity,Infinity,Infinity,Infinity,Infinity,Infinity,Infinity,Infinity,Infinity,Infinity,Infinity,Infinity,Infinity,Infinity,Infinity,Infinity,Infinity,Infinity,Infinity,Infinity,Infinity,Infinity,Infinity,Infinity,Infinity,Infinity,Infinity,Infinity,Infinity,Infinity,Infinity,Infinity,Infinity,Infinity,Infinity,Infinity,Infinity,Infinity,Infinity,Infinity,Infinity,Infinity,Infinity,Infinity,Infinity,Infinity,Infinity,Infinity,Infinity,Infinity,Infinity,Infinity,Infinity,Infinity,Infinity,Infinity,Infinity,Infinity,Infinity,Infinity,Infinity,Infinity,Infinity,Infinity,Infinity,Infinity,Infinity,Infinity,Infinity,Infinity,Infinity,Infinity,Infinity,Infinity,Infinity,Infinity,Infinity,Infinity] [0.0,0.0,0.0,0.0,0.0,0.0,0.0,0.0,0.0,0.0,0.0,0.0,0.0,0.0,0.0,0.0,0.0,0.0,0.0,0.0,0.0,0.0,0.0,0.0,0.0,0.0,0.0,0.0,0.0,0.0,0.0,0.0,0.0,0.0,0.0,0.0,0.0,0.0,0.0,0.0,0.0,0.0,0.0,0.0,0.0,0.0,0.0,0.0,0.0,0.0,0.0,0.0,0.0,0.0,0.0,0.0,0.0,0.0,0.0,0.0,0.0,0.0,0.0,0.0,0.0,0.0,0.0,0.0,0.0,0.0,0.0,0.0,0.0,0.0,0.0,0.0,0.0,0.0,0.0,0.0,0.0,0.0,0.0,0.0,0.0,0.0,0.0,0.0,0.0,0.0,0.0,0.0,0.0,0.0,0.0,0.0,0.0,0.0,0.0,0.0,0.0,0.0,0.0,0.0,0.0,0.0,0.0,0.0,0.0,0.0,0.0,0.0,0.0,0.0,0.0,0.0,0.0,0.0,0.0,0.0,0.0,0.0,0.0,0.0,0.0,0.0,0.0,0.0,0.0,0.0,0.0,0.0,0.0,0.0,0.0,0.0,0.0,0.0,0.0,0.0,0.0,0.0,0.0,0.0,0.0,0.0,0.0,0.0,0.0,0.0,0.0,0.0,0.0,0.0,0.0,0.0,0.0,0.0,0.0,0.0,0.0,0.0,0.0,0.0,0.0,0.0,0.0,0.0,0.0,0.0,0.0,0.0,0.0,0.0,0.0,0.0,0.0,0.0,0.0,0.0,0.0,0.0,0.0,0.0,0.0,0.0,0.0,0.0,0.0,0.0,0.0,0.0,0.0,0.0,0.0,0.0,0.0,0.0,0.0,0.0,0.0,0.0,0.0,0.0,0.0,0.0,0.0,0.0,0.0,0.0,0.0,0.0,0.0,0.0,0.0,0.0,0.0,0.0,0.0,0.0,0.0,0.0,0.0,0.0,0.0,0.0,0.0,0.0,0.0,0.0,0.0,0.0,0.0,0.0,0.0,0.0,0.0,0.0,0.0,0.0,0.0,0.0,0.0,0.0,0.0,0.0,0.0,0.0,0.0,0.0,0.0,0.0,0.0,0.0,0.0,0.0,0.0,0.0,0.0,0.0,0.0,0.0,0.0,0.0,0.0,0.0,0.0,0.0,0.0,0.0,0.0,0.0,0.0,0.0,0.0,0.0,0.0,0.0,0.0,0.0,0.0,0.0,0.0,0.0,0.0,0.0,0.0,0.0,0.0,0.0,0.0,0.0,0.0,0.0,0.0,0.0,0.0,0.0,0.0,0.0]
56098.083320170765 [0.0,0.0,0.0,0.0,0.0,0.0,0.0,0.0,0.0,0.0,0.0,0.0,0.0,0.0,0.0,0.0,0.0,0.0,0.0,0.0,0.0,0.0,0.0,0.0,0.0,0.0,0.0,0.0,0.0,0.0,0.0,0.0,0.0,0.0,0.0,0.0,0.0,0.0,0.0,0.0,0.0,0.0,0.0,0.0,0.0,0.0,0.0,0.0,0.0,0.0,0.0,0.0,0.0,0.0,0.0,0.0,0.0,0.0,0.0,0.0,0.0,0.0,0.0,0.0,0.0,0.0,0.0,0.0,0.0,0.0,0.0,0.0,0.0,0.0,0.0,0.0,0.0,0.0,0.0,0.0,0.0,0.0,0.0,0.0,0.0,0.0,0.0,0.0,0.0,0.0,0.0,0.0,0.0,0.0,0.0,0.0,0.0,0.0,0.0,0.0,0.0,0.0,0.0,0.0,0.0,0.0,0.0,0.0,0.0,0.0,0.0,0.0,0.0,0.0,0.0,0.0,0.0,0.0,0.0,0.0,0.0,0.0,0.0,0.0,0.0,0.0,0.0,0.0,0.0,0.0,0.0,0.0,0.0,0.0,0.0,0.0,0.0,0.0,0.0,0.0,0.0,0.0,0.0,0.0,0.0,0.0,0.0,0.0,0.0,0.0,0.0,0.0,0.0,0.0,0.0,0.0,0.0,0.0,0.0,0.0,0.0,0.0,0.0,0.0,0.0,0.0,0.0,0.0,0.0,0.0,0.0,0.0,0.0,0.0,0.0,0.0,0.0,0.0,0.0,0.0,0.0,0.0,0.0,0.0,0.0,0.0,0.0,0.0,0.0,0.0,0.0,0.0,0.0,0.0,0.0,0.0,0.0,0.0,0.0,0.0,0.0,0.0,0.0,0.0,0.0,0.0,0.0,0.0,0.0,0.0,0.0,0.0,0.0,0.0,0.0,0.0,0.0,0.0,0.0,0.0,0.0,0.0,0.0,0.0,0.0,0.0,0.0,0.0,0.0,0.0,0.0,0.0,0.0,0.0,0.0,0.0,0.0,0.0,0.0,0.0,0.0,0.0,0.0,0.0,0.0,0.0,0.0,0.0,0.0,0.0,0.0,0.0,0.0,0.0,0.0,0.0,0.0,0.0,0.0,0.0,0.0,0.0,0.0,0.0,0.0,0.0,0.0,0.0,0.0,0.0,0.0,0.0,0.0,0.0,0.0,0.0,0.0,0.0,0.0,0.0,0.0,0.0,0.0,0.0,0.0,0.0,0.0,0.0,0.0,0.0,0.0,0.0,0.0,0.0,0.0,0.0,0.0,0.0,0.0,0.0] [1311.2619900786005,1321.8202200865917,1332.463464547639,1343.19240799478,1354.0077404728797,1364.9101575830227,1375.9003605272408,1386.9790561536227,1398.1469570017646,1409.4047813486081,1420.7532532546286,1432.193102610412,1443.7250651835902,1455.3498826661717,1467.068302722235,1478.881079036026,1490.78897136042,1502.7927455657994,1514.8931736892998,1527.0910339844697,1539.3871109713293,1551.7821954868166,1564.2770847356642,1576.872582341659,1589.569498399342,1602.368649526097,1615.270858914685,1628.2769563861766,1641.3877784433362,1654.6041683244075,1667.9269760573632,1681.3570585145608,1694.895279467867,1708.5425096441993,1722.2996267815402,1736.1675156853773,1750.1470682856248,1764.2391836939755,1778.4447682617345,1792.7647356381167,1807.2000068289992,1821.7515102561672,1836.4201818170154,1851.2069649447558,1866.112810669078,1881.1386776773347,1896.285532376183,1911.5543489537563,1926.9461094423048,1942.4618037813711,1958.1024298814455,1973.8689936881608,1989.7625092469793,2005.7839987684179,2021.9344926937952,2038.215029761504,2054.626657073813,2071.1704301642176,2087.8474130653335,2104.6586783773164,2121.605307336866,2138.6883898867477,2155.9090247459117,2173.268319480143,2190.767390573309,2208.407363499154,2226.1893727937027,2244.1145621282076,2262.184084382728,2280.399101720259,2298.7607856614945,2317.2703171601615,2335.9288866789793,2354.7376942662327,2373.6979496329395,2392.810872230673,2412.077691329971,2431.4996460994216,2451.0779856853383,2470.813969292122,2490.7088662632277,2510.763956162824,2530.9805288580706,2551.359884602096,2571.9033341176064,2592.612198681206,2613.487810208354,2634.5315113390543,2655.7446555241822,2677.1286071125573,2698.6847414386757,2720.4144449111714,2742.319115101994,2764.4001608362782,2786.6590022829737,2809.097071046162,2831.715810257159,2854.5166746673017,2877.5011307415425,2900.67065675274,2924.0267428767575,2947.570891288285,2971.304616257478,2995.22944424732,3019.346914011829,3043.658576695001,3068.1659959305807,3092.870747942638,3117.7744216469364,3142.87861875312,3168.1849538677375,3193.695054598094,3219.410561656912,3245.333128967883,3271.4644237720117,3297.806126734876,3324.3599320546946,3351.1275475713155,3378.1106948760344,3405.3111094223436,3432.7305406375262,3460.3707520352004,3488.23352132871,3516.320640545493,3544.6339161423107,3573.1751691214417,3601.9462351478164,3630.9489646670518,3660.1852230244945,3689.6568905851636,3719.3658628547196,3749.3140506013438,3779.5033799786634,3809.935792649603,3840.6132459112973,3871.5377128209448,3902.7111823227383,3934.135659375755,3965.8131650829396,3997.7457368210635,4029.9354283717907,4062.3843100537392,4095.0944688556665,4128.068008570669,4161.3070499315045,4194.813730746993,4228.590206039511,4262.638648183577,4296.961247045588,4331.560210124669,4366.437762694626,4401.596147947099,4437.037627135803,4472.764479721992,4508.779003521039,4545.083514850253,4581.680348677821,4618.571858773019,4655.7604178575675,4693.248417758249,4731.038269560753,4769.132403764733,4807.533270440121,4846.243339384716,4885.265100283049,4924.601062866471,4964.253757074609,5004.22573321805,5044.519562142395,5085.137835393579,5126.08316538458,5167.3581855634,5208.965550582488,5250.907936469426,5293.188040799074,5335.808582867062,5378.772303864684,5422.081967055189,5465.740357951513,5509.7502844954415,5554.1145772382,5598.836089522486,5643.917697666003,5689.362301146471,5735.17282278806,5781.352208949439,5827.903429713208,5874.829479076986,5922.133375145914,5969.818160326825,6017.886901523867,6066.342690335802,6115.188643254807,6164.427901866934,6214.06363305417,6264.099029198114,6314.537308385285,6365.381714614103,6416.635518003553,6468.302015003491,6520.384528606639,6572.88640856233,6625.811031591967,6679.16180160615,6732.942149923667,6787.155535492116,6841.805445110439,6896.895393653112,6952.428924296275,7008.409608745552,7064.841047465831,7121.726869912778,7179.070734766296,7236.876330165845,7295.147373947643,7353.887613883764,7413.100827923194,7472.790824434837,7532.961442452409,7593.616551921397,7654.7600539479145,7716.395881049652,7778.527997408752,7841.160399126823,7904.2971144818985,7967.94220418758,8032.099761654146,8096.773913251861,8161.968818576374,8227.688670716232,8293.937696522553,8360.720156880894,8428.04034698531,8495.90259661459,8564.311270410717,8633.270768159597,8702.785525074065,8772.860012079082,8843.498736099358,8914.706240349144,8986.487104624512,9058.845945597834,9131.787417114787,9205.31621049359,9279.437054826807,9354.154717285446,9429.47400342559,9505.399757497484,9581.936862757088,9659.090241780126,9736.864856778713,9815.265709920519,9894.297843650465,9973.966341015032,10054.276325989182,10135.232963805956,10216.841461288606,10299.107067185563,10382.035072507933,10465.630810869876,10549.89965883156,10634.84703624505,10720.478406602804,10806.799277389146,10893.815200434417,10981.531772272076,11069.954634498676,11159.08947413668,11248.94202400021,11339.518063063782,11430.823416834026,11522.863957724268,11615.64560543233,11709.174327321158,11803.456138802712,11898.49710372478,11994.303334761045,12090.880993804161,12188.23629236214,12286.375491957784,12385.304904531427,12485.030892846919,12585.55987090084,12686.898304334996,12789.052710852275,12892.029660635888,12995.8357767719,13100.477735675182,13205.962267518828,13312.296156667053,13419.486242111492,13527.539417911097,13636.462633635434,13746.262894811807,13856.947263375758,13968.522858125163,14080.996855178266,14194.376488435144,14308.66905004285,14423.881890864615] 0.31126199007860056 [Infinity,Infinity,Infinity,Infinity,Infinity,Infinity,Infinity,Infinity,Infinity,Infinity,Infinity,Infinity,Infinity,Infinity,Infinity,Infinity,Infinity,Infinity,Infinity,Infinity,Infinity,Infinity,Infinity,Infinity,Infinity,Infinity,Infinity,Infinity,Infinity,Infinity,Infinity,Infinity,Infinity,Infinity,Infinity,Infinity,Infinity,Infinity,Infinity,Infinity,Infinity,Infinity,Infinity,Infinity,Infinity,Infinity,Infinity,Infinity,Infinity,Infinity,Infinity,Infinity,Infinity,Infinity,Infinity,Infinity,Infinity,Infinity,Infinity,Infinity,Infinity,Infinity,Infinity,Infinity,Infinity,Infinity,Infinity,Infinity,Infinity,Infinity,Infinity,Infinity,Infinity,Infinity,Infinity,Infinity,Infinity,Infinity,Infinity,Infinity,Infinity,Infinity,Infinity,Infinity,Infinity,Infinity,Infinity,Infinity,Infinity,Infinity,Infinity,Infinity,Infinity,Infinity,Infinity,Infinity,Infinity,Infinity,Infinity,Infinity,Infinity,Infinity,Infinity,Infinity,Infinity,Infinity,Infinity,Infinity,Infinity,Infinity,Infinity,Infinity,Infinity,Infinity,Infinity,Infinity,Infinity,Infinity,Infinity,Infinity,Infinity,Infinity,Infinity,Infinity,Infinity,Infinity,Infinity,Infinity,Infinity,Infinity,Infinity,Infinity,Infinity,Infinity,Infinity,Infinity,Infinity,Infinity,Infinity,Infinity,Infinity,Infinity,Infinity,Infinity,Infinity,Infinity,Infinity,Infinity,Infinity,Infinity,Infinity,Infinity,Infinity,Infinity,Infinity,Infinity,Infinity,Infinity,Infinity,Infinity,Infinity,Infinity,Infinity,Infinity,Infinity,Infinity,Infinity,Infinity,Infinity,Infinity,Infinity,Infinity,Infinity,Infinity,Infinity,Infinity,Infinity,Infinity,Infinity,Infinity,Infinity,Infinity,Infinity,Infinity,Infinity,Infinity,Infinity,Infinity,Infinity,Infinity,Infinity,Infinity,Infinity,Infinity,Infinity,Infinity,Infinity,Infinity,Infinity,Infinity,Infinity,Infinity,Infinity,Infinity,Infinity,Infinity,Infinity,Infinity,Infinity,Infinity,Infinity,Infinity,Infinity,Infinity,Infinity,Infinity,Infinity,Infinity,Infinity,Infinity,Infinity,Infinity,Infinity,Infinity,Infinity,Infinity,Infinity,Infinity,Infinity,Infinity,Infinity,Infinity,Infinity,Infinity,Infinity,Infinity,Infinity,Infinity,Infinity,Infinity,Infinity,Infinity,Infinity,Infinity,Infinity,Infinity,Infinity,Infinity,Infinity,Infinity,Infinity,Infinity,Infinity,Infinity,Infinity,Infinity,Infinity,Infinity,Infinity,Infinity,Infinity,Infinity,Infinity,Infinity,Infinity,Infinity,Infinity,Infinity,Infinity,Infinity,Infinity,Infinity,Infinity,Infinity,Infinity,Infinity,Infinity,Infinity,Infinity,Infinity,Infinity,Infinity,Infinity,Infinity,Infinity,Infinity,Infinity,Infinity,Infinity,Infinity,Infinity,Infinity,Infinity,Infinity,Infinity,Infinity,Infinity,Infinity,Infinity,Infinity] [0.0,0.0,0.0,0.0,0.0,0.0,0.0,0.0,0.0,0.0,0.0,0.0,0.0,0.0,0.0,0.0,0.0,0.0,0.0,0.0,0.0,0.0,0.0,0.0,0.0,0.0,0.0,0.0,0.0,0.0,0.0,0.0,0.0,0.0,0.0,0.0,0.0,0.0,0.0,0.0,0.0,0.0,0.0,0.0,0.0,0.0,0.0,0.0,0.0,0.0,0.0,0.0,0.0,0.0,0.0,0.0,0.0,0.0,0.0,0.0,0.0,0.0,0.0,0.0,0.0,0.0,0.0,0.0,0.0,0.0,0.0,0.0,0.0,0.0,0.0,0.0,0.0,0.0,0.0,0.0,0.0,0.0,0.0,0.0,0.0,0.0,0.0,0.0,0.0,0.0,0.0,0.0,0.0,0.0,0.0,0.0,0.0,0.0,0.0,0.0,0.0,0.0,0.0,0.0,0.0,0.0,0.0,0.0,0.0,0.0,0.0,0.0,0.0,0.0,0.0,0.0,0.0,0.0,0.0,0.0,0.0,0.0,0.0,0.0,0.0,0.0,0.0,0.0,0.0,0.0,0.0,0.0,0.0,0.0,0.0,0.0,0.0,0.0,0.0,0.0,0.0,0.0,0.0,0.0,0.0,0.0,0.0,0.0,0.0,0.0,0.0,0.0,0.0,0.0,0.0,0.0,0.0,0.0,0.0,0.0,0.0,0.0,0.0,0.0,0.0,0.0,0.0,0.0,0.0,0.0,0.0,0.0,0.0,0.0,0.0,0.0,0.0,0.0,0.0,0.0,0.0,0.0,0.0,0.0,0.0,0.0,0.0,0.0,0.0,0.0,0.0,0.0,0.0,0.0,0.0,0.0,0.0,0.0,0.0,0.0,0.0,0.0,0.0,0.0,0.0,0.0,0.0,0.0,0.0,0.0,0.0,0.0,0.0,0.0,0.0,0.0,0.0,0.0,0.0,0.0,0.0,0.0,0.0,0.0,0.0,0.0,0.0,0.0,0.0,0.0,0.0,0.0,0.0,0.0,0.0,0.0,0.0,0.0,0.0,0.0,0.0,0.0,0.0,0.0,0.0,0.0,0.0,0.0,0.0,0.0,0.0,0.0,0.0,0.0,0.0,0.0,0.0,0.0,0.0,0.0,0.0,0.0,0.0,0.0,0.0,0.0,0.0,0.0,0.0,0.0,0.0,0.0,0.0,0.0,0.0,0.0,0.0,0.0,0.0,0.0,0.0,0.0,0.0,0.0,0.0,0.0,0.0,0.0,0.0,0.0,0.0,0.0,0.0,0.0,0.0,0.0,0.0,0.0,0.0,0.0]
56085.24521135429 [0.0,0.0,0.0,0.0,0.0,0.0,0.0,0.0,0.0,0.0,0.0,0.0,0.0,0.0,0.0,0.0,0.0,0.0,0.0,0.0,0.0,0.0,0.0,0.0,0.0,0.0,0.0,0.0,0.0,0.0,0.0,0.0,0.0,0.0,0.0,0.0,0.0,0.0,0.0,0.0,0.0,0.0,0.0,0.0,0.0,0.0,0.0,0.0,0.0,0.0,0.0,0.0,0.0,0.0,0.0,0.0,0.0,0.0,0.0,0.0,0.0,0.0,0.0,0.0,0.0,0.0,0.0,0.0,0.0,0.0,0.0,0.0,0.0,0.0,0.0,0.0,0.0,0.0,0.0,0.0,0.0,0.0,0.0,0.0,0.0,0.0,0.0,0.0,0.0,0.0,0.0,0.0,0.0,0.0,0.0,0.0,0.0,0.0,0.0,0.0,0.0,0.0,0.0,0.0,0.0,0.0,0.0,0.0,0.0,0.0,0.0,0.0,0.0,0.0,0.0,0.0,0.0,0.0,0.0,0.0,0.0,0.0,0.0,0.0,0.0,0.0,0.0,0.0,0.0,0.0,0.0,0.0,0.0,0.0,0.0,0.0,0.0,0.0,0.0,0.0,0.0,0.0,0.0,0.0,0.0,0.0,0.0,0.0,0.0,0.0,0.0,0.0,0.0,0.0,0.0,0.0,0.0,0.0,0.0,0.0,0.0,0.0,0.0,0.0,0.0,0.0,0.0,0.0,0.0,0.0,0.0,0.0,0.0,0.0,0.0,0.0,0.0,0.0,0.0,0.0,0.0,0.0,0.0,0.0,0.0,0.0,0.0,0.0,0.0,0.0,0.0,0.0,0.0,0.0,0.0,0.0,0.0,0.0,0.0,0.0,0.0,0.0,0.0,0.0,0.0,0.0,0.0,0.0,0.0,0.0,0.0,0.0,0.0,0.0,0.0,0.0,0.0,0.0,0.0,0.0,0.0,0.0,0.0,0.0,0.0,0.0,0.0,0.0,0.0,0.0,0.0,0.0,0.0,0.0,0.0,0.0,0.0,0.0,0.0,0.0,0.0,0.0,0.0,0.0,0.0,0.0,0.0,0.0,0.0,0.0,0.0,0.0,0.0,0.0,0.0,0.0,0.0,0.0,0.0,0.0,0.0,0.0,0.0,0.0,0.0,0.0,0.0,0.0,0.0,0.0,0.0,0.0,0.0,0.0,0.0,0.0,0.0,0.0,0.0,0.0,0.0,0.0,0.0,0.0,0.0,0.0,0.0,0.0,0.0,0.0,0.0,0.0,0.0,0.0,0.0,0.0,0.0,0.0,0.0,0.0] [1311.2619900786005,1321.8202200865917,1332.463464547639,1343.19240799478,1354.0077404728797,1364.9101575830227,1375.9003605272408,1386.9790561536227,1398.1469570017646,1409.4047813486081,1420.7532532546286,1432.193102610412,1443.7250651835902,1455.3498826661717,1467.068302722235,1478.881079036026,1490.78897136042,1502.7927455657994,1514.8931736892998,1527.0910339844697,1539.3871109713293,1551.7821954868166,1564.2770847356642,1576.872582341659,1589.569498399342,1602.368649526097,1615.270858914685,1628.2769563861766,1641.3877784433362,1654.6041683244075,1667.9269760573632,1681.3570585145608,1694.895279467867,1708.5425096441993,1722.2996267815402,1736.1675156853773,1750.1470682856248,1764.2391836939755,1778.4447682617345,1792.7647356381167,1807.2000068289992,1821.7515102561672,1836.4201818170154,1851.2069649447558,1866.112810669078,1881.1386776773347,1896.285532376183,1911.5543489537563,1926.9461094423048,1942.4618037813711,1958.1024298814455,1973.8689936881608,1989.7625092469793,2005.7839987684179,2021.9344926937952,2038.215029761504,2054.626657073813,2071.1704301642176,2087.8474130653335,2104.6586783773164,2121.605307336866,2138.6883898867477,2155.9090247459117,2173.268319480143,2190.767390573309,2208.407363499154,2226.1893727937027,2244.1145621282076,2262.184084382728,2280.399101720259,2298.7607856614945,2317.2703171601615,2335.9288866789793,2354.7376942662327,2373.6979496329395,2392.810872230673,2412.077691329971,2431.4996460994216,2451.0779856853383,2470.813969292122,2490.7088662632277,2510.763956162824,2530.9805288580706,2551.359884602096,2571.9033341176064,2592.612198681206,2613.487810208354,2634.5315113390543,2655.7446555241822,2677.1286071125573,2698.6847414386757,2720.4144449111714,2742.319115101994,2764.4001608362782,2786.6590022829737,2809.097071046162,2831.715810257159,2854.5166746673017,2877.5011307415425,2900.67065675274,2924.0267428767575,2947.570891288285,2971.304616257478,2995.22944424732,3019.346914011829,3043.658576695001,3068.1659959305807,3092.870747942638,3117.7744216469364,3142.87861875312,3168.1849538677375,3193.695054598094,3219.410561656912,3245.333128967883,3271.4644237720117,3297.806126734876,3324.3599320546946,3351.1275475713155,3378.1106948760344,3405.3111094223436,3432.7305406375262,3460.3707520352004,3488.23352132871,3516.320640545493,3544.6339161423107,3573.1751691214417,3601.9462351478164,3630.9489646670518,3660.1852230244945,3689.6568905851636,3719.3658628547196,3749.3140506013438,3779.5033799786634,3809.935792649603,3840.6132459112973,3871.5377128209448,3902.7111823227383,3934.135659375755,3965.8131650829396,3997.7457368210635,4029.9354283717907,4062.3843100537392,4095.0944688556665,4128.068008570669,4161.3070499315045,4194.813730746993,4228.590206039511,4262.638648183577,4296.961247045588,4331.560210124669,4366.437762694626,4401.596147947099,4437.037627135803,4472.764479721992,4508.779003521039,4545.083514850253,4581.680348677821,4618.571858773019,4655.7604178575675,4693.248417758249,4731.038269560753,4769.132403764733,4807.533270440121,4846.243339384716,4885.265100283049,4924.601062866471,4964.253757074609,5004.22573321805,5044.519562142395,5085.137835393579,5126.08316538458,5167.3581855634,5208.965550582488,5250.907936469426,5293.188040799074,5335.808582867062,5378.772303864684,5422.081967055189,5465.740357951513,5509.7502844954415,5554.1145772382,5598.836089522486,5643.917697666003,5689.362301146471,5735.17282278806,5781.352208949439,5827.903429713208,5874.829479076986,5922.133375145914,5969.818160326825,6017.886901523867,6066.342690335802,6115.188643254807,6164.427901866934,6214.06363305417,6264.099029198114,6314.537308385285,6365.381714614103,6416.635518003553,6468.302015003491,6520.384528606639,6572.88640856233,6625.811031591967,6679.16180160615,6732.942149923667,6787.155535492116,6841.805445110439,6896.895393653112,6952.428924296275,7008.409608745552,7064.841047465831,7121.726869912778,7179.070734766296,7236.876330165845,7295.147373947643,7353.887613883764,7413.100827923194,7472.790824434837,7532.961442452409,7593.616551921397,7654.7600539479145,7716.395881049652,7778.527997408752,7841.160399126823,7904.2971144818985,7967.94220418758,8032.099761654146,8096.773913251861,8161.968818576374,8227.688670716232,8293.937696522553,8360.720156880894,8428.04034698531,8495.90259661459,8564.311270410717,8633.270768159597,8702.785525074065,8772.860012079082,8843.498736099358,8914.706240349144,8986.487104624512,9058.845945597834,9131.787417114787,9205.31621049359,9279.437054826807,9354.154717285446,9429.47400342559,9505.399757497484,9581.936862757088,9659.090241780126,9736.864856778713,9815.265709920519,9894.297843650465,9973.966341015032,10054.276325989182,10135.232963805956,10216.841461288606,10299.107067185563,10382.035072507933,10465.630810869876,10549.89965883156,10634.84703624505,10720.478406602804,10806.799277389146,10893.815200434417,10981.531772272076,11069.954634498676,11159.08947413668,11248.94202400021,11339.518063063782,11430.823416834026,11522.863957724268,11615.64560543233,11709.174327321158,11803.456138802712,11898.49710372478,11994.303334761045,12090.880993804161,12188.23629236214,12286.375491957784,12385.304904531427,12485.030892846919,12585.55987090084,12686.898304334996,12789.052710852275,12892.029660635888,12995.8357767719,13100.477735675182,13205.962267518828,13312.296156667053,13419.486242111492,13527.539417911097,13636.462633635434,13746.262894811807,13856.947263375758,13968.522858125163,14080.996855178266,14194.376488435144,14308.66905004285,14423.881890864615] 0.31126199007860056 [Infinity,Infinity,Infinity,Infinity,Infinity,Infinity,Infinity,Infinity,Infinity,Infinity,Infinity,Infinity,Infinity,Infinity,Infinity,Infinity,Infinity,Infinity,Infinity,Infinity,Infinity,Infinity,Infinity,Infinity,Infinity,Infinity,Infinity,Infinity,Infinity,Infinity,Infinity,Infinity,Infinity,Infinity,Infinity,Infinity,Infinity,Infinity,Infinity,Infinity,Infinity,Infinity,Infinity,Infinity,Infinity,Infinity,Infinity,Infinity,Infinity,Infinity,Infinity,Infinity,Infinity,Infinity,Infinity,Infinity,Infinity,Infinity,Infinity,Infinity,Infinity,Infinity,Infinity,Infinity,Infinity,Infinity,Infinity,Infinity,Infinity,Infinity,Infinity,Infinity,Infinity,Infinity,Infinity,Infinity,Infinity,Infinity,Infinity,Infinity,Infinity,Infinity,Infinity,Infinity,Infinity,Infinity,Infinity,Infinity,Infinity,Infinity,Infinity,Infinity,Infinity,Infinity,Infinity,Infinity,Infinity,Infinity,Infinity,Infinity,Infinity,Infinity,Infinity,Infinity,Infinity,Infinity,Infinity,Infinity,Infinity,Infinity,Infinity,Infinity,Infinity,Infinity,Infinity,Infinity,Infinity,Infinity,Infinity,Infinity,Infinity,Infinity,Infinity,Infinity,Infinity,Infinity,Infinity,Infinity,Infinity,Infinity,Infinity,Infinity,Infinity,Infinity,Infinity,Infinity,Infinity,Infinity,Infinity,Infinity,Infinity,Infinity,Infinity,Infinity,Infinity,Infinity,Infinity,Infinity,Infinity,Infinity,Infinity,Infinity,Infinity,Infinity,Infinity,Infinity,Infinity,Infinity,Infinity,Infinity,Infinity,Infinity,Infinity,Infinity,Infinity,Infinity,Infinity,Infinity,Infinity,Infinity,Infinity,Infinity,Infinity,Infinity,Infinity,Infinity,Infinity,Infinity,Infinity,Infinity,Infinity,Infinity,Infinity,Infinity,Infinity,Infinity,Infinity,Infinity,Infinity,Infinity,Infinity,Infinity,Infinity,Infinity,Infinity,Infinity,Infinity,Infinity,Infinity,Infinity,Infinity,Infinity,Infinity,Infinity,Infinity,Infinity,Infinity,Infinity,Infinity,Infinity,Infinity,Infinity,Infinity,Infinity,Infinity,Infinity,Infinity,Infinity,Infinity,Infinity,Infinity,Infinity,Infinity,Infinity,Infinity,Infinity,Infinity,Infinity,Infinity,Infinity,Infinity,Infinity,Infinity,Infinity,Infinity,Infinity,Infinity,Infinity,Infinity,Infinity,Infinity,Infinity,Infinity,Infinity,Infinity,Infinity,Infinity,Infinity,Infinity,Infinity,Infinity,Infinity,Infinity,Infinity,Infinity,Infinity,Infinity,Infinity,Infinity,Infinity,Infinity,Infinity,Infinity,Infinity,Infinity,Infinity,Infinity,Infinity,Infinity,Infinity,Infinity,Infinity,Infinity,Infinity,Infinity,Infinity,Infinity,Infinity,Infinity,Infinity,Infinity,Infinity,Infinity,Infinity,Infinity,Infinity,Infinity,Infinity,Infinity,Infinity,Infinity,Infinity,Infinity,Infinity,Infinity,Infinity,Infinity,Infinity,Infinity,Infinity] [0.0,0.0,0.0,0.0,0.0,0.0,0.0,0.0,0.0,0.0,0.0,0.0,0.0,0.0,0.0,0.0,0.0,0.0,0.0,0.0,0.0,0.0,0.0,0.0,0.0,0.0,0.0,0.0,0.0,0.0,0.0,0.0,0.0,0.0,0.0,0.0,0.0,0.0,0.0,0.0,0.0,0.0,0.0,0.0,0.0,0.0,0.0,0.0,0.0,0.0,0.0,0.0,0.0,0.0,0.0,0.0,0.0,0.0,0.0,0.0,0.0,0.0,0.0,0.0,0.0,0.0,0.0,0.0,0.0,0.0,0.0,0.0,0.0,0.0,0.0,0.0,0.0,0.0,0.0,0.0,0.0,0.0,0.0,0.0,0.0,0.0,0.0,0.0,0.0,0.0,0.0,0.0,0.0,0.0,0.0,0.0,0.0,0.0,0.0,0.0,0.0,0.0,0.0,0.0,0.0,0.0,0.0,0.0,0.0,0.0,0.0,0.0,0.0,0.0,0.0,0.0,0.0,0.0,0.0,0.0,0.0,0.0,0.0,0.0,0.0,0.0,0.0,0.0,0.0,0.0,0.0,0.0,0.0,0.0,0.0,0.0,0.0,0.0,0.0,0.0,0.0,0.0,0.0,0.0,0.0,0.0,0.0,0.0,0.0,0.0,0.0,0.0,0.0,0.0,0.0,0.0,0.0,0.0,0.0,0.0,0.0,0.0,0.0,0.0,0.0,0.0,0.0,0.0,0.0,0.0,0.0,0.0,0.0,0.0,0.0,0.0,0.0,0.0,0.0,0.0,0.0,0.0,0.0,0.0,0.0,0.0,0.0,0.0,0.0,0.0,0.0,0.0,0.0,0.0,0.0,0.0,0.0,0.0,0.0,0.0,0.0,0.0,0.0,0.0,0.0,0.0,0.0,0.0,0.0,0.0,0.0,0.0,0.0,0.0,0.0,0.0,0.0,0.0,0.0,0.0,0.0,0.0,0.0,0.0,0.0,0.0,0.0,0.0,0.0,0.0,0.0,0.0,0.0,0.0,0.0,0.0,0.0,0.0,0.0,0.0,0.0,0.0,0.0,0.0,0.0,0.0,0.0,0.0,0.0,0.0,0.0,0.0,0.0,0.0,0.0,0.0,0.0,0.0,0.0,0.0,0.0,0.0,0.0,0.0,0.0,0.0,0.0,0.0,0.0,0.0,0.0,0.0,0.0,0.0,0.0,0.0,0.0,0.0,0.0,0.0,0.0,0.0,0.0,0.0,0.0,0.0,0.0,0.0,0.0,0.0,0.0,0.0,0.0,0.0,0.0,0.0,0.0,0.0,0.0,0.0]
56186.843316502825 [0.0,0.0,0.0,0.0,0.0,0.0,0.0,0.0,0.0,0.0,0.0,0.0,0.0,0.0,0.0,0.0,0.0,0.0,0.0,0.0,0.0,0.0,0.0,0.0,0.0,0.0,0.0,0.0,0.0,0.0,0.0,0.0,0.0,0.0,0.0,0.0,0.0,0.0,0.0,0.0,0.0,0.0,0.0,0.0,0.0,0.0,0.0,0.0,0.0,0.0,0.0,0.0,0.0,0.0,0.0,0.0,0.0,0.0,0.0,0.0,0.0,0.0,0.0,0.0,0.0,0.0,0.0,0.0,0.0,0.0,0.0,0.0,0.0,0.0,0.0,0.0,0.0,0.0,0.0,0.0,0.0,0.0,0.0,0.0,0.0,0.0,0.0,0.0,0.0,0.0,0.0,0.0,0.0,0.0,0.0,0.0,0.0,0.0,0.0,0.0,0.0,0.0,0.0,0.0,0.0,0.0,0.0,0.0,0.0,0.0,0.0,0.0,0.0,0.0,0.0,0.0,0.0,0.0,0.0,0.0,0.0,0.0,0.0,0.0,0.0,0.0,0.0,0.0,0.0,0.0,0.0,0.0,0.0,0.0,0.0,0.0,0.0,0.0,0.0,0.0,0.0,0.0,0.0,0.0,0.0,0.0,0.0,0.0,0.0,0.0,0.0,0.0,0.0,0.0,0.0,0.0,0.0,0.0,0.0,0.0,0.0,0.0,0.0,0.0,0.0,0.0,0.0,0.0,0.0,0.0,0.0,0.0,0.0,0.0,0.0,0.0,0.0,0.0,0.0,0.0,0.0,0.0,0.0,0.0,0.0,0.0,0.0,0.0,0.0,0.0,0.0,0.0,0.0,0.0,0.0,0.0,0.0,0.0,0.0,0.0,0.0,0.0,0.0,0.0,0.0,0.0,0.0,0.0,0.0,0.0,0.0,0.0,0.0,0.0,0.0,0.0,0.0,0.0,0.0,0.0,0.0,0.0,0.0,0.0,0.0,0.0,0.0,0.0,0.0,0.0,0.0,0.0,0.0,0.0,0.0,0.0,0.0,0.0,0.0,0.0,0.0,0.0,0.0,0.0,0.0,0.0,0.0,0.0,0.0,0.0,0.0,0.0,0.0,0.0,0.0,0.0,0.0,0.0,0.0,0.0,0.0,0.0,0.0,0.0,0.0,0.0,0.0,0.0,0.0,0.0,0.0,0.0,0.0,0.0,0.0,0.0,0.0,0.0,0.0,0.0,0.0,0.0,0.0,0.0,0.0,0.0,0.0,0.0,0.0,0.0,0.0,0.0,0.0,0.0,0.0,0.0,0.0,0.0,0.0,0.0] [1311.2619900786005,1321.8202200865917,1332.463464547639,1343.19240799478,1354.0077404728797,1364.9101575830227,1375.9003605272408,1386.9790561536227,1398.1469570017646,1409.4047813486081,1420.7532532546286,1432.193102610412,1443.7250651835902,1455.3498826661717,1467.068302722235,1478.881079036026,1490.78897136042,1502.7927455657994,1514.8931736892998,1527.0910339844697,1539.3871109713293,1551.7821954868166,1564.2770847356642,1576.872582341659,1589.569498399342,1602.368649526097,1615.270858914685,1628.2769563861766,1641.3877784433362,1654.6041683244075,1667.9269760573632,1681.3570585145608,1694.895279467867,1708.5425096441993,1722.2996267815402,1736.1675156853773,1750.1470682856248,1764.2391836939755,1778.4447682617345,1792.7647356381167,1807.2000068289992,1821.7515102561672,1836.4201818170154,1851.2069649447558,1866.112810669078,1881.1386776773347,1896.285532376183,1911.5543489537563,1926.9461094423048,1942.4618037813711,1958.1024298814455,1973.8689936881608,1989.7625092469793,2005.7839987684179,2021.9344926937952,2038.215029761504,2054.626657073813,2071.1704301642176,2087.8474130653335,2104.6586783773164,2121.605307336866,2138.6883898867477,2155.9090247459117,2173.268319480143,2190.767390573309,2208.407363499154,2226.1893727937027,2244.1145621282076,2262.184084382728,2280.399101720259,2298.7607856614945,2317.2703171601615,2335.9288866789793,2354.7376942662327,2373.6979496329395,2392.810872230673,2412.077691329971,2431.4996460994216,2451.0779856853383,2470.813969292122,2490.7088662632277,2510.763956162824,2530.9805288580706,2551.359884602096,2571.9033341176064,2592.612198681206,2613.487810208354,2634.5315113390543,2655.7446555241822,2677.1286071125573,2698.6847414386757,2720.4144449111714,2742.319115101994,2764.4001608362782,2786.6590022829737,2809.097071046162,2831.715810257159,2854.5166746673017,2877.5011307415425,2900.67065675274,2924.0267428767575,2947.570891288285,2971.304616257478,2995.22944424732,3019.346914011829,3043.658576695001,3068.1659959305807,3092.870747942638,3117.7744216469364,3142.87861875312,3168.1849538677375,3193.695054598094,3219.410561656912,3245.333128967883,3271.4644237720117,3297.806126734876,3324.3599320546946,3351.1275475713155,3378.1106948760344,3405.3111094223436,3432.7305406375262,3460.3707520352004,3488.23352132871,3516.320640545493,3544.6339161423107,3573.1751691214417,3601.9462351478164,3630.9489646670518,3660.1852230244945,3689.6568905851636,3719.3658628547196,3749.3140506013438,3779.5033799786634,3809.935792649603,3840.6132459112973,3871.5377128209448,3902.7111823227383,3934.135659375755,3965.8131650829396,3997.7457368210635,4029.9354283717907,4062.3843100537392,4095.0944688556665,4128.068008570669,4161.3070499315045,4194.813730746993,4228.590206039511,4262.638648183577,4296.961247045588,4331.560210124669,4366.437762694626,4401.596147947099,4437.037627135803,4472.764479721992,4508.779003521039,4545.083514850253,4581.680348677821,4618.571858773019,4655.7604178575675,4693.248417758249,4731.038269560753,4769.132403764733,4807.533270440121,4846.243339384716,4885.265100283049,4924.601062866471,4964.253757074609,5004.22573321805,5044.519562142395,5085.137835393579,5126.08316538458,5167.3581855634,5208.965550582488,5250.907936469426,5293.188040799074,5335.808582867062,5378.772303864684,5422.081967055189,5465.740357951513,5509.7502844954415,5554.1145772382,5598.836089522486,5643.917697666003,5689.362301146471,5735.17282278806,5781.352208949439,5827.903429713208,5874.829479076986,5922.133375145914,5969.818160326825,6017.886901523867,6066.342690335802,6115.188643254807,6164.427901866934,6214.06363305417,6264.099029198114,6314.537308385285,6365.381714614103,6416.635518003553,6468.302015003491,6520.384528606639,6572.88640856233,6625.811031591967,6679.16180160615,6732.942149923667,6787.155535492116,6841.805445110439,6896.895393653112,6952.428924296275,7008.409608745552,7064.841047465831,7121.726869912778,7179.070734766296,7236.876330165845,7295.147373947643,7353.887613883764,7413.100827923194,7472.790824434837,7532.961442452409,7593.616551921397,7654.7600539479145,7716.395881049652,7778.527997408752,7841.160399126823,7904.2971144818985,7967.94220418758,8032.099761654146,8096.773913251861,8161.968818576374,8227.688670716232,8293.937696522553,8360.720156880894,8428.04034698531,8495.90259661459,8564.311270410717,8633.270768159597,8702.785525074065,8772.860012079082,8843.498736099358,8914.706240349144,8986.487104624512,9058.845945597834,9131.787417114787,9205.31621049359,9279.437054826807,9354.154717285446,9429.47400342559,9505.399757497484,9581.936862757088,9659.090241780126,9736.864856778713,9815.265709920519,9894.297843650465,9973.966341015032,10054.276325989182,10135.232963805956,10216.841461288606,10299.107067185563,10382.035072507933,10465.630810869876,10549.89965883156,10634.84703624505,10720.478406602804,10806.799277389146,10893.815200434417,10981.531772272076,11069.954634498676,11159.08947413668,11248.94202400021,11339.518063063782,11430.823416834026,11522.863957724268,11615.64560543233,11709.174327321158,11803.456138802712,11898.49710372478,11994.303334761045,12090.880993804161,12188.23629236214,12286.375491957784,12385.304904531427,12485.030892846919,12585.55987090084,12686.898304334996,12789.052710852275,12892.029660635888,12995.8357767719,13100.477735675182,13205.962267518828,13312.296156667053,13419.486242111492,13527.539417911097,13636.462633635434,13746.262894811807,13856.947263375758,13968.522858125163,14080.996855178266,14194.376488435144,14308.66905004285,14423.881890864615] 0.31126199007860056 [Infinity,Infinity,Infinity,Infinity,Infinity,Infinity,Infinity,Infinity,Infinity,Infinity,Infinity,Infinity,Infinity,Infinity,Infinity,Infinity,Infinity,Infinity,Infinity,Infinity,Infinity,Infinity,Infinity,Infinity,Infinity,Infinity,Infinity,Infinity,Infinity,Infinity,Infinity,Infinity,Infinity,Infinity,Infinity,Infinity,Infinity,Infinity,Infinity,Infinity,Infinity,Infinity,Infinity,Infinity,Infinity,Infinity,Infinity,Infinity,Infinity,Infinity,Infinity,Infinity,Infinity,Infinity,Infinity,Infinity,Infinity,Infinity,Infinity,Infinity,Infinity,Infinity,Infinity,Infinity,Infinity,Infinity,Infinity,Infinity,Infinity,Infinity,Infinity,Infinity,Infinity,Infinity,Infinity,Infinity,Infinity,Infinity,Infinity,Infinity,Infinity,Infinity,Infinity,Infinity,Infinity,Infinity,Infinity,Infinity,Infinity,Infinity,Infinity,Infinity,Infinity,Infinity,Infinity,Infinity,Infinity,Infinity,Infinity,Infinity,Infinity,Infinity,Infinity,Infinity,Infinity,Infinity,Infinity,Infinity,Infinity,Infinity,Infinity,Infinity,Infinity,Infinity,Infinity,Infinity,Infinity,Infinity,Infinity,Infinity,Infinity,Infinity,Infinity,Infinity,Infinity,Infinity,Infinity,Infinity,Infinity,Infinity,Infinity,Infinity,Infinity,Infinity,Infinity,Infinity,Infinity,Infinity,Infinity,Infinity,Infinity,Infinity,Infinity,Infinity,Infinity,Infinity,Infinity,Infinity,Infinity,Infinity,Infinity,Infinity,Infinity,Infinity,Infinity,Infinity,Infinity,Infinity,Infinity,Infinity,Infinity,Infinity,Infinity,Infinity,Infinity,Infinity,Infinity,Infinity,Infinity,Infinity,Infinity,Infinity,Infinity,Infinity,Infinity,Infinity,Infinity,Infinity,Infinity,Infinity,Infinity,Infinity,Infinity,Infinity,Infinity,Infinity,Infinity,Infinity,Infinity,Infinity,Infinity,Infinity,Infinity,Infinity,Infinity,Infinity,Infinity,Infinity,Infinity,Infinity,Infinity,Infinity,Infinity,Infinity,Infinity,Infinity,Infinity,Infinity,Infinity,Infinity,Infinity,Infinity,Infinity,Infinity,Infinity,Infinity,Infinity,Infinity,Infinity,Infinity,Infinity,Infinity,Infinity,Infinity,Infinity,Infinity,Infinity,Infinity,Infinity,Infinity,Infinity,Infinity,Infinity,Infinity,Infinity,Infinity,Infinity,Infinity,Infinity,Infinity,Infinity,Infinity,Infinity,Infinity,Infinity,Infinity,Infinity,Infinity,Infinity,Infinity,Infinity,Infinity,Infinity,Infinity,Infinity,Infinity,Infinity,Infinity,Infinity,Infinity,Infinity,Infinity,Infinity,Infinity,Infinity,Infinity,Infinity,Infinity,Infinity,Infinity,Infinity,Infinity,Infinity,Infinity,Infinity,Infinity,Infinity,Infinity,Infinity,Infinity,Infinity,Infinity,Infinity,Infinity,Infinity,Infinity,Infinity,Infinity,Infinity,Infinity,Infinity,Infinity,Infinity,Infinity,Infinity,Infinity,Infinity,Infinity,Infinity,Infinity] [0.0,0.0,0.0,0.0,0.0,0.0,0.0,0.0,0.0,0.0,0.0,0.0,0.0,0.0,0.0,0.0,0.0,0.0,0.0,0.0,0.0,0.0,0.0,0.0,0.0,0.0,0.0,0.0,0.0,0.0,0.0,0.0,0.0,0.0,0.0,0.0,0.0,0.0,0.0,0.0,0.0,0.0,0.0,0.0,0.0,0.0,0.0,0.0,0.0,0.0,0.0,0.0,0.0,0.0,0.0,0.0,0.0,0.0,0.0,0.0,0.0,0.0,0.0,0.0,0.0,0.0,0.0,0.0,0.0,0.0,0.0,0.0,0.0,0.0,0.0,0.0,0.0,0.0,0.0,0.0,0.0,0.0,0.0,0.0,0.0,0.0,0.0,0.0,0.0,0.0,0.0,0.0,0.0,0.0,0.0,0.0,0.0,0.0,0.0,0.0,0.0,0.0,0.0,0.0,0.0,0.0,0.0,0.0,0.0,0.0,0.0,0.0,0.0,0.0,0.0,0.0,0.0,0.0,0.0,0.0,0.0,0.0,0.0,0.0,0.0,0.0,0.0,0.0,0.0,0.0,0.0,0.0,0.0,0.0,0.0,0.0,0.0,0.0,0.0,0.0,0.0,0.0,0.0,0.0,0.0,0.0,0.0,0.0,0.0,0.0,0.0,0.0,0.0,0.0,0.0,0.0,0.0,0.0,0.0,0.0,0.0,0.0,0.0,0.0,0.0,0.0,0.0,0.0,0.0,0.0,0.0,0.0,0.0,0.0,0.0,0.0,0.0,0.0,0.0,0.0,0.0,0.0,0.0,0.0,0.0,0.0,0.0,0.0,0.0,0.0,0.0,0.0,0.0,0.0,0.0,0.0,0.0,0.0,0.0,0.0,0.0,0.0,0.0,0.0,0.0,0.0,0.0,0.0,0.0,0.0,0.0,0.0,0.0,0.0,0.0,0.0,0.0,0.0,0.0,0.0,0.0,0.0,0.0,0.0,0.0,0.0,0.0,0.0,0.0,0.0,0.0,0.0,0.0,0.0,0.0,0.0,0.0,0.0,0.0,0.0,0.0,0.0,0.0,0.0,0.0,0.0,0.0,0.0,0.0,0.0,0.0,0.0,0.0,0.0,0.0,0.0,0.0,0.0,0.0,0.0,0.0,0.0,0.0,0.0,0.0,0.0,0.0,0.0,0.0,0.0,0.0,0.0,0.0,0.0,0.0,0.0,0.0,0.0,0.0,0.0,0.0,0.0,0.0,0.0,0.0,0.0,0.0,0.0,0.0,0.0,0.0,0.0,0.0,0.0,0.0,0.0,0.0,0.0,0.0,0.0]
56257.85099459451 [0.0,0.0,0.0,0.0,0.0,0.0,0.0,0.0,0.0,0.0,0.0,0.0,0.0,0.0,0.0,0.0,0.0,0.0,0.0,0.0,0.0,0.0,0.0,0.0,0.0,0.0,0.0,0.0,0.0,0.0,0.0,0.0,0.0,0.0,0.0,0.0,0.0,0.0,0.0,0.0,0.0,0.0,0.0,0.0,0.0,0.0,0.0,0.0,0.0,0.0,0.0,0.0,0.0,0.0,0.0,0.0,0.0,0.0,0.0,0.0,0.0,0.0,0.0,0.0,0.0,0.0,0.0,0.0,0.0,0.0,0.0,0.0,0.0,0.0,0.0,0.0,0.0,0.0,0.0,0.0,0.0,0.0,0.0,0.0,0.0,0.0,0.0,0.0,0.0,0.0,0.0,0.0,0.0,0.0,0.0,0.0,0.0,0.0,0.0,0.0,0.0,0.0,0.0,0.0,0.0,0.0,0.0,0.0,0.0,0.0,0.0,0.0,0.0,0.0,0.0,0.0,0.0,0.0,0.0,0.0,0.0,0.0,0.0,0.0,0.0,0.0,0.0,0.0,0.0,0.0,0.0,0.0,0.0,0.0,0.0,0.0,0.0,0.0,0.0,0.0,66.1459005928772,54.35926004493206,40.64214113728658,36.317991782151076,41.51200152844789,68.09748671962095,99.56274450200107,125.08854159064376,157.48833496410614,153.32250798367323,137.70472688561296,100.82132976328204,83.73264004225517,82.98793359400379,109.36407859779544,175.9902264732804,188.24467852532075,239.79983572617869,289.9387124785519,277.1961047669163,282.65946690409896,338.7501237961879,351.6680795942567,322.374889736097,282.5588092956375,208.91865309011223,184.048230701315,211.36067318351053,327.8649128554279,473.34769666252413,595.8235005644943,606.2107088839286,507.27308586830753,354.76106937094687,375.9062618932535,425.26341307046863,417.41085159065346,423.5201668019047,459.48772996712853,422.64368874389936,446.55735828860924,422.1132962144437,371.15207894457046,270.0090169180677,251.14126534648483,274.9340797061212,298.7517509089731,396.82471520537587,481.1744054237655,621.0636305026691,695.6275739355632,553.12137367703,472.5094766459143,346.80080573099104,279.1813854707017,289.69633802141965,270.1133264010378,275.3911212981565,336.7601372159844,353.47302859834014,277.70476111203476,251.59037353524582,302.658944872174,321.5268542238271,333.1415143055724,464.8227578968827,515.7864107881493,457.14893208020004,415.35072840366627,428.1064156737081,361.1773242805087,382.8288960546359,330.7323408247936,302.0840307234159,276.29529552272487,251.19358084842366,237.28376404239305,231.90159257998653,245.51671808338781,306.0293069344998,372.53310584064275,385.97342943283695,341.789274084158,294.52337078583616,260.6958622065674,171.35026323760397,118.60413003977064,157.82709756427874,213.5094963415074,236.11902912551187,256.0018709249959,244.12922538656525,239.22017439746537,223.99630297715646,204.9121570525394,200.61711373324303,166.60177472952694,147.39336791195757,120.78374115870002,111.01895772989444,112.75157447583126,116.94072197519729,108.36043137449235,105.4900230136748,105.54383986885777,84.62809328637354,88.88237739823055,98.17199603532818,82.7422859535147,76.37036428010012,69.0069116829349,68.65605010350944,68.97362352220485,67.29071417742408,54.11120563585203,53.19669691653038,61.4758215118403,70.4778236432313,67.02827977040107,59.12007806905847,48.95905838044553,41.44497866162328,20.01701448844751,29.47083357296478,41.219326738473754,55.226892157354065,73.99794589263055,108.90074076238695,119.56702678433541,132.39344875948967,128.89325024744514,109.32539376288341,89.20731517474043,79.22384570547959,63.57545761035185,59.083337415151824,51.75430974136771,49.654990113501924,44.455832401051474,38.92905217474267,37.16318173915972,35.74578913442209,34.62044871090337,37.06896224464202,34.783549023909146,31.83643423542503,25.960465707127447,22.608140228870475,19.64454811346209,16.144105897216857,15.665610239489487,16.498725486865872,17.05876827801764,20.67487475695774,17.377076884508234,14.580562892442213,19.415316836780384,9.613436996773798,11.854946459164863,6.535739544561403] [1311.2619900786005,1321.8202200865917,1332.463464547639,1343.19240799478,1354.0077404728797,1364.9101575830227,1375.9003605272408,1386.9790561536227,1398.1469570017646,1409.4047813486081,1420.7532532546286,1432.193102610412,1443.7250651835902,1455.3498826661717,1467.068302722235,1478.881079036026,1490.78897136042,1502.7927455657994,1514.8931736892998,1527.0910339844697,1539.3871109713293,1551.7821954868166,1564.2770847356642,1576.872582341659,1589.569498399342,1602.368649526097,1615.270858914685,1628.2769563861766,1641.3877784433362,1654.6041683244075,1667.9269760573632,1681.3570585145608,1694.895279467867,1708.5425096441993,1722.2996267815402,1736.1675156853773,1750.1470682856248,1764.2391836939755,1778.4447682617345,1792.7647356381167,1807.2000068289992,1821.7515102561672,1836.4201818170154,1851.2069649447558,1866.112810669078,1881.1386776773347,1896.285532376183,1911.5543489537563,1926.9461094423048,1942.4618037813711,1958.1024298814455,1973.8689936881608,1989.7625092469793,2005.7839987684179,2021.9344926937952,2038.215029761504,2054.626657073813,2071.1704301642176,2087.8474130653335,2104.6586783773164,2121.605307336866,2138.6883898867477,2155.9090247459117,2173.268319480143,2190.767390573309,2208.407363499154,2226.1893727937027,2244.1145621282076,2262.184084382728,2280.399101720259,2298.7607856614945,2317.2703171601615,2335.9288866789793,2354.7376942662327,2373.6979496329395,2392.810872230673,2412.077691329971,2431.4996460994216,2451.0779856853383,2470.813969292122,2490.7088662632277,2510.763956162824,2530.9805288580706,2551.359884602096,2571.9033341176064,2592.612198681206,2613.487810208354,2634.5315113390543,2655.7446555241822,2677.1286071125573,2698.6847414386757,2720.4144449111714,2742.319115101994,2764.4001608362782,2786.6590022829737,2809.097071046162,2831.715810257159,2854.5166746673017,2877.5011307415425,2900.67065675274,2924.0267428767575,2947.570891288285,2971.304616257478,2995.22944424732,3019.346914011829,3043.658576695001,3068.1659959305807,3092.870747942638,3117.7744216469364,3142.87861875312,3168.1849538677375,3193.695054598094,3219.410561656912,3245.333128967883,3271.4644237720117,3297.806126734876,3324.3599320546946,3351.1275475713155,3378.1106948760344,3405.3111094223436,3432.7305406375262,3460.3707520352004,3488.23352132871,3516.320640545493,3544.6339161423107,3573.1751691214417,3601.9462351478164,3630.9489646670518,3660.1852230244945,3689.6568905851636,3719.3658628547196,3749.3140506013438,3779.5033799786634,3809.935792649603,3840.6132459112973,3871.5377128209448,3902.7111823227383,3934.135659375755,3965.8131650829396,3997.7457368210635,4029.9354283717907,4062.3843100537392,4095.0944688556665,4128.068008570669,4161.3070499315045,4194.813730746993,4228.590206039511,4262.638648183577,4296.961247045588,4331.560210124669,4366.437762694626,4401.596147947099,4437.037627135803,4472.764479721992,4508.779003521039,4545.083514850253,4581.680348677821,4618.571858773019,4655.7604178575675,4693.248417758249,4731.038269560753,4769.132403764733,4807.533270440121,4846.243339384716,4885.265100283049,4924.601062866471,4964.253757074609,5004.22573321805,5044.519562142395,5085.137835393579,5126.08316538458,5167.3581855634,5208.965550582488,5250.907936469426,5293.188040799074,5335.808582867062,5378.772303864684,5422.081967055189,5465.740357951513,5509.7502844954415,5554.1145772382,5598.836089522486,5643.917697666003,5689.362301146471,5735.17282278806,5781.352208949439,5827.903429713208,5874.829479076986,5922.133375145914,5969.818160326825,6017.886901523867,6066.342690335802,6115.188643254807,6164.427901866934,6214.06363305417,6264.099029198114,6314.537308385285,6365.381714614103,6416.635518003553,6468.302015003491,6520.384528606639,6572.88640856233,6625.811031591967,6679.16180160615,6732.942149923667,6787.155535492116,6841.805445110439,6896.895393653112,6952.428924296275,7008.409608745552,7064.841047465831,7121.726869912778,7179.070734766296,7236.876330165845,7295.147373947643,7353.887613883764,7413.100827923194,7472.790824434837,7532.961442452409,7593.616551921397,7654.7600539479145,7716.395881049652,7778.527997408752,7841.160399126823,7904.2971144818985,7967.94220418758,8032.099761654146,8096.773913251861,8161.968818576374,8227.688670716232,8293.937696522553,8360.720156880894,8428.04034698531,8495.90259661459,8564.311270410717,8633.270768159597,8702.785525074065,8772.860012079082,8843.498736099358,8914.706240349144,8986.487104624512,9058.845945597834,9131.787417114787,9205.31621049359,9279.437054826807,9354.154717285446,9429.47400342559,9505.399757497484,9581.936862757088,9659.090241780126,9736.864856778713,9815.265709920519,9894.297843650465,9973.966341015032,10054.276325989182,10135.232963805956,10216.841461288606,10299.107067185563,10382.035072507933,10465.630810869876,10549.89965883156,10634.84703624505,10720.478406602804,10806.799277389146,10893.815200434417,10981.531772272076,11069.954634498676,11159.08947413668,11248.94202400021,11339.518063063782,11430.823416834026,11522.863957724268,11615.64560543233,11709.174327321158,11803.456138802712,11898.49710372478,11994.303334761045,12090.880993804161,12188.23629236214,12286.375491957784,12385.304904531427,12485.030892846919,12585.55987090084,12686.898304334996,12789.052710852275,12892.029660635888,12995.8357767719,13100.477735675182,13205.962267518828,13312.296156667053,13419.486242111492,13527.539417911097,13636.462633635434,13746.262894811807,13856.947263375758,13968.522858125163,14080.996855178266,14194.376488435144,14308.66905004285,14423.881890864615] 0.31126199007860056 [Infinity,Infinity,Infinity,Infinity,Infinity,Infinity,Infinity,Infinity,Infinity,Infinity,Infinity,Infinity,Infinity,Infinity,Infinity,Infinity,Infinity,Infinity,Infinity,Infinity,Infinity,Infinity,Infinity,Infinity,Infinity,Infinity,Infinity,Infinity,Infinity,Infinity,Infinity,Infinity,Infinity,Infinity,Infinity,Infinity,Infinity,Infinity,Infinity,Infinity,Infinity,Infinity,Infinity,Infinity,Infinity,Infinity,Infinity,Infinity,Infinity,Infinity,Infinity,Infinity,Infinity,Infinity,Infinity,Infinity,Infinity,Infinity,Infinity,Infinity,Infinity,Infinity,Infinity,Infinity,Infinity,Infinity,Infinity,Infinity,Infinity,Infinity,Infinity,Infinity,Infinity,Infinity,Infinity,Infinity,Infinity,Infinity,Infinity,Infinity,Infinity,Infinity,Infinity,Infinity,Infinity,Infinity,Infinity,Infinity,Infinity,Infinity,Infinity,Infinity,Infinity,Infinity,Infinity,Infinity,Infinity,Infinity,Infinity,Infinity,Infinity,Infinity,Infinity,Infinity,Infinity,Infinity,Infinity,Infinity,Infinity,Infinity,Infinity,Infinity,Infinity,Infinity,Infinity,Infinity,Infinity,Infinity,Infinity,Infinity,Infinity,Infinity,Infinity,Infinity,Infinity,Infinity,Infinity,Infinity,Infinity,Infinity,Infinity,Infinity,Infinity,Infinity,Infinity,Infinity,Infinity,Infinity,Infinity,Infinity,3.2930800051979503,2.622121862115983,2.049205068870991,1.814571643385431,2.158864653575107,3.290248071020642,4.944193966900498,6.533019473609562,7.506832237752467,7.632327070551142,6.764750174975129,5.212376876406746,3.99894150657393,4.134441100940963,5.626365355223645,7.937804730707116,10.476263610853833,12.574278053945887,13.64322334784923,14.123395202352246,15.02268349080482,16.495225840414683,17.254614440652357,16.14946333672207,13.586435613923985,10.54900475752366,8.852797466378458,10.99173236412599,17.306341629610206,24.25388484257126,28.439028920864292,28.832220764864246,25.3467113336224,20.777484028688093,18.962980202030472,19.96275469272476,21.241884213568458,21.830047356052,22.385939083851817,22.997625679590428,22.91131349459224,21.54804226010888,18.729723912601926,15.146377953290742,12.923868167769745,13.341542574354847,15.918733918854063,20.077665905833317,25.34479456345108,30.244178730290816,32.002553049057596,29.51255200751313,23.73144445544247,17.5168996352758,14.6655643304574,14.302567650525665,13.792698221284667,14.476923040808794,17.116035416934764,17.191724530294827,13.7864586612923,12.667907258568983,14.408171984252382,15.760813177224666,18.165317149681094,22.69417892053212,25.182696277616408,24.372198478364517,22.654363580376256,20.925414033505156,19.34732564147923,17.96360983839401,16.762749228785605,15.665840628043034,14.457279464282314,13.06416797154559,11.709940177442872,11.049425818835372,11.949917493428334,14.971552331090592,18.00879334162985,18.661102579428306,16.505645197278394,14.688088584185873,13.43240277288842,8.867705211700324,6.1582760839821535,7.8038793673164095,10.704287795152094,11.97627973765452,11.80830294376549,11.538173806592457,11.355133324860727,11.187139507228325,10.634628294665763,9.435052296472584,8.03717685589374,7.019620427231148,6.1950189686429775,5.576584670728171,5.763082145931118,5.566660989816479,5.239910953478453,5.169527290974592,5.05724683841002,4.775530900785432,4.601724687455855,4.666191013807548,4.441982393846156,3.8184775000567215,3.396342868675994,3.2610661651171755,3.3909844240215223,3.225344925786877,2.6763209556653864,2.6724583926334375,3.1987737489884625,3.3658152240606825,3.2722489345598156,3.0471519919656407,2.526265811137032,1.8987909590233087,0.9811473807462943,1.5550199301485184,1.9443873638141198,2.6886090763556925,3.8776695267006183,5.074899946396785,5.77565691639389,6.254833382645675,6.332785539006952,5.738517150152024,4.487232151840365,3.831795250373223,3.4587293999329076,2.978070265838852,2.710510268667119,2.269068931924972,2.201600552272738,2.0829563366380808,1.83779136088331,1.881005995746337,1.7601862398250787,1.7045817420283271,1.6783874350487331,1.6736551253823735,1.2958230356870197,1.1104507770690648,1.0248409481320033,0.8843753637302303,0.7598609400204853,0.8178397700716085,0.9064359793390071,0.9849951345382104,0.8412573596923172,0.7611452681836084,0.9463134393430381,0.4979827774297479,0.6065388643941346,0.32160752601385] [0.0,0.0,0.0,0.0,0.0,0.0,0.0,0.0,0.0,0.0,0.0,0.0,0.0,0.0,0.0,0.0,0.0,0.0,0.0,0.0,0.0,0.0,0.0,0.0,0.0,0.0,0.0,0.0,0.0,0.0,0.0,0.0,0.0,0.0,0.0,0.0,0.0,0.0,0.0,0.0,0.0,0.0,0.0,0.0,0.0,0.0,0.0,0.0,0.0,0.0,0.0,0.0,0.0,0.0,0.0,0.0,0.0,0.0,0.0,0.0,0.0,0.0,0.0,0.0,0.0,0.0,0.0,0.0,0.0,0.0,0.0,0.0,0.0,0.0,0.0,0.0,0.0,0.0,0.0,0.0,0.0,0.0,0.0,0.0,0.0,0.0,0.0,0.0,0.0,0.0,0.0,0.0,0.0,0.0,0.0,0.0,0.0,0.0,0.0,0.0,0.0,0.0,0.0,0.0,0.0,0.0,0.0,0.0,0.0,0.0,0.0,0.0,0.0,0.0,0.0,0.0,0.0,0.0,0.0,0.0,0.0,0.0,0.0,0.0,0.0,0.0,0.0,0.0,0.0,0.0,0.0,0.0,0.0,0.0,0.0,0.0,0.0,0.0,0.0,0.0,0.2843004889181851,1.9168228026124015,-0.3419602401332425,0.02655891444245713,-1.665291543054244,2.2925252992081155,0.6788651639911026,-5.571847881547491,7.351690209056803,0.6759665726503847,2.4097233861103806,-3.4262077648528884,3.753809910776574,0.29911157518454046,-3.1632285066774526,17.234131859138074,-21.2805936917559,-11.685725352739068,17.074245521567324,-5.271799280128594,-17.79420291199747,8.845606987894257,6.57579078120953,-0.6143769983444014,10.830097017157826,-2.061442060360984,6.992281373745832,-8.473974099009272,-18.261919736776203,-11.730000188901043,27.04292214720847,29.56629358664371,0.3388591958594896,-60.78861120281501,-3.353342147355994,26.008319215973415,-7.4268326807156635,-13.08078031913529,11.768948290092208,-37.30882484790919,-11.668911603235529,-8.847548987733884,-3.4423993074680577,-32.91854214774715,-7.336098008910072,8.1032282190243,-19.622927468108102,-4.728602911290463,-25.721485845256097,16.180055896852725,55.57651295441132,-37.12966647323261,-2.1194124629351645,-3.5371869745249294,-14.129901138446336,3.6449850109063147,-5.740638024655523,-14.147339518019349,-5.56057112271086,9.638537992443533,1.9755878861887597,-1.7677716361338274,14.49550518712634,6.310590679333835,-30.16482868804952,10.93917948624029,12.132485235821074,-30.295037487090276,-37.736543203858844,9.598135003604968,-25.769188549075928,23.556699286755702,-4.522643750918546,-11.232781837444792,-12.850293762921405,-10.089778582488126,3.0849604935356023,10.913076203279061,6.51836821482112,6.598260312687975,12.357239008045738,12.751377844270834,11.676370138590142,0.7615991021186695,-7.952193251200974,-6.003840996402527,-4.561391639872421,1.7495102179505695,-0.576259561534461,-3.406565627578545,19.8358120496861,13.365749254716095,12.11750790025084,0.25351283258996593,-7.780408840775852,11.916067803791341,5.858237611652135,7.000959367334608,-3.1166382141595235,-0.5127356846689758,-2.510068442791093,5.607502178867711,3.5622123049232877,2.0994771941829535,4.398903100657383,-10.882524729335096,-3.1521163508865646,4.848175759177205,-6.097361923408427,0.0008142789656982192,1.0800543094150237,3.434726801165934,1.1539350417743963,2.783815661686535,0.584786522544308,-0.25247093613837,-2.4996534679289524,3.1615191620176506,1.583301079204766,-1.8229617702543373,-1.5662578422951072,3.469159481157104,0.3940668735216288,-1.6295650300055864,2.3315794621913573,1.4547106302402117,-3.555444641381809,7.4027418344512474,4.05388845645762,7.296781106576185,2.237539467306087,-5.444949240157069,-0.5373278620668575,2.5879406980151343,-5.5991303883063095,-0.478067901625214,-2.455895631974664,4.273611475002485,0.42382135559671047,-2.730074558018941,0.40735452149351453,-1.8743307805046479,-0.5832760855982091,2.9773274040754782,1.2158003229344834,-1.6366682722224362,0.04400499338705258,0.3991246874891756,-0.852270849177978,-1.5434013773877477,0.46839143907978154,0.1419300854337049,-1.0699513087625012,0.9749720661935289,0.5519296906618905,-0.6423424712299558,0.4890480499196218,-0.34621855182115907,-0.27583082871782916,0.10358902428440239]
56347.578074973106 [0.0,0.0,0.0,0.0,0.0,0.0,0.0,0.0,0.0,0.0,0.0,0.0,0.0,0.0,0.0,0.0,0.0,0.0,0.0,0.0,0.0,0.0,0.0,0.0,0.0,0.0,0.0,0.0,0.0,0.0,0.0,0.0,0.0,0.0,0.0,0.0,0.0,0.0,0.0,0.0,0.0,0.0,0.0,0.0,0.0,0.0,0.0,0.0,0.0,0.0,0.0,0.0,0.0,0.0,0.0,0.0,0.0,0.0,0.0,0.0,0.0,0.0,0.0,0.0,0.0,0.0,0.0,0.0,0.0,0.0,0.0,0.0,0.0,0.0,0.0,0.0,0.0,0.0,0.0,0.0,0.0,0.0,0.0,0.0,0.0,0.0,0.0,0.0,0.0,0.0,0.0,0.0,0.0,0.0,0.0,0.0,0.0,0.0,0.0,0.0,0.0,0.0,0.0,0.0,0.0,0.0,0.0,0.0,0.0,0.0,0.0,0.0,0.0,0.0,0.0,0.0,0.0,0.0,0.0,0.0,0.0,0.0,0.0,0.0,0.0,0.0,0.0,0.0,0.0,0.0,0.0,0.0,0.0,0.0,0.0,0.0,0.0,0.0,0.0,0.0,0.0,0.0,0.0,0.0,0.0,0.0,0.0,0.0,0.0,0.0,0.0,0.0,0.0,0.0,0.0,0.0,0.0,0.0,0.0,0.0,0.0,0.0,0.0,0.0,0.0,0.0,0.0,0.0,0.0,0.0,0.0,0.0,0.0,0.0,0.0,0.0,0.0,0.0,0.0,0.0,0.0,0.0,0.0,0.0,0.0,0.0,0.0,0.0,0.0,0.0,0.0,0.0,0.0,0.0,0.0,0.0,0.0,0.0,0.0,0.0,0.0,0.0,0.0,0.0,0.0,0.0,0.0,0.0,0.0,0.0,0.0,0.0,0.0,0.0,0.0,0.0,0.0,0.0,0.0,0.0,0.0,0.0,0.0,0.0,0.0,0.0,0.0,0.0,0.0,0.0,0.0,0.0,0.0,0.0,0.0,0.0,0.0,0.0,0.0,0.0,0.0,0.0,0.0,0.0,0.0,0.0,0.0,0.0,0.0,0.0,0.0,0.0,0.0,0.0,0.0,0.0,0.0,0.0,0.0,0.0,0.0,0.0,0.0,0.0,0.0,0.0,0.0,0.0,0.0,0.0,0.0,0.0,0.0,0.0,0.0,0.0,0.0,0.0,0.0,0.0,0.0,0.0,0.0,0.0,0.0,0.0,0.0,0.0,0.0,0.0,0.0,0.0,0.0,0.0,0.0,0.0,0.0,0.0,0.0,0.0] [1311.2619900786005,1321.8202200865917,1332.463464547639,1343.19240799478,1354.0077404728797,1364.9101575830227,1375.9003605272408,1386.9790561536227,1398.1469570017646,1409.4047813486081,1420.7532532546286,1432.193102610412,1443.7250651835902,1455.3498826661717,1467.068302722235,1478.881079036026,1490.78897136042,1502.7927455657994,1514.8931736892998,1527.0910339844697,1539.3871109713293,1551.7821954868166,1564.2770847356642,1576.872582341659,1589.569498399342,1602.368649526097,1615.270858914685,1628.2769563861766,1641.3877784433362,1654.6041683244075,1667.9269760573632,1681.3570585145608,1694.895279467867,1708.5425096441993,1722.2996267815402,1736.1675156853773,1750.1470682856248,1764.2391836939755,1778.4447682617345,1792.7647356381167,1807.2000068289992,1821.7515102561672,1836.4201818170154,1851.2069649447558,1866.112810669078,1881.1386776773347,1896.285532376183,1911.5543489537563,1926.9461094423048,1942.4618037813711,1958.1024298814455,1973.8689936881608,1989.7625092469793,2005.7839987684179,2021.9344926937952,2038.215029761504,2054.626657073813,2071.1704301642176,2087.8474130653335,2104.6586783773164,2121.605307336866,2138.6883898867477,2155.9090247459117,2173.268319480143,2190.767390573309,2208.407363499154,2226.1893727937027,2244.1145621282076,2262.184084382728,2280.399101720259,2298.7607856614945,2317.2703171601615,2335.9288866789793,2354.7376942662327,2373.6979496329395,2392.810872230673,2412.077691329971,2431.4996460994216,2451.0779856853383,2470.813969292122,2490.7088662632277,2510.763956162824,2530.9805288580706,2551.359884602096,2571.9033341176064,2592.612198681206,2613.487810208354,2634.5315113390543,2655.7446555241822,2677.1286071125573,2698.6847414386757,2720.4144449111714,2742.319115101994,2764.4001608362782,2786.6590022829737,2809.097071046162,2831.715810257159,2854.5166746673017,2877.5011307415425,2900.67065675274,2924.0267428767575,2947.570891288285,2971.304616257478,2995.22944424732,3019.346914011829,3043.658576695001,3068.1659959305807,3092.870747942638,3117.7744216469364,3142.87861875312,3168.1849538677375,3193.695054598094,3219.410561656912,3245.333128967883,3271.4644237720117,3297.806126734876,3324.3599320546946,3351.1275475713155,3378.1106948760344,3405.3111094223436,3432.7305406375262,3460.3707520352004,3488.23352132871,3516.320640545493,3544.6339161423107,3573.1751691214417,3601.9462351478164,3630.9489646670518,3660.1852230244945,3689.6568905851636,3719.3658628547196,3749.3140506013438,3779.5033799786634,3809.935792649603,3840.6132459112973,3871.5377128209448,3902.7111823227383,3934.135659375755,3965.8131650829396,3997.7457368210635,4029.9354283717907,4062.3843100537392,4095.0944688556665,4128.068008570669,4161.3070499315045,4194.813730746993,4228.590206039511,4262.638648183577,4296.961247045588,4331.560210124669,4366.437762694626,4401.596147947099,4437.037627135803,4472.764479721992,4508.779003521039,4545.083514850253,4581.680348677821,4618.571858773019,4655.7604178575675,4693.248417758249,4731.038269560753,4769.132403764733,4807.533270440121,4846.243339384716,4885.265100283049,4924.601062866471,4964.253757074609,5004.22573321805,5044.519562142395,5085.137835393579,5126.08316538458,5167.3581855634,5208.965550582488,5250.907936469426,5293.188040799074,5335.808582867062,5378.772303864684,5422.081967055189,5465.740357951513,5509.7502844954415,5554.1145772382,5598.836089522486,5643.917697666003,5689.362301146471,5735.17282278806,5781.352208949439,5827.903429713208,5874.829479076986,5922.133375145914,5969.818160326825,6017.886901523867,6066.342690335802,6115.188643254807,6164.427901866934,6214.06363305417,6264.099029198114,6314.537308385285,6365.381714614103,6416.635518003553,6468.302015003491,6520.384528606639,6572.88640856233,6625.811031591967,6679.16180160615,6732.942149923667,6787.155535492116,6841.805445110439,6896.895393653112,6952.428924296275,7008.409608745552,7064.841047465831,7121.726869912778,7179.070734766296,7236.876330165845,7295.147373947643,7353.887613883764,7413.100827923194,7472.790824434837,7532.961442452409,7593.616551921397,7654.7600539479145,7716.395881049652,7778.527997408752,7841.160399126823,7904.2971144818985,7967.94220418758,8032.099761654146,8096.773913251861,8161.968818576374,8227.688670716232,8293.937696522553,8360.720156880894,8428.04034698531,8495.90259661459,8564.311270410717,8633.270768159597,8702.785525074065,8772.860012079082,8843.498736099358,8914.706240349144,8986.487104624512,9058.845945597834,9131.787417114787,9205.31621049359,9279.437054826807,9354.154717285446,9429.47400342559,9505.399757497484,9581.936862757088,9659.090241780126,9736.864856778713,9815.265709920519,9894.297843650465,9973.966341015032,10054.276325989182,10135.232963805956,10216.841461288606,10299.107067185563,10382.035072507933,10465.630810869876,10549.89965883156,10634.84703624505,10720.478406602804,10806.799277389146,10893.815200434417,10981.531772272076,11069.954634498676,11159.08947413668,11248.94202400021,11339.518063063782,11430.823416834026,11522.863957724268,11615.64560543233,11709.174327321158,11803.456138802712,11898.49710372478,11994.303334761045,12090.880993804161,12188.23629236214,12286.375491957784,12385.304904531427,12485.030892846919,12585.55987090084,12686.898304334996,12789.052710852275,12892.029660635888,12995.8357767719,13100.477735675182,13205.962267518828,13312.296156667053,13419.486242111492,13527.539417911097,13636.462633635434,13746.262894811807,13856.947263375758,13968.522858125163,14080.996855178266,14194.376488435144,14308.66905004285,14423.881890864615] 0.31126199007860056 [Infinity,Infinity,Infinity,Infinity,Infinity,Infinity,Infinity,Infinity,Infinity,Infinity,Infinity,Infinity,Infinity,Infinity,Infinity,Infinity,Infinity,Infinity,Infinity,Infinity,Infinity,Infinity,Infinity,Infinity,Infinity,Infinity,Infinity,Infinity,Infinity,Infinity,Infinity,Infinity,Infinity,Infinity,Infinity,Infinity,Infinity,Infinity,Infinity,Infinity,Infinity,Infinity,Infinity,Infinity,Infinity,Infinity,Infinity,Infinity,Infinity,Infinity,Infinity,Infinity,Infinity,Infinity,Infinity,Infinity,Infinity,Infinity,Infinity,Infinity,Infinity,Infinity,Infinity,Infinity,Infinity,Infinity,Infinity,Infinity,Infinity,Infinity,Infinity,Infinity,Infinity,Infinity,Infinity,Infinity,Infinity,Infinity,Infinity,Infinity,Infinity,Infinity,Infinity,Infinity,Infinity,Infinity,Infinity,Infinity,Infinity,Infinity,Infinity,Infinity,Infinity,Infinity,Infinity,Infinity,Infinity,Infinity,Infinity,Infinity,Infinity,Infinity,Infinity,Infinity,Infinity,Infinity,Infinity,Infinity,Infinity,Infinity,Infinity,Infinity,Infinity,Infinity,Infinity,Infinity,Infinity,Infinity,Infinity,Infinity,Infinity,Infinity,Infinity,Infinity,Infinity,Infinity,Infinity,Infinity,Infinity,Infinity,Infinity,Infinity,Infinity,Infinity,Infinity,Infinity,Infinity,Infinity,Infinity,Infinity,Infinity,Infinity,Infinity,Infinity,Infinity,Infinity,Infinity,Infinity,Infinity,Infinity,Infinity,Infinity,Infinity,Infinity,Infinity,Infinity,Infinity,Infinity,Infinity,Infinity,Infinity,Infinity,Infinity,Infinity,Infinity,Infinity,Infinity,Infinity,Infinity,Infinity,Infinity,Infinity,Infinity,Infinity,Infinity,Infinity,Infinity,Infinity,Infinity,Infinity,Infinity,Infinity,Infinity,Infinity,Infinity,Infinity,Infinity,Infinity,Infinity,Infinity,Infinity,Infinity,Infinity,Infinity,Infinity,Infinity,Infinity,Infinity,Infinity,Infinity,Infinity,Infinity,Infinity,Infinity,Infinity,Infinity,Infinity,Infinity,Infinity,Infinity,Infinity,Infinity,Infinity,Infinity,Infinity,Infinity,Infinity,Infinity,Infinity,Infinity,Infinity,Infinity,Infinity,Infinity,Infinity,Infinity,Infinity,Infinity,Infinity,Infinity,Infinity,Infinity,Infinity,Infinity,Infinity,Infinity,Infinity,Infinity,Infinity,Infinity,Infinity,Infinity,Infinity,Infinity,Infinity,Infinity,Infinity,Infinity,Infinity,Infinity,Infinity,Infinity,Infinity,Infinity,Infinity,Infinity,Infinity,Infinity,Infinity,Infinity,Infinity,Infinity,Infinity,Infinity,Infinity,Infinity,Infinity,Infinity,Infinity,Infinity,Infinity,Infinity,Infinity,Infinity,Infinity,Infinity,Infinity,Infinity,Infinity,Infinity,Infinity,Infinity,Infinity,Infinity,Infinity,Infinity,Infinity,Infinity,Infinity,Infinity,Infinity,Infinity,Infinity,Infinity,Infinity,Infinity,Infinity,Infinity,Infinity,Infinity] [0.0,0.0,0.0,0.0,0.0,0.0,0.0,0.0,0.0,0.0,0.0,0.0,0.0,0.0,0.0,0.0,0.0,0.0,0.0,0.0,0.0,0.0,0.0,0.0,0.0,0.0,0.0,0.0,0.0,0.0,0.0,0.0,0.0,0.0,0.0,0.0,0.0,0.0,0.0,0.0,0.0,0.0,0.0,0.0,0.0,0.0,0.0,0.0,0.0,0.0,0.0,0.0,0.0,0.0,0.0,0.0,0.0,0.0,0.0,0.0,0.0,0.0,0.0,0.0,0.0,0.0,0.0,0.0,0.0,0.0,0.0,0.0,0.0,0.0,0.0,0.0,0.0,0.0,0.0,0.0,0.0,0.0,0.0,0.0,0.0,0.0,0.0,0.0,0.0,0.0,0.0,0.0,0.0,0.0,0.0,0.0,0.0,0.0,0.0,0.0,0.0,0.0,0.0,0.0,0.0,0.0,0.0,0.0,0.0,0.0,0.0,0.0,0.0,0.0,0.0,0.0,0.0,0.0,0.0,0.0,0.0,0.0,0.0,0.0,0.0,0.0,0.0,0.0,0.0,0.0,0.0,0.0,0.0,0.0,0.0,0.0,0.0,0.0,0.0,0.0,0.0,0.0,0.0,0.0,0.0,0.0,0.0,0.0,0.0,0.0,0.0,0.0,0.0,0.0,0.0,0.0,0.0,0.0,0.0,0.0,0.0,0.0,0.0,0.0,0.0,0.0,0.0,0.0,0.0,0.0,0.0,0.0,0.0,0.0,0.0,0.0,0.0,0.0,0.0,0.0,0.0,0.0,0.0,0.0,0.0,0.0,0.0,0.0,0.0,0.0,0.0,0.0,0.0,0.0,0.0,0.0,0.0,0.0,0.0,0.0,0.0,0.0,0.0,0.0,0.0,0.0,0.0,0.0,0.0,0.0,0.0,0.0,0.0,0.0,0.0,0.0,0.0,0.0,0.0,0.0,0.0,0.0,0.0,0.0,0.0,0.0,0.0,0.0,0.0,0.0,0.0,0.0,0.0,0.0,0.0,0.0,0.0,0.0,0.0,0.0,0.0,0.0,0.0,0.0,0.0,0.0,0.0,0.0,0.0,0.0,0.0,0.0,0.0,0.0,0.0,0.0,0.0,0.0,0.0,0.0,0.0,0.0,0.0,0.0,0.0,0.0,0.0,0.0,0.0,0.0,0.0,0.0,0.0,0.0,0.0,0.0,0.0,0.0,0.0,0.0,0.0,0.0,0.0,0.0,0.0,0.0,0.0,0.0,0.0,0.0,0.0,0.0,0.0,0.0,0.0,0.0,0.0,0.0,0.0,0.0]
56132.99325561536 [0.0,0.0,0.0,0.0,0.0,0.0,0.0,0.0,0.0,0.0,0.0,0.0,0.0,0.0,0.0,0.0,0.0,0.0,0.0,0.0,0.0,0.0,0.0,0.0,0.0,0.0,0.0,0.0,0.0,0.0,0.0,0.0,0.0,0.0,0.0,0.0,0.0,0.0,0.0,0.0,0.0,0.0,0.0,0.0,0.0,0.0,0.0,0.0,0.0,0.0,0.0,0.0,0.0,0.0,0.0,0.0,0.0,0.0,0.0,0.0,0.0,0.0,0.0,0.0,0.0,0.0,0.0,0.0,0.0,0.0,0.0,0.0,0.0,0.0,0.0,0.0,0.0,0.0,0.0,0.0,0.0,0.0,0.0,0.0,0.0,0.0,0.0,0.0,0.0,0.0,0.0,0.0,0.0,0.0,0.0,0.0,0.0,0.0,0.0,0.0,0.0,0.0,0.0,0.0,0.0,0.0,0.0,0.0,0.0,0.0,0.0,0.0,0.0,0.0,0.0,0.0,0.0,0.0,0.0,0.0,0.0,0.0,0.0,0.0,0.0,0.0,0.0,0.0,0.0,0.0,0.0,0.0,0.0,0.0,0.0,0.0,0.0,0.0,0.0,0.0,0.0,0.0,0.0,0.0,0.0,0.0,0.0,0.0,0.0,0.0,0.0,0.0,0.0,0.0,0.0,0.0,0.0,0.0,0.0,0.0,0.0,0.0,0.0,0.0,0.0,0.0,0.0,0.0,0.0,0.0,0.0,0.0,0.0,0.0,0.0,0.0,0.0,0.0,0.0,0.0,0.0,0.0,0.0,0.0,0.0,0.0,0.0,0.0,0.0,0.0,0.0,0.0,0.0,0.0,0.0,0.0,0.0,0.0,0.0,0.0,0.0,0.0,0.0,0.0,0.0,0.0,0.0,0.0,0.0,0.0,0.0,0.0,0.0,0.0,0.0,0.0,0.0,0.0,0.0,0.0,0.0,0.0,0.0,0.0,0.0,0.0,0.0,0.0,0.0,0.0,0.0,0.0,0.0,0.0,0.0,0.0,0.0,0.0,0.0,0.0,0.0,0.0,0.0,0.0,0.0,0.0,0.0,0.0,0.0,0.0,0.0,0.0,0.0,0.0,0.0,0.0,0.0,0.0,0.0,0.0,0.0,0.0,0.0,0.0,0.0,0.0,0.0,0.0,0.0,0.0,0.0,0.0,0.0,0.0,0.0,0.0,0.0,0.0,0.0,0.0,0.0,0.0,0.0,0.0,0.0,0.0,0.0,0.0,0.0,0.0,0.0,0.0,0.0,0.0,0.0,0.0,0.0,0.0,0.0,0.0] [1311.2619900786005,1321.8202200865917,1332.463464547639,1343.19240799478,1354.0077404728797,1364.9101575830227,1375.9003605272408,1386.9790561536227,1398.1469570017646,1409.4047813486081,1420.7532532546286,1432.193102610412,1443.7250651835902,1455.3498826661717,1467.068302722235,1478.881079036026,1490.78897136042,1502.7927455657994,1514.8931736892998,1527.0910339844697,1539.3871109713293,1551.7821954868166,1564.2770847356642,1576.872582341659,1589.569498399342,1602.368649526097,1615.270858914685,1628.2769563861766,1641.3877784433362,1654.6041683244075,1667.9269760573632,1681.3570585145608,1694.895279467867,1708.5425096441993,1722.2996267815402,1736.1675156853773,1750.1470682856248,1764.2391836939755,1778.4447682617345,1792.7647356381167,1807.2000068289992,1821.7515102561672,1836.4201818170154,1851.2069649447558,1866.112810669078,1881.1386776773347,1896.285532376183,1911.5543489537563,1926.9461094423048,1942.4618037813711,1958.1024298814455,1973.8689936881608,1989.7625092469793,2005.7839987684179,2021.9344926937952,2038.215029761504,2054.626657073813,2071.1704301642176,2087.8474130653335,2104.6586783773164,2121.605307336866,2138.6883898867477,2155.9090247459117,2173.268319480143,2190.767390573309,2208.407363499154,2226.1893727937027,2244.1145621282076,2262.184084382728,2280.399101720259,2298.7607856614945,2317.2703171601615,2335.9288866789793,2354.7376942662327,2373.6979496329395,2392.810872230673,2412.077691329971,2431.4996460994216,2451.0779856853383,2470.813969292122,2490.7088662632277,2510.763956162824,2530.9805288580706,2551.359884602096,2571.9033341176064,2592.612198681206,2613.487810208354,2634.5315113390543,2655.7446555241822,2677.1286071125573,2698.6847414386757,2720.4144449111714,2742.319115101994,2764.4001608362782,2786.6590022829737,2809.097071046162,2831.715810257159,2854.5166746673017,2877.5011307415425,2900.67065675274,2924.0267428767575,2947.570891288285,2971.304616257478,2995.22944424732,3019.346914011829,3043.658576695001,3068.1659959305807,3092.870747942638,3117.7744216469364,3142.87861875312,3168.1849538677375,3193.695054598094,3219.410561656912,3245.333128967883,3271.4644237720117,3297.806126734876,3324.3599320546946,3351.1275475713155,3378.1106948760344,3405.3111094223436,3432.7305406375262,3460.3707520352004,3488.23352132871,3516.320640545493,3544.6339161423107,3573.1751691214417,3601.9462351478164,3630.9489646670518,3660.1852230244945,3689.6568905851636,3719.3658628547196,3749.3140506013438,3779.5033799786634,3809.935792649603,3840.6132459112973,3871.5377128209448,3902.7111823227383,3934.135659375755,3965.8131650829396,3997.7457368210635,4029.9354283717907,4062.3843100537392,4095.0944688556665,4128.068008570669,4161.3070499315045,4194.813730746993,4228.590206039511,4262.638648183577,4296.961247045588,4331.560210124669,4366.437762694626,4401.596147947099,4437.037627135803,4472.764479721992,4508.779003521039,4545.083514850253,4581.680348677821,4618.571858773019,4655.7604178575675,4693.248417758249,4731.038269560753,4769.132403764733,4807.533270440121,4846.243339384716,4885.265100283049,4924.601062866471,4964.253757074609,5004.22573321805,5044.519562142395,5085.137835393579,5126.08316538458,5167.3581855634,5208.965550582488,5250.907936469426,5293.188040799074,5335.808582867062,5378.772303864684,5422.081967055189,5465.740357951513,5509.7502844954415,5554.1145772382,5598.836089522486,5643.917697666003,5689.362301146471,5735.17282278806,5781.352208949439,5827.903429713208,5874.829479076986,5922.133375145914,5969.818160326825,6017.886901523867,6066.342690335802,6115.188643254807,6164.427901866934,6214.06363305417,6264.099029198114,6314.537308385285,6365.381714614103,6416.635518003553,6468.302015003491,6520.384528606639,6572.88640856233,6625.811031591967,6679.16180160615,6732.942149923667,6787.155535492116,6841.805445110439,6896.895393653112,6952.428924296275,7008.409608745552,7064.841047465831,7121.726869912778,7179.070734766296,7236.876330165845,7295.147373947643,7353.887613883764,7413.100827923194,7472.790824434837,7532.961442452409,7593.616551921397,7654.7600539479145,7716.395881049652,7778.527997408752,7841.160399126823,7904.2971144818985,7967.94220418758,8032.099761654146,8096.773913251861,8161.968818576374,8227.688670716232,8293.937696522553,8360.720156880894,8428.04034698531,8495.90259661459,8564.311270410717,8633.270768159597,8702.785525074065,8772.860012079082,8843.498736099358,8914.706240349144,8986.487104624512,9058.845945597834,9131.787417114787,9205.31621049359,9279.437054826807,9354.154717285446,9429.47400342559,9505.399757497484,9581.936862757088,9659.090241780126,9736.864856778713,9815.265709920519,9894.297843650465,9973.966341015032,10054.276325989182,10135.232963805956,10216.841461288606,10299.107067185563,10382.035072507933,10465.630810869876,10549.89965883156,10634.84703624505,10720.478406602804,10806.799277389146,10893.815200434417,10981.531772272076,11069.954634498676,11159.08947413668,11248.94202400021,11339.518063063782,11430.823416834026,11522.863957724268,11615.64560543233,11709.174327321158,11803.456138802712,11898.49710372478,11994.303334761045,12090.880993804161,12188.23629236214,12286.375491957784,12385.304904531427,12485.030892846919,12585.55987090084,12686.898304334996,12789.052710852275,12892.029660635888,12995.8357767719,13100.477735675182,13205.962267518828,13312.296156667053,13419.486242111492,13527.539417911097,13636.462633635434,13746.262894811807,13856.947263375758,13968.522858125163,14080.996855178266,14194.376488435144,14308.66905004285,14423.881890864615] 0.31126199007860056 [Infinity,Infinity,Infinity,Infinity,Infinity,Infinity,Infinity,Infinity,Infinity,Infinity,Infinity,Infinity,Infinity,Infinity,Infinity,Infinity,Infinity,Infinity,Infinity,Infinity,Infinity,Infinity,Infinity,Infinity,Infinity,Infinity,Infinity,Infinity,Infinity,Infinity,Infinity,Infinity,Infinity,Infinity,Infinity,Infinity,Infinity,Infinity,Infinity,Infinity,Infinity,Infinity,Infinity,Infinity,Infinity,Infinity,Infinity,Infinity,Infinity,Infinity,Infinity,Infinity,Infinity,Infinity,Infinity,Infinity,Infinity,Infinity,Infinity,Infinity,Infinity,Infinity,Infinity,Infinity,Infinity,Infinity,Infinity,Infinity,Infinity,Infinity,Infinity,Infinity,Infinity,Infinity,Infinity,Infinity,Infinity,Infinity,Infinity,Infinity,Infinity,Infinity,Infinity,Infinity,Infinity,Infinity,Infinity,Infinity,Infinity,Infinity,Infinity,Infinity,Infinity,Infinity,Infinity,Infinity,Infinity,Infinity,Infinity,Infinity,Infinity,Infinity,Infinity,Infinity,Infinity,Infinity,Infinity,Infinity,Infinity,Infinity,Infinity,Infinity,Infinity,Infinity,Infinity,Infinity,Infinity,Infinity,Infinity,Infinity,Infinity,Infinity,Infinity,Infinity,Infinity,Infinity,Infinity,Infinity,Infinity,Infinity,Infinity,Infinity,Infinity,Infinity,Infinity,Infinity,Infinity,Infinity,Infinity,Infinity,Infinity,Infinity,Infinity,Infinity,Infinity,Infinity,Infinity,Infinity,Infinity,Infinity,Infinity,Infinity,Infinity,Infinity,Infinity,Infinity,Infinity,Infinity,Infinity,Infinity,Infinity,Infinity,Infinity,Infinity,Infinity,Infinity,Infinity,Infinity,Infinity,Infinity,Infinity,Infinity,Infinity,Infinity,Infinity,Infinity,Infinity,Infinity,Infinity,Infinity,Infinity,Infinity,Infinity,Infinity,Infinity,Infinity,Infinity,Infinity,Infinity,Infinity,Infinity,Infinity,Infinity,Infinity,Infinity,Infinity,Infinity,Infinity,Infinity,Infinity,Infinity,Infinity,Infinity,Infinity,Infinity,Infinity,Infinity,Infinity,Infinity,Infinity,Infinity,Infinity,Infinity,Infinity,Infinity,Infinity,Infinity,Infinity,Infinity,Infinity,Infinity,Infinity,Infinity,Infinity,Infinity,Infinity,Infinity,Infinity,Infinity,Infinity,Infinity,Infinity,Infinity,Infinity,Infinity,Infinity,Infinity,Infinity,Infinity,Infinity,Infinity,Infinity,Infinity,Infinity,Infinity,Infinity,Infinity,Infinity,Infinity,Infinity,Infinity,Infinity,Infinity,Infinity,Infinity,Infinity,Infinity,Infinity,Infinity,Infinity,Infinity,Infinity,Infinity,Infinity,Infinity,Infinity,Infinity,Infinity,Infinity,Infinity,Infinity,Infinity,Infinity,Infinity,Infinity,Infinity,Infinity,Infinity,Infinity,Infinity,Infinity,Infinity,Infinity,Infinity,Infinity,Infinity,Infinity,Infinity,Infinity,Infinity,Infinity,Infinity,Infinity,Infinity,Infinity,Infinity,Infinity,Infinity,Infinity,Infinity] [0.0,0.0,0.0,0.0,0.0,0.0,0.0,0.0,0.0,0.0,0.0,0.0,0.0,0.0,0.0,0.0,0.0,0.0,0.0,0.0,0.0,0.0,0.0,0.0,0.0,0.0,0.0,0.0,0.0,0.0,0.0,0.0,0.0,0.0,0.0,0.0,0.0,0.0,0.0,0.0,0.0,0.0,0.0,0.0,0.0,0.0,0.0,0.0,0.0,0.0,0.0,0.0,0.0,0.0,0.0,0.0,0.0,0.0,0.0,0.0,0.0,0.0,0.0,0.0,0.0,0.0,0.0,0.0,0.0,0.0,0.0,0.0,0.0,0.0,0.0,0.0,0.0,0.0,0.0,0.0,0.0,0.0,0.0,0.0,0.0,0.0,0.0,0.0,0.0,0.0,0.0,0.0,0.0,0.0,0.0,0.0,0.0,0.0,0.0,0.0,0.0,0.0,0.0,0.0,0.0,0.0,0.0,0.0,0.0,0.0,0.0,0.0,0.0,0.0,0.0,0.0,0.0,0.0,0.0,0.0,0.0,0.0,0.0,0.0,0.0,0.0,0.0,0.0,0.0,0.0,0.0,0.0,0.0,0.0,0.0,0.0,0.0,0.0,0.0,0.0,0.0,0.0,0.0,0.0,0.0,0.0,0.0,0.0,0.0,0.0,0.0,0.0,0.0,0.0,0.0,0.0,0.0,0.0,0.0,0.0,0.0,0.0,0.0,0.0,0.0,0.0,0.0,0.0,0.0,0.0,0.0,0.0,0.0,0.0,0.0,0.0,0.0,0.0,0.0,0.0,0.0,0.0,0.0,0.0,0.0,0.0,0.0,0.0,0.0,0.0,0.0,0.0,0.0,0.0,0.0,0.0,0.0,0.0,0.0,0.0,0.0,0.0,0.0,0.0,0.0,0.0,0.0,0.0,0.0,0.0,0.0,0.0,0.0,0.0,0.0,0.0,0.0,0.0,0.0,0.0,0.0,0.0,0.0,0.0,0.0,0.0,0.0,0.0,0.0,0.0,0.0,0.0,0.0,0.0,0.0,0.0,0.0,0.0,0.0,0.0,0.0,0.0,0.0,0.0,0.0,0.0,0.0,0.0,0.0,0.0,0.0,0.0,0.0,0.0,0.0,0.0,0.0,0.0,0.0,0.0,0.0,0.0,0.0,0.0,0.0,0.0,0.0,0.0,0.0,0.0,0.0,0.0,0.0,0.0,0.0,0.0,0.0,0.0,0.0,0.0,0.0,0.0,0.0,0.0,0.0,0.0,0.0,0.0,0.0,0.0,0.0,0.0,0.0,0.0,0.0,0.0,0.0,0.0,0.0,0.0]
56388.21068211411 [0.0,0.0,0.0,0.0,0.0,0.0,0.0,0.0,0.0,0.0,0.0,0.0,0.0,0.0,0.0,0.0,0.0,0.0,0.0,0.0,0.0,0.0,0.0,0.0,0.0,0.0,0.0,0.0,0.0,0.0,0.0,0.0,0.0,0.0,0.0,0.0,0.0,0.0,0.0,0.0,0.0,0.0,0.0,0.0,0.0,0.0,0.0,0.0,0.0,0.0,0.0,0.0,0.0,0.0,0.0,0.0,0.0,0.0,0.0,0.0,0.0,0.0,0.0,0.0,0.0,0.0,0.0,0.0,0.0,0.0,0.0,0.0,0.0,0.0,0.0,0.0,0.0,0.0,0.0,0.0,0.0,0.0,0.0,0.0,0.0,0.0,0.0,0.0,0.0,0.0,0.0,0.0,0.0,0.0,0.0,0.0,0.0,0.0,0.0,0.0,0.0,0.0,0.0,0.0,0.0,0.0,0.0,0.0,0.0,0.0,0.0,0.0,0.0,0.0,0.0,0.0,0.0,0.0,0.0,0.0,0.0,0.0,0.0,0.0,0.0,0.0,0.0,0.0,0.0,0.0,0.0,0.0,0.0,0.0,0.0,0.0,0.0,0.0,0.0,0.0,0.0,0.0,0.0,0.0,0.0,0.0,0.0,0.0,0.0,0.0,0.0,0.0,0.0,0.0,0.0,0.0,0.0,0.0,0.0,0.0,0.0,0.0,0.0,0.0,0.0,0.0,0.0,0.0,0.0,0.0,0.0,0.0,0.0,0.0,0.0,0.0,0.0,0.0,0.0,0.0,0.0,0.0,0.0,0.0,0.0,0.0,0.0,0.0,0.0,0.0,0.0,0.0,0.0,0.0,0.0,0.0,0.0,0.0,0.0,0.0,0.0,0.0,0.0,0.0,0.0,0.0,0.0,0.0,0.0,0.0,0.0,0.0,0.0,0.0,0.0,0.0,0.0,0.0,0.0,0.0,0.0,0.0,0.0,0.0,0.0,0.0,0.0,0.0,0.0,0.0,0.0,0.0,0.0,0.0,0.0,0.0,0.0,0.0,0.0,0.0,0.0,0.0,0.0,0.0,0.0,0.0,0.0,0.0,0.0,0.0,0.0,0.0,0.0,0.0,0.0,0.0,0.0,0.0,0.0,0.0,0.0,0.0,0.0,0.0,0.0,0.0,0.0,0.0,0.0,0.0,0.0,0.0,0.0,0.0,0.0,0.0,0.0,0.0,0.0,0.0,0.0,0.0,0.0,0.0,0.0,0.0,0.0,0.0,0.0,0.0,0.0,0.0,0.0,0.0,0.0,0.0,0.0,0.0,0.0,0.0] [1311.2619900786005,1321.8202200865917,1332.463464547639,1343.19240799478,1354.0077404728797,1364.9101575830227,1375.9003605272408,1386.9790561536227,1398.1469570017646,1409.4047813486081,1420.7532532546286,1432.193102610412,1443.7250651835902,1455.3498826661717,1467.068302722235,1478.881079036026,1490.78897136042,1502.7927455657994,1514.8931736892998,1527.0910339844697,1539.3871109713293,1551.7821954868166,1564.2770847356642,1576.872582341659,1589.569498399342,1602.368649526097,1615.270858914685,1628.2769563861766,1641.3877784433362,1654.6041683244075,1667.9269760573632,1681.3570585145608,1694.895279467867,1708.5425096441993,1722.2996267815402,1736.1675156853773,1750.1470682856248,1764.2391836939755,1778.4447682617345,1792.7647356381167,1807.2000068289992,1821.7515102561672,1836.4201818170154,1851.2069649447558,1866.112810669078,1881.1386776773347,1896.285532376183,1911.5543489537563,1926.9461094423048,1942.4618037813711,1958.1024298814455,1973.8689936881608,1989.7625092469793,2005.7839987684179,2021.9344926937952,2038.215029761504,2054.626657073813,2071.1704301642176,2087.8474130653335,2104.6586783773164,2121.605307336866,2138.6883898867477,2155.9090247459117,2173.268319480143,2190.767390573309,2208.407363499154,2226.1893727937027,2244.1145621282076,2262.184084382728,2280.399101720259,2298.7607856614945,2317.2703171601615,2335.9288866789793,2354.7376942662327,2373.6979496329395,2392.810872230673,2412.077691329971,2431.4996460994216,2451.0779856853383,2470.813969292122,2490.7088662632277,2510.763956162824,2530.9805288580706,2551.359884602096,2571.9033341176064,2592.612198681206,2613.487810208354,2634.5315113390543,2655.7446555241822,2677.1286071125573,2698.6847414386757,2720.4144449111714,2742.319115101994,2764.4001608362782,2786.6590022829737,2809.097071046162,2831.715810257159,2854.5166746673017,2877.5011307415425,2900.67065675274,2924.0267428767575,2947.570891288285,2971.304616257478,2995.22944424732,3019.346914011829,3043.658576695001,3068.1659959305807,3092.870747942638,3117.7744216469364,3142.87861875312,3168.1849538677375,3193.695054598094,3219.410561656912,3245.333128967883,3271.4644237720117,3297.806126734876,3324.3599320546946,3351.1275475713155,3378.1106948760344,3405.3111094223436,3432.7305406375262,3460.3707520352004,3488.23352132871,3516.320640545493,3544.6339161423107,3573.1751691214417,3601.9462351478164,3630.9489646670518,3660.1852230244945,3689.6568905851636,3719.3658628547196,3749.3140506013438,3779.5033799786634,3809.935792649603,3840.6132459112973,3871.5377128209448,3902.7111823227383,3934.135659375755,3965.8131650829396,3997.7457368210635,4029.9354283717907,4062.3843100537392,4095.0944688556665,4128.068008570669,4161.3070499315045,4194.813730746993,4228.590206039511,4262.638648183577,4296.961247045588,4331.560210124669,4366.437762694626,4401.596147947099,4437.037627135803,4472.764479721992,4508.779003521039,4545.083514850253,4581.680348677821,4618.571858773019,4655.7604178575675,4693.248417758249,4731.038269560753,4769.132403764733,4807.533270440121,4846.243339384716,4885.265100283049,4924.601062866471,4964.253757074609,5004.22573321805,5044.519562142395,5085.137835393579,5126.08316538458,5167.3581855634,5208.965550582488,5250.907936469426,5293.188040799074,5335.808582867062,5378.772303864684,5422.081967055189,5465.740357951513,5509.7502844954415,5554.1145772382,5598.836089522486,5643.917697666003,5689.362301146471,5735.17282278806,5781.352208949439,5827.903429713208,5874.829479076986,5922.133375145914,5969.818160326825,6017.886901523867,6066.342690335802,6115.188643254807,6164.427901866934,6214.06363305417,6264.099029198114,6314.537308385285,6365.381714614103,6416.635518003553,6468.302015003491,6520.384528606639,6572.88640856233,6625.811031591967,6679.16180160615,6732.942149923667,6787.155535492116,6841.805445110439,6896.895393653112,6952.428924296275,7008.409608745552,7064.841047465831,7121.726869912778,7179.070734766296,7236.876330165845,7295.147373947643,7353.887613883764,7413.100827923194,7472.790824434837,7532.961442452409,7593.616551921397,7654.7600539479145,7716.395881049652,7778.527997408752,7841.160399126823,7904.2971144818985,7967.94220418758,8032.099761654146,8096.773913251861,8161.968818576374,8227.688670716232,8293.937696522553,8360.720156880894,8428.04034698531,8495.90259661459,8564.311270410717,8633.270768159597,8702.785525074065,8772.860012079082,8843.498736099358,8914.706240349144,8986.487104624512,9058.845945597834,9131.787417114787,9205.31621049359,9279.437054826807,9354.154717285446,9429.47400342559,9505.399757497484,9581.936862757088,9659.090241780126,9736.864856778713,9815.265709920519,9894.297843650465,9973.966341015032,10054.276325989182,10135.232963805956,10216.841461288606,10299.107067185563,10382.035072507933,10465.630810869876,10549.89965883156,10634.84703624505,10720.478406602804,10806.799277389146,10893.815200434417,10981.531772272076,11069.954634498676,11159.08947413668,11248.94202400021,11339.518063063782,11430.823416834026,11522.863957724268,11615.64560543233,11709.174327321158,11803.456138802712,11898.49710372478,11994.303334761045,12090.880993804161,12188.23629236214,12286.375491957784,12385.304904531427,12485.030892846919,12585.55987090084,12686.898304334996,12789.052710852275,12892.029660635888,12995.8357767719,13100.477735675182,13205.962267518828,13312.296156667053,13419.486242111492,13527.539417911097,13636.462633635434,13746.262894811807,13856.947263375758,13968.522858125163,14080.996855178266,14194.376488435144,14308.66905004285,14423.881890864615] 0.31126199007860056 [Infinity,Infinity,Infinity,Infinity,Infinity,Infinity,Infinity,Infinity,Infinity,Infinity,Infinity,Infinity,Infinity,Infinity,Infinity,Infinity,Infinity,Infinity,Infinity,Infinity,Infinity,Infinity,Infinity,Infinity,Infinity,Infinity,Infinity,Infinity,Infinity,Infinity,Infinity,Infinity,Infinity,Infinity,Infinity,Infinity,Infinity,Infinity,Infinity,Infinity,Infinity,Infinity,Infinity,Infinity,Infinity,Infinity,Infinity,Infinity,Infinity,Infinity,Infinity,Infinity,Infinity,Infinity,Infinity,Infinity,Infinity,Infinity,Infinity,Infinity,Infinity,Infinity,Infinity,Infinity,Infinity,Infinity,Infinity,Infinity,Infinity,Infinity,Infinity,Infinity,Infinity,Infinity,Infinity,Infinity,Infinity,Infinity,Infinity,Infinity,Infinity,Infinity,Infinity,Infinity,Infinity,Infinity,Infinity,Infinity,Infinity,Infinity,Infinity,Infinity,Infinity,Infinity,Infinity,Infinity,Infinity,Infinity,Infinity,Infinity,Infinity,Infinity,Infinity,Infinity,Infinity,Infinity,Infinity,Infinity,Infinity,Infinity,Infinity,Infinity,Infinity,Infinity,Infinity,Infinity,Infinity,Infinity,Infinity,Infinity,Infinity,Infinity,Infinity,Infinity,Infinity,Infinity,Infinity,Infinity,Infinity,Infinity,Infinity,Infinity,Infinity,Infinity,Infinity,Infinity,Infinity,Infinity,Infinity,Infinity,Infinity,Infinity,Infinity,Infinity,Infinity,Infinity,Infinity,Infinity,Infinity,Infinity,Infinity,Infinity,Infinity,Infinity,Infinity,Infinity,Infinity,Infinity,Infinity,Infinity,Infinity,Infinity,Infinity,Infinity,Infinity,Infinity,Infinity,Infinity,Infinity,Infinity,Infinity,Infinity,Infinity,Infinity,Infinity,Infinity,Infinity,Infinity,Infinity,Infinity,Infinity,Infinity,Infinity,Infinity,Infinity,Infinity,Infinity,Infinity,Infinity,Infinity,Infinity,Infinity,Infinity,Infinity,Infinity,Infinity,Infinity,Infinity,Infinity,Infinity,Infinity,Infinity,Infinity,Infinity,Infinity,Infinity,Infinity,Infinity,Infinity,Infinity,Infinity,Infinity,Infinity,Infinity,Infinity,Infinity,Infinity,Infinity,Infinity,Infinity,Infinity,Infinity,Infinity,Infinity,Infinity,Infinity,Infinity,Infinity,Infinity,Infinity,Infinity,Infinity,Infinity,Infinity,Infinity,Infinity,Infinity,Infinity,Infinity,Infinity,Infinity,Infinity,Infinity,Infinity,Infinity,Infinity,Infinity,Infinity,Infinity,Infinity,Infinity,Infinity,Infinity,Infinity,Infinity,Infinity,Infinity,Infinity,Infinity,Infinity,Infinity,Infinity,Infinity,Infinity,Infinity,Infinity,Infinity,Infinity,Infinity,Infinity,Infinity,Infinity,Infinity,Infinity,Infinity,Infinity,Infinity,Infinity,Infinity,Infinity,Infinity,Infinity,Infinity,Infinity,Infinity,Infinity,Infinity,Infinity,Infinity,Infinity,Infinity,Infinity,Infinity,Infinity,Infinity,Infinity,Infinity,Infinity,Infinity,Infinity] [0.0,0.0,0.0,0.0,0.0,0.0,0.0,0.0,0.0,0.0,0.0,0.0,0.0,0.0,0.0,0.0,0.0,0.0,0.0,0.0,0.0,0.0,0.0,0.0,0.0,0.0,0.0,0.0,0.0,0.0,0.0,0.0,0.0,0.0,0.0,0.0,0.0,0.0,0.0,0.0,0.0,0.0,0.0,0.0,0.0,0.0,0.0,0.0,0.0,0.0,0.0,0.0,0.0,0.0,0.0,0.0,0.0,0.0,0.0,0.0,0.0,0.0,0.0,0.0,0.0,0.0,0.0,0.0,0.0,0.0,0.0,0.0,0.0,0.0,0.0,0.0,0.0,0.0,0.0,0.0,0.0,0.0,0.0,0.0,0.0,0.0,0.0,0.0,0.0,0.0,0.0,0.0,0.0,0.0,0.0,0.0,0.0,0.0,0.0,0.0,0.0,0.0,0.0,0.0,0.0,0.0,0.0,0.0,0.0,0.0,0.0,0.0,0.0,0.0,0.0,0.0,0.0,0.0,0.0,0.0,0.0,0.0,0.0,0.0,0.0,0.0,0.0,0.0,0.0,0.0,0.0,0.0,0.0,0.0,0.0,0.0,0.0,0.0,0.0,0.0,0.0,0.0,0.0,0.0,0.0,0.0,0.0,0.0,0.0,0.0,0.0,0.0,0.0,0.0,0.0,0.0,0.0,0.0,0.0,0.0,0.0,0.0,0.0,0.0,0.0,0.0,0.0,0.0,0.0,0.0,0.0,0.0,0.0,0.0,0.0,0.0,0.0,0.0,0.0,0.0,0.0,0.0,0.0,0.0,0.0,0.0,0.0,0.0,0.0,0.0,0.0,0.0,0.0,0.0,0.0,0.0,0.0,0.0,0.0,0.0,0.0,0.0,0.0,0.0,0.0,0.0,0.0,0.0,0.0,0.0,0.0,0.0,0.0,0.0,0.0,0.0,0.0,0.0,0.0,0.0,0.0,0.0,0.0,0.0,0.0,0.0,0.0,0.0,0.0,0.0,0.0,0.0,0.0,0.0,0.0,0.0,0.0,0.0,0.0,0.0,0.0,0.0,0.0,0.0,0.0,0.0,0.0,0.0,0.0,0.0,0.0,0.0,0.0,0.0,0.0,0.0,0.0,0.0,0.0,0.0,0.0,0.0,0.0,0.0,0.0,0.0,0.0,0.0,0.0,0.0,0.0,0.0,0.0,0.0,0.0,0.0,0.0,0.0,0.0,0.0,0.0,0.0,0.0,0.0,0.0,0.0,0.0,0.0,0.0,0.0,0.0,0.0,0.0,0.0,0.0,0.0,0.0,0.0,0.0,0.0]
56405.3734948175 [0.0,0.0,0.0,0.0,0.0,0.0,0.0,0.0,0.0,0.0,0.0,0.0,0.0,0.0,0.0,0.0,0.0,0.0,0.0,0.0,0.0,0.0,0.0,0.0,0.0,0.0,0.0,0.0,0.0,0.0,0.0,0.0,0.0,0.0,0.0,0.0,0.0,0.0,0.0,0.0,0.0,0.0,0.0,0.0,0.0,0.0,0.0,0.0,0.0,0.0,0.0,0.0,0.0,0.0,0.0,0.0,0.0,0.0,0.0,0.0,0.0,0.0,0.0,0.0,0.0,0.0,0.0,0.0,0.0,0.0,0.0,0.0,0.0,0.0,0.0,0.0,0.0,0.0,0.0,0.0,0.0,0.0,0.0,0.0,0.0,0.0,0.0,0.0,0.0,0.0,0.0,0.0,0.0,0.0,0.0,0.0,0.0,0.0,0.0,0.0,0.0,0.0,0.0,0.0,0.0,0.0,0.0,0.0,0.0,0.0,0.0,0.0,0.0,0.0,0.0,0.0,0.0,0.0,0.0,0.0,0.0,0.0,0.0,0.0,0.0,0.0,0.0,0.0,0.0,0.0,0.0,0.0,0.0,0.0,0.0,0.0,0.0,0.0,0.0,0.0,0.0,0.0,0.0,0.0,0.0,0.0,0.0,0.0,0.0,0.0,0.0,0.0,0.0,0.0,0.0,0.0,0.0,0.0,0.0,0.0,0.0,0.0,0.0,0.0,0.0,0.0,0.0,0.0,0.0,0.0,0.0,0.0,0.0,0.0,0.0,0.0,0.0,0.0,0.0,0.0,0.0,0.0,0.0,0.0,0.0,0.0,0.0,0.0,0.0,0.0,0.0,0.0,0.0,0.0,0.0,0.0,0.0,0.0,0.0,0.0,0.0,0.0,0.0,0.0,0.0,0.0,0.0,0.0,0.0,0.0,0.0,0.0,0.0,0.0,0.0,0.0,0.0,0.0,0.0,0.0,0.0,0.0,0.0,0.0,0.0,0.0,0.0,0.0,0.0,0.0,0.0,0.0,0.0,0.0,0.0,0.0,0.0,0.0,0.0,0.0,0.0,0.0,0.0,0.0,0.0,0.0,0.0,0.0,0.0,0.0,0.0,0.0,0.0,0.0,0.0,0.0,0.0,0.0,0.0,0.0,0.0,0.0,0.0,0.0,0.0,0.0,0.0,0.0,0.0,0.0,0.0,0.0,0.0,0.0,0.0,0.0,0.0,0.0,0.0,0.0,0.0,0.0,0.0,0.0,0.0,0.0,0.0,0.0,0.0,0.0,0.0,0.0,0.0,0.0,0.0,0.0,0.0,0.0,0.0,0.0] [1311.2619900786005,1321.8202200865917,1332.463464547639,1343.19240799478,1354.0077404728797,1364.9101575830227,1375.9003605272408,1386.9790561536227,1398.1469570017646,1409.4047813486081,1420.7532532546286,1432.193102610412,1443.7250651835902,1455.3498826661717,1467.068302722235,1478.881079036026,1490.78897136042,1502.7927455657994,1514.8931736892998,1527.0910339844697,1539.3871109713293,1551.7821954868166,1564.2770847356642,1576.872582341659,1589.569498399342,1602.368649526097,1615.270858914685,1628.2769563861766,1641.3877784433362,1654.6041683244075,1667.9269760573632,1681.3570585145608,1694.895279467867,1708.5425096441993,1722.2996267815402,1736.1675156853773,1750.1470682856248,1764.2391836939755,1778.4447682617345,1792.7647356381167,1807.2000068289992,1821.7515102561672,1836.4201818170154,1851.2069649447558,1866.112810669078,1881.1386776773347,1896.285532376183,1911.5543489537563,1926.9461094423048,1942.4618037813711,1958.1024298814455,1973.8689936881608,1989.7625092469793,2005.7839987684179,2021.9344926937952,2038.215029761504,2054.626657073813,2071.1704301642176,2087.8474130653335,2104.6586783773164,2121.605307336866,2138.6883898867477,2155.9090247459117,2173.268319480143,2190.767390573309,2208.407363499154,2226.1893727937027,2244.1145621282076,2262.184084382728,2280.399101720259,2298.7607856614945,2317.2703171601615,2335.9288866789793,2354.7376942662327,2373.6979496329395,2392.810872230673,2412.077691329971,2431.4996460994216,2451.0779856853383,2470.813969292122,2490.7088662632277,2510.763956162824,2530.9805288580706,2551.359884602096,2571.9033341176064,2592.612198681206,2613.487810208354,2634.5315113390543,2655.7446555241822,2677.1286071125573,2698.6847414386757,2720.4144449111714,2742.319115101994,2764.4001608362782,2786.6590022829737,2809.097071046162,2831.715810257159,2854.5166746673017,2877.5011307415425,2900.67065675274,2924.0267428767575,2947.570891288285,2971.304616257478,2995.22944424732,3019.346914011829,3043.658576695001,3068.1659959305807,3092.870747942638,3117.7744216469364,3142.87861875312,3168.1849538677375,3193.695054598094,3219.410561656912,3245.333128967883,3271.4644237720117,3297.806126734876,3324.3599320546946,3351.1275475713155,3378.1106948760344,3405.3111094223436,3432.7305406375262,3460.3707520352004,3488.23352132871,3516.320640545493,3544.6339161423107,3573.1751691214417,3601.9462351478164,3630.9489646670518,3660.1852230244945,3689.6568905851636,3719.3658628547196,3749.3140506013438,3779.5033799786634,3809.935792649603,3840.6132459112973,3871.5377128209448,3902.7111823227383,3934.135659375755,3965.8131650829396,3997.7457368210635,4029.9354283717907,4062.3843100537392,4095.0944688556665,4128.068008570669,4161.3070499315045,4194.813730746993,4228.590206039511,4262.638648183577,4296.961247045588,4331.560210124669,4366.437762694626,4401.596147947099,4437.037627135803,4472.764479721992,4508.779003521039,4545.083514850253,4581.680348677821,4618.571858773019,4655.7604178575675,4693.248417758249,4731.038269560753,4769.132403764733,4807.533270440121,4846.243339384716,4885.265100283049,4924.601062866471,4964.253757074609,5004.22573321805,5044.519562142395,5085.137835393579,5126.08316538458,5167.3581855634,5208.965550582488,5250.907936469426,5293.188040799074,5335.808582867062,5378.772303864684,5422.081967055189,5465.740357951513,5509.7502844954415,5554.1145772382,5598.836089522486,5643.917697666003,5689.362301146471,5735.17282278806,5781.352208949439,5827.903429713208,5874.829479076986,5922.133375145914,5969.818160326825,6017.886901523867,6066.342690335802,6115.188643254807,6164.427901866934,6214.06363305417,6264.099029198114,6314.537308385285,6365.381714614103,6416.635518003553,6468.302015003491,6520.384528606639,6572.88640856233,6625.811031591967,6679.16180160615,6732.942149923667,6787.155535492116,6841.805445110439,6896.895393653112,6952.428924296275,7008.409608745552,7064.841047465831,7121.726869912778,7179.070734766296,7236.876330165845,7295.147373947643,7353.887613883764,7413.100827923194,7472.790824434837,7532.961442452409,7593.616551921397,7654.7600539479145,7716.395881049652,7778.527997408752,7841.160399126823,7904.2971144818985,7967.94220418758,8032.099761654146,8096.773913251861,8161.968818576374,8227.688670716232,8293.937696522553,8360.720156880894,8428.04034698531,8495.90259661459,8564.311270410717,8633.270768159597,8702.785525074065,8772.860012079082,8843.498736099358,8914.706240349144,8986.487104624512,9058.845945597834,9131.787417114787,9205.31621049359,9279.437054826807,9354.154717285446,9429.47400342559,9505.399757497484,9581.936862757088,9659.090241780126,9736.864856778713,9815.265709920519,9894.297843650465,9973.966341015032,10054.276325989182,10135.232963805956,10216.841461288606,10299.107067185563,10382.035072507933,10465.630810869876,10549.89965883156,10634.84703624505,10720.478406602804,10806.799277389146,10893.815200434417,10981.531772272076,11069.954634498676,11159.08947413668,11248.94202400021,11339.518063063782,11430.823416834026,11522.863957724268,11615.64560543233,11709.174327321158,11803.456138802712,11898.49710372478,11994.303334761045,12090.880993804161,12188.23629236214,12286.375491957784,12385.304904531427,12485.030892846919,12585.55987090084,12686.898304334996,12789.052710852275,12892.029660635888,12995.8357767719,13100.477735675182,13205.962267518828,13312.296156667053,13419.486242111492,13527.539417911097,13636.462633635434,13746.262894811807,13856.947263375758,13968.522858125163,14080.996855178266,14194.376488435144,14308.66905004285,14423.881890864615] 0.31126199007860056 [Infinity,Infinity,Infinity,Infinity,Infinity,Infinity,Infinity,Infinity,Infinity,Infinity,Infinity,Infinity,Infinity,Infinity,Infinity,Infinity,Infinity,Infinity,Infinity,Infinity,Infinity,Infinity,Infinity,Infinity,Infinity,Infinity,Infinity,Infinity,Infinity,Infinity,Infinity,Infinity,Infinity,Infinity,Infinity,Infinity,Infinity,Infinity,Infinity,Infinity,Infinity,Infinity,Infinity,Infinity,Infinity,Infinity,Infinity,Infinity,Infinity,Infinity,Infinity,Infinity,Infinity,Infinity,Infinity,Infinity,Infinity,Infinity,Infinity,Infinity,Infinity,Infinity,Infinity,Infinity,Infinity,Infinity,Infinity,Infinity,Infinity,Infinity,Infinity,Infinity,Infinity,Infinity,Infinity,Infinity,Infinity,Infinity,Infinity,Infinity,Infinity,Infinity,Infinity,Infinity,Infinity,Infinity,Infinity,Infinity,Infinity,Infinity,Infinity,Infinity,Infinity,Infinity,Infinity,Infinity,Infinity,Infinity,Infinity,Infinity,Infinity,Infinity,Infinity,Infinity,Infinity,Infinity,Infinity,Infinity,Infinity,Infinity,Infinity,Infinity,Infinity,Infinity,Infinity,Infinity,Infinity,Infinity,Infinity,Infinity,Infinity,Infinity,Infinity,Infinity,Infinity,Infinity,Infinity,Infinity,Infinity,Infinity,Infinity,Infinity,Infinity,Infinity,Infinity,Infinity,Infinity,Infinity,Infinity,Infinity,Infinity,Infinity,Infinity,Infinity,Infinity,Infinity,Infinity,Infinity,Infinity,Infinity,Infinity,Infinity,Infinity,Infinity,Infinity,Infinity,Infinity,Infinity,Infinity,Infinity,Infinity,Infinity,Infinity,Infinity,Infinity,Infinity,Infinity,Infinity,Infinity,Infinity,Infinity,Infinity,Infinity,Infinity,Infinity,Infinity,Infinity,Infinity,Infinity,Infinity,Infinity,Infinity,Infinity,Infinity,Infinity,Infinity,Infinity,Infinity,Infinity,Infinity,Infinity,Infinity,Infinity,Infinity,Infinity,Infinity,Infinity,Infinity,Infinity,Infinity,Infinity,Infinity,Infinity,Infinity,Infinity,Infinity,Infinity,Infinity,Infinity,Infinity,Infinity,Infinity,Infinity,Infinity,Infinity,Infinity,Infinity,Infinity,Infinity,Infinity,Infinity,Infinity,Infinity,Infinity,Infinity,Infinity,Infinity,Infinity,Infinity,Infinity,Infinity,Infinity,Infinity,Infinity,Infinity,Infinity,Infinity,Infinity,Infinity,Infinity,Infinity,Infinity,Infinity,Infinity,Infinity,Infinity,Infinity,Infinity,Infinity,Infinity,Infinity,Infinity,Infinity,Infinity,Infinity,Infinity,Infinity,Infinity,Infinity,Infinity,Infinity,Infinity,Infinity,Infinity,Infinity,Infinity,Infinity,Infinity,Infinity,Infinity,Infinity,Infinity,Infinity,Infinity,Infinity,Infinity,Infinity,Infinity,Infinity,Infinity,Infinity,Infinity,Infinity,Infinity,Infinity,Infinity,Infinity,Infinity,Infinity,Infinity,Infinity,Infinity,Infinity,Infinity,Infinity,Infinity,Infinity,Infinity,Infinity,Infinity] [0.0,0.0,0.0,0.0,0.0,0.0,0.0,0.0,0.0,0.0,0.0,0.0,0.0,0.0,0.0,0.0,0.0,0.0,0.0,0.0,0.0,0.0,0.0,0.0,0.0,0.0,0.0,0.0,0.0,0.0,0.0,0.0,0.0,0.0,0.0,0.0,0.0,0.0,0.0,0.0,0.0,0.0,0.0,0.0,0.0,0.0,0.0,0.0,0.0,0.0,0.0,0.0,0.0,0.0,0.0,0.0,0.0,0.0,0.0,0.0,0.0,0.0,0.0,0.0,0.0,0.0,0.0,0.0,0.0,0.0,0.0,0.0,0.0,0.0,0.0,0.0,0.0,0.0,0.0,0.0,0.0,0.0,0.0,0.0,0.0,0.0,0.0,0.0,0.0,0.0,0.0,0.0,0.0,0.0,0.0,0.0,0.0,0.0,0.0,0.0,0.0,0.0,0.0,0.0,0.0,0.0,0.0,0.0,0.0,0.0,0.0,0.0,0.0,0.0,0.0,0.0,0.0,0.0,0.0,0.0,0.0,0.0,0.0,0.0,0.0,0.0,0.0,0.0,0.0,0.0,0.0,0.0,0.0,0.0,0.0,0.0,0.0,0.0,0.0,0.0,0.0,0.0,0.0,0.0,0.0,0.0,0.0,0.0,0.0,0.0,0.0,0.0,0.0,0.0,0.0,0.0,0.0,0.0,0.0,0.0,0.0,0.0,0.0,0.0,0.0,0.0,0.0,0.0,0.0,0.0,0.0,0.0,0.0,0.0,0.0,0.0,0.0,0.0,0.0,0.0,0.0,0.0,0.0,0.0,0.0,0.0,0.0,0.0,0.0,0.0,0.0,0.0,0.0,0.0,0.0,0.0,0.0,0.0,0.0,0.0,0.0,0.0,0.0,0.0,0.0,0.0,0.0,0.0,0.0,0.0,0.0,0.0,0.0,0.0,0.0,0.0,0.0,0.0,0.0,0.0,0.0,0.0,0.0,0.0,0.0,0.0,0.0,0.0,0.0,0.0,0.0,0.0,0.0,0.0,0.0,0.0,0.0,0.0,0.0,0.0,0.0,0.0,0.0,0.0,0.0,0.0,0.0,0.0,0.0,0.0,0.0,0.0,0.0,0.0,0.0,0.0,0.0,0.0,0.0,0.0,0.0,0.0,0.0,0.0,0.0,0.0,0.0,0.0,0.0,0.0,0.0,0.0,0.0,0.0,0.0,0.0,0.0,0.0,0.0,0.0,0.0,0.0,0.0,0.0,0.0,0.0,0.0,0.0,0.0,0.0,0.0,0.0,0.0,0.0,0.0,0.0,0.0,0.0,0.0,0.0]
56195.92449502491 [0.0,0.0,0.0,0.0,0.0,0.0,0.0,0.0,0.0,0.0,0.0,0.0,0.0,0.0,0.0,0.0,0.0,0.0,0.0,0.0,0.0,0.0,0.0,0.0,0.0,0.0,0.0,0.0,0.0,0.0,0.0,0.0,0.0,0.0,0.0,0.0,0.0,0.0,0.0,0.0,0.0,0.0,0.0,0.0,0.0,0.0,0.0,0.0,0.0,0.0,0.0,0.0,0.0,0.0,0.0,0.0,0.0,0.0,0.0,0.0,0.0,0.0,0.0,0.0,0.0,0.0,0.0,0.0,0.0,0.0,0.0,0.0,0.0,0.0,0.0,0.0,0.0,0.0,0.0,0.0,0.0,0.0,0.0,0.0,0.0,0.0,0.0,0.0,0.0,0.0,0.0,0.0,0.0,0.0,0.0,0.0,0.0,0.0,0.0,0.0,0.0,0.0,0.0,0.0,0.0,0.0,0.0,0.0,0.0,0.0,0.0,0.0,0.0,0.0,0.0,0.0,0.0,0.0,0.0,0.0,0.0,0.0,0.0,0.0,0.0,0.0,0.0,0.0,0.0,0.0,0.0,0.0,0.0,0.0,0.0,0.0,0.0,0.0,0.0,0.0,0.0,0.0,0.0,0.0,0.0,0.0,0.0,0.0,0.0,0.0,0.0,0.0,0.0,0.0,0.0,0.0,0.0,0.0,0.0,0.0,0.0,0.0,0.0,0.0,0.0,0.0,0.0,0.0,0.0,0.0,0.0,0.0,0.0,0.0,0.0,0.0,0.0,0.0,0.0,0.0,0.0,0.0,0.0,0.0,0.0,0.0,0.0,0.0,0.0,0.0,0.0,0.0,0.0,0.0,0.0,0.0,0.0,0.0,0.0,0.0,0.0,0.0,0.0,0.0,0.0,0.0,0.0,0.0,0.0,0.0,0.0,0.0,0.0,0.0,0.0,0.0,0.0,0.0,0.0,0.0,0.0,0.0,0.0,0.0,0.0,0.0,0.0,0.0,0.0,0.0,0.0,0.0,0.0,0.0,0.0,0.0,0.0,0.0,0.0,0.0,0.0,0.0,0.0,0.0,0.0,0.0,0.0,0.0,0.0,0.0,0.0,0.0,0.0,0.0,0.0,0.0,0.0,0.0,0.0,0.0,0.0,0.0,0.0,0.0,0.0,0.0,0.0,0.0,0.0,0.0,0.0,0.0,0.0,0.0,0.0,0.0,0.0,0.0,0.0,0.0,0.0,0.0,0.0,0.0,0.0,0.0,0.0,0.0,0.0,0.0,0.0,0.0,0.0,0.0,0.0,0.0,0.0,0.0,0.0,0.0] [1311.2619900786005,1321.8202200865917,1332.463464547639,1343.19240799478,1354.0077404728797,1364.9101575830227,1375.9003605272408,1386.9790561536227,1398.1469570017646,1409.4047813486081,1420.7532532546286,1432.193102610412,1443.7250651835902,1455.3498826661717,1467.068302722235,1478.881079036026,1490.78897136042,1502.7927455657994,1514.8931736892998,1527.0910339844697,1539.3871109713293,1551.7821954868166,1564.2770847356642,1576.872582341659,1589.569498399342,1602.368649526097,1615.270858914685,1628.2769563861766,1641.3877784433362,1654.6041683244075,1667.9269760573632,1681.3570585145608,1694.895279467867,1708.5425096441993,1722.2996267815402,1736.1675156853773,1750.1470682856248,1764.2391836939755,1778.4447682617345,1792.7647356381167,1807.2000068289992,1821.7515102561672,1836.4201818170154,1851.2069649447558,1866.112810669078,1881.1386776773347,1896.285532376183,1911.5543489537563,1926.9461094423048,1942.4618037813711,1958.1024298814455,1973.8689936881608,1989.7625092469793,2005.7839987684179,2021.9344926937952,2038.215029761504,2054.626657073813,2071.1704301642176,2087.8474130653335,2104.6586783773164,2121.605307336866,2138.6883898867477,2155.9090247459117,2173.268319480143,2190.767390573309,2208.407363499154,2226.1893727937027,2244.1145621282076,2262.184084382728,2280.399101720259,2298.7607856614945,2317.2703171601615,2335.9288866789793,2354.7376942662327,2373.6979496329395,2392.810872230673,2412.077691329971,2431.4996460994216,2451.0779856853383,2470.813969292122,2490.7088662632277,2510.763956162824,2530.9805288580706,2551.359884602096,2571.9033341176064,2592.612198681206,2613.487810208354,2634.5315113390543,2655.7446555241822,2677.1286071125573,2698.6847414386757,2720.4144449111714,2742.319115101994,2764.4001608362782,2786.6590022829737,2809.097071046162,2831.715810257159,2854.5166746673017,2877.5011307415425,2900.67065675274,2924.0267428767575,2947.570891288285,2971.304616257478,2995.22944424732,3019.346914011829,3043.658576695001,3068.1659959305807,3092.870747942638,3117.7744216469364,3142.87861875312,3168.1849538677375,3193.695054598094,3219.410561656912,3245.333128967883,3271.4644237720117,3297.806126734876,3324.3599320546946,3351.1275475713155,3378.1106948760344,3405.3111094223436,3432.7305406375262,3460.3707520352004,3488.23352132871,3516.320640545493,3544.6339161423107,3573.1751691214417,3601.9462351478164,3630.9489646670518,3660.1852230244945,3689.6568905851636,3719.3658628547196,3749.3140506013438,3779.5033799786634,3809.935792649603,3840.6132459112973,3871.5377128209448,3902.7111823227383,3934.135659375755,3965.8131650829396,3997.7457368210635,4029.9354283717907,4062.3843100537392,4095.0944688556665,4128.068008570669,4161.3070499315045,4194.813730746993,4228.590206039511,4262.638648183577,4296.961247045588,4331.560210124669,4366.437762694626,4401.596147947099,4437.037627135803,4472.764479721992,4508.779003521039,4545.083514850253,4581.680348677821,4618.571858773019,4655.7604178575675,4693.248417758249,4731.038269560753,4769.132403764733,4807.533270440121,4846.243339384716,4885.265100283049,4924.601062866471,4964.253757074609,5004.22573321805,5044.519562142395,5085.137835393579,5126.08316538458,5167.3581855634,5208.965550582488,5250.907936469426,5293.188040799074,5335.808582867062,5378.772303864684,5422.081967055189,5465.740357951513,5509.7502844954415,5554.1145772382,5598.836089522486,5643.917697666003,5689.362301146471,5735.17282278806,5781.352208949439,5827.903429713208,5874.829479076986,5922.133375145914,5969.818160326825,6017.886901523867,6066.342690335802,6115.188643254807,6164.427901866934,6214.06363305417,6264.099029198114,6314.537308385285,6365.381714614103,6416.635518003553,6468.302015003491,6520.384528606639,6572.88640856233,6625.811031591967,6679.16180160615,6732.942149923667,6787.155535492116,6841.805445110439,6896.895393653112,6952.428924296275,7008.409608745552,7064.841047465831,7121.726869912778,7179.070734766296,7236.876330165845,7295.147373947643,7353.887613883764,7413.100827923194,7472.790824434837,7532.961442452409,7593.616551921397,7654.7600539479145,7716.395881049652,7778.527997408752,7841.160399126823,7904.2971144818985,7967.94220418758,8032.099761654146,8096.773913251861,8161.968818576374,8227.688670716232,8293.937696522553,8360.720156880894,8428.04034698531,8495.90259661459,8564.311270410717,8633.270768159597,8702.785525074065,8772.860012079082,8843.498736099358,8914.706240349144,8986.487104624512,9058.845945597834,9131.787417114787,9205.31621049359,9279.437054826807,9354.154717285446,9429.47400342559,9505.399757497484,9581.936862757088,9659.090241780126,9736.864856778713,9815.265709920519,9894.297843650465,9973.966341015032,10054.276325989182,10135.232963805956,10216.841461288606,10299.107067185563,10382.035072507933,10465.630810869876,10549.89965883156,10634.84703624505,10720.478406602804,10806.799277389146,10893.815200434417,10981.531772272076,11069.954634498676,11159.08947413668,11248.94202400021,11339.518063063782,11430.823416834026,11522.863957724268,11615.64560543233,11709.174327321158,11803.456138802712,11898.49710372478,11994.303334761045,12090.880993804161,12188.23629236214,12286.375491957784,12385.304904531427,12485.030892846919,12585.55987090084,12686.898304334996,12789.052710852275,12892.029660635888,12995.8357767719,13100.477735675182,13205.962267518828,13312.296156667053,13419.486242111492,13527.539417911097,13636.462633635434,13746.262894811807,13856.947263375758,13968.522858125163,14080.996855178266,14194.376488435144,14308.66905004285,14423.881890864615] 0.31126199007860056 [Infinity,Infinity,Infinity,Infinity,Infinity,Infinity,Infinity,Infinity,Infinity,Infinity,Infinity,Infinity,Infinity,Infinity,Infinity,Infinity,Infinity,Infinity,Infinity,Infinity,Infinity,Infinity,Infinity,Infinity,Infinity,Infinity,Infinity,Infinity,Infinity,Infinity,Infinity,Infinity,Infinity,Infinity,Infinity,Infinity,Infinity,Infinity,Infinity,Infinity,Infinity,Infinity,Infinity,Infinity,Infinity,Infinity,Infinity,Infinity,Infinity,Infinity,Infinity,Infinity,Infinity,Infinity,Infinity,Infinity,Infinity,Infinity,Infinity,Infinity,Infinity,Infinity,Infinity,Infinity,Infinity,Infinity,Infinity,Infinity,Infinity,Infinity,Infinity,Infinity,Infinity,Infinity,Infinity,Infinity,Infinity,Infinity,Infinity,Infinity,Infinity,Infinity,Infinity,Infinity,Infinity,Infinity,Infinity,Infinity,Infinity,Infinity,Infinity,Infinity,Infinity,Infinity,Infinity,Infinity,Infinity,Infinity,Infinity,Infinity,Infinity,Infinity,Infinity,Infinity,Infinity,Infinity,Infinity,Infinity,Infinity,Infinity,Infinity,Infinity,Infinity,Infinity,Infinity,Infinity,Infinity,Infinity,Infinity,Infinity,Infinity,Infinity,Infinity,Infinity,Infinity,Infinity,Infinity,Infinity,Infinity,Infinity,Infinity,Infinity,Infinity,Infinity,Infinity,Infinity,Infinity,Infinity,Infinity,Infinity,Infinity,Infinity,Infinity,Infinity,Infinity,Infinity,Infinity,Infinity,Infinity,Infinity,Infinity,Infinity,Infinity,Infinity,Infinity,Infinity,Infinity,Infinity,Infinity,Infinity,Infinity,Infinity,Infinity,Infinity,Infinity,Infinity,Infinity,Infinity,Infinity,Infinity,Infinity,Infinity,Infinity,Infinity,Infinity,Infinity,Infinity,Infinity,Infinity,Infinity,Infinity,Infinity,Infinity,Infinity,Infinity,Infinity,Infinity,Infinity,Infinity,Infinity,Infinity,Infinity,Infinity,Infinity,Infinity,Infinity,Infinity,Infinity,Infinity,Infinity,Infinity,Infinity,Infinity,Infinity,Infinity,Infinity,Infinity,Infinity,Infinity,Infinity,Infinity,Infinity,Infinity,Infinity,Infinity,Infinity,Infinity,Infinity,Infinity,Infinity,Infinity,Infinity,Infinity,Infinity,Infinity,Infinity,Infinity,Infinity,Infinity,Infinity,Infinity,Infinity,Infinity,Infinity,Infinity,Infinity,Infinity,Infinity,Infinity,Infinity,Infinity,Infinity,Infinity,Infinity,Infinity,Infinity,Infinity,Infinity,Infinity,Infinity,Infinity,Infinity,Infinity,Infinity,Infinity,Infinity,Infinity,Infinity,Infinity,Infinity,Infinity,Infinity,Infinity,Infinity,Infinity,Infinity,Infinity,Infinity,Infinity,Infinity,Infinity,Infinity,Infinity,Infinity,Infinity,Infinity,Infinity,Infinity,Infinity,Infinity,Infinity,Infinity,Infinity,Infinity,Infinity,Infinity,Infinity,Infinity,Infinity,Infinity,Infinity,Infinity,Infinity,Infinity,Infinity,Infinity,Infinity,Infinity,Infinity,Infinity] [0.0,0.0,0.0,0.0,0.0,0.0,0.0,0.0,0.0,0.0,0.0,0.0,0.0,0.0,0.0,0.0,0.0,0.0,0.0,0.0,0.0,0.0,0.0,0.0,0.0,0.0,0.0,0.0,0.0,0.0,0.0,0.0,0.0,0.0,0.0,0.0,0.0,0.0,0.0,0.0,0.0,0.0,0.0,0.0,0.0,0.0,0.0,0.0,0.0,0.0,0.0,0.0,0.0,0.0,0.0,0.0,0.0,0.0,0.0,0.0,0.0,0.0,0.0,0.0,0.0,0.0,0.0,0.0,0.0,0.0,0.0,0.0,0.0,0.0,0.0,0.0,0.0,0.0,0.0,0.0,0.0,0.0,0.0,0.0,0.0,0.0,0.0,0.0,0.0,0.0,0.0,0.0,0.0,0.0,0.0,0.0,0.0,0.0,0.0,0.0,0.0,0.0,0.0,0.0,0.0,0.0,0.0,0.0,0.0,0.0,0.0,0.0,0.0,0.0,0.0,0.0,0.0,0.0,0.0,0.0,0.0,0.0,0.0,0.0,0.0,0.0,0.0,0.0,0.0,0.0,0.0,0.0,0.0,0.0,0.0,0.0,0.0,0.0,0.0,0.0,0.0,0.0,0.0,0.0,0.0,0.0,0.0,0.0,0.0,0.0,0.0,0.0,0.0,0.0,0.0,0.0,0.0,0.0,0.0,0.0,0.0,0.0,0.0,0.0,0.0,0.0,0.0,0.0,0.0,0.0,0.0,0.0,0.0,0.0,0.0,0.0,0.0,0.0,0.0,0.0,0.0,0.0,0.0,0.0,0.0,0.0,0.0,0.0,0.0,0.0,0.0,0.0,0.0,0.0,0.0,0.0,0.0,0.0,0.0,0.0,0.0,0.0,0.0,0.0,0.0,0.0,0.0,0.0,0.0,0.0,0.0,0.0,0.0,0.0,0.0,0.0,0.0,0.0,0.0,0.0,0.0,0.0,0.0,0.0,0.0,0.0,0.0,0.0,0.0,0.0,0.0,0.0,0.0,0.0,0.0,0.0,0.0,0.0,0.0,0.0,0.0,0.0,0.0,0.0,0.0,0.0,0.0,0.0,0.0,0.0,0.0,0.0,0.0,0.0,0.0,0.0,0.0,0.0,0.0,0.0,0.0,0.0,0.0,0.0,0.0,0.0,0.0,0.0,0.0,0.0,0.0,0.0,0.0,0.0,0.0,0.0,0.0,0.0,0.0,0.0,0.0,0.0,0.0,0.0,0.0,0.0,0.0,0.0,0.0,0.0,0.0,0.0,0.0,0.0,0.0,0.0,0.0,0.0,0.0,0.0]
56342.76220161195 [0.0,0.0,0.0,0.0,0.0,0.0,0.0,0.0,0.0,0.0,0.0,0.0,0.0,0.0,0.0,0.0,0.0,0.0,0.0,0.0,0.0,0.0,0.0,0.0,0.0,0.0,0.0,0.0,0.0,0.0,0.0,0.0,0.0,0.0,0.0,0.0,0.0,0.0,0.0,0.0,0.0,0.0,0.0,0.0,0.0,0.0,0.0,0.0,0.0,0.0,0.0,0.0,0.0,0.0,0.0,0.0,0.0,0.0,0.0,0.0,0.0,0.0,0.0,0.0,0.0,0.0,0.0,0.0,0.0,0.0,0.0,0.0,0.0,0.0,0.0,0.0,0.0,0.0,0.0,0.0,0.0,0.0,0.0,0.0,0.0,0.0,0.0,0.0,0.0,0.0,0.0,0.0,0.0,0.0,0.0,0.0,0.0,0.0,0.0,0.0,0.0,0.0,0.0,0.0,0.0,0.0,0.0,0.0,0.0,0.0,0.0,0.0,0.0,0.0,0.0,0.0,0.0,0.0,0.0,0.0,0.0,0.0,0.0,0.0,0.0,0.0,0.0,0.0,0.0,0.0,0.0,0.0,0.0,0.0,0.0,0.0,0.0,0.0,0.0,0.0,0.0,0.0,0.0,0.0,0.0,0.0,0.0,0.0,0.0,0.0,0.0,0.0,0.0,0.0,0.0,0.0,0.0,0.0,0.0,0.0,0.0,0.0,0.0,0.0,0.0,0.0,0.0,0.0,0.0,0.0,0.0,0.0,0.0,0.0,0.0,0.0,0.0,0.0,0.0,0.0,0.0,0.0,0.0,0.0,0.0,0.0,0.0,0.0,0.0,0.0,0.0,0.0,0.0,0.0,0.0,0.0,0.0,0.0,0.0,0.0,0.0,0.0,0.0,0.0,0.0,0.0,0.0,0.0,0.0,0.0,0.0,0.0,0.0,0.0,0.0,0.0,0.0,0.0,0.0,0.0,0.0,0.0,0.0,0.0,0.0,0.0,0.0,0.0,0.0,0.0,0.0,0.0,0.0,0.0,0.0,0.0,0.0,0.0,0.0,0.0,0.0,0.0,0.0,0.0,0.0,0.0,0.0,0.0,0.0,0.0,0.0,0.0,0.0,0.0,0.0,0.0,0.0,0.0,0.0,0.0,0.0,0.0,0.0,0.0,0.0,0.0,0.0,0.0,0.0,0.0,0.0,0.0,0.0,0.0,0.0,0.0,0.0,0.0,0.0,0.0,0.0,0.0,0.0,0.0,0.0,0.0,0.0,0.0,0.0,0.0,0.0,0.0,0.0,0.0,0.0,0.0,0.0,0.0,0.0,0.0] [1311.2619900786005,1321.8202200865917,1332.463464547639,1343.19240799478,1354.0077404728797,1364.9101575830227,1375.9003605272408,1386.9790561536227,1398.1469570017646,1409.4047813486081,1420.7532532546286,1432.193102610412,1443.7250651835902,1455.3498826661717,1467.068302722235,1478.881079036026,1490.78897136042,1502.7927455657994,1514.8931736892998,1527.0910339844697,1539.3871109713293,1551.7821954868166,1564.2770847356642,1576.872582341659,1589.569498399342,1602.368649526097,1615.270858914685,1628.2769563861766,1641.3877784433362,1654.6041683244075,1667.9269760573632,1681.3570585145608,1694.895279467867,1708.5425096441993,1722.2996267815402,1736.1675156853773,1750.1470682856248,1764.2391836939755,1778.4447682617345,1792.7647356381167,1807.2000068289992,1821.7515102561672,1836.4201818170154,1851.2069649447558,1866.112810669078,1881.1386776773347,1896.285532376183,1911.5543489537563,1926.9461094423048,1942.4618037813711,1958.1024298814455,1973.8689936881608,1989.7625092469793,2005.7839987684179,2021.9344926937952,2038.215029761504,2054.626657073813,2071.1704301642176,2087.8474130653335,2104.6586783773164,2121.605307336866,2138.6883898867477,2155.9090247459117,2173.268319480143,2190.767390573309,2208.407363499154,2226.1893727937027,2244.1145621282076,2262.184084382728,2280.399101720259,2298.7607856614945,2317.2703171601615,2335.9288866789793,2354.7376942662327,2373.6979496329395,2392.810872230673,2412.077691329971,2431.4996460994216,2451.0779856853383,2470.813969292122,2490.7088662632277,2510.763956162824,2530.9805288580706,2551.359884602096,2571.9033341176064,2592.612198681206,2613.487810208354,2634.5315113390543,2655.7446555241822,2677.1286071125573,2698.6847414386757,2720.4144449111714,2742.319115101994,2764.4001608362782,2786.6590022829737,2809.097071046162,2831.715810257159,2854.5166746673017,2877.5011307415425,2900.67065675274,2924.0267428767575,2947.570891288285,2971.304616257478,2995.22944424732,3019.346914011829,3043.658576695001,3068.1659959305807,3092.870747942638,3117.7744216469364,3142.87861875312,3168.1849538677375,3193.695054598094,3219.410561656912,3245.333128967883,3271.4644237720117,3297.806126734876,3324.3599320546946,3351.1275475713155,3378.1106948760344,3405.3111094223436,3432.7305406375262,3460.3707520352004,3488.23352132871,3516.320640545493,3544.6339161423107,3573.1751691214417,3601.9462351478164,3630.9489646670518,3660.1852230244945,3689.6568905851636,3719.3658628547196,3749.3140506013438,3779.5033799786634,3809.935792649603,3840.6132459112973,3871.5377128209448,3902.7111823227383,3934.135659375755,3965.8131650829396,3997.7457368210635,4029.9354283717907,4062.3843100537392,4095.0944688556665,4128.068008570669,4161.3070499315045,4194.813730746993,4228.590206039511,4262.638648183577,4296.961247045588,4331.560210124669,4366.437762694626,4401.596147947099,4437.037627135803,4472.764479721992,4508.779003521039,4545.083514850253,4581.680348677821,4618.571858773019,4655.7604178575675,4693.248417758249,4731.038269560753,4769.132403764733,4807.533270440121,4846.243339384716,4885.265100283049,4924.601062866471,4964.253757074609,5004.22573321805,5044.519562142395,5085.137835393579,5126.08316538458,5167.3581855634,5208.965550582488,5250.907936469426,5293.188040799074,5335.808582867062,5378.772303864684,5422.081967055189,5465.740357951513,5509.7502844954415,5554.1145772382,5598.836089522486,5643.917697666003,5689.362301146471,5735.17282278806,5781.352208949439,5827.903429713208,5874.829479076986,5922.133375145914,5969.818160326825,6017.886901523867,6066.342690335802,6115.188643254807,6164.427901866934,6214.06363305417,6264.099029198114,6314.537308385285,6365.381714614103,6416.635518003553,6468.302015003491,6520.384528606639,6572.88640856233,6625.811031591967,6679.16180160615,6732.942149923667,6787.155535492116,6841.805445110439,6896.895393653112,6952.428924296275,7008.409608745552,7064.841047465831,7121.726869912778,7179.070734766296,7236.876330165845,7295.147373947643,7353.887613883764,7413.100827923194,7472.790824434837,7532.961442452409,7593.616551921397,7654.7600539479145,7716.395881049652,7778.527997408752,7841.160399126823,7904.2971144818985,7967.94220418758,8032.099761654146,8096.773913251861,8161.968818576374,8227.688670716232,8293.937696522553,8360.720156880894,8428.04034698531,8495.90259661459,8564.311270410717,8633.270768159597,8702.785525074065,8772.860012079082,8843.498736099358,8914.706240349144,8986.487104624512,9058.845945597834,9131.787417114787,9205.31621049359,9279.437054826807,9354.154717285446,9429.47400342559,9505.399757497484,9581.936862757088,9659.090241780126,9736.864856778713,9815.265709920519,9894.297843650465,9973.966341015032,10054.276325989182,10135.232963805956,10216.841461288606,10299.107067185563,10382.035072507933,10465.630810869876,10549.89965883156,10634.84703624505,10720.478406602804,10806.799277389146,10893.815200434417,10981.531772272076,11069.954634498676,11159.08947413668,11248.94202400021,11339.518063063782,11430.823416834026,11522.863957724268,11615.64560543233,11709.174327321158,11803.456138802712,11898.49710372478,11994.303334761045,12090.880993804161,12188.23629236214,12286.375491957784,12385.304904531427,12485.030892846919,12585.55987090084,12686.898304334996,12789.052710852275,12892.029660635888,12995.8357767719,13100.477735675182,13205.962267518828,13312.296156667053,13419.486242111492,13527.539417911097,13636.462633635434,13746.262894811807,13856.947263375758,13968.522858125163,14080.996855178266,14194.376488435144,14308.66905004285,14423.881890864615] 0.31126199007860056 [Infinity,Infinity,Infinity,Infinity,Infinity,Infinity,Infinity,Infinity,Infinity,Infinity,Infinity,Infinity,Infinity,Infinity,Infinity,Infinity,Infinity,Infinity,Infinity,Infinity,Infinity,Infinity,Infinity,Infinity,Infinity,Infinity,Infinity,Infinity,Infinity,Infinity,Infinity,Infinity,Infinity,Infinity,Infinity,Infinity,Infinity,Infinity,Infinity,Infinity,Infinity,Infinity,Infinity,Infinity,Infinity,Infinity,Infinity,Infinity,Infinity,Infinity,Infinity,Infinity,Infinity,Infinity,Infinity,Infinity,Infinity,Infinity,Infinity,Infinity,Infinity,Infinity,Infinity,Infinity,Infinity,Infinity,Infinity,Infinity,Infinity,Infinity,Infinity,Infinity,Infinity,Infinity,Infinity,Infinity,Infinity,Infinity,Infinity,Infinity,Infinity,Infinity,Infinity,Infinity,Infinity,Infinity,Infinity,Infinity,Infinity,Infinity,Infinity,Infinity,Infinity,Infinity,Infinity,Infinity,Infinity,Infinity,Infinity,Infinity,Infinity,Infinity,Infinity,Infinity,Infinity,Infinity,Infinity,Infinity,Infinity,Infinity,Infinity,Infinity,Infinity,Infinity,Infinity,Infinity,Infinity,Infinity,Infinity,Infinity,Infinity,Infinity,Infinity,Infinity,Infinity,Infinity,Infinity,Infinity,Infinity,Infinity,Infinity,Infinity,Infinity,Infinity,Infinity,Infinity,Infinity,Infinity,Infinity,Infinity,Infinity,Infinity,Infinity,Infinity,Infinity,Infinity,Infinity,Infinity,Infinity,Infinity,Infinity,Infinity,Infinity,Infinity,Infinity,Infinity,Infinity,Infinity,Infinity,Infinity,Infinity,Infinity,Infinity,Infinity,Infinity,Infinity,Infinity,Infinity,Infinity,Infinity,Infinity,Infinity,Infinity,Infinity,Infinity,Infinity,Infinity,Infinity,Infinity,Infinity,Infinity,Infinity,Infinity,Infinity,Infinity,Infinity,Infinity,Infinity,Infinity,Infinity,Infinity,Infinity,Infinity,Infinity,Infinity,Infinity,Infinity,Infinity,Infinity,Infinity,Infinity,Infinity,Infinity,Infinity,Infinity,Infinity,Infinity,Infinity,Infinity,Infinity,Infinity,Infinity,Infinity,Infinity,Infinity,Infinity,Infinity,Infinity,Infinity,Infinity,Infinity,Infinity,Infinity,Infinity,Infinity,Infinity,Infinity,Infinity,Infinity,Infinity,Infinity,Infinity,Infinity,Infinity,Infinity,Infinity,Infinity,Infinity,Infinity,Infinity,Infinity,Infinity,Infinity,Infinity,Infinity,Infinity,Infinity,Infinity,Infinity,Infinity,Infinity,Infinity,Infinity,Infinity,Infinity,Infinity,Infinity,Infinity,Infinity,Infinity,Infinity,Infinity,Infinity,Infinity,Infinity,Infinity,Infinity,Infinity,Infinity,Infinity,Infinity,Infinity,Infinity,Infinity,Infinity,Infinity,Infinity,Infinity,Infinity,Infinity,Infinity,Infinity,Infinity,Infinity,Infinity,Infinity,Infinity,Infinity,Infinity,Infinity,Infinity,Infinity,Infinity,Infinity,Infinity,Infinity,Infinity,Infinity,Infinity,Infinity] [0.0,0.0,0.0,0.0,0.0,0.0,0.0,0.0,0.0,0.0,0.0,0.0,0.0,0.0,0.0,0.0,0.0,0.0,0.0,0.0,0.0,0.0,0.0,0.0,0.0,0.0,0.0,0.0,0.0,0.0,0.0,0.0,0.0,0.0,0.0,0.0,0.0,0.0,0.0,0.0,0.0,0.0,0.0,0.0,0.0,0.0,0.0,0.0,0.0,0.0,0.0,0.0,0.0,0.0,0.0,0.0,0.0,0.0,0.0,0.0,0.0,0.0,0.0,0.0,0.0,0.0,0.0,0.0,0.0,0.0,0.0,0.0,0.0,0.0,0.0,0.0,0.0,0.0,0.0,0.0,0.0,0.0,0.0,0.0,0.0,0.0,0.0,0.0,0.0,0.0,0.0,0.0,0.0,0.0,0.0,0.0,0.0,0.0,0.0,0.0,0.0,0.0,0.0,0.0,0.0,0.0,0.0,0.0,0.0,0.0,0.0,0.0,0.0,0.0,0.0,0.0,0.0,0.0,0.0,0.0,0.0,0.0,0.0,0.0,0.0,0.0,0.0,0.0,0.0,0.0,0.0,0.0,0.0,0.0,0.0,0.0,0.0,0.0,0.0,0.0,0.0,0.0,0.0,0.0,0.0,0.0,0.0,0.0,0.0,0.0,0.0,0.0,0.0,0.0,0.0,0.0,0.0,0.0,0.0,0.0,0.0,0.0,0.0,0.0,0.0,0.0,0.0,0.0,0.0,0.0,0.0,0.0,0.0,0.0,0.0,0.0,0.0,0.0,0.0,0.0,0.0,0.0,0.0,0.0,0.0,0.0,0.0,0.0,0.0,0.0,0.0,0.0,0.0,0.0,0.0,0.0,0.0,0.0,0.0,0.0,0.0,0.0,0.0,0.0,0.0,0.0,0.0,0.0,0.0,0.0,0.0,0.0,0.0,0.0,0.0,0.0,0.0,0.0,0.0,0.0,0.0,0.0,0.0,0.0,0.0,0.0,0.0,0.0,0.0,0.0,0.0,0.0,0.0,0.0,0.0,0.0,0.0,0.0,0.0,0.0,0.0,0.0,0.0,0.0,0.0,0.0,0.0,0.0,0.0,0.0,0.0,0.0,0.0,0.0,0.0,0.0,0.0,0.0,0.0,0.0,0.0,0.0,0.0,0.0,0.0,0.0,0.0,0.0,0.0,0.0,0.0,0.0,0.0,0.0,0.0,0.0,0.0,0.0,0.0,0.0,0.0,0.0,0.0,0.0,0.0,0.0,0.0,0.0,0.0,0.0,0.0,0.0,0.0,0.0,0.0,0.0,0.0,0.0,0.0,0.0]
56292.09778588589 [0.0,0.0,0.0,0.0,0.0,0.0,0.0,0.0,0.0,0.0,0.0,0.0,0.0,0.0,0.0,0.0,0.0,0.0,0.0,0.0,0.0,0.0,0.0,0.0,0.0,0.0,0.0,0.0,0.0,0.0,0.0,0.0,0.0,0.0,0.0,0.0,0.0,0.0,0.0,0.0,0.0,0.0,0.0,0.0,0.0,0.0,0.0,0.0,0.0,0.0,0.0,0.0,0.0,0.0,0.0,0.0,0.0,0.0,0.0,0.0,0.0,0.0,0.0,0.0,0.0,0.0,0.0,0.0,0.0,0.0,0.0,0.0,0.0,0.0,0.0,0.0,0.0,0.0,0.0,0.0,0.0,0.0,0.0,0.0,0.0,0.0,0.0,0.0,0.0,0.0,0.0,0.0,0.0,0.0,0.0,0.0,0.0,0.0,0.0,0.0,0.0,0.0,0.0,0.0,0.0,0.0,0.0,0.0,0.0,0.0,0.0,0.0,0.0,0.0,0.0,0.0,0.0,0.0,0.0,0.0,0.0,0.0,0.0,0.0,0.0,0.0,0.0,0.0,0.0,0.0,0.0,0.0,0.0,0.0,0.0,0.0,0.0,0.0,0.0,0.0,1.9035231175602754,1.3460595920708107,1.7952410107714298,2.7152146444534404,4.429589611243287,6.028345243581097,6.754420950587848,6.979010935916373,5.116822712334541,3.839401164859521,4.606739438694606,7.867978872306624,11.263710879294818,13.361944459022931,14.154340214241703,15.976142130211167,20.49849878679273,26.14229677265836,29.78255621743515,31.663974636682433,32.91677625522173,39.73441227093813,39.34567080206426,47.33404554205457,46.84174765867631,34.725826469944906,17.56709655610192,17.29136675228179,33.20662647217787,54.76457310064252,72.15941461144975,69.85155320210922,72.37350856736964,58.252924137938464,47.055791235471474,47.80782221638531,42.87002052129121,46.71826278364428,47.21742815366946,50.841541185154504,51.08571374578359,53.5965869282966,57.08245694438812,49.474588450503454,41.96013791096556,35.19801188399119,35.541458704619785,44.55580696076609,58.045614318076346,72.45495719726463,103.55034615404519,100.3072114633417,85.06100638479948,55.957357547982674,51.66745348146814,57.787196136340405,51.294107091357574,53.13202939741569,79.2972189811896,82.43693482221107,77.12159551876589,60.067546314029414,52.26351078005715,49.782810528960695,50.28836307308447,56.28223584486024,65.44967436851172,78.54773690269376,89.9129295936185,87.18533073619221,99.37119946023498,114.92633169507799,146.1246232383018,160.90472701541532,154.38351504631368,122.30621709066648,97.92820678149275,88.2149219309616,107.4416471905454,120.40956808039721,132.53272433808257,125.3458175045634,91.70316017526486,82.99378096877165,68.83436875504664,66.8637786635963,73.1471587706773,69.2397070411014,74.3768640356257,65.54828777392028,67.1856922956648,82.38838783744919,117.87635981248576,121.61977507504567,119.25636638112523,118.14876414307813,84.32168574730315,67.11174909748544,51.39163519281639,52.35791416562268,55.21907310508037,49.7660341605316,51.31619250854524,43.4475944544562,44.82049957207277,46.798995720826596,53.704395753118966,55.599563365388576,61.16992710029244,64.7599703233985,72.17975842098012,59.92357938371519,56.61902276092537,70.26117076147915,76.67276562254762,75.28540074808109,80.63214446402723,59.441100639277806,51.119367047388295,43.66469060544126,42.63668997422147,28.433328320486062,12.787024954129384,10.312041138148524,15.546867241007062,21.493054479945425,47.281873681116664,64.04937540791305,66.69393130308481,71.12069452568834,74.59955765280158,74.8466429802602,64.68949159893037,51.65194587143377,46.72378350329519,44.712426809830106,48.73029260442161,38.81003940711943,36.8722989766244,37.42339478057124,45.17940086305703,46.491594816110805,41.793613966152996,36.295666132681255,38.68970554194367,43.526849400378616,59.023083508634045,64.49886854147569,50.18215416854602,39.92073898410952,35.97056023186184,33.48666575690268,37.130759681981665,41.26371153683484,31.711952197362915,25.587623214380315,27.31216615517906,31.384419571276396,27.887765931909986,27.357411080733627] [1311.2619900786005,1321.8202200865917,1332.463464547639,1343.19240799478,1354.0077404728797,1364.9101575830227,1375.9003605272408,1386.9790561536227,1398.1469570017646,1409.4047813486081,1420.7532532546286,1432.193102610412,1443.7250651835902,1455.3498826661717,1467.068302722235,1478.881079036026,1490.78897136042,1502.7927455657994,1514.8931736892998,1527.0910339844697,1539.3871109713293,1551.7821954868166,1564.2770847356642,1576.872582341659,1589.569498399342,1602.368649526097,1615.270858914685,1628.2769563861766,1641.3877784433362,1654.6041683244075,1667.9269760573632,1681.3570585145608,1694.895279467867,1708.5425096441993,1722.2996267815402,1736.1675156853773,1750.1470682856248,1764.2391836939755,1778.4447682617345,1792.7647356381167,1807.2000068289992,1821.7515102561672,1836.4201818170154,1851.2069649447558,1866.112810669078,1881.1386776773347,1896.285532376183,1911.5543489537563,1926.9461094423048,1942.4618037813711,1958.1024298814455,1973.8689936881608,1989.7625092469793,2005.7839987684179,2021.9344926937952,2038.215029761504,2054.626657073813,2071.1704301642176,2087.8474130653335,2104.6586783773164,2121.605307336866,2138.6883898867477,2155.9090247459117,2173.268319480143,2190.767390573309,2208.407363499154,2226.1893727937027,2244.1145621282076,2262.184084382728,2280.399101720259,2298.7607856614945,2317.2703171601615,2335.9288866789793,2354.7376942662327,2373.6979496329395,2392.810872230673,2412.077691329971,2431.4996460994216,2451.0779856853383,2470.813969292122,2490.7088662632277,2510.763956162824,2530.9805288580706,2551.359884602096,2571.9033341176064,2592.612198681206,2613.487810208354,2634.5315113390543,2655.7446555241822,2677.1286071125573,2698.6847414386757,2720.4144449111714,2742.319115101994,2764.4001608362782,2786.6590022829737,2809.097071046162,2831.715810257159,2854.5166746673017,2877.5011307415425,2900.67065675274,2924.0267428767575,2947.570891288285,2971.304616257478,2995.22944424732,3019.346914011829,3043.658576695001,3068.1659959305807,3092.870747942638,3117.7744216469364,3142.87861875312,3168.1849538677375,3193.695054598094,3219.410561656912,3245.333128967883,3271.4644237720117,3297.806126734876,3324.3599320546946,3351.1275475713155,3378.1106948760344,3405.3111094223436,3432.7305406375262,3460.3707520352004,3488.23352132871,3516.320640545493,3544.6339161423107,3573.1751691214417,3601.9462351478164,3630.9489646670518,3660.1852230244945,3689.6568905851636,3719.3658628547196,3749.3140506013438,3779.5033799786634,3809.935792649603,3840.6132459112973,3871.5377128209448,3902.7111823227383,3934.135659375755,3965.8131650829396,3997.7457368210635,4029.9354283717907,4062.3843100537392,4095.0944688556665,4128.068008570669,4161.3070499315045,4194.813730746993,4228.590206039511,4262.638648183577,4296.961247045588,4331.560210124669,4366.437762694626,4401.596147947099,4437.037627135803,4472.764479721992,4508.779003521039,4545.083514850253,4581.680348677821,4618.571858773019,4655.7604178575675,4693.248417758249,4731.038269560753,4769.132403764733,4807.533270440121,4846.243339384716,4885.265100283049,4924.601062866471,4964.253757074609,5004.22573321805,5044.519562142395,5085.137835393579,5126.08316538458,5167.3581855634,5208.965550582488,5250.907936469426,5293.188040799074,5335.808582867062,5378.772303864684,5422.081967055189,5465.740357951513,5509.7502844954415,5554.1145772382,5598.836089522486,5643.917697666003,5689.362301146471,5735.17282278806,5781.352208949439,5827.903429713208,5874.829479076986,5922.133375145914,5969.818160326825,6017.886901523867,6066.342690335802,6115.188643254807,6164.427901866934,6214.06363305417,6264.099029198114,6314.537308385285,6365.381714614103,6416.635518003553,6468.302015003491,6520.384528606639,6572.88640856233,6625.811031591967,6679.16180160615,6732.942149923667,6787.155535492116,6841.805445110439,6896.895393653112,6952.428924296275,7008.409608745552,7064.841047465831,7121.726869912778,7179.070734766296,7236.876330165845,7295.147373947643,7353.887613883764,7413.100827923194,7472.790824434837,7532.961442452409,7593.616551921397,7654.7600539479145,7716.395881049652,7778.527997408752,7841.160399126823,7904.2971144818985,7967.94220418758,8032.099761654146,8096.773913251861,8161.968818576374,8227.688670716232,8293.937696522553,8360.720156880894,8428.04034698531,8495.90259661459,8564.311270410717,8633.270768159597,8702.785525074065,8772.860012079082,8843.498736099358,8914.706240349144,8986.487104624512,9058.845945597834,9131.787417114787,9205.31621049359,9279.437054826807,9354.154717285446,9429.47400342559,9505.399757497484,9581.936862757088,9659.090241780126,9736.864856778713,9815.265709920519,9894.297843650465,9973.966341015032,10054.276325989182,10135.232963805956,10216.841461288606,10299.107067185563,10382.035072507933,10465.630810869876,10549.89965883156,10634.84703624505,10720.478406602804,10806.799277389146,10893.815200434417,10981.531772272076,11069.954634498676,11159.08947413668,11248.94202400021,11339.518063063782,11430.823416834026,11522.863957724268,11615.64560543233,11709.174327321158,11803.456138802712,11898.49710372478,11994.303334761045,12090.880993804161,12188.23629236214,12286.375491957784,12385.304904531427,12485.030892846919,12585.55987090084,12686.898304334996,12789.052710852275,12892.029660635888,12995.8357767719,13100.477735675182,13205.962267518828,13312.296156667053,13419.486242111492,13527.539417911097,13636.462633635434,13746.262894811807,13856.947263375758,13968.522858125163,14080.996855178266,14194.376488435144,14308.66905004285,14423.881890864615] 0.31126199007860056 [Infinity,Infinity,Infinity,Infinity,Infinity,Infinity,Infinity,Infinity,Infinity,Infinity,Infinity,Infinity,Infinity,Infinity,Infinity,Infinity,Infinity,Infinity,Infinity,Infinity,Infinity,Infinity,Infinity,Infinity,Infinity,Infinity,Infinity,Infinity,Infinity,Infinity,Infinity,Infinity,Infinity,Infinity,Infinity,Infinity,Infinity,Infinity,Infinity,Infinity,Infinity,Infinity,Infinity,Infinity,Infinity,Infinity,Infinity,Infinity,Infinity,Infinity,Infinity,Infinity,Infinity,Infinity,Infinity,Infinity,Infinity,Infinity,Infinity,Infinity,Infinity,Infinity,Infinity,Infinity,Infinity,Infinity,Infinity,Infinity,Infinity,Infinity,Infinity,Infinity,Infinity,Infinity,Infinity,Infinity,Infinity,Infinity,Infinity,Infinity,Infinity,Infinity,Infinity,Infinity,Infinity,Infinity,Infinity,Infinity,Infinity,Infinity,Infinity,Infinity,Infinity,Infinity,Infinity,Infinity,Infinity,Infinity,Infinity,Infinity,Infinity,Infinity,Infinity,Infinity,Infinity,Infinity,Infinity,Infinity,Infinity,Infinity,Infinity,Infinity,Infinity,Infinity,Infinity,Infinity,Infinity,Infinity,Infinity,Infinity,Infinity,Infinity,Infinity,Infinity,Infinity,Infinity,Infinity,Infinity,Infinity,Infinity,Infinity,Infinity,Infinity,Infinity,Infinity,Infinity,Infinity,Infinity,Infinity,Infinity,0.09083633979134695,0.06895446754180608,0.08466544571460849,0.14380137760330672,0.22501349515697916,0.3038941394741469,0.3527243872488758,0.3412964735673908,0.25885956914399827,0.18489840723694403,0.2255055792334515,0.39912485109316476,0.5818426583998288,0.6542276199232135,0.6785741865635428,0.8172749990310075,1.1242862328519307,1.420966541758421,1.5195254554255844,1.4901327889688416,1.5452944691804151,1.7810001384379994,2.0936723235635304,2.337346853106252,2.2780467133745304,1.6837593852708295,0.916903270834632,0.8249914625710201,1.7014322278891558,2.8167852295627087,3.489407412806937,3.665107260992508,3.445708798528487,3.0162838270336314,2.5964131013098277,2.3089501842306666,2.2059603865958715,2.2500795498990613,2.3160113754715477,2.3751973927774293,2.530088943851467,2.754309467861689,2.8040192501294516,2.5598376389056416,2.1574133560181865,1.7886161863274126,1.6961089838020758,2.0435653527076854,2.8514620955864607,3.956597481720273,4.957164365385452,5.3016775521649135,4.384783425199517,2.8915952272106074,2.3488056816258998,2.5320679140520843,2.53196973117778,2.8286756956406376,3.812188796386819,4.329471141403684,3.8154666971870492,3.0300508737307696,2.495575011372214,2.394325398047149,2.528369372584377,2.7444862347045396,3.3308261966358557,4.15161618304082,4.636403540711608,4.74163005666164,4.875768621905788,5.8690854041798755,7.2773723215234725,7.850814384935418,7.50896555720472,6.431251278789793,4.910875767217488,4.2702865205549925,5.064597697196644,6.071349416430972,6.358104703834888,5.713435015268404,4.7558429544807,3.922327879261059,3.451776353198403,3.3994124539675843,3.5684931030541605,3.749496246724713,3.752695434502783,3.3603672257811943,3.350975667377425,4.306801141998465,5.512084340932705,6.351822589468196,6.460364623937676,5.768749482885392,4.545883913557626,3.3143167801420104,2.6498685991639386,2.6027404626362687,2.5823688789389267,2.5159716078898957,2.3908880304355438,2.231116060636102,2.1618984518120192,2.3483043845034945,2.7916881205870703,3.0110145746681884,3.0255326305447205,3.354498315627956,3.7296327028310485,3.1872924126321935,3.0103405280050426,3.328065744862122,3.818208111033239,4.066169036533576,3.750015177012473,3.079717120588453,2.4970010810119563,2.1389398677506986,2.0545185689584424,1.4846568915505065,0.6651499183494423,0.5128826444972236,0.8197918434392498,1.152751339405515,2.483115973645216,3.355759466707519,3.342058106167957,3.606618707375007,3.807142295859137,3.6963002245302725,3.2942345367644696,2.6648626494893044,2.3296302351969307,2.195256904780304,2.344241173066345,2.0602616431436056,1.9320220886994215,1.9631221073794802,2.2479732602580595,2.2250039358304035,2.1633255275993655,1.9646049304138593,1.9365988410606818,2.3503700806423935,2.9532067882494384,3.083941530465775,2.5326642547351463,2.056851206926603,1.785166093146642,1.6185165744222316,1.9086532265651095,2.001478203287833,1.6718018934301788,1.2626679888031216,1.3624969798390902,1.5352222008440992,1.5056054534892362,1.3211586688821646] [0.0,0.0,0.0,0.0,0.0,0.0,0.0,0.0,0.0,0.0,0.0,0.0,0.0,0.0,0.0,0.0,0.0,0.0,0.0,0.0,0.0,0.0,0.0,0.0,0.0,0.0,0.0,0.0,0.0,0.0,0.0,0.0,0.0,0.0,0.0,0.0,0.0,0.0,0.0,0.0,0.0,0.0,0.0,0.0,0.0,0.0,0.0,0.0,0.0,0.0,0.0,0.0,0.0,0.0,0.0,0.0,0.0,0.0,0.0,0.0,0.0,0.0,0.0,0.0,0.0,0.0,0.0,0.0,0.0,0.0,0.0,0.0,0.0,0.0,0.0,0.0,0.0,0.0,0.0,0.0,0.0,0.0,0.0,0.0,0.0,0.0,0.0,0.0,0.0,0.0,0.0,0.0,0.0,0.0,0.0,0.0,0.0,0.0,0.0,0.0,0.0,0.0,0.0,0.0,0.0,0.0,0.0,0.0,0.0,0.0,0.0,0.0,0.0,0.0,0.0,0.0,0.0,0.0,0.0,0.0,0.0,0.0,0.0,0.0,0.0,0.0,0.0,0.0,0.0,0.0,0.0,0.0,0.0,0.0,0.0,0.0,0.0,0.0,0.0,0.0,0.08679632173333655,-0.03302975876531088,0.10193209647926015,-0.16081290761269404,-0.07068029189629552,-0.049537545901839806,-0.30006679438966705,0.1530814645685559,-0.060368670545424934,0.1414330201206403,0.09662785402557651,-0.11451814955667183,-0.3731422887017585,0.27739206055866095,0.5828564829708448,-0.3693578504089839,-1.9872258702458847,-2.277034062510062,-0.6079528910765362,1.8613188573056032,2.0108868716134216,4.114409502178139,-2.52777566920635,0.5871084799295281,1.2808133911857045,1.0506387645283184,-0.770968860590722,0.7915375008613875,-0.8220180856052527,-1.5711314906116498,2.3712663553110103,-3.4505920177409517,3.4593325967999027,-2.072752402734166,-4.872470790725083,1.6288185317719865,-1.2491872106262152,1.7166717856630502,0.8972006442385032,3.33759332960592,0.48393486875425235,-1.4896024289371779,1.0020719417990867,-1.722164327609375,-1.1881292093981703,-0.5743118425570599,1.6192790285782683,3.684499906612383,1.016372406347132,-6.676992437140822,4.4070588463361435,-5.726339579956566,-2.634662119190845,-1.874546996229466,4.6913398489501414,7.145837855298717,0.654712467801977,-3.4414845153970575,3.0534430534532215,-4.152488005862611,0.8122615750249033,-0.5334711605859834,2.3520105526128727,1.8963025680177161,-0.279024378603076,1.392511150769446,-1.1668495642053964,-4.484586758122634,-2.815141220613673,-7.647270397040569,1.85582702211922,-2.455376388519514,0.5771768078323616,3.888439316706958,4.204203902219301,-6.318808485129382,-0.2893085628570057,2.8091915198617357,6.149693246612498,-1.0174202482222403,5.370630261384806,11.077117199195316,-3.41369891434916,4.54722338355046,-0.2011583089214278,-1.1244704157553806,1.777296709594087,-5.750217893392853,-0.6770446544299623,-1.6590567417036046,0.16617894811630315,-3.7476350025200973,7.634672993831652,-5.416676714318258,-9.950926097628281,2.7737744853702937,-6.595992523849374,0.8254134946452273,-1.605736790462379,0.30310491289730374,3.5716955263018333,-0.5533979972663065,3.4984318998343644,-1.174726758265839,1.5825305358323851,-0.167091969243294,-2.129366658622435,-4.6207281279751875,0.6592744893980322,-2.329995989160625,-2.412895635640845,-3.8222688689286737,-3.5877877991754854,3.699855864236715,0.30860340188283975,-6.037979982590426,5.631840923777768,-2.153241772491254,1.1793454271491661,0.8858932504272865,1.5463185950526193,-1.2598095105240665,-0.5159734128594604,0.054388248204051484,-0.8489696277779353,-1.5619723081648778,-2.3804457917876585,-3.0658139262373303,-0.14723082027433104,-1.011679621811805,-1.543288264381159,0.9206384896547468,-1.1951991363590218,-1.6453071183523227,0.13117879935657473,0.8072887142240218,1.8454691430947037,-2.395193455752679,-1.7681427973640302,-1.839047367018362,0.21993565789583683,1.9915160995027292,-1.472896585834313,-2.9964324755959297,-0.0422712792699715,-3.4805522124692576,-0.04105225635472406,2.820037932160188,-0.47113092615690544,-1.2162851544225333,0.2672383689289978,1.1163342684580486,-1.0423048493205227,1.2341474710781792,-1.7240856712406625,0.3342634383178828,0.06222655839725665,0.6799755543944124,-2.224343137874741,0.9342377030903348]
56104.588900860756 [0.0,0.0,0.0,0.0,0.0,0.0,0.0,0.0,0.0,0.0,0.0,0.0,0.0,0.0,0.0,0.0,0.0,0.0,0.0,0.0,0.0,0.0,0.0,0.0,0.0,0.0,0.0,0.0,0.0,0.0,0.0,0.0,0.0,0.0,0.0,0.0,0.0,0.0,0.0,0.0,0.0,0.0,0.0,0.0,0.0,0.0,0.0,0.0,0.0,0.0,0.0,0.0,0.0,0.0,0.0,0.0,0.0,0.0,0.0,0.0,0.0,0.0,0.0,0.0,0.0,0.0,0.0,0.0,0.0,0.0,0.0,0.0,0.0,0.0,0.0,0.0,0.0,0.0,0.0,0.0,0.0,0.0,0.0,0.0,0.0,0.0,0.0,0.0,0.0,0.0,0.0,0.0,0.0,0.0,0.0,0.0,0.0,0.0,0.0,0.0,0.0,0.0,0.0,0.0,0.0,0.0,0.0,0.0,0.0,0.0,0.0,0.0,0.0,0.0,0.0,0.0,0.0,0.0,0.0,0.0,0.0,0.0,0.0,0.0,0.0,0.0,0.0,0.0,0.0,0.0,0.0,0.0,0.0,0.0,0.0,0.0,0.0,0.0,0.0,0.0,0.0,0.0,0.0,0.0,0.0,0.0,0.0,0.0,0.0,0.0,0.0,0.0,0.0,0.0,0.0,0.0,0.0,0.0,0.0,0.0,0.0,0.0,0.0,0.0,0.0,0.0,0.0,0.0,0.0,0.0,0.0,0.0,0.0,0.0,0.0,0.0,0.0,0.0,0.0,0.0,0.0,0.0,0.0,0.0,0.0,0.0,0.0,0.0,0.0,0.0,0.0,0.0,0.0,0.0,0.0,0.0,0.0,0.0,0.0,0.0,0.0,0.0,0.0,0.0,0.0,0.0,0.0,0.0,0.0,0.0,0.0,0.0,0.0,0.0,0.0,0.0,0.0,0.0,0.0,0.0,0.0,0.0,0.0,0.0,0.0,0.0,0.0,0.0,0.0,0.0,0.0,0.0,0.0,0.0,0.0,0.0,0.0,0.0,0.0,0.0,0.0,0.0,0.0,0.0,0.0,0.0,0.0,0.0,0.0,0.0,0.0,0.0,0.0,0.0,0.0,0.0,0.0,0.0,0.0,0.0,0.0,0.0,0.0,0.0,0.0,0.0,0.0,0.0,0.0,0.0,0.0,0.0,0.0,0.0,0.0,0.0,0.0,0.0,0.0,0.0,0.0,0.0,0.0,0.0,0.0,0.0,0.0,0.0,0.0,0.0,0.0,0.0,0.0,0.0,0.0,0.0,0.0,0.0,0.0,0.0] [1311.2619900786005,1321.8202200865917,1332.463464547639,1343.19240799478,1354.0077404728797,1364.9101575830227,1375.9003605272408,1386.9790561536227,1398.1469570017646,1409.4047813486081,1420.7532532546286,1432.193102610412,1443.7250651835902,1455.3498826661717,1467.068302722235,1478.881079036026,1490.78897136042,1502.7927455657994,1514.8931736892998,1527.0910339844697,1539.3871109713293,1551.7821954868166,1564.2770847356642,1576.872582341659,1589.569498399342,1602.368649526097,1615.270858914685,1628.2769563861766,1641.3877784433362,1654.6041683244075,1667.9269760573632,1681.3570585145608,1694.895279467867,1708.5425096441993,1722.2996267815402,1736.1675156853773,1750.1470682856248,1764.2391836939755,1778.4447682617345,1792.7647356381167,1807.2000068289992,1821.7515102561672,1836.4201818170154,1851.2069649447558,1866.112810669078,1881.1386776773347,1896.285532376183,1911.5543489537563,1926.9461094423048,1942.4618037813711,1958.1024298814455,1973.8689936881608,1989.7625092469793,2005.7839987684179,2021.9344926937952,2038.215029761504,2054.626657073813,2071.1704301642176,2087.8474130653335,2104.6586783773164,2121.605307336866,2138.6883898867477,2155.9090247459117,2173.268319480143,2190.767390573309,2208.407363499154,2226.1893727937027,2244.1145621282076,2262.184084382728,2280.399101720259,2298.7607856614945,2317.2703171601615,2335.9288866789793,2354.7376942662327,2373.6979496329395,2392.810872230673,2412.077691329971,2431.4996460994216,2451.0779856853383,2470.813969292122,2490.7088662632277,2510.763956162824,2530.9805288580706,2551.359884602096,2571.9033341176064,2592.612198681206,2613.487810208354,2634.5315113390543,2655.7446555241822,2677.1286071125573,2698.6847414386757,2720.4144449111714,2742.319115101994,2764.4001608362782,2786.6590022829737,2809.097071046162,2831.715810257159,2854.5166746673017,2877.5011307415425,2900.67065675274,2924.0267428767575,2947.570891288285,2971.304616257478,2995.22944424732,3019.346914011829,3043.658576695001,3068.1659959305807,3092.870747942638,3117.7744216469364,3142.87861875312,3168.1849538677375,3193.695054598094,3219.410561656912,3245.333128967883,3271.4644237720117,3297.806126734876,3324.3599320546946,3351.1275475713155,3378.1106948760344,3405.3111094223436,3432.7305406375262,3460.3707520352004,3488.23352132871,3516.320640545493,3544.6339161423107,3573.1751691214417,3601.9462351478164,3630.9489646670518,3660.1852230244945,3689.6568905851636,3719.3658628547196,3749.3140506013438,3779.5033799786634,3809.935792649603,3840.6132459112973,3871.5377128209448,3902.7111823227383,3934.135659375755,3965.8131650829396,3997.7457368210635,4029.9354283717907,4062.3843100537392,4095.0944688556665,4128.068008570669,4161.3070499315045,4194.813730746993,4228.590206039511,4262.638648183577,4296.961247045588,4331.560210124669,4366.437762694626,4401.596147947099,4437.037627135803,4472.764479721992,4508.779003521039,4545.083514850253,4581.680348677821,4618.571858773019,4655.7604178575675,4693.248417758249,4731.038269560753,4769.132403764733,4807.533270440121,4846.243339384716,4885.265100283049,4924.601062866471,4964.253757074609,5004.22573321805,5044.519562142395,5085.137835393579,5126.08316538458,5167.3581855634,5208.965550582488,5250.907936469426,5293.188040799074,5335.808582867062,5378.772303864684,5422.081967055189,5465.740357951513,5509.7502844954415,5554.1145772382,5598.836089522486,5643.917697666003,5689.362301146471,5735.17282278806,5781.352208949439,5827.903429713208,5874.829479076986,5922.133375145914,5969.818160326825,6017.886901523867,6066.342690335802,6115.188643254807,6164.427901866934,6214.06363305417,6264.099029198114,6314.537308385285,6365.381714614103,6416.635518003553,6468.302015003491,6520.384528606639,6572.88640856233,6625.811031591967,6679.16180160615,6732.942149923667,6787.155535492116,6841.805445110439,6896.895393653112,6952.428924296275,7008.409608745552,7064.841047465831,7121.726869912778,7179.070734766296,7236.876330165845,7295.147373947643,7353.887613883764,7413.100827923194,7472.790824434837,7532.961442452409,7593.616551921397,7654.7600539479145,7716.395881049652,7778.527997408752,7841.160399126823,7904.2971144818985,7967.94220418758,8032.099761654146,8096.773913251861,8161.968818576374,8227.688670716232,8293.937696522553,8360.720156880894,8428.04034698531,8495.90259661459,8564.311270410717,8633.270768159597,8702.785525074065,8772.860012079082,8843.498736099358,8914.706240349144,8986.487104624512,9058.845945597834,9131.787417114787,9205.31621049359,9279.437054826807,9354.154717285446,9429.47400342559,9505.399757497484,9581.936862757088,9659.090241780126,9736.864856778713,9815.265709920519,9894.297843650465,9973.966341015032,10054.276325989182,10135.232963805956,10216.841461288606,10299.107067185563,10382.035072507933,10465.630810869876,10549.89965883156,10634.84703624505,10720.478406602804,10806.799277389146,10893.815200434417,10981.531772272076,11069.954634498676,11159.08947413668,11248.94202400021,11339.518063063782,11430.823416834026,11522.863957724268,11615.64560543233,11709.174327321158,11803.456138802712,11898.49710372478,11994.303334761045,12090.880993804161,12188.23629236214,12286.375491957784,12385.304904531427,12485.030892846919,12585.55987090084,12686.898304334996,12789.052710852275,12892.029660635888,12995.8357767719,13100.477735675182,13205.962267518828,13312.296156667053,13419.486242111492,13527.539417911097,13636.462633635434,13746.262894811807,13856.947263375758,13968.522858125163,14080.996855178266,14194.376488435144,14308.66905004285,14423.881890864615] 0.31126199007860056 [Infinity,Infinity,Infinity,Infinity,Infinity,Infinity,Infinity,Infinity,Infinity,Infinity,Infinity,Infinity,Infinity,Infinity,Infinity,Infinity,Infinity,Infinity,Infinity,Infinity,Infinity,Infinity,Infinity,Infinity,Infinity,Infinity,Infinity,Infinity,Infinity,Infinity,Infinity,Infinity,Infinity,Infinity,Infinity,Infinity,Infinity,Infinity,Infinity,Infinity,Infinity,Infinity,Infinity,Infinity,Infinity,Infinity,Infinity,Infinity,Infinity,Infinity,Infinity,Infinity,Infinity,Infinity,Infinity,Infinity,Infinity,Infinity,Infinity,Infinity,Infinity,Infinity,Infinity,Infinity,Infinity,Infinity,Infinity,Infinity,Infinity,Infinity,Infinity,Infinity,Infinity,Infinity,Infinity,Infinity,Infinity,Infinity,Infinity,Infinity,Infinity,Infinity,Infinity,Infinity,Infinity,Infinity,Infinity,Infinity,Infinity,Infinity,Infinity,Infinity,Infinity,Infinity,Infinity,Infinity,Infinity,Infinity,Infinity,Infinity,Infinity,Infinity,Infinity,Infinity,Infinity,Infinity,Infinity,Infinity,Infinity,Infinity,Infinity,Infinity,Infinity,Infinity,Infinity,Infinity,Infinity,Infinity,Infinity,Infinity,Infinity,Infinity,Infinity,Infinity,Infinity,Infinity,Infinity,Infinity,Infinity,Infinity,Infinity,Infinity,Infinity,Infinity,Infinity,Infinity,Infinity,Infinity,Infinity,Infinity,Infinity,Infinity,Infinity,Infinity,Infinity,Infinity,Infinity,Infinity,Infinity,Infinity,Infinity,Infinity,Infinity,Infinity,Infinity,Infinity,Infinity,Infinity,Infinity,Infinity,Infinity,Infinity,Infinity,Infinity,Infinity,Infinity,Infinity,Infinity,Infinity,Infinity,Infinity,Infinity,Infinity,Infinity,Infinity,Infinity,Infinity,Infinity,Infinity,Infinity,Infinity,Infinity,Infinity,Infinity,Infinity,Infinity,Infinity,Infinity,Infinity,Infinity,Infinity,Infinity,Infinity,Infinity,Infinity,Infinity,Infinity,Infinity,Infinity,Infinity,Infinity,Infinity,Infinity,Infinity,Infinity,Infinity,Infinity,Infinity,Infinity,Infinity,Infinity,Infinity,Infinity,Infinity,Infinity,Infinity,Infinity,Infinity,Infinity,Infinity,Infinity,Infinity,Infinity,Infinity,Infinity,Infinity,Infinity,Infinity,Infinity,Infinity,Infinity,Infinity,Infinity,Infinity,Infinity,Infinity,Infinity,Infinity,Infinity,Infinity,Infinity,Infinity,Infinity,Infinity,Infinity,Infinity,Infinity,Infinity,Infinity,Infinity,Infinity,Infinity,Infinity,Infinity,Infinity,Infinity,Infinity,Infinity,Infinity,Infinity,Infinity,Infinity,Infinity,Infinity,Infinity,Infinity,Infinity,Infinity,Infinity,Infinity,Infinity,Infinity,Infinity,Infinity,Infinity,Infinity,Infinity,Infinity,Infinity,Infinity,Infinity,Infinity,Infinity,Infinity,Infinity,Infinity,Infinity,Infinity,Infinity,Infinity,Infinity,Infinity,Infinity,Infinity,Infinity,Infinity,Infinity,Infinity,Infinity,Infinity] [0.0,0.0,0.0,0.0,0.0,0.0,0.0,0.0,0.0,0.0,0.0,0.0,0.0,0.0,0.0,0.0,0.0,0.0,0.0,0.0,0.0,0.0,0.0,0.0,0.0,0.0,0.0,0.0,0.0,0.0,0.0,0.0,0.0,0.0,0.0,0.0,0.0,0.0,0.0,0.0,0.0,0.0,0.0,0.0,0.0,0.0,0.0,0.0,0.0,0.0,0.0,0.0,0.0,0.0,0.0,0.0,0.0,0.0,0.0,0.0,0.0,0.0,0.0,0.0,0.0,0.0,0.0,0.0,0.0,0.0,0.0,0.0,0.0,0.0,0.0,0.0,0.0,0.0,0.0,0.0,0.0,0.0,0.0,0.0,0.0,0.0,0.0,0.0,0.0,0.0,0.0,0.0,0.0,0.0,0.0,0.0,0.0,0.0,0.0,0.0,0.0,0.0,0.0,0.0,0.0,0.0,0.0,0.0,0.0,0.0,0.0,0.0,0.0,0.0,0.0,0.0,0.0,0.0,0.0,0.0,0.0,0.0,0.0,0.0,0.0,0.0,0.0,0.0,0.0,0.0,0.0,0.0,0.0,0.0,0.0,0.0,0.0,0.0,0.0,0.0,0.0,0.0,0.0,0.0,0.0,0.0,0.0,0.0,0.0,0.0,0.0,0.0,0.0,0.0,0.0,0.0,0.0,0.0,0.0,0.0,0.0,0.0,0.0,0.0,0.0,0.0,0.0,0.0,0.0,0.0,0.0,0.0,0.0,0.0,0.0,0.0,0.0,0.0,0.0,0.0,0.0,0.0,0.0,0.0,0.0,0.0,0.0,0.0,0.0,0.0,0.0,0.0,0.0,0.0,0.0,0.0,0.0,0.0,0.0,0.0,0.0,0.0,0.0,0.0,0.0,0.0,0.0,0.0,0.0,0.0,0.0,0.0,0.0,0.0,0.0,0.0,0.0,0.0,0.0,0.0,0.0,0.0,0.0,0.0,0.0,0.0,0.0,0.0,0.0,0.0,0.0,0.0,0.0,0.0,0.0,0.0,0.0,0.0,0.0,0.0,0.0,0.0,0.0,0.0,0.0,0.0,0.0,0.0,0.0,0.0,0.0,0.0,0.0,0.0,0.0,0.0,0.0,0.0,0.0,0.0,0.0,0.0,0.0,0.0,0.0,0.0,0.0,0.0,0.0,0.0,0.0,0.0,0.0,0.0,0.0,0.0,0.0,0.0,0.0,0.0,0.0,0.0,0.0,0.0,0.0,0.0,0.0,0.0,0.0,0.0,0.0,0.0,0.0,0.0,0.0,0.0,0.0,0.0,0.0,0.0]
56118.92661197026 [0.0,0.0,0.0,0.0,0.0,0.0,0.0,0.0,0.0,0.0,0.0,0.0,0.0,0.0,0.0,0.0,0.0,0.0,0.0,0.0,0.0,0.0,0.0,0.0,0.0,0.0,0.0,0.0,0.0,0.0,0.0,0.0,0.0,0.0,0.0,0.0,0.0,0.0,0.0,0.0,0.0,0.0,0.0,0.0,0.0,0.0,0.0,0.0,0.0,0.0,0.0,0.0,0.0,0.0,0.0,0.0,0.0,0.0,0.0,0.0,0.0,0.0,0.0,0.0,0.0,0.0,0.0,0.0,0.0,0.0,0.0,0.0,0.0,0.0,0.0,0.0,0.0,0.0,0.0,0.0,0.0,0.0,0.0,0.0,0.0,0.0,0.0,0.0,0.0,0.0,0.0,0.0,0.0,0.0,0.0,0.0,0.0,0.0,0.0,0.0,0.0,0.0,0.0,0.0,0.0,0.0,0.0,0.0,0.0,0.0,0.0,0.0,0.0,0.0,0.0,0.0,0.0,0.0,0.0,0.0,0.0,0.0,0.0,0.0,0.0,0.0,0.0,0.0,0.0,0.0,0.0,0.0,0.0,0.0,0.0,0.0,0.0,0.0,0.0,0.0,0.0,0.0,0.0,0.0,0.0,0.0,0.0,0.0,0.0,0.0,0.0,0.0,0.0,0.0,0.0,0.0,0.0,0.0,0.0,0.0,0.0,0.0,0.0,0.0,0.0,0.0,0.0,0.0,0.0,0.0,0.0,0.0,0.0,0.0,0.0,0.0,0.0,0.0,0.0,0.0,0.0,0.0,0.0,0.0,0.0,0.0,0.0,0.0,0.0,0.0,0.0,0.0,0.0,0.0,0.0,0.0,0.0,0.0,0.0,0.0,0.0,0.0,0.0,0.0,0.0,0.0,0.0,0.0,0.0,0.0,0.0,0.0,0.0,0.0,0.0,0.0,0.0,0.0,0.0,0.0,0.0,0.0,0.0,0.0,0.0,0.0,0.0,0.0,0.0,0.0,0.0,0.0,0.0,0.0,0.0,0.0,0.0,0.0,0.0,0.0,0.0,0.0,0.0,0.0,0.0,0.0,0.0,0.0,0.0,0.0,0.0,0.0,0.0,0.0,0.0,0.0,0.0,0.0,0.0,0.0,0.0,0.0,0.0,0.0,0.0,0.0,0.0,0.0,0.0,0.0,0.0,0.0,0.0,0.0,0.0,0.0,0.0,0.0,0.0,0.0,0.0,0.0,0.0,0.0,0.0,0.0,0.0,0.0,0.0,0.0,0.0,0.0,0.0,0.0,0.0,0.0,0.0,0.0,0.0,0.0] [1311.2619900786005,1321.8202200865917,1332.463464547639,1343.19240799478,1354.0077404728797,1364.9101575830227,1375.9003605272408,1386.9790561536227,1398.1469570017646,1409.4047813486081,1420.7532532546286,1432.193102610412,1443.7250651835902,1455.3498826661717,1467.068302722235,1478.881079036026,1490.78897136042,1502.7927455657994,1514.8931736892998,1527.0910339844697,1539.3871109713293,1551.7821954868166,1564.2770847356642,1576.872582341659,1589.569498399342,1602.368649526097,1615.270858914685,1628.2769563861766,1641.3877784433362,1654.6041683244075,1667.9269760573632,1681.3570585145608,1694.895279467867,1708.5425096441993,1722.2996267815402,1736.1675156853773,1750.1470682856248,1764.2391836939755,1778.4447682617345,1792.7647356381167,1807.2000068289992,1821.7515102561672,1836.4201818170154,1851.2069649447558,1866.112810669078,1881.1386776773347,1896.285532376183,1911.5543489537563,1926.9461094423048,1942.4618037813711,1958.1024298814455,1973.8689936881608,1989.7625092469793,2005.7839987684179,2021.9344926937952,2038.215029761504,2054.626657073813,2071.1704301642176,2087.8474130653335,2104.6586783773164,2121.605307336866,2138.6883898867477,2155.9090247459117,2173.268319480143,2190.767390573309,2208.407363499154,2226.1893727937027,2244.1145621282076,2262.184084382728,2280.399101720259,2298.7607856614945,2317.2703171601615,2335.9288866789793,2354.7376942662327,2373.6979496329395,2392.810872230673,2412.077691329971,2431.4996460994216,2451.0779856853383,2470.813969292122,2490.7088662632277,2510.763956162824,2530.9805288580706,2551.359884602096,2571.9033341176064,2592.612198681206,2613.487810208354,2634.5315113390543,2655.7446555241822,2677.1286071125573,2698.6847414386757,2720.4144449111714,2742.319115101994,2764.4001608362782,2786.6590022829737,2809.097071046162,2831.715810257159,2854.5166746673017,2877.5011307415425,2900.67065675274,2924.0267428767575,2947.570891288285,2971.304616257478,2995.22944424732,3019.346914011829,3043.658576695001,3068.1659959305807,3092.870747942638,3117.7744216469364,3142.87861875312,3168.1849538677375,3193.695054598094,3219.410561656912,3245.333128967883,3271.4644237720117,3297.806126734876,3324.3599320546946,3351.1275475713155,3378.1106948760344,3405.3111094223436,3432.7305406375262,3460.3707520352004,3488.23352132871,3516.320640545493,3544.6339161423107,3573.1751691214417,3601.9462351478164,3630.9489646670518,3660.1852230244945,3689.6568905851636,3719.3658628547196,3749.3140506013438,3779.5033799786634,3809.935792649603,3840.6132459112973,3871.5377128209448,3902.7111823227383,3934.135659375755,3965.8131650829396,3997.7457368210635,4029.9354283717907,4062.3843100537392,4095.0944688556665,4128.068008570669,4161.3070499315045,4194.813730746993,4228.590206039511,4262.638648183577,4296.961247045588,4331.560210124669,4366.437762694626,4401.596147947099,4437.037627135803,4472.764479721992,4508.779003521039,4545.083514850253,4581.680348677821,4618.571858773019,4655.7604178575675,4693.248417758249,4731.038269560753,4769.132403764733,4807.533270440121,4846.243339384716,4885.265100283049,4924.601062866471,4964.253757074609,5004.22573321805,5044.519562142395,5085.137835393579,5126.08316538458,5167.3581855634,5208.965550582488,5250.907936469426,5293.188040799074,5335.808582867062,5378.772303864684,5422.081967055189,5465.740357951513,5509.7502844954415,5554.1145772382,5598.836089522486,5643.917697666003,5689.362301146471,5735.17282278806,5781.352208949439,5827.903429713208,5874.829479076986,5922.133375145914,5969.818160326825,6017.886901523867,6066.342690335802,6115.188643254807,6164.427901866934,6214.06363305417,6264.099029198114,6314.537308385285,6365.381714614103,6416.635518003553,6468.302015003491,6520.384528606639,6572.88640856233,6625.811031591967,6679.16180160615,6732.942149923667,6787.155535492116,6841.805445110439,6896.895393653112,6952.428924296275,7008.409608745552,7064.841047465831,7121.726869912778,7179.070734766296,7236.876330165845,7295.147373947643,7353.887613883764,7413.100827923194,7472.790824434837,7532.961442452409,7593.616551921397,7654.7600539479145,7716.395881049652,7778.527997408752,7841.160399126823,7904.2971144818985,7967.94220418758,8032.099761654146,8096.773913251861,8161.968818576374,8227.688670716232,8293.937696522553,8360.720156880894,8428.04034698531,8495.90259661459,8564.311270410717,8633.270768159597,8702.785525074065,8772.860012079082,8843.498736099358,8914.706240349144,8986.487104624512,9058.845945597834,9131.787417114787,9205.31621049359,9279.437054826807,9354.154717285446,9429.47400342559,9505.399757497484,9581.936862757088,9659.090241780126,9736.864856778713,9815.265709920519,9894.297843650465,9973.966341015032,10054.276325989182,10135.232963805956,10216.841461288606,10299.107067185563,10382.035072507933,10465.630810869876,10549.89965883156,10634.84703624505,10720.478406602804,10806.799277389146,10893.815200434417,10981.531772272076,11069.954634498676,11159.08947413668,11248.94202400021,11339.518063063782,11430.823416834026,11522.863957724268,11615.64560543233,11709.174327321158,11803.456138802712,11898.49710372478,11994.303334761045,12090.880993804161,12188.23629236214,12286.375491957784,12385.304904531427,12485.030892846919,12585.55987090084,12686.898304334996,12789.052710852275,12892.029660635888,12995.8357767719,13100.477735675182,13205.962267518828,13312.296156667053,13419.486242111492,13527.539417911097,13636.462633635434,13746.262894811807,13856.947263375758,13968.522858125163,14080.996855178266,14194.376488435144,14308.66905004285,14423.881890864615] 0.31126199007860056 [Infinity,Infinity,Infinity,Infinity,Infinity,Infinity,Infinity,Infinity,Infinity,Infinity,Infinity,Infinity,Infinity,Infinity,Infinity,Infinity,Infinity,Infinity,Infinity,Infinity,Infinity,Infinity,Infinity,Infinity,Infinity,Infinity,Infinity,Infinity,Infinity,Infinity,Infinity,Infinity,Infinity,Infinity,Infinity,Infinity,Infinity,Infinity,Infinity,Infinity,Infinity,Infinity,Infinity,Infinity,Infinity,Infinity,Infinity,Infinity,Infinity,Infinity,Infinity,Infinity,Infinity,Infinity,Infinity,Infinity,Infinity,Infinity,Infinity,Infinity,Infinity,Infinity,Infinity,Infinity,Infinity,Infinity,Infinity,Infinity,Infinity,Infinity,Infinity,Infinity,Infinity,Infinity,Infinity,Infinity,Infinity,Infinity,Infinity,Infinity,Infinity,Infinity,Infinity,Infinity,Infinity,Infinity,Infinity,Infinity,Infinity,Infinity,Infinity,Infinity,Infinity,Infinity,Infinity,Infinity,Infinity,Infinity,Infinity,Infinity,Infinity,Infinity,Infinity,Infinity,Infinity,Infinity,Infinity,Infinity,Infinity,Infinity,Infinity,Infinity,Infinity,Infinity,Infinity,Infinity,Infinity,Infinity,Infinity,Infinity,Infinity,Infinity,Infinity,Infinity,Infinity,Infinity,Infinity,Infinity,Infinity,Infinity,Infinity,Infinity,Infinity,Infinity,Infinity,Infinity,Infinity,Infinity,Infinity,Infinity,Infinity,Infinity,Infinity,Infinity,Infinity,Infinity,Infinity,Infinity,Infinity,Infinity,Infinity,Infinity,Infinity,Infinity,Infinity,Infinity,Infinity,Infinity,Infinity,Infinity,Infinity,Infinity,Infinity,Infinity,Infinity,Infinity,Infinity,Infinity,Infinity,Infinity,Infinity,Infinity,Infinity,Infinity,Infinity,Infinity,Infinity,Infinity,Infinity,Infinity,Infinity,Infinity,Infinity,Infinity,Infinity,Infinity,Infinity,Infinity,Infinity,Infinity,Infinity,Infinity,Infinity,Infinity,Infinity,Infinity,Infinity,Infinity,Infinity,Infinity,Infinity,Infinity,Infinity,Infinity,Infinity,Infinity,Infinity,Infinity,Infinity,Infinity,Infinity,Infinity,Infinity,Infinity,Infinity,Infinity,Infinity,Infinity,Infinity,Infinity,Infinity,Infinity,Infinity,Infinity,Infinity,Infinity,Infinity,Infinity,Infinity,Infinity,Infinity,Infinity,Infinity,Infinity,Infinity,Infinity,Infinity,Infinity,Infinity,Infinity,Infinity,Infinity,Infinity,Infinity,Infinity,Infinity,Infinity,Infinity,Infinity,Infinity,Infinity,Infinity,Infinity,Infinity,Infinity,Infinity,Infinity,Infinity,Infinity,Infinity,Infinity,Infinity,Infinity,Infinity,Infinity,Infinity,Infinity,Infinity,Infinity,Infinity,Infinity,Infinity,Infinity,Infinity,Infinity,Infinity,Infinity,Infinity,Infinity,Infinity,Infinity,Infinity,Infinity,Infinity,Infinity,Infinity,Infinity,Infinity,Infinity,Infinity,Infinity,Infinity,Infinity,Infinity,Infinity,Infinity,Infinity,Infinity,Infinity,Infinity] [0.0,0.0,0.0,0.0,0.0,0.0,0.0,0.0,0.0,0.0,0.0,0.0,0.0,0.0,0.0,0.0,0.0,0.0,0.0,0.0,0.0,0.0,0.0,0.0,0.0,0.0,0.0,0.0,0.0,0.0,0.0,0.0,0.0,0.0,0.0,0.0,0.0,0.0,0.0,0.0,0.0,0.0,0.0,0.0,0.0,0.0,0.0,0.0,0.0,0.0,0.0,0.0,0.0,0.0,0.0,0.0,0.0,0.0,0.0,0.0,0.0,0.0,0.0,0.0,0.0,0.0,0.0,0.0,0.0,0.0,0.0,0.0,0.0,0.0,0.0,0.0,0.0,0.0,0.0,0.0,0.0,0.0,0.0,0.0,0.0,0.0,0.0,0.0,0.0,0.0,0.0,0.0,0.0,0.0,0.0,0.0,0.0,0.0,0.0,0.0,0.0,0.0,0.0,0.0,0.0,0.0,0.0,0.0,0.0,0.0,0.0,0.0,0.0,0.0,0.0,0.0,0.0,0.0,0.0,0.0,0.0,0.0,0.0,0.0,0.0,0.0,0.0,0.0,0.0,0.0,0.0,0.0,0.0,0.0,0.0,0.0,0.0,0.0,0.0,0.0,0.0,0.0,0.0,0.0,0.0,0.0,0.0,0.0,0.0,0.0,0.0,0.0,0.0,0.0,0.0,0.0,0.0,0.0,0.0,0.0,0.0,0.0,0.0,0.0,0.0,0.0,0.0,0.0,0.0,0.0,0.0,0.0,0.0,0.0,0.0,0.0,0.0,0.0,0.0,0.0,0.0,0.0,0.0,0.0,0.0,0.0,0.0,0.0,0.0,0.0,0.0,0.0,0.0,0.0,0.0,0.0,0.0,0.0,0.0,0.0,0.0,0.0,0.0,0.0,0.0,0.0,0.0,0.0,0.0,0.0,0.0,0.0,0.0,0.0,0.0,0.0,0.0,0.0,0.0,0.0,0.0,0.0,0.0,0.0,0.0,0.0,0.0,0.0,0.0,0.0,0.0,0.0,0.0,0.0,0.0,0.0,0.0,0.0,0.0,0.0,0.0,0.0,0.0,0.0,0.0,0.0,0.0,0.0,0.0,0.0,0.0,0.0,0.0,0.0,0.0,0.0,0.0,0.0,0.0,0.0,0.0,0.0,0.0,0.0,0.0,0.0,0.0,0.0,0.0,0.0,0.0,0.0,0.0,0.0,0.0,0.0,0.0,0.0,0.0,0.0,0.0,0.0,0.0,0.0,0.0,0.0,0.0,0.0,0.0,0.0,0.0,0.0,0.0,0.0,0.0,0.0,0.0,0.0,0.0,0.0]
56295.05333848866 [0.0,0.0,0.0,0.0,0.0,0.0,0.0,0.0,0.0,0.0,0.0,0.0,0.0,0.0,0.0,0.0,0.0,0.0,0.0,0.0,0.0,0.0,0.0,0.0,0.0,0.0,0.0,0.0,0.0,0.0,0.0,0.0,0.0,0.0,0.0,0.0,0.0,0.0,0.0,0.0,0.0,0.0,0.0,0.0,0.0,0.0,0.0,0.0,0.0,0.0,0.0,0.0,0.0,0.0,0.0,0.0,0.0,0.0,0.0,0.0,0.0,0.0,0.0,0.0,0.0,0.0,0.0,0.0,0.0,0.0,0.0,0.0,0.0,0.0,0.0,0.0,0.0,0.0,0.0,0.0,0.0,0.0,0.0,0.0,0.0,0.0,0.0,0.0,0.0,0.0,0.0,0.0,0.0,0.0,0.0,0.0,0.0,0.0,0.0,0.0,0.0,0.0,0.0,0.0,0.0,0.0,0.0,0.0,0.0,0.0,0.0,0.0,0.0,0.0,0.0,0.0,0.0,0.0,0.0,0.0,0.0,0.0,0.0,0.0,0.0,0.0,0.0,0.0,0.0,0.0,0.0,0.0,0.0,0.0,0.0,0.0,0.0,0.0,0.0,0.0,1.6071031540230385,1.1345984378069864,1.2918520847434,2.302437154357629,3.7970220256026503,5.019120810825718,6.908010599619231,6.252803899902942,4.575933796268266,2.775615259626203,4.011827223949929,7.143772566921257,12.071903934979401,14.12548749830327,16.181633750741714,18.52810645167245,23.014811002786722,27.5753982265183,30.411585367149023,30.508309335388233,32.4313138799302,36.560610389004445,40.68170388882196,41.81968634699015,39.417809935085145,26.582872162298866,15.173551983637902,15.86394903326567,32.625534616194294,49.69374943055171,65.65387272255413,64.93990600969683,61.08053796987826,56.5922298342568,55.37851822180601,49.62311897548841,38.3827261788016,39.57540310267466,41.3953820230057,45.08159740439043,47.47852638149911,52.441523091644996,54.23960554759447,53.18953647786232,43.0562818965034,32.841945361088456,32.217363315168555,34.72992488034051,51.71158406305922,80.31270360751944,98.64846392009065,114.41381522896822,90.36043392240839,51.69093432310777,46.16523250009475,48.875561910838,49.3303653066787,54.26998789651981,68.81349263588352,77.618700907476,73.57593778167353,52.5469532841598,42.60319223050372,41.96758777719625,45.66410660433919,46.143703558409385,62.645824084747005,73.2149379877995,87.37970679988267,84.2173773058256,90.26324376088695,110.855566656511,125.15426298563611,144.07980744524343,138.34956884891054,119.22009478957742,82.23200183767797,74.15445312989851,85.79031863188098,103.67704597079162,119.9590182882829,101.61921755495663,87.13973970986997,76.55130663289769,60.9460175553426,66.20326169444053,61.476536552677615,67.57602332858069,72.1424965258688,58.31970375261302,59.166348004583824,72.68887636301439,98.62982321441818,119.13354725577642,112.84951374528298,103.3008622792024,79.27304247670506,57.4343614814174,44.701321239413964,44.16428788599199,47.029079675679526,43.07878684665472,39.43641761818484,36.50025402295833,37.80047811542057,40.34523866151105,48.09810355395863,55.914456836279776,53.0399706840796,58.24540359539788,67.75722398864293,58.58910613446158,47.0609305168939,59.40612944302005,61.04174132750949,77.74283430143487,66.40203799064487,52.896021445363466,47.26447930922315,36.43560173390808,30.78466185515647,29.986210208415862,13.279070045286687,7.2887512788695,12.07534701956925,17.570916188372227,40.305516913898124,52.397349500707406,61.75502469542603,66.89251678825913,69.09347208990599,71.14141297917169,60.06298127024562,48.98978087051038,42.6122349116154,40.729117724829294,44.73434176806665,36.56391953871295,38.96548988291427,33.10651241791715,39.586158200818964,43.47296676711409,38.40751510322992,38.30440766471192,37.435075129788416,41.68072098283126,53.8196716939555,58.12040072732251,46.56903958352197,37.71484043551134,32.1324422953572,26.947845069051642,31.79995378537309,36.60923353168255,30.562769093392543,24.11905440053344,27.55006723452739,30.451023237420607,30.00862589337316,25.053256349079] [1311.2619900786005,1321.8202200865917,1332.463464547639,1343.19240799478,1354.0077404728797,1364.9101575830227,1375.9003605272408,1386.9790561536227,1398.1469570017646,1409.4047813486081,1420.7532532546286,1432.193102610412,1443.7250651835902,1455.3498826661717,1467.068302722235,1478.881079036026,1490.78897136042,1502.7927455657994,1514.8931736892998,1527.0910339844697,1539.3871109713293,1551.7821954868166,1564.2770847356642,1576.872582341659,1589.569498399342,1602.368649526097,1615.270858914685,1628.2769563861766,1641.3877784433362,1654.6041683244075,1667.9269760573632,1681.3570585145608,1694.895279467867,1708.5425096441993,1722.2996267815402,1736.1675156853773,1750.1470682856248,1764.2391836939755,1778.4447682617345,1792.7647356381167,1807.2000068289992,1821.7515102561672,1836.4201818170154,1851.2069649447558,1866.112810669078,1881.1386776773347,1896.285532376183,1911.5543489537563,1926.9461094423048,1942.4618037813711,1958.1024298814455,1973.8689936881608,1989.7625092469793,2005.7839987684179,2021.9344926937952,2038.215029761504,2054.626657073813,2071.1704301642176,2087.8474130653335,2104.6586783773164,2121.605307336866,2138.6883898867477,2155.9090247459117,2173.268319480143,2190.767390573309,2208.407363499154,2226.1893727937027,2244.1145621282076,2262.184084382728,2280.399101720259,2298.7607856614945,2317.2703171601615,2335.9288866789793,2354.7376942662327,2373.6979496329395,2392.810872230673,2412.077691329971,2431.4996460994216,2451.0779856853383,2470.813969292122,2490.7088662632277,2510.763956162824,2530.9805288580706,2551.359884602096,2571.9033341176064,2592.612198681206,2613.487810208354,2634.5315113390543,2655.7446555241822,2677.1286071125573,2698.6847414386757,2720.4144449111714,2742.319115101994,2764.4001608362782,2786.6590022829737,2809.097071046162,2831.715810257159,2854.5166746673017,2877.5011307415425,2900.67065675274,2924.0267428767575,2947.570891288285,2971.304616257478,2995.22944424732,3019.346914011829,3043.658576695001,3068.1659959305807,3092.870747942638,3117.7744216469364,3142.87861875312,3168.1849538677375,3193.695054598094,3219.410561656912,3245.333128967883,3271.4644237720117,3297.806126734876,3324.3599320546946,3351.1275475713155,3378.1106948760344,3405.3111094223436,3432.7305406375262,3460.3707520352004,3488.23352132871,3516.320640545493,3544.6339161423107,3573.1751691214417,3601.9462351478164,3630.9489646670518,3660.1852230244945,3689.6568905851636,3719.3658628547196,3749.3140506013438,3779.5033799786634,3809.935792649603,3840.6132459112973,3871.5377128209448,3902.7111823227383,3934.135659375755,3965.8131650829396,3997.7457368210635,4029.9354283717907,4062.3843100537392,4095.0944688556665,4128.068008570669,4161.3070499315045,4194.813730746993,4228.590206039511,4262.638648183577,4296.961247045588,4331.560210124669,4366.437762694626,4401.596147947099,4437.037627135803,4472.764479721992,4508.779003521039,4545.083514850253,4581.680348677821,4618.571858773019,4655.7604178575675,4693.248417758249,4731.038269560753,4769.132403764733,4807.533270440121,4846.243339384716,4885.265100283049,4924.601062866471,4964.253757074609,5004.22573321805,5044.519562142395,5085.137835393579,5126.08316538458,5167.3581855634,5208.965550582488,5250.907936469426,5293.188040799074,5335.808582867062,5378.772303864684,5422.081967055189,5465.740357951513,5509.7502844954415,5554.1145772382,5598.836089522486,5643.917697666003,5689.362301146471,5735.17282278806,5781.352208949439,5827.903429713208,5874.829479076986,5922.133375145914,5969.818160326825,6017.886901523867,6066.342690335802,6115.188643254807,6164.427901866934,6214.06363305417,6264.099029198114,6314.537308385285,6365.381714614103,6416.635518003553,6468.302015003491,6520.384528606639,6572.88640856233,6625.811031591967,6679.16180160615,6732.942149923667,6787.155535492116,6841.805445110439,6896.895393653112,6952.428924296275,7008.409608745552,7064.841047465831,7121.726869912778,7179.070734766296,7236.876330165845,7295.147373947643,7353.887613883764,7413.100827923194,7472.790824434837,7532.961442452409,7593.616551921397,7654.7600539479145,7716.395881049652,7778.527997408752,7841.160399126823,7904.2971144818985,7967.94220418758,8032.099761654146,8096.773913251861,8161.968818576374,8227.688670716232,8293.937696522553,8360.720156880894,8428.04034698531,8495.90259661459,8564.311270410717,8633.270768159597,8702.785525074065,8772.860012079082,8843.498736099358,8914.706240349144,8986.487104624512,9058.845945597834,9131.787417114787,9205.31621049359,9279.437054826807,9354.154717285446,9429.47400342559,9505.399757497484,9581.936862757088,9659.090241780126,9736.864856778713,9815.265709920519,9894.297843650465,9973.966341015032,10054.276325989182,10135.232963805956,10216.841461288606,10299.107067185563,10382.035072507933,10465.630810869876,10549.89965883156,10634.84703624505,10720.478406602804,10806.799277389146,10893.815200434417,10981.531772272076,11069.954634498676,11159.08947413668,11248.94202400021,11339.518063063782,11430.823416834026,11522.863957724268,11615.64560543233,11709.174327321158,11803.456138802712,11898.49710372478,11994.303334761045,12090.880993804161,12188.23629236214,12286.375491957784,12385.304904531427,12485.030892846919,12585.55987090084,12686.898304334996,12789.052710852275,12892.029660635888,12995.8357767719,13100.477735675182,13205.962267518828,13312.296156667053,13419.486242111492,13527.539417911097,13636.462633635434,13746.262894811807,13856.947263375758,13968.522858125163,14080.996855178266,14194.376488435144,14308.66905004285,14423.881890864615] 0.31126199007860056 [Infinity,Infinity,Infinity,Infinity,Infinity,Infinity,Infinity,Infinity,Infinity,Infinity,Infinity,Infinity,Infinity,Infinity,Infinity,Infinity,Infinity,Infinity,Infinity,Infinity,Infinity,Infinity,Infinity,Infinity,Infinity,Infinity,Infinity,Infinity,Infinity,Infinity,Infinity,Infinity,Infinity,Infinity,Infinity,Infinity,Infinity,Infinity,Infinity,Infinity,Infinity,Infinity,Infinity,Infinity,Infinity,Infinity,Infinity,Infinity,Infinity,Infinity,Infinity,Infinity,Infinity,Infinity,Infinity,Infinity,Infinity,Infinity,Infinity,Infinity,Infinity,Infinity,Infinity,Infinity,Infinity,Infinity,Infinity,Infinity,Infinity,Infinity,Infinity,Infinity,Infinity,Infinity,Infinity,Infinity,Infinity,Infinity,Infinity,Infinity,Infinity,Infinity,Infinity,Infinity,Infinity,Infinity,Infinity,Infinity,Infinity,Infinity,Infinity,Infinity,Infinity,Infinity,Infinity,Infinity,Infinity,Infinity,Infinity,Infinity,Infinity,Infinity,Infinity,Infinity,Infinity,Infinity,Infinity,Infinity,Infinity,Infinity,Infinity,Infinity,Infinity,Infinity,Infinity,Infinity,Infinity,Infinity,Infinity,Infinity,Infinity,Infinity,Infinity,Infinity,Infinity,Infinity,Infinity,Infinity,Infinity,Infinity,Infinity,Infinity,Infinity,Infinity,Infinity,Infinity,Infinity,Infinity,Infinity,Infinity,0.07964106917989823,0.05709038078821434,0.06713261967137683,0.11645462153257118,0.18985957757951805,0.2689147091526802,0.32308738820483873,0.31337177284598183,0.22296657645635562,0.1394513701260845,0.1811725151883498,0.3734057605061464,0.5900066076481589,0.7062877184008332,0.7622941727677943,0.8883408635805059,1.1347668824623427,1.3795560168056589,1.492313613814123,1.515935083483503,1.5887138551852886,1.7644589204863768,1.952879907290407,2.0402566471911,1.8863188506140633,1.365221136510794,0.778340716742778,0.7755930153222137,1.5600507103093935,2.513339934520884,3.0738826737955445,3.2524705282308894,3.183177521129603,2.9338733116561526,2.553148869588239,2.182239334466747,2.020720177572169,2.0750677918828084,2.1565780768611913,2.211915458554729,2.3757772779328894,2.6331645657979066,2.7119764440827323,2.475083427622075,2.0651609457374835,1.6790340209171588,1.556349087576852,1.8541764175482893,2.583025314408309,3.6136611826474754,4.634392701031122,5.081594050257911,4.227924435220125,2.732128816157324,2.171219902853939,2.339261033056545,2.3271064070319993,2.614598915593592,3.5904835953502583,4.098361568528944,3.574285449346757,2.7863276203542147,2.2591483097127987,2.1697364693668293,2.300794087402024,2.4802147210947174,2.9933763441836585,3.73788868543699,4.206722497919701,4.383599495492783,4.5569084411605445,5.188467519147437,6.214288844694337,7.067381055774604,6.988415759605273,5.835313771538524,4.365519624223931,3.699242465313928,4.304437166652243,5.387229725919854,5.840898252148397,5.244694402260229,4.373487174370867,3.5909517090679492,3.093231781569739,3.0554914065517167,3.2592150354554326,3.4631866556125743,3.473003212117012,3.0367895159405514,2.926050732287808,3.751269045915758,4.8561446780880235,5.705699282169881,5.8525239828889015,5.158339918974098,4.031354864644493,2.8602606222195033,2.2508830494965917,2.264493966227241,2.1674665358290115,2.2042905728356024,2.1406285100857816,1.940640363039125,1.9106493431364329,2.079764597311587,2.4525336622043397,2.677186376201069,2.6615137471800185,2.8592154626830855,3.2469709791987094,2.895488362180555,2.579860918755993,2.816877899239258,3.297346205703942,3.6210578981782526,3.4669452441138113,2.8374453905576487,2.230413256001514,1.8671002582463874,1.6516406508110646,1.3426692831015483,0.621861682650363,0.3727312494723413,0.6652968891240846,0.9001845121879469,2.00645409104445,2.8606723931198395,2.962036991533857,3.136484289099381,3.2993879236590984,3.3784089437213884,3.0285541173499024,2.490299695213894,2.1450754728431933,1.9895394803496476,2.152755558277071,1.8565457902063993,1.8253387853329959,1.7265998874329054,1.9940904744562704,2.134198914853362,2.048376271875921,1.7768493103588932,1.6795537837750367,2.0400384811483665,2.665760547259579,2.788543743610201,2.336314370452918,1.8813443610146297,1.5874342296269293,1.40261496303607,1.64645716474154,1.7588253424464981,1.5118284873492684,1.2311509896399586,1.3269815719519293,1.5162988820376229,1.439493288104643,1.2794002810540772] [0.0,0.0,0.0,0.0,0.0,0.0,0.0,0.0,0.0,0.0,0.0,0.0,0.0,0.0,0.0,0.0,0.0,0.0,0.0,0.0,0.0,0.0,0.0,0.0,0.0,0.0,0.0,0.0,0.0,0.0,0.0,0.0,0.0,0.0,0.0,0.0,0.0,0.0,0.0,0.0,0.0,0.0,0.0,0.0,0.0,0.0,0.0,0.0,0.0,0.0,0.0,0.0,0.0,0.0,0.0,0.0,0.0,0.0,0.0,0.0,0.0,0.0,0.0,0.0,0.0,0.0,0.0,0.0,0.0,0.0,0.0,0.0,0.0,0.0,0.0,0.0,0.0,0.0,0.0,0.0,0.0,0.0,0.0,0.0,0.0,0.0,0.0,0.0,0.0,0.0,0.0,0.0,0.0,0.0,0.0,0.0,0.0,0.0,0.0,0.0,0.0,0.0,0.0,0.0,0.0,0.0,0.0,0.0,0.0,0.0,0.0,0.0,0.0,0.0,0.0,0.0,0.0,0.0,0.0,0.0,0.0,0.0,0.0,0.0,0.0,0.0,0.0,0.0,0.0,0.0,0.0,0.0,0.0,0.0,0.0,0.0,0.0,0.0,0.0,0.0,0.014281770425073887,-0.007209177957300331,-0.050800308684136666,-0.026655276293794473,-0.00016952598771015806,-0.3591733722278864,0.4462628355224558,-0.014631557016694626,0.11660226714115336,-0.013412142895487261,0.3883769201829333,-0.3243426432016709,0.2717717820162224,-0.000266869713392195,0.9357502953858252,0.7612891800623325,0.31947335353986844,-0.01572210959487969,0.5653130908665592,0.18960766571817428,0.6570367762244312,1.2714319792769113,1.6241057430138115,1.0145534031681527,1.6914329228038758,-0.7215505679170127,-0.39326235121765973,0.3520887268213944,1.4245204100064244,-0.5730492598659687,4.176219246643233,-0.10950455492095555,-2.5830124527138123,-2.085236398866253,4.315540830041232,5.978332286153478,-2.0316773726417825,-1.9259527349815044,-1.7361795142181222,0.8432882332958416,-0.037019177158685905,-0.22176822431313878,7.666593982005357e-05,3.6878679254208246,1.7530629817537315,-0.738735057254725,1.0903815636315162,-2.353603470625274,0.051077774893044374,8.039479954569924,5.960609899468214,12.781934223810005,5.801945218005894,-2.951642000038711,2.7408344430159746,2.0903412497071003,2.7882371660387144,1.9780095846479666,-2.996179271121644,-4.348530463102879,2.09022879473839,-3.1795991229244898,-2.579773963752253,-1.42714161014033,-0.35177514370128754,-3.460590863484968,2.7782972010738325,-1.5428357209402979,3.2452568414886436,-3.454612604030054,-0.8749250623239355,7.086216273562259,0.8684860917493636,2.732186329751364,-1.418746343194936,2.513819358806936,-5.078390646800651,0.16960382361995452,-0.29842470116388026,-4.0675485476054405,3.1410532453149465,-3.2746704902479356,-0.33000377754736576,4.732272451538704,-0.9186180760521798,5.093433563406196,-3.7077641564310397,-1.6877097836707973,2.6824322835285526,-2.416086566198007,0.6453333588276576,-2.3365045553007744,1.5069296526577074,5.01956161237879,-4.200965912495048,0.13406389972043292,-1.3540548161848023,0.2291490370273327,-0.316339750517866,-1.12559143855284,3.679748959099296,-1.0070246100573257,-3.376152583530788,-2.31255323782417,-0.4125087473080877,-1.2500532847206831,-0.9525696901281654,2.3707293122583963,-0.19030425952077262,1.0610943417361702,2.8178044046687494,0.6793388908504722,-4.536287858225967,3.068571458234885,-4.905182786569346,5.321676337869824,-2.9368668916313605,-3.8528863657895087,2.656214189192868,-0.9064034310196668,-2.248151161064819,3.132824546384894,0.841836392279427,-0.16587371057732594,-1.230590762912441,-0.432774055386712,0.17643509300912383,-4.816098361689386,2.5142848647488893,4.162831006271506,3.105713616724018,3.5732341047439182,-0.5081010767524258,-0.8162130337674988,-0.28927454524845814,0.9383281178363397,1.6792306025252226,-0.5669962654150337,2.4587141762543507,-1.4254853307409532,-0.2956512883064473,0.7889884700468466,-2.560010334288509,2.7674214575340534,3.8439994542876845,0.8799513598639318,0.5044607487639193,2.349525855118489,-0.1572478255363904,0.08795321521874731,0.3837577028186134,-1.1044541916697599,-1.12918950945771,1.4327266827525842,0.32619934640717746,-0.5039653922657348,1.0104357954888046,0.12504559666814632,1.218760131280301,-0.5347492720025443]
56117.386057088755 [0.0,0.0,0.0,0.0,0.0,0.0,0.0,0.0,0.0,0.0,0.0,0.0,0.0,0.0,0.0,0.0,0.0,0.0,0.0,0.0,0.0,0.0,0.0,0.0,0.0,0.0,0.0,0.0,0.0,0.0,0.0,0.0,0.0,0.0,0.0,0.0,0.0,0.0,0.0,0.0,0.0,0.0,0.0,0.0,0.0,0.0,0.0,0.0,0.0,0.0,0.0,0.0,0.0,0.0,0.0,0.0,0.0,0.0,0.0,0.0,0.0,0.0,0.0,0.0,0.0,0.0,0.0,0.0,0.0,0.0,0.0,0.0,0.0,0.0,0.0,0.0,0.0,0.0,0.0,0.0,0.0,0.0,0.0,0.0,0.0,0.0,0.0,0.0,0.0,0.0,0.0,0.0,0.0,0.0,0.0,0.0,0.0,0.0,0.0,0.0,0.0,0.0,0.0,0.0,0.0,0.0,0.0,0.0,0.0,0.0,0.0,0.0,0.0,0.0,0.0,0.0,0.0,0.0,0.0,0.0,0.0,0.0,0.0,0.0,0.0,0.0,0.0,0.0,0.0,0.0,0.0,0.0,0.0,0.0,0.0,0.0,0.0,0.0,0.0,0.0,0.0,0.0,0.0,0.0,0.0,0.0,0.0,0.0,0.0,0.0,0.0,0.0,0.0,0.0,0.0,0.0,0.0,0.0,0.0,0.0,0.0,0.0,0.0,0.0,0.0,0.0,0.0,0.0,0.0,0.0,0.0,0.0,0.0,0.0,0.0,0.0,0.0,0.0,0.0,0.0,0.0,0.0,0.0,0.0,0.0,0.0,0.0,0.0,0.0,0.0,0.0,0.0,0.0,0.0,0.0,0.0,0.0,0.0,0.0,0.0,0.0,0.0,0.0,0.0,0.0,0.0,0.0,0.0,0.0,0.0,0.0,0.0,0.0,0.0,0.0,0.0,0.0,0.0,0.0,0.0,0.0,0.0,0.0,0.0,0.0,0.0,0.0,0.0,0.0,0.0,0.0,0.0,0.0,0.0,0.0,0.0,0.0,0.0,0.0,0.0,0.0,0.0,0.0,0.0,0.0,0.0,0.0,0.0,0.0,0.0,0.0,0.0,0.0,0.0,0.0,0.0,0.0,0.0,0.0,0.0,0.0,0.0,0.0,0.0,0.0,0.0,0.0,0.0,0.0,0.0,0.0,0.0,0.0,0.0,0.0,0.0,0.0,0.0,0.0,0.0,0.0,0.0,0.0,0.0,0.0,0.0,0.0,0.0,0.0,0.0,0.0,0.0,0.0,0.0,0.0,0.0,0.0,0.0,0.0,0.0] [1311.2619900786005,1321.8202200865917,1332.463464547639,1343.19240799478,1354.0077404728797,1364.9101575830227,1375.9003605272408,1386.9790561536227,1398.1469570017646,1409.4047813486081,1420.7532532546286,1432.193102610412,1443.7250651835902,1455.3498826661717,1467.068302722235,1478.881079036026,1490.78897136042,1502.7927455657994,1514.8931736892998,1527.0910339844697,1539.3871109713293,1551.7821954868166,1564.2770847356642,1576.872582341659,1589.569498399342,1602.368649526097,1615.270858914685,1628.2769563861766,1641.3877784433362,1654.6041683244075,1667.9269760573632,1681.3570585145608,1694.895279467867,1708.5425096441993,1722.2996267815402,1736.1675156853773,1750.1470682856248,1764.2391836939755,1778.4447682617345,1792.7647356381167,1807.2000068289992,1821.7515102561672,1836.4201818170154,1851.2069649447558,1866.112810669078,1881.1386776773347,1896.285532376183,1911.5543489537563,1926.9461094423048,1942.4618037813711,1958.1024298814455,1973.8689936881608,1989.7625092469793,2005.7839987684179,2021.9344926937952,2038.215029761504,2054.626657073813,2071.1704301642176,2087.8474130653335,2104.6586783773164,2121.605307336866,2138.6883898867477,2155.9090247459117,2173.268319480143,2190.767390573309,2208.407363499154,2226.1893727937027,2244.1145621282076,2262.184084382728,2280.399101720259,2298.7607856614945,2317.2703171601615,2335.9288866789793,2354.7376942662327,2373.6979496329395,2392.810872230673,2412.077691329971,2431.4996460994216,2451.0779856853383,2470.813969292122,2490.7088662632277,2510.763956162824,2530.9805288580706,2551.359884602096,2571.9033341176064,2592.612198681206,2613.487810208354,2634.5315113390543,2655.7446555241822,2677.1286071125573,2698.6847414386757,2720.4144449111714,2742.319115101994,2764.4001608362782,2786.6590022829737,2809.097071046162,2831.715810257159,2854.5166746673017,2877.5011307415425,2900.67065675274,2924.0267428767575,2947.570891288285,2971.304616257478,2995.22944424732,3019.346914011829,3043.658576695001,3068.1659959305807,3092.870747942638,3117.7744216469364,3142.87861875312,3168.1849538677375,3193.695054598094,3219.410561656912,3245.333128967883,3271.4644237720117,3297.806126734876,3324.3599320546946,3351.1275475713155,3378.1106948760344,3405.3111094223436,3432.7305406375262,3460.3707520352004,3488.23352132871,3516.320640545493,3544.6339161423107,3573.1751691214417,3601.9462351478164,3630.9489646670518,3660.1852230244945,3689.6568905851636,3719.3658628547196,3749.3140506013438,3779.5033799786634,3809.935792649603,3840.6132459112973,3871.5377128209448,3902.7111823227383,3934.135659375755,3965.8131650829396,3997.7457368210635,4029.9354283717907,4062.3843100537392,4095.0944688556665,4128.068008570669,4161.3070499315045,4194.813730746993,4228.590206039511,4262.638648183577,4296.961247045588,4331.560210124669,4366.437762694626,4401.596147947099,4437.037627135803,4472.764479721992,4508.779003521039,4545.083514850253,4581.680348677821,4618.571858773019,4655.7604178575675,4693.248417758249,4731.038269560753,4769.132403764733,4807.533270440121,4846.243339384716,4885.265100283049,4924.601062866471,4964.253757074609,5004.22573321805,5044.519562142395,5085.137835393579,5126.08316538458,5167.3581855634,5208.965550582488,5250.907936469426,5293.188040799074,5335.808582867062,5378.772303864684,5422.081967055189,5465.740357951513,5509.7502844954415,5554.1145772382,5598.836089522486,5643.917697666003,5689.362301146471,5735.17282278806,5781.352208949439,5827.903429713208,5874.829479076986,5922.133375145914,5969.818160326825,6017.886901523867,6066.342690335802,6115.188643254807,6164.427901866934,6214.06363305417,6264.099029198114,6314.537308385285,6365.381714614103,6416.635518003553,6468.302015003491,6520.384528606639,6572.88640856233,6625.811031591967,6679.16180160615,6732.942149923667,6787.155535492116,6841.805445110439,6896.895393653112,6952.428924296275,7008.409608745552,7064.841047465831,7121.726869912778,7179.070734766296,7236.876330165845,7295.147373947643,7353.887613883764,7413.100827923194,7472.790824434837,7532.961442452409,7593.616551921397,7654.7600539479145,7716.395881049652,7778.527997408752,7841.160399126823,7904.2971144818985,7967.94220418758,8032.099761654146,8096.773913251861,8161.968818576374,8227.688670716232,8293.937696522553,8360.720156880894,8428.04034698531,8495.90259661459,8564.311270410717,8633.270768159597,8702.785525074065,8772.860012079082,8843.498736099358,8914.706240349144,8986.487104624512,9058.845945597834,9131.787417114787,9205.31621049359,9279.437054826807,9354.154717285446,9429.47400342559,9505.399757497484,9581.936862757088,9659.090241780126,9736.864856778713,9815.265709920519,9894.297843650465,9973.966341015032,10054.276325989182,10135.232963805956,10216.841461288606,10299.107067185563,10382.035072507933,10465.630810869876,10549.89965883156,10634.84703624505,10720.478406602804,10806.799277389146,10893.815200434417,10981.531772272076,11069.954634498676,11159.08947413668,11248.94202400021,11339.518063063782,11430.823416834026,11522.863957724268,11615.64560543233,11709.174327321158,11803.456138802712,11898.49710372478,11994.303334761045,12090.880993804161,12188.23629236214,12286.375491957784,12385.304904531427,12485.030892846919,12585.55987090084,12686.898304334996,12789.052710852275,12892.029660635888,12995.8357767719,13100.477735675182,13205.962267518828,13312.296156667053,13419.486242111492,13527.539417911097,13636.462633635434,13746.262894811807,13856.947263375758,13968.522858125163,14080.996855178266,14194.376488435144,14308.66905004285,14423.881890864615] 0.31126199007860056 [Infinity,Infinity,Infinity,Infinity,Infinity,Infinity,Infinity,Infinity,Infinity,Infinity,Infinity,Infinity,Infinity,Infinity,Infinity,Infinity,Infinity,Infinity,Infinity,Infinity,Infinity,Infinity,Infinity,Infinity,Infinity,Infinity,Infinity,Infinity,Infinity,Infinity,Infinity,Infinity,Infinity,Infinity,Infinity,Infinity,Infinity,Infinity,Infinity,Infinity,Infinity,Infinity,Infinity,Infinity,Infinity,Infinity,Infinity,Infinity,Infinity,Infinity,Infinity,Infinity,Infinity,Infinity,Infinity,Infinity,Infinity,Infinity,Infinity,Infinity,Infinity,Infinity,Infinity,Infinity,Infinity,Infinity,Infinity,Infinity,Infinity,Infinity,Infinity,Infinity,Infinity,Infinity,Infinity,Infinity,Infinity,Infinity,Infinity,Infinity,Infinity,Infinity,Infinity,Infinity,Infinity,Infinity,Infinity,Infinity,Infinity,Infinity,Infinity,Infinity,Infinity,Infinity,Infinity,Infinity,Infinity,Infinity,Infinity,Infinity,Infinity,Infinity,Infinity,Infinity,Infinity,Infinity,Infinity,Infinity,Infinity,Infinity,Infinity,Infinity,Infinity,Infinity,Infinity,Infinity,Infinity,Infinity,Infinity,Infinity,Infinity,Infinity,Infinity,Infinity,Infinity,Infinity,Infinity,Infinity,Infinity,Infinity,Infinity,Infinity,Infinity,Infinity,Infinity,Infinity,Infinity,Infinity,Infinity,Infinity,Infinity,Infinity,Infinity,Infinity,Infinity,Infinity,Infinity,Infinity,Infinity,Infinity,Infinity,Infinity,Infinity,Infinity,Infinity,Infinity,Infinity,Infinity,Infinity,Infinity,Infinity,Infinity,Infinity,Infinity,Infinity,Infinity,Infinity,Infinity,Infinity,Infinity,Infinity,Infinity,Infinity,Infinity,Infinity,Infinity,Infinity,Infinity,Infinity,Infinity,Infinity,Infinity,Infinity,Infinity,Infinity,Infinity,Infinity,Infinity,Infinity,Infinity,Infinity,Infinity,Infinity,Infinity,Infinity,Infinity,Infinity,Infinity,Infinity,Infinity,Infinity,Infinity,Infinity,Infinity,Infinity,Infinity,Infinity,Infinity,Infinity,Infinity,Infinity,Infinity,Infinity,Infinity,Infinity,Infinity,Infinity,Infinity,Infinity,Infinity,Infinity,Infinity,Infinity,Infinity,Infinity,Infinity,Infinity,Infinity,Infinity,Infinity,Infinity,Infinity,Infinity,Infinity,Infinity,Infinity,Infinity,Infinity,Infinity,Infinity,Infinity,Infinity,Infinity,Infinity,Infinity,Infinity,Infinity,Infinity,Infinity,Infinity,Infinity,Infinity,Infinity,Infinity,Infinity,Infinity,Infinity,Infinity,Infinity,Infinity,Infinity,Infinity,Infinity,Infinity,Infinity,Infinity,Infinity,Infinity,Infinity,Infinity,Infinity,Infinity,Infinity,Infinity,Infinity,Infinity,Infinity,Infinity,Infinity,Infinity,Infinity,Infinity,Infinity,Infinity,Infinity,Infinity,Infinity,Infinity,Infinity,Infinity,Infinity,Infinity,Infinity,Infinity,Infinity,Infinity,Infinity,Infinity,Infinity,Infinity] [0.0,0.0,0.0,0.0,0.0,0.0,0.0,0.0,0.0,0.0,0.0,0.0,0.0,0.0,0.0,0.0,0.0,0.0,0.0,0.0,0.0,0.0,0.0,0.0,0.0,0.0,0.0,0.0,0.0,0.0,0.0,0.0,0.0,0.0,0.0,0.0,0.0,0.0,0.0,0.0,0.0,0.0,0.0,0.0,0.0,0.0,0.0,0.0,0.0,0.0,0.0,0.0,0.0,0.0,0.0,0.0,0.0,0.0,0.0,0.0,0.0,0.0,0.0,0.0,0.0,0.0,0.0,0.0,0.0,0.0,0.0,0.0,0.0,0.0,0.0,0.0,0.0,0.0,0.0,0.0,0.0,0.0,0.0,0.0,0.0,0.0,0.0,0.0,0.0,0.0,0.0,0.0,0.0,0.0,0.0,0.0,0.0,0.0,0.0,0.0,0.0,0.0,0.0,0.0,0.0,0.0,0.0,0.0,0.0,0.0,0.0,0.0,0.0,0.0,0.0,0.0,0.0,0.0,0.0,0.0,0.0,0.0,0.0,0.0,0.0,0.0,0.0,0.0,0.0,0.0,0.0,0.0,0.0,0.0,0.0,0.0,0.0,0.0,0.0,0.0,0.0,0.0,0.0,0.0,0.0,0.0,0.0,0.0,0.0,0.0,0.0,0.0,0.0,0.0,0.0,0.0,0.0,0.0,0.0,0.0,0.0,0.0,0.0,0.0,0.0,0.0,0.0,0.0,0.0,0.0,0.0,0.0,0.0,0.0,0.0,0.0,0.0,0.0,0.0,0.0,0.0,0.0,0.0,0.0,0.0,0.0,0.0,0.0,0.0,0.0,0.0,0.0,0.0,0.0,0.0,0.0,0.0,0.0,0.0,0.0,0.0,0.0,0.0,0.0,0.0,0.0,0.0,0.0,0.0,0.0,0.0,0.0,0.0,0.0,0.0,0.0,0.0,0.0,0.0,0.0,0.0,0.0,0.0,0.0,0.0,0.0,0.0,0.0,0.0,0.0,0.0,0.0,0.0,0.0,0.0,0.0,0.0,0.0,0.0,0.0,0.0,0.0,0.0,0.0,0.0,0.0,0.0,0.0,0.0,0.0,0.0,0.0,0.0,0.0,0.0,0.0,0.0,0.0,0.0,0.0,0.0,0.0,0.0,0.0,0.0,0.0,0.0,0.0,0.0,0.0,0.0,0.0,0.0,0.0,0.0,0.0,0.0,0.0,0.0,0.0,0.0,0.0,0.0,0.0,0.0,0.0,0.0,0.0,0.0,0.0,0.0,0.0,0.0,0.0,0.0,0.0,0.0,0.0,0.0,0.0]
56316.666036827206 [0.0,0.0,0.0,0.0,0.0,0.0,0.0,0.0,0.0,0.0,0.0,0.0,0.0,0.0,0.0,0.0,0.0,0.0,0.0,0.0,0.0,0.0,0.0,0.0,0.0,0.0,0.0,0.0,0.0,0.0,0.0,0.0,0.0,0.0,0.0,0.0,0.0,0.0,0.0,0.0,0.0,0.0,0.0,0.0,0.0,0.0,0.0,0.0,0.0,0.0,0.0,0.0,0.0,0.0,0.0,0.0,0.0,0.0,0.0,0.0,0.0,0.0,0.0,0.0,0.0,0.0,0.0,0.0,0.0,0.0,0.0,0.0,0.0,0.0,0.0,0.0,0.0,0.0,0.0,0.0,0.0,0.0,0.0,0.0,0.0,0.0,0.0,0.0,0.0,0.0,0.0,0.0,0.0,0.0,0.0,0.0,0.0,0.0,0.0,0.0,0.0,0.0,0.0,0.0,0.0,0.0,0.0,0.0,0.0,0.0,0.0,0.0,0.0,0.0,0.0,0.0,0.0,0.0,0.0,0.0,0.0,0.0,0.0,0.0,0.0,0.0,0.0,0.0,0.0,0.0,0.0,0.0,0.0,0.0,0.0,0.0,0.0,0.0,0.0,0.0,0.0,0.0,0.0,0.0,0.0,0.0,0.0,0.0,0.0,0.0,0.0,0.0,0.0,0.0,0.0,0.0,0.0,0.0,0.0,0.0,0.0,0.0,0.0,0.0,0.0,0.0,0.0,0.0,0.0,0.0,0.0,0.0,0.0,0.0,0.0,0.0,0.0,0.0,0.0,0.0,0.0,0.0,0.0,0.0,0.0,0.0,0.0,0.0,0.0,0.0,0.0,0.0,0.0,0.0,0.0,0.0,0.0,0.0,0.0,0.0,0.0,0.0,0.0,0.0,0.0,0.0,0.0,0.0,0.0,0.0,0.0,0.0,0.0,0.0,0.0,0.0,0.0,0.0,0.0,0.0,0.0,0.0,0.0,0.0,0.0,0.0,0.0,0.0,0.0,0.0,0.0,0.0,0.0,0.0,0.0,0.0,0.0,0.0,0.0,0.0,0.0,0.0,0.0,0.0,0.0,0.0,0.0,0.0,0.0,0.0,0.0,0.0,0.0,0.0,0.0,0.0,0.0,0.0,0.0,0.0,0.0,0.0,0.0,0.0,0.0,0.0,0.0,0.0,0.0,0.0,0.0,0.0,0.0,0.0,0.0,0.0,0.0,0.0,0.0,0.0,0.0,0.0,0.0,0.0,0.0,0.0,0.0,0.0,0.0,0.0,0.0,0.0,0.0,0.0,0.0,0.0,0.0,0.0,0.0,0.0] [1311.2619900786005,1321.8202200865917,1332.463464547639,1343.19240799478,1354.0077404728797,1364.9101575830227,1375.9003605272408,1386.9790561536227,1398.1469570017646,1409.4047813486081,1420.7532532546286,1432.193102610412,1443.7250651835902,1455.3498826661717,1467.068302722235,1478.881079036026,1490.78897136042,1502.7927455657994,1514.8931736892998,1527.0910339844697,1539.3871109713293,1551.7821954868166,1564.2770847356642,1576.872582341659,1589.569498399342,1602.368649526097,1615.270858914685,1628.2769563861766,1641.3877784433362,1654.6041683244075,1667.9269760573632,1681.3570585145608,1694.895279467867,1708.5425096441993,1722.2996267815402,1736.1675156853773,1750.1470682856248,1764.2391836939755,1778.4447682617345,1792.7647356381167,1807.2000068289992,1821.7515102561672,1836.4201818170154,1851.2069649447558,1866.112810669078,1881.1386776773347,1896.285532376183,1911.5543489537563,1926.9461094423048,1942.4618037813711,1958.1024298814455,1973.8689936881608,1989.7625092469793,2005.7839987684179,2021.9344926937952,2038.215029761504,2054.626657073813,2071.1704301642176,2087.8474130653335,2104.6586783773164,2121.605307336866,2138.6883898867477,2155.9090247459117,2173.268319480143,2190.767390573309,2208.407363499154,2226.1893727937027,2244.1145621282076,2262.184084382728,2280.399101720259,2298.7607856614945,2317.2703171601615,2335.9288866789793,2354.7376942662327,2373.6979496329395,2392.810872230673,2412.077691329971,2431.4996460994216,2451.0779856853383,2470.813969292122,2490.7088662632277,2510.763956162824,2530.9805288580706,2551.359884602096,2571.9033341176064,2592.612198681206,2613.487810208354,2634.5315113390543,2655.7446555241822,2677.1286071125573,2698.6847414386757,2720.4144449111714,2742.319115101994,2764.4001608362782,2786.6590022829737,2809.097071046162,2831.715810257159,2854.5166746673017,2877.5011307415425,2900.67065675274,2924.0267428767575,2947.570891288285,2971.304616257478,2995.22944424732,3019.346914011829,3043.658576695001,3068.1659959305807,3092.870747942638,3117.7744216469364,3142.87861875312,3168.1849538677375,3193.695054598094,3219.410561656912,3245.333128967883,3271.4644237720117,3297.806126734876,3324.3599320546946,3351.1275475713155,3378.1106948760344,3405.3111094223436,3432.7305406375262,3460.3707520352004,3488.23352132871,3516.320640545493,3544.6339161423107,3573.1751691214417,3601.9462351478164,3630.9489646670518,3660.1852230244945,3689.6568905851636,3719.3658628547196,3749.3140506013438,3779.5033799786634,3809.935792649603,3840.6132459112973,3871.5377128209448,3902.7111823227383,3934.135659375755,3965.8131650829396,3997.7457368210635,4029.9354283717907,4062.3843100537392,4095.0944688556665,4128.068008570669,4161.3070499315045,4194.813730746993,4228.590206039511,4262.638648183577,4296.961247045588,4331.560210124669,4366.437762694626,4401.596147947099,4437.037627135803,4472.764479721992,4508.779003521039,4545.083514850253,4581.680348677821,4618.571858773019,4655.7604178575675,4693.248417758249,4731.038269560753,4769.132403764733,4807.533270440121,4846.243339384716,4885.265100283049,4924.601062866471,4964.253757074609,5004.22573321805,5044.519562142395,5085.137835393579,5126.08316538458,5167.3581855634,5208.965550582488,5250.907936469426,5293.188040799074,5335.808582867062,5378.772303864684,5422.081967055189,5465.740357951513,5509.7502844954415,5554.1145772382,5598.836089522486,5643.917697666003,5689.362301146471,5735.17282278806,5781.352208949439,5827.903429713208,5874.829479076986,5922.133375145914,5969.818160326825,6017.886901523867,6066.342690335802,6115.188643254807,6164.427901866934,6214.06363305417,6264.099029198114,6314.537308385285,6365.381714614103,6416.635518003553,6468.302015003491,6520.384528606639,6572.88640856233,6625.811031591967,6679.16180160615,6732.942149923667,6787.155535492116,6841.805445110439,6896.895393653112,6952.428924296275,7008.409608745552,7064.841047465831,7121.726869912778,7179.070734766296,7236.876330165845,7295.147373947643,7353.887613883764,7413.100827923194,7472.790824434837,7532.961442452409,7593.616551921397,7654.7600539479145,7716.395881049652,7778.527997408752,7841.160399126823,7904.2971144818985,7967.94220418758,8032.099761654146,8096.773913251861,8161.968818576374,8227.688670716232,8293.937696522553,8360.720156880894,8428.04034698531,8495.90259661459,8564.311270410717,8633.270768159597,8702.785525074065,8772.860012079082,8843.498736099358,8914.706240349144,8986.487104624512,9058.845945597834,9131.787417114787,9205.31621049359,9279.437054826807,9354.154717285446,9429.47400342559,9505.399757497484,9581.936862757088,9659.090241780126,9736.864856778713,9815.265709920519,9894.297843650465,9973.966341015032,10054.276325989182,10135.232963805956,10216.841461288606,10299.107067185563,10382.035072507933,10465.630810869876,10549.89965883156,10634.84703624505,10720.478406602804,10806.799277389146,10893.815200434417,10981.531772272076,11069.954634498676,11159.08947413668,11248.94202400021,11339.518063063782,11430.823416834026,11522.863957724268,11615.64560543233,11709.174327321158,11803.456138802712,11898.49710372478,11994.303334761045,12090.880993804161,12188.23629236214,12286.375491957784,12385.304904531427,12485.030892846919,12585.55987090084,12686.898304334996,12789.052710852275,12892.029660635888,12995.8357767719,13100.477735675182,13205.962267518828,13312.296156667053,13419.486242111492,13527.539417911097,13636.462633635434,13746.262894811807,13856.947263375758,13968.522858125163,14080.996855178266,14194.376488435144,14308.66905004285,14423.881890864615] 0.31126199007860056 [Infinity,Infinity,Infinity,Infinity,Infinity,Infinity,Infinity,Infinity,Infinity,Infinity,Infinity,Infinity,Infinity,Infinity,Infinity,Infinity,Infinity,Infinity,Infinity,Infinity,Infinity,Infinity,Infinity,Infinity,Infinity,Infinity,Infinity,Infinity,Infinity,Infinity,Infinity,Infinity,Infinity,Infinity,Infinity,Infinity,Infinity,Infinity,Infinity,Infinity,Infinity,Infinity,Infinity,Infinity,Infinity,Infinity,Infinity,Infinity,Infinity,Infinity,Infinity,Infinity,Infinity,Infinity,Infinity,Infinity,Infinity,Infinity,Infinity,Infinity,Infinity,Infinity,Infinity,Infinity,Infinity,Infinity,Infinity,Infinity,Infinity,Infinity,Infinity,Infinity,Infinity,Infinity,Infinity,Infinity,Infinity,Infinity,Infinity,Infinity,Infinity,Infinity,Infinity,Infinity,Infinity,Infinity,Infinity,Infinity,Infinity,Infinity,Infinity,Infinity,Infinity,Infinity,Infinity,Infinity,Infinity,Infinity,Infinity,Infinity,Infinity,Infinity,Infinity,Infinity,Infinity,Infinity,Infinity,Infinity,Infinity,Infinity,Infinity,Infinity,Infinity,Infinity,Infinity,Infinity,Infinity,Infinity,Infinity,Infinity,Infinity,Infinity,Infinity,Infinity,Infinity,Infinity,Infinity,Infinity,Infinity,Infinity,Infinity,Infinity,Infinity,Infinity,Infinity,Infinity,Infinity,Infinity,Infinity,Infinity,Infinity,Infinity,Infinity,Infinity,Infinity,Infinity,Infinity,Infinity,Infinity,Infinity,Infinity,Infinity,Infinity,Infinity,Infinity,Infinity,Infinity,Infinity,Infinity,Infinity,Infinity,Infinity,Infinity,Infinity,Infinity,Infinity,Infinity,Infinity,Infinity,Infinity,Infinity,Infinity,Infinity,Infinity,Infinity,Infinity,Infinity,Infinity,Infinity,Infinity,Infinity,Infinity,Infinity,Infinity,Infinity,Infinity,Infinity,Infinity,Infinity,Infinity,Infinity,Infinity,Infinity,Infinity,Infinity,Infinity,Infinity,Infinity,Infinity,Infinity,Infinity,Infinity,Infinity,Infinity,Infinity,Infinity,Infinity,Infinity,Infinity,Infinity,Infinity,Infinity,Infinity,Infinity,Infinity,Infinity,Infinity,Infinity,Infinity,Infinity,Infinity,Infinity,Infinity,Infinity,Infinity,Infinity,Infinity,Infinity,Infinity,Infinity,Infinity,Infinity,Infinity,Infinity,Infinity,Infinity,Infinity,Infinity,Infinity,Infinity,Infinity,Infinity,Infinity,Infinity,Infinity,Infinity,Infinity,Infinity,Infinity,Infinity,Infinity,Infinity,Infinity,Infinity,Infinity,Infinity,Infinity,Infinity,Infinity,Infinity,Infinity,Infinity,Infinity,Infinity,Infinity,Infinity,Infinity,Infinity,Infinity,Infinity,Infinity,Infinity,Infinity,Infinity,Infinity,Infinity,Infinity,Infinity,Infinity,Infinity,Infinity,Infinity,Infinity,Infinity,Infinity,Infinity,Infinity,Infinity,Infinity,Infinity,Infinity,Infinity,Infinity,Infinity,Infinity,Infinity,Infinity,Infinity,Infinity,Infinity] [0.0,0.0,0.0,0.0,0.0,0.0,0.0,0.0,0.0,0.0,0.0,0.0,0.0,0.0,0.0,0.0,0.0,0.0,0.0,0.0,0.0,0.0,0.0,0.0,0.0,0.0,0.0,0.0,0.0,0.0,0.0,0.0,0.0,0.0,0.0,0.0,0.0,0.0,0.0,0.0,0.0,0.0,0.0,0.0,0.0,0.0,0.0,0.0,0.0,0.0,0.0,0.0,0.0,0.0,0.0,0.0,0.0,0.0,0.0,0.0,0.0,0.0,0.0,0.0,0.0,0.0,0.0,0.0,0.0,0.0,0.0,0.0,0.0,0.0,0.0,0.0,0.0,0.0,0.0,0.0,0.0,0.0,0.0,0.0,0.0,0.0,0.0,0.0,0.0,0.0,0.0,0.0,0.0,0.0,0.0,0.0,0.0,0.0,0.0,0.0,0.0,0.0,0.0,0.0,0.0,0.0,0.0,0.0,0.0,0.0,0.0,0.0,0.0,0.0,0.0,0.0,0.0,0.0,0.0,0.0,0.0,0.0,0.0,0.0,0.0,0.0,0.0,0.0,0.0,0.0,0.0,0.0,0.0,0.0,0.0,0.0,0.0,0.0,0.0,0.0,0.0,0.0,0.0,0.0,0.0,0.0,0.0,0.0,0.0,0.0,0.0,0.0,0.0,0.0,0.0,0.0,0.0,0.0,0.0,0.0,0.0,0.0,0.0,0.0,0.0,0.0,0.0,0.0,0.0,0.0,0.0,0.0,0.0,0.0,0.0,0.0,0.0,0.0,0.0,0.0,0.0,0.0,0.0,0.0,0.0,0.0,0.0,0.0,0.0,0.0,0.0,0.0,0.0,0.0,0.0,0.0,0.0,0.0,0.0,0.0,0.0,0.0,0.0,0.0,0.0,0.0,0.0,0.0,0.0,0.0,0.0,0.0,0.0,0.0,0.0,0.0,0.0,0.0,0.0,0.0,0.0,0.0,0.0,0.0,0.0,0.0,0.0,0.0,0.0,0.0,0.0,0.0,0.0,0.0,0.0,0.0,0.0,0.0,0.0,0.0,0.0,0.0,0.0,0.0,0.0,0.0,0.0,0.0,0.0,0.0,0.0,0.0,0.0,0.0,0.0,0.0,0.0,0.0,0.0,0.0,0.0,0.0,0.0,0.0,0.0,0.0,0.0,0.0,0.0,0.0,0.0,0.0,0.0,0.0,0.0,0.0,0.0,0.0,0.0,0.0,0.0,0.0,0.0,0.0,0.0,0.0,0.0,0.0,0.0,0.0,0.0,0.0,0.0,0.0,0.0,0.0,0.0,0.0,0.0,0.0]
56146.20935356228 [0.0,0.0,0.0,0.0,0.0,0.0,0.0,0.0,0.0,0.0,0.0,0.0,0.0,0.0,0.0,0.0,0.0,0.0,0.0,0.0,0.0,0.0,0.0,0.0,0.0,0.0,0.0,0.0,0.0,0.0,0.0,0.0,0.0,0.0,0.0,0.0,0.0,0.0,0.0,0.0,0.0,0.0,0.0,0.0,0.0,0.0,0.0,0.0,0.0,0.0,0.0,0.0,0.0,0.0,0.0,0.0,0.0,0.0,0.0,0.0,0.0,0.0,0.0,0.0,0.0,0.0,0.0,0.0,0.0,0.0,0.0,0.0,0.0,0.0,0.0,0.0,0.0,0.0,0.0,0.0,0.0,0.0,0.0,0.0,0.0,0.0,0.0,0.0,0.0,0.0,0.0,0.0,0.0,0.0,0.0,0.0,0.0,0.0,0.0,0.0,0.0,0.0,0.0,0.0,0.0,0.0,0.0,0.0,0.0,0.0,0.0,0.0,0.0,0.0,0.0,0.0,0.0,0.0,0.0,0.0,0.0,0.0,0.0,0.0,0.0,0.0,0.0,0.0,0.0,0.0,0.0,0.0,0.0,0.0,0.0,0.0,0.0,0.0,0.0,0.0,0.0,0.0,0.0,0.0,0.0,0.0,0.0,0.0,0.0,0.0,0.0,0.0,0.0,0.0,0.0,0.0,0.0,0.0,0.0,0.0,0.0,0.0,0.0,0.0,0.0,0.0,0.0,0.0,0.0,0.0,0.0,0.0,0.0,0.0,0.0,0.0,0.0,0.0,0.0,0.0,0.0,0.0,0.0,0.0,0.0,0.0,0.0,0.0,0.0,0.0,0.0,0.0,0.0,0.0,0.0,0.0,0.0,0.0,0.0,0.0,0.0,0.0,0.0,0.0,0.0,0.0,0.0,0.0,0.0,0.0,0.0,0.0,0.0,0.0,0.0,0.0,0.0,0.0,0.0,0.0,0.0,0.0,0.0,0.0,0.0,0.0,0.0,0.0,0.0,0.0,0.0,0.0,0.0,0.0,0.0,0.0,0.0,0.0,0.0,0.0,0.0,0.0,0.0,0.0,0.0,0.0,0.0,0.0,0.0,0.0,0.0,0.0,0.0,0.0,0.0,0.0,0.0,0.0,0.0,0.0,0.0,0.0,0.0,0.0,0.0,0.0,0.0,0.0,0.0,0.0,0.0,0.0,0.0,0.0,0.0,0.0,0.0,0.0,0.0,0.0,0.0,0.0,0.0,0.0,0.0,0.0,0.0,0.0,0.0,0.0,0.0,0.0,0.0,0.0,0.0,0.0,0.0,0.0,0.0,0.0] [1311.2619900786005,1321.8202200865917,1332.463464547639,1343.19240799478,1354.0077404728797,1364.9101575830227,1375.9003605272408,1386.9790561536227,1398.1469570017646,1409.4047813486081,1420.7532532546286,1432.193102610412,1443.7250651835902,1455.3498826661717,1467.068302722235,1478.881079036026,1490.78897136042,1502.7927455657994,1514.8931736892998,1527.0910339844697,1539.3871109713293,1551.7821954868166,1564.2770847356642,1576.872582341659,1589.569498399342,1602.368649526097,1615.270858914685,1628.2769563861766,1641.3877784433362,1654.6041683244075,1667.9269760573632,1681.3570585145608,1694.895279467867,1708.5425096441993,1722.2996267815402,1736.1675156853773,1750.1470682856248,1764.2391836939755,1778.4447682617345,1792.7647356381167,1807.2000068289992,1821.7515102561672,1836.4201818170154,1851.2069649447558,1866.112810669078,1881.1386776773347,1896.285532376183,1911.5543489537563,1926.9461094423048,1942.4618037813711,1958.1024298814455,1973.8689936881608,1989.7625092469793,2005.7839987684179,2021.9344926937952,2038.215029761504,2054.626657073813,2071.1704301642176,2087.8474130653335,2104.6586783773164,2121.605307336866,2138.6883898867477,2155.9090247459117,2173.268319480143,2190.767390573309,2208.407363499154,2226.1893727937027,2244.1145621282076,2262.184084382728,2280.399101720259,2298.7607856614945,2317.2703171601615,2335.9288866789793,2354.7376942662327,2373.6979496329395,2392.810872230673,2412.077691329971,2431.4996460994216,2451.0779856853383,2470.813969292122,2490.7088662632277,2510.763956162824,2530.9805288580706,2551.359884602096,2571.9033341176064,2592.612198681206,2613.487810208354,2634.5315113390543,2655.7446555241822,2677.1286071125573,2698.6847414386757,2720.4144449111714,2742.319115101994,2764.4001608362782,2786.6590022829737,2809.097071046162,2831.715810257159,2854.5166746673017,2877.5011307415425,2900.67065675274,2924.0267428767575,2947.570891288285,2971.304616257478,2995.22944424732,3019.346914011829,3043.658576695001,3068.1659959305807,3092.870747942638,3117.7744216469364,3142.87861875312,3168.1849538677375,3193.695054598094,3219.410561656912,3245.333128967883,3271.4644237720117,3297.806126734876,3324.3599320546946,3351.1275475713155,3378.1106948760344,3405.3111094223436,3432.7305406375262,3460.3707520352004,3488.23352132871,3516.320640545493,3544.6339161423107,3573.1751691214417,3601.9462351478164,3630.9489646670518,3660.1852230244945,3689.6568905851636,3719.3658628547196,3749.3140506013438,3779.5033799786634,3809.935792649603,3840.6132459112973,3871.5377128209448,3902.7111823227383,3934.135659375755,3965.8131650829396,3997.7457368210635,4029.9354283717907,4062.3843100537392,4095.0944688556665,4128.068008570669,4161.3070499315045,4194.813730746993,4228.590206039511,4262.638648183577,4296.961247045588,4331.560210124669,4366.437762694626,4401.596147947099,4437.037627135803,4472.764479721992,4508.779003521039,4545.083514850253,4581.680348677821,4618.571858773019,4655.7604178575675,4693.248417758249,4731.038269560753,4769.132403764733,4807.533270440121,4846.243339384716,4885.265100283049,4924.601062866471,4964.253757074609,5004.22573321805,5044.519562142395,5085.137835393579,5126.08316538458,5167.3581855634,5208.965550582488,5250.907936469426,5293.188040799074,5335.808582867062,5378.772303864684,5422.081967055189,5465.740357951513,5509.7502844954415,5554.1145772382,5598.836089522486,5643.917697666003,5689.362301146471,5735.17282278806,5781.352208949439,5827.903429713208,5874.829479076986,5922.133375145914,5969.818160326825,6017.886901523867,6066.342690335802,6115.188643254807,6164.427901866934,6214.06363305417,6264.099029198114,6314.537308385285,6365.381714614103,6416.635518003553,6468.302015003491,6520.384528606639,6572.88640856233,6625.811031591967,6679.16180160615,6732.942149923667,6787.155535492116,6841.805445110439,6896.895393653112,6952.428924296275,7008.409608745552,7064.841047465831,7121.726869912778,7179.070734766296,7236.876330165845,7295.147373947643,7353.887613883764,7413.100827923194,7472.790824434837,7532.961442452409,7593.616551921397,7654.7600539479145,7716.395881049652,7778.527997408752,7841.160399126823,7904.2971144818985,7967.94220418758,8032.099761654146,8096.773913251861,8161.968818576374,8227.688670716232,8293.937696522553,8360.720156880894,8428.04034698531,8495.90259661459,8564.311270410717,8633.270768159597,8702.785525074065,8772.860012079082,8843.498736099358,8914.706240349144,8986.487104624512,9058.845945597834,9131.787417114787,9205.31621049359,9279.437054826807,9354.154717285446,9429.47400342559,9505.399757497484,9581.936862757088,9659.090241780126,9736.864856778713,9815.265709920519,9894.297843650465,9973.966341015032,10054.276325989182,10135.232963805956,10216.841461288606,10299.107067185563,10382.035072507933,10465.630810869876,10549.89965883156,10634.84703624505,10720.478406602804,10806.799277389146,10893.815200434417,10981.531772272076,11069.954634498676,11159.08947413668,11248.94202400021,11339.518063063782,11430.823416834026,11522.863957724268,11615.64560543233,11709.174327321158,11803.456138802712,11898.49710372478,11994.303334761045,12090.880993804161,12188.23629236214,12286.375491957784,12385.304904531427,12485.030892846919,12585.55987090084,12686.898304334996,12789.052710852275,12892.029660635888,12995.8357767719,13100.477735675182,13205.962267518828,13312.296156667053,13419.486242111492,13527.539417911097,13636.462633635434,13746.262894811807,13856.947263375758,13968.522858125163,14080.996855178266,14194.376488435144,14308.66905004285,14423.881890864615] 0.31126199007860056 [Infinity,Infinity,Infinity,Infinity,Infinity,Infinity,Infinity,Infinity,Infinity,Infinity,Infinity,Infinity,Infinity,Infinity,Infinity,Infinity,Infinity,Infinity,Infinity,Infinity,Infinity,Infinity,Infinity,Infinity,Infinity,Infinity,Infinity,Infinity,Infinity,Infinity,Infinity,Infinity,Infinity,Infinity,Infinity,Infinity,Infinity,Infinity,Infinity,Infinity,Infinity,Infinity,Infinity,Infinity,Infinity,Infinity,Infinity,Infinity,Infinity,Infinity,Infinity,Infinity,Infinity,Infinity,Infinity,Infinity,Infinity,Infinity,Infinity,Infinity,Infinity,Infinity,Infinity,Infinity,Infinity,Infinity,Infinity,Infinity,Infinity,Infinity,Infinity,Infinity,Infinity,Infinity,Infinity,Infinity,Infinity,Infinity,Infinity,Infinity,Infinity,Infinity,Infinity,Infinity,Infinity,Infinity,Infinity,Infinity,Infinity,Infinity,Infinity,Infinity,Infinity,Infinity,Infinity,Infinity,Infinity,Infinity,Infinity,Infinity,Infinity,Infinity,Infinity,Infinity,Infinity,Infinity,Infinity,Infinity,Infinity,Infinity,Infinity,Infinity,Infinity,Infinity,Infinity,Infinity,Infinity,Infinity,Infinity,Infinity,Infinity,Infinity,Infinity,Infinity,Infinity,Infinity,Infinity,Infinity,Infinity,Infinity,Infinity,Infinity,Infinity,Infinity,Infinity,Infinity,Infinity,Infinity,Infinity,Infinity,Infinity,Infinity,Infinity,Infinity,Infinity,Infinity,Infinity,Infinity,Infinity,Infinity,Infinity,Infinity,Infinity,Infinity,Infinity,Infinity,Infinity,Infinity,Infinity,Infinity,Infinity,Infinity,Infinity,Infinity,Infinity,Infinity,Infinity,Infinity,Infinity,Infinity,Infinity,Infinity,Infinity,Infinity,Infinity,Infinity,Infinity,Infinity,Infinity,Infinity,Infinity,Infinity,Infinity,Infinity,Infinity,Infinity,Infinity,Infinity,Infinity,Infinity,Infinity,Infinity,Infinity,Infinity,Infinity,Infinity,Infinity,Infinity,Infinity,Infinity,Infinity,Infinity,Infinity,Infinity,Infinity,Infinity,Infinity,Infinity,Infinity,Infinity,Infinity,Infinity,Infinity,Infinity,Infinity,Infinity,Infinity,Infinity,Infinity,Infinity,Infinity,Infinity,Infinity,Infinity,Infinity,Infinity,Infinity,Infinity,Infinity,Infinity,Infinity,Infinity,Infinity,Infinity,Infinity,Infinity,Infinity,Infinity,Infinity,Infinity,Infinity,Infinity,Infinity,Infinity,Infinity,Infinity,Infinity,Infinity,Infinity,Infinity,Infinity,Infinity,Infinity,Infinity,Infinity,Infinity,Infinity,Infinity,Infinity,Infinity,Infinity,Infinity,Infinity,Infinity,Infinity,Infinity,Infinity,Infinity,Infinity,Infinity,Infinity,Infinity,Infinity,Infinity,Infinity,Infinity,Infinity,Infinity,Infinity,Infinity,Infinity,Infinity,Infinity,Infinity,Infinity,Infinity,Infinity,Infinity,Infinity,Infinity,Infinity,Infinity,Infinity,Infinity,Infinity,Infinity,Infinity,Infinity,Infinity,Infinity] [0.0,0.0,0.0,0.0,0.0,0.0,0.0,0.0,0.0,0.0,0.0,0.0,0.0,0.0,0.0,0.0,0.0,0.0,0.0,0.0,0.0,0.0,0.0,0.0,0.0,0.0,0.0,0.0,0.0,0.0,0.0,0.0,0.0,0.0,0.0,0.0,0.0,0.0,0.0,0.0,0.0,0.0,0.0,0.0,0.0,0.0,0.0,0.0,0.0,0.0,0.0,0.0,0.0,0.0,0.0,0.0,0.0,0.0,0.0,0.0,0.0,0.0,0.0,0.0,0.0,0.0,0.0,0.0,0.0,0.0,0.0,0.0,0.0,0.0,0.0,0.0,0.0,0.0,0.0,0.0,0.0,0.0,0.0,0.0,0.0,0.0,0.0,0.0,0.0,0.0,0.0,0.0,0.0,0.0,0.0,0.0,0.0,0.0,0.0,0.0,0.0,0.0,0.0,0.0,0.0,0.0,0.0,0.0,0.0,0.0,0.0,0.0,0.0,0.0,0.0,0.0,0.0,0.0,0.0,0.0,0.0,0.0,0.0,0.0,0.0,0.0,0.0,0.0,0.0,0.0,0.0,0.0,0.0,0.0,0.0,0.0,0.0,0.0,0.0,0.0,0.0,0.0,0.0,0.0,0.0,0.0,0.0,0.0,0.0,0.0,0.0,0.0,0.0,0.0,0.0,0.0,0.0,0.0,0.0,0.0,0.0,0.0,0.0,0.0,0.0,0.0,0.0,0.0,0.0,0.0,0.0,0.0,0.0,0.0,0.0,0.0,0.0,0.0,0.0,0.0,0.0,0.0,0.0,0.0,0.0,0.0,0.0,0.0,0.0,0.0,0.0,0.0,0.0,0.0,0.0,0.0,0.0,0.0,0.0,0.0,0.0,0.0,0.0,0.0,0.0,0.0,0.0,0.0,0.0,0.0,0.0,0.0,0.0,0.0,0.0,0.0,0.0,0.0,0.0,0.0,0.0,0.0,0.0,0.0,0.0,0.0,0.0,0.0,0.0,0.0,0.0,0.0,0.0,0.0,0.0,0.0,0.0,0.0,0.0,0.0,0.0,0.0,0.0,0.0,0.0,0.0,0.0,0.0,0.0,0.0,0.0,0.0,0.0,0.0,0.0,0.0,0.0,0.0,0.0,0.0,0.0,0.0,0.0,0.0,0.0,0.0,0.0,0.0,0.0,0.0,0.0,0.0,0.0,0.0,0.0,0.0,0.0,0.0,0.0,0.0,0.0,0.0,0.0,0.0,0.0,0.0,0.0,0.0,0.0,0.0,0.0,0.0,0.0,0.0,0.0,0.0,0.0,0.0,0.0,0.0]
56185.06666203438 [0.0,0.0,0.0,0.0,0.0,0.0,0.0,0.0,0.0,0.0,0.0,0.0,0.0,0.0,0.0,0.0,0.0,0.0,0.0,0.0,0.0,0.0,0.0,0.0,0.0,0.0,0.0,0.0,0.0,0.0,0.0,0.0,0.0,0.0,0.0,0.0,0.0,0.0,0.0,0.0,0.0,0.0,0.0,0.0,0.0,0.0,0.0,0.0,0.0,0.0,0.0,0.0,0.0,0.0,0.0,0.0,0.0,0.0,0.0,0.0,0.0,0.0,0.0,0.0,0.0,0.0,0.0,0.0,0.0,0.0,0.0,0.0,0.0,0.0,0.0,0.0,0.0,0.0,0.0,0.0,0.0,0.0,0.0,0.0,0.0,0.0,0.0,0.0,0.0,0.0,0.0,0.0,0.0,0.0,0.0,0.0,0.0,0.0,0.0,0.0,0.0,0.0,0.0,0.0,0.0,0.0,0.0,0.0,0.0,0.0,0.0,0.0,0.0,0.0,0.0,0.0,0.0,0.0,0.0,0.0,0.0,0.0,0.0,0.0,0.0,0.0,0.0,0.0,0.0,0.0,0.0,0.0,0.0,0.0,0.0,0.0,0.0,0.0,0.0,0.0,0.0,0.0,0.0,0.0,0.0,0.0,0.0,0.0,0.0,0.0,0.0,0.0,0.0,0.0,0.0,0.0,0.0,0.0,0.0,0.0,0.0,0.0,0.0,0.0,0.0,0.0,0.0,0.0,0.0,0.0,0.0,0.0,0.0,0.0,0.0,0.0,0.0,0.0,0.0,0.0,0.0,0.0,0.0,0.0,0.0,0.0,0.0,0.0,0.0,0.0,0.0,0.0,0.0,0.0,0.0,0.0,0.0,0.0,0.0,0.0,0.0,0.0,0.0,0.0,0.0,0.0,0.0,0.0,0.0,0.0,0.0,0.0,0.0,0.0,0.0,0.0,0.0,0.0,0.0,0.0,0.0,0.0,0.0,0.0,0.0,0.0,0.0,0.0,0.0,0.0,0.0,0.0,0.0,0.0,0.0,0.0,0.0,0.0,0.0,0.0,0.0,0.0,0.0,0.0,0.0,0.0,0.0,0.0,0.0,0.0,0.0,0.0,0.0,0.0,0.0,0.0,0.0,0.0,0.0,0.0,0.0,0.0,0.0,0.0,0.0,0.0,0.0,0.0,0.0,0.0,0.0,0.0,0.0,0.0,0.0,0.0,0.0,0.0,0.0,0.0,0.0,0.0,0.0,0.0,0.0,0.0,0.0,0.0,0.0,0.0,0.0,0.0,0.0,0.0,0.0,0.0,0.0,0.0,0.0,0.0] [1311.2619900786005,1321.8202200865917,1332.463464547639,1343.19240799478,1354.0077404728797,1364.9101575830227,1375.9003605272408,1386.9790561536227,1398.1469570017646,1409.4047813486081,1420.7532532546286,1432.193102610412,1443.7250651835902,1455.3498826661717,1467.068302722235,1478.881079036026,1490.78897136042,1502.7927455657994,1514.8931736892998,1527.0910339844697,1539.3871109713293,1551.7821954868166,1564.2770847356642,1576.872582341659,1589.569498399342,1602.368649526097,1615.270858914685,1628.2769563861766,1641.3877784433362,1654.6041683244075,1667.9269760573632,1681.3570585145608,1694.895279467867,1708.5425096441993,1722.2996267815402,1736.1675156853773,1750.1470682856248,1764.2391836939755,1778.4447682617345,1792.7647356381167,1807.2000068289992,1821.7515102561672,1836.4201818170154,1851.2069649447558,1866.112810669078,1881.1386776773347,1896.285532376183,1911.5543489537563,1926.9461094423048,1942.4618037813711,1958.1024298814455,1973.8689936881608,1989.7625092469793,2005.7839987684179,2021.9344926937952,2038.215029761504,2054.626657073813,2071.1704301642176,2087.8474130653335,2104.6586783773164,2121.605307336866,2138.6883898867477,2155.9090247459117,2173.268319480143,2190.767390573309,2208.407363499154,2226.1893727937027,2244.1145621282076,2262.184084382728,2280.399101720259,2298.7607856614945,2317.2703171601615,2335.9288866789793,2354.7376942662327,2373.6979496329395,2392.810872230673,2412.077691329971,2431.4996460994216,2451.0779856853383,2470.813969292122,2490.7088662632277,2510.763956162824,2530.9805288580706,2551.359884602096,2571.9033341176064,2592.612198681206,2613.487810208354,2634.5315113390543,2655.7446555241822,2677.1286071125573,2698.6847414386757,2720.4144449111714,2742.319115101994,2764.4001608362782,2786.6590022829737,2809.097071046162,2831.715810257159,2854.5166746673017,2877.5011307415425,2900.67065675274,2924.0267428767575,2947.570891288285,2971.304616257478,2995.22944424732,3019.346914011829,3043.658576695001,3068.1659959305807,3092.870747942638,3117.7744216469364,3142.87861875312,3168.1849538677375,3193.695054598094,3219.410561656912,3245.333128967883,3271.4644237720117,3297.806126734876,3324.3599320546946,3351.1275475713155,3378.1106948760344,3405.3111094223436,3432.7305406375262,3460.3707520352004,3488.23352132871,3516.320640545493,3544.6339161423107,3573.1751691214417,3601.9462351478164,3630.9489646670518,3660.1852230244945,3689.6568905851636,3719.3658628547196,3749.3140506013438,3779.5033799786634,3809.935792649603,3840.6132459112973,3871.5377128209448,3902.7111823227383,3934.135659375755,3965.8131650829396,3997.7457368210635,4029.9354283717907,4062.3843100537392,4095.0944688556665,4128.068008570669,4161.3070499315045,4194.813730746993,4228.590206039511,4262.638648183577,4296.961247045588,4331.560210124669,4366.437762694626,4401.596147947099,4437.037627135803,4472.764479721992,4508.779003521039,4545.083514850253,4581.680348677821,4618.571858773019,4655.7604178575675,4693.248417758249,4731.038269560753,4769.132403764733,4807.533270440121,4846.243339384716,4885.265100283049,4924.601062866471,4964.253757074609,5004.22573321805,5044.519562142395,5085.137835393579,5126.08316538458,5167.3581855634,5208.965550582488,5250.907936469426,5293.188040799074,5335.808582867062,5378.772303864684,5422.081967055189,5465.740357951513,5509.7502844954415,5554.1145772382,5598.836089522486,5643.917697666003,5689.362301146471,5735.17282278806,5781.352208949439,5827.903429713208,5874.829479076986,5922.133375145914,5969.818160326825,6017.886901523867,6066.342690335802,6115.188643254807,6164.427901866934,6214.06363305417,6264.099029198114,6314.537308385285,6365.381714614103,6416.635518003553,6468.302015003491,6520.384528606639,6572.88640856233,6625.811031591967,6679.16180160615,6732.942149923667,6787.155535492116,6841.805445110439,6896.895393653112,6952.428924296275,7008.409608745552,7064.841047465831,7121.726869912778,7179.070734766296,7236.876330165845,7295.147373947643,7353.887613883764,7413.100827923194,7472.790824434837,7532.961442452409,7593.616551921397,7654.7600539479145,7716.395881049652,7778.527997408752,7841.160399126823,7904.2971144818985,7967.94220418758,8032.099761654146,8096.773913251861,8161.968818576374,8227.688670716232,8293.937696522553,8360.720156880894,8428.04034698531,8495.90259661459,8564.311270410717,8633.270768159597,8702.785525074065,8772.860012079082,8843.498736099358,8914.706240349144,8986.487104624512,9058.845945597834,9131.787417114787,9205.31621049359,9279.437054826807,9354.154717285446,9429.47400342559,9505.399757497484,9581.936862757088,9659.090241780126,9736.864856778713,9815.265709920519,9894.297843650465,9973.966341015032,10054.276325989182,10135.232963805956,10216.841461288606,10299.107067185563,10382.035072507933,10465.630810869876,10549.89965883156,10634.84703624505,10720.478406602804,10806.799277389146,10893.815200434417,10981.531772272076,11069.954634498676,11159.08947413668,11248.94202400021,11339.518063063782,11430.823416834026,11522.863957724268,11615.64560543233,11709.174327321158,11803.456138802712,11898.49710372478,11994.303334761045,12090.880993804161,12188.23629236214,12286.375491957784,12385.304904531427,12485.030892846919,12585.55987090084,12686.898304334996,12789.052710852275,12892.029660635888,12995.8357767719,13100.477735675182,13205.962267518828,13312.296156667053,13419.486242111492,13527.539417911097,13636.462633635434,13746.262894811807,13856.947263375758,13968.522858125163,14080.996855178266,14194.376488435144,14308.66905004285,14423.881890864615] 0.31126199007860056 [Infinity,Infinity,Infinity,Infinity,Infinity,Infinity,Infinity,Infinity,Infinity,Infinity,Infinity,Infinity,Infinity,Infinity,Infinity,Infinity,Infinity,Infinity,Infinity,Infinity,Infinity,Infinity,Infinity,Infinity,Infinity,Infinity,Infinity,Infinity,Infinity,Infinity,Infinity,Infinity,Infinity,Infinity,Infinity,Infinity,Infinity,Infinity,Infinity,Infinity,Infinity,Infinity,Infinity,Infinity,Infinity,Infinity,Infinity,Infinity,Infinity,Infinity,Infinity,Infinity,Infinity,Infinity,Infinity,Infinity,Infinity,Infinity,Infinity,Infinity,Infinity,Infinity,Infinity,Infinity,Infinity,Infinity,Infinity,Infinity,Infinity,Infinity,Infinity,Infinity,Infinity,Infinity,Infinity,Infinity,Infinity,Infinity,Infinity,Infinity,Infinity,Infinity,Infinity,Infinity,Infinity,Infinity,Infinity,Infinity,Infinity,Infinity,Infinity,Infinity,Infinity,Infinity,Infinity,Infinity,Infinity,Infinity,Infinity,Infinity,Infinity,Infinity,Infinity,Infinity,Infinity,Infinity,Infinity,Infinity,Infinity,Infinity,Infinity,Infinity,Infinity,Infinity,Infinity,Infinity,Infinity,Infinity,Infinity,Infinity,Infinity,Infinity,Infinity,Infinity,Infinity,Infinity,Infinity,Infinity,Infinity,Infinity,Infinity,Infinity,Infinity,Infinity,Infinity,Infinity,Infinity,Infinity,Infinity,Infinity,Infinity,Infinity,Infinity,Infinity,Infinity,Infinity,Infinity,Infinity,Infinity,Infinity,Infinity,Infinity,Infinity,Infinity,Infinity,Infinity,Infinity,Infinity,Infinity,Infinity,Infinity,Infinity,Infinity,Infinity,Infinity,Infinity,Infinity,Infinity,Infinity,Infinity,Infinity,Infinity,Infinity,Infinity,Infinity,Infinity,Infinity,Infinity,Infinity,Infinity,Infinity,Infinity,Infinity,Infinity,Infinity,Infinity,Infinity,Infinity,Infinity,Infinity,Infinity,Infinity,Infinity,Infinity,Infinity,Infinity,Infinity,Infinity,Infinity,Infinity,Infinity,Infinity,Infinity,Infinity,Infinity,Infinity,Infinity,Infinity,Infinity,Infinity,Infinity,Infinity,Infinity,Infinity,Infinity,Infinity,Infinity,Infinity,Infinity,Infinity,Infinity,Infinity,Infinity,Infinity,Infinity,Infinity,Infinity,Infinity,Infinity,Infinity,Infinity,Infinity,Infinity,Infinity,Infinity,Infinity,Infinity,Infinity,Infinity,Infinity,Infinity,Infinity,Infinity,Infinity,Infinity,Infinity,Infinity,Infinity,Infinity,Infinity,Infinity,Infinity,Infinity,Infinity,Infinity,Infinity,Infinity,Infinity,Infinity,Infinity,Infinity,Infinity,Infinity,Infinity,Infinity,Infinity,Infinity,Infinity,Infinity,Infinity,Infinity,Infinity,Infinity,Infinity,Infinity,Infinity,Infinity,Infinity,Infinity,Infinity,Infinity,Infinity,Infinity,Infinity,Infinity,Infinity,Infinity,Infinity,Infinity,Infinity,Infinity,Infinity,Infinity,Infinity,Infinity,Infinity,Infinity,Infinity,Infinity,Infinity] [0.0,0.0,0.0,0.0,0.0,0.0,0.0,0.0,0.0,0.0,0.0,0.0,0.0,0.0,0.0,0.0,0.0,0.0,0.0,0.0,0.0,0.0,0.0,0.0,0.0,0.0,0.0,0.0,0.0,0.0,0.0,0.0,0.0,0.0,0.0,0.0,0.0,0.0,0.0,0.0,0.0,0.0,0.0,0.0,0.0,0.0,0.0,0.0,0.0,0.0,0.0,0.0,0.0,0.0,0.0,0.0,0.0,0.0,0.0,0.0,0.0,0.0,0.0,0.0,0.0,0.0,0.0,0.0,0.0,0.0,0.0,0.0,0.0,0.0,0.0,0.0,0.0,0.0,0.0,0.0,0.0,0.0,0.0,0.0,0.0,0.0,0.0,0.0,0.0,0.0,0.0,0.0,0.0,0.0,0.0,0.0,0.0,0.0,0.0,0.0,0.0,0.0,0.0,0.0,0.0,0.0,0.0,0.0,0.0,0.0,0.0,0.0,0.0,0.0,0.0,0.0,0.0,0.0,0.0,0.0,0.0,0.0,0.0,0.0,0.0,0.0,0.0,0.0,0.0,0.0,0.0,0.0,0.0,0.0,0.0,0.0,0.0,0.0,0.0,0.0,0.0,0.0,0.0,0.0,0.0,0.0,0.0,0.0,0.0,0.0,0.0,0.0,0.0,0.0,0.0,0.0,0.0,0.0,0.0,0.0,0.0,0.0,0.0,0.0,0.0,0.0,0.0,0.0,0.0,0.0,0.0,0.0,0.0,0.0,0.0,0.0,0.0,0.0,0.0,0.0,0.0,0.0,0.0,0.0,0.0,0.0,0.0,0.0,0.0,0.0,0.0,0.0,0.0,0.0,0.0,0.0,0.0,0.0,0.0,0.0,0.0,0.0,0.0,0.0,0.0,0.0,0.0,0.0,0.0,0.0,0.0,0.0,0.0,0.0,0.0,0.0,0.0,0.0,0.0,0.0,0.0,0.0,0.0,0.0,0.0,0.0,0.0,0.0,0.0,0.0,0.0,0.0,0.0,0.0,0.0,0.0,0.0,0.0,0.0,0.0,0.0,0.0,0.0,0.0,0.0,0.0,0.0,0.0,0.0,0.0,0.0,0.0,0.0,0.0,0.0,0.0,0.0,0.0,0.0,0.0,0.0,0.0,0.0,0.0,0.0,0.0,0.0,0.0,0.0,0.0,0.0,0.0,0.0,0.0,0.0,0.0,0.0,0.0,0.0,0.0,0.0,0.0,0.0,0.0,0.0,0.0,0.0,0.0,0.0,0.0,0.0,0.0,0.0,0.0,0.0,0.0,0.0,0.0,0.0,0.0]
56156.47834839669 [0.0,0.0,0.0,0.0,0.0,0.0,0.0,0.0,0.0,0.0,0.0,0.0,0.0,0.0,0.0,0.0,0.0,0.0,0.0,0.0,0.0,0.0,0.0,0.0,0.0,0.0,0.0,0.0,0.0,0.0,0.0,0.0,0.0,0.0,0.0,0.0,0.0,0.0,0.0,0.0,0.0,0.0,0.0,0.0,0.0,0.0,0.0,0.0,0.0,0.0,0.0,0.0,0.0,0.0,0.0,0.0,0.0,0.0,0.0,0.0,0.0,0.0,0.0,0.0,0.0,0.0,0.0,0.0,0.0,0.0,0.0,0.0,0.0,0.0,0.0,0.0,0.0,0.0,0.0,0.0,0.0,0.0,0.0,0.0,0.0,0.0,0.0,0.0,0.0,0.0,0.0,0.0,0.0,0.0,0.0,0.0,0.0,0.0,0.0,0.0,0.0,0.0,0.0,0.0,0.0,0.0,0.0,0.0,0.0,0.0,0.0,0.0,0.0,0.0,0.0,0.0,0.0,0.0,0.0,0.0,0.0,0.0,0.0,0.0,0.0,0.0,0.0,0.0,0.0,0.0,0.0,0.0,0.0,0.0,0.0,0.0,0.0,0.0,0.0,0.0,0.0,0.0,0.0,0.0,0.0,0.0,0.0,0.0,0.0,0.0,0.0,0.0,0.0,0.0,0.0,0.0,0.0,0.0,0.0,0.0,0.0,0.0,0.0,0.0,0.0,0.0,0.0,0.0,0.0,0.0,0.0,0.0,0.0,0.0,0.0,0.0,0.0,0.0,0.0,0.0,0.0,0.0,0.0,0.0,0.0,0.0,0.0,0.0,0.0,0.0,0.0,0.0,0.0,0.0,0.0,0.0,0.0,0.0,0.0,0.0,0.0,0.0,0.0,0.0,0.0,0.0,0.0,0.0,0.0,0.0,0.0,0.0,0.0,0.0,0.0,0.0,0.0,0.0,0.0,0.0,0.0,0.0,0.0,0.0,0.0,0.0,0.0,0.0,0.0,0.0,0.0,0.0,0.0,0.0,0.0,0.0,0.0,0.0,0.0,0.0,0.0,0.0,0.0,0.0,0.0,0.0,0.0,0.0,0.0,0.0,0.0,0.0,0.0,0.0,0.0,0.0,0.0,0.0,0.0,0.0,0.0,0.0,0.0,0.0,0.0,0.0,0.0,0.0,0.0,0.0,0.0,0.0,0.0,0.0,0.0,0.0,0.0,0.0,0.0,0.0,0.0,0.0,0.0,0.0,0.0,0.0,0.0,0.0,0.0,0.0,0.0,0.0,0.0,0.0,0.0,0.0,0.0,0.0,0.0,0.0] [1311.2619900786005,1321.8202200865917,1332.463464547639,1343.19240799478,1354.0077404728797,1364.9101575830227,1375.9003605272408,1386.9790561536227,1398.1469570017646,1409.4047813486081,1420.7532532546286,1432.193102610412,1443.7250651835902,1455.3498826661717,1467.068302722235,1478.881079036026,1490.78897136042,1502.7927455657994,1514.8931736892998,1527.0910339844697,1539.3871109713293,1551.7821954868166,1564.2770847356642,1576.872582341659,1589.569498399342,1602.368649526097,1615.270858914685,1628.2769563861766,1641.3877784433362,1654.6041683244075,1667.9269760573632,1681.3570585145608,1694.895279467867,1708.5425096441993,1722.2996267815402,1736.1675156853773,1750.1470682856248,1764.2391836939755,1778.4447682617345,1792.7647356381167,1807.2000068289992,1821.7515102561672,1836.4201818170154,1851.2069649447558,1866.112810669078,1881.1386776773347,1896.285532376183,1911.5543489537563,1926.9461094423048,1942.4618037813711,1958.1024298814455,1973.8689936881608,1989.7625092469793,2005.7839987684179,2021.9344926937952,2038.215029761504,2054.626657073813,2071.1704301642176,2087.8474130653335,2104.6586783773164,2121.605307336866,2138.6883898867477,2155.9090247459117,2173.268319480143,2190.767390573309,2208.407363499154,2226.1893727937027,2244.1145621282076,2262.184084382728,2280.399101720259,2298.7607856614945,2317.2703171601615,2335.9288866789793,2354.7376942662327,2373.6979496329395,2392.810872230673,2412.077691329971,2431.4996460994216,2451.0779856853383,2470.813969292122,2490.7088662632277,2510.763956162824,2530.9805288580706,2551.359884602096,2571.9033341176064,2592.612198681206,2613.487810208354,2634.5315113390543,2655.7446555241822,2677.1286071125573,2698.6847414386757,2720.4144449111714,2742.319115101994,2764.4001608362782,2786.6590022829737,2809.097071046162,2831.715810257159,2854.5166746673017,2877.5011307415425,2900.67065675274,2924.0267428767575,2947.570891288285,2971.304616257478,2995.22944424732,3019.346914011829,3043.658576695001,3068.1659959305807,3092.870747942638,3117.7744216469364,3142.87861875312,3168.1849538677375,3193.695054598094,3219.410561656912,3245.333128967883,3271.4644237720117,3297.806126734876,3324.3599320546946,3351.1275475713155,3378.1106948760344,3405.3111094223436,3432.7305406375262,3460.3707520352004,3488.23352132871,3516.320640545493,3544.6339161423107,3573.1751691214417,3601.9462351478164,3630.9489646670518,3660.1852230244945,3689.6568905851636,3719.3658628547196,3749.3140506013438,3779.5033799786634,3809.935792649603,3840.6132459112973,3871.5377128209448,3902.7111823227383,3934.135659375755,3965.8131650829396,3997.7457368210635,4029.9354283717907,4062.3843100537392,4095.0944688556665,4128.068008570669,4161.3070499315045,4194.813730746993,4228.590206039511,4262.638648183577,4296.961247045588,4331.560210124669,4366.437762694626,4401.596147947099,4437.037627135803,4472.764479721992,4508.779003521039,4545.083514850253,4581.680348677821,4618.571858773019,4655.7604178575675,4693.248417758249,4731.038269560753,4769.132403764733,4807.533270440121,4846.243339384716,4885.265100283049,4924.601062866471,4964.253757074609,5004.22573321805,5044.519562142395,5085.137835393579,5126.08316538458,5167.3581855634,5208.965550582488,5250.907936469426,5293.188040799074,5335.808582867062,5378.772303864684,5422.081967055189,5465.740357951513,5509.7502844954415,5554.1145772382,5598.836089522486,5643.917697666003,5689.362301146471,5735.17282278806,5781.352208949439,5827.903429713208,5874.829479076986,5922.133375145914,5969.818160326825,6017.886901523867,6066.342690335802,6115.188643254807,6164.427901866934,6214.06363305417,6264.099029198114,6314.537308385285,6365.381714614103,6416.635518003553,6468.302015003491,6520.384528606639,6572.88640856233,6625.811031591967,6679.16180160615,6732.942149923667,6787.155535492116,6841.805445110439,6896.895393653112,6952.428924296275,7008.409608745552,7064.841047465831,7121.726869912778,7179.070734766296,7236.876330165845,7295.147373947643,7353.887613883764,7413.100827923194,7472.790824434837,7532.961442452409,7593.616551921397,7654.7600539479145,7716.395881049652,7778.527997408752,7841.160399126823,7904.2971144818985,7967.94220418758,8032.099761654146,8096.773913251861,8161.968818576374,8227.688670716232,8293.937696522553,8360.720156880894,8428.04034698531,8495.90259661459,8564.311270410717,8633.270768159597,8702.785525074065,8772.860012079082,8843.498736099358,8914.706240349144,8986.487104624512,9058.845945597834,9131.787417114787,9205.31621049359,9279.437054826807,9354.154717285446,9429.47400342559,9505.399757497484,9581.936862757088,9659.090241780126,9736.864856778713,9815.265709920519,9894.297843650465,9973.966341015032,10054.276325989182,10135.232963805956,10216.841461288606,10299.107067185563,10382.035072507933,10465.630810869876,10549.89965883156,10634.84703624505,10720.478406602804,10806.799277389146,10893.815200434417,10981.531772272076,11069.954634498676,11159.08947413668,11248.94202400021,11339.518063063782,11430.823416834026,11522.863957724268,11615.64560543233,11709.174327321158,11803.456138802712,11898.49710372478,11994.303334761045,12090.880993804161,12188.23629236214,12286.375491957784,12385.304904531427,12485.030892846919,12585.55987090084,12686.898304334996,12789.052710852275,12892.029660635888,12995.8357767719,13100.477735675182,13205.962267518828,13312.296156667053,13419.486242111492,13527.539417911097,13636.462633635434,13746.262894811807,13856.947263375758,13968.522858125163,14080.996855178266,14194.376488435144,14308.66905004285,14423.881890864615] 0.31126199007860056 [Infinity,Infinity,Infinity,Infinity,Infinity,Infinity,Infinity,Infinity,Infinity,Infinity,Infinity,Infinity,Infinity,Infinity,Infinity,Infinity,Infinity,Infinity,Infinity,Infinity,Infinity,Infinity,Infinity,Infinity,Infinity,Infinity,Infinity,Infinity,Infinity,Infinity,Infinity,Infinity,Infinity,Infinity,Infinity,Infinity,Infinity,Infinity,Infinity,Infinity,Infinity,Infinity,Infinity,Infinity,Infinity,Infinity,Infinity,Infinity,Infinity,Infinity,Infinity,Infinity,Infinity,Infinity,Infinity,Infinity,Infinity,Infinity,Infinity,Infinity,Infinity,Infinity,Infinity,Infinity,Infinity,Infinity,Infinity,Infinity,Infinity,Infinity,Infinity,Infinity,Infinity,Infinity,Infinity,Infinity,Infinity,Infinity,Infinity,Infinity,Infinity,Infinity,Infinity,Infinity,Infinity,Infinity,Infinity,Infinity,Infinity,Infinity,Infinity,Infinity,Infinity,Infinity,Infinity,Infinity,Infinity,Infinity,Infinity,Infinity,Infinity,Infinity,Infinity,Infinity,Infinity,Infinity,Infinity,Infinity,Infinity,Infinity,Infinity,Infinity,Infinity,Infinity,Infinity,Infinity,Infinity,Infinity,Infinity,Infinity,Infinity,Infinity,Infinity,Infinity,Infinity,Infinity,Infinity,Infinity,Infinity,Infinity,Infinity,Infinity,Infinity,Infinity,Infinity,Infinity,Infinity,Infinity,Infinity,Infinity,Infinity,Infinity,Infinity,Infinity,Infinity,Infinity,Infinity,Infinity,Infinity,Infinity,Infinity,Infinity,Infinity,Infinity,Infinity,Infinity,Infinity,Infinity,Infinity,Infinity,Infinity,Infinity,Infinity,Infinity,Infinity,Infinity,Infinity,Infinity,Infinity,Infinity,Infinity,Infinity,Infinity,Infinity,Infinity,Infinity,Infinity,Infinity,Infinity,Infinity,Infinity,Infinity,Infinity,Infinity,Infinity,Infinity,Infinity,Infinity,Infinity,Infinity,Infinity,Infinity,Infinity,Infinity,Infinity,Infinity,Infinity,Infinity,Infinity,Infinity,Infinity,Infinity,Infinity,Infinity,Infinity,Infinity,Infinity,Infinity,Infinity,Infinity,Infinity,Infinity,Infinity,Infinity,Infinity,Infinity,Infinity,Infinity,Infinity,Infinity,Infinity,Infinity,Infinity,Infinity,Infinity,Infinity,Infinity,Infinity,Infinity,Infinity,Infinity,Infinity,Infinity,Infinity,Infinity,Infinity,Infinity,Infinity,Infinity,Infinity,Infinity,Infinity,Infinity,Infinity,Infinity,Infinity,Infinity,Infinity,Infinity,Infinity,Infinity,Infinity,Infinity,Infinity,Infinity,Infinity,Infinity,Infinity,Infinity,Infinity,Infinity,Infinity,Infinity,Infinity,Infinity,Infinity,Infinity,Infinity,Infinity,Infinity,Infinity,Infinity,Infinity,Infinity,Infinity,Infinity,Infinity,Infinity,Infinity,Infinity,Infinity,Infinity,Infinity,Infinity,Infinity,Infinity,Infinity,Infinity,Infinity,Infinity,Infinity,Infinity,Infinity,Infinity,Infinity,Infinity,Infinity,Infinity,Infinity,Infinity] [0.0,0.0,0.0,0.0,0.0,0.0,0.0,0.0,0.0,0.0,0.0,0.0,0.0,0.0,0.0,0.0,0.0,0.0,0.0,0.0,0.0,0.0,0.0,0.0,0.0,0.0,0.0,0.0,0.0,0.0,0.0,0.0,0.0,0.0,0.0,0.0,0.0,0.0,0.0,0.0,0.0,0.0,0.0,0.0,0.0,0.0,0.0,0.0,0.0,0.0,0.0,0.0,0.0,0.0,0.0,0.0,0.0,0.0,0.0,0.0,0.0,0.0,0.0,0.0,0.0,0.0,0.0,0.0,0.0,0.0,0.0,0.0,0.0,0.0,0.0,0.0,0.0,0.0,0.0,0.0,0.0,0.0,0.0,0.0,0.0,0.0,0.0,0.0,0.0,0.0,0.0,0.0,0.0,0.0,0.0,0.0,0.0,0.0,0.0,0.0,0.0,0.0,0.0,0.0,0.0,0.0,0.0,0.0,0.0,0.0,0.0,0.0,0.0,0.0,0.0,0.0,0.0,0.0,0.0,0.0,0.0,0.0,0.0,0.0,0.0,0.0,0.0,0.0,0.0,0.0,0.0,0.0,0.0,0.0,0.0,0.0,0.0,0.0,0.0,0.0,0.0,0.0,0.0,0.0,0.0,0.0,0.0,0.0,0.0,0.0,0.0,0.0,0.0,0.0,0.0,0.0,0.0,0.0,0.0,0.0,0.0,0.0,0.0,0.0,0.0,0.0,0.0,0.0,0.0,0.0,0.0,0.0,0.0,0.0,0.0,0.0,0.0,0.0,0.0,0.0,0.0,0.0,0.0,0.0,0.0,0.0,0.0,0.0,0.0,0.0,0.0,0.0,0.0,0.0,0.0,0.0,0.0,0.0,0.0,0.0,0.0,0.0,0.0,0.0,0.0,0.0,0.0,0.0,0.0,0.0,0.0,0.0,0.0,0.0,0.0,0.0,0.0,0.0,0.0,0.0,0.0,0.0,0.0,0.0,0.0,0.0,0.0,0.0,0.0,0.0,0.0,0.0,0.0,0.0,0.0,0.0,0.0,0.0,0.0,0.0,0.0,0.0,0.0,0.0,0.0,0.0,0.0,0.0,0.0,0.0,0.0,0.0,0.0,0.0,0.0,0.0,0.0,0.0,0.0,0.0,0.0,0.0,0.0,0.0,0.0,0.0,0.0,0.0,0.0,0.0,0.0,0.0,0.0,0.0,0.0,0.0,0.0,0.0,0.0,0.0,0.0,0.0,0.0,0.0,0.0,0.0,0.0,0.0,0.0,0.0,0.0,0.0,0.0,0.0,0.0,0.0,0.0,0.0,0.0,0.0]
56248.06135283648 [0.0,0.0,0.0,0.0,0.0,0.0,0.0,0.0,0.0,0.0,0.0,0.0,0.0,0.0,0.0,0.0,0.0,0.0,0.0,0.0,0.0,0.0,0.0,0.0,0.0,0.0,0.0,0.0,0.0,0.0,0.0,0.0,0.0,0.0,0.0,0.0,0.0,0.0,0.0,0.0,0.0,0.0,0.0,0.0,0.0,0.0,0.0,0.0,0.0,0.0,0.0,0.0,0.0,0.0,0.0,0.0,0.0,0.0,0.0,0.0,0.0,0.0,0.0,0.0,0.0,0.0,0.0,0.0,0.0,0.0,0.0,0.0,0.0,0.0,0.0,0.0,0.0,0.0,0.0,0.0,0.0,0.0,0.0,0.0,0.0,0.0,0.0,0.0,0.0,0.0,0.0,0.0,0.0,0.0,0.0,0.0,0.0,0.0,0.0,0.0,0.0,0.0,0.0,0.0,0.0,0.0,0.0,0.0,0.0,0.0,0.0,0.0,0.0,0.0,0.0,0.0,0.0,0.0,0.0,0.0,0.0,0.0,0.0,0.0,0.0,0.0,0.0,0.0,0.0,0.0,0.0,0.0,0.0,0.0,0.0,0.0,0.0,0.0,0.0,0.0,170.94732870346462,214.6947408077802,253.5386833048971,223.3831334332461,173.60390837863284,182.66099271340792,246.6398992187922,283.2657036672017,291.0060737137607,309.70056149944185,300.9114154689246,289.0300295666184,249.7019585380032,255.17476505007758,314.0969252108416,353.9621487316247,443.86459315617077,527.5989614775139,617.6116604364998,762.5825585623171,779.9892488660313,664.1975462630946,534.8608568144891,445.94385022706115,399.8971285498425,379.75772107491116,434.83962767134284,502.12589034541503,595.7405997054327,720.7608360838874,855.7666002060464,879.5238618749327,829.4525000466982,835.0149788153636,807.5329899370549,873.1092020167697,851.7744430264419,777.773039157746,739.9673612103503,787.711935215137,709.7574927944547,584.1796731596519,529.4277781568137,502.16613981284877,526.5829057118302,567.362805242937,690.2464770470319,807.4528556538855,771.0605582708891,714.5368712436685,664.4879542469039,750.887651044433,616.4095107490476,613.7845235631783,505.107452665069,486.697665916404,483.6525997561122,448.999375366387,456.77222003888136,455.01922141543264,408.99178637247957,467.3550914027585,491.8464068721178,578.2567903460055,620.6674742893393,619.5453824699498,538.2154539491854,477.7359912011504,414.2505879613843,429.4563812815512,484.64825126586106,429.679839402278,382.2570431977982,455.58714644333486,502.851950288263,481.8257523717894,480.28187312146287,502.77919410214116,422.35602698857673,443.5825461775206,475.3624373363289,446.9546899066361,460.08044735138014,467.20819515540717,415.0874331068495,280.35924621953166,194.77550477899766,210.6219333726978,294.45374472468734,387.7249560689243,339.5997542917945,324.07654362109787,323.4271892623323,303.83584013837094,302.82942459803513,261.3311075854634,236.48447542665514,225.11723492932336,214.81003847889437,217.13523276929786,214.9285893635283,176.8928184504791,166.27816102398148,180.57271493635213,153.5913581528612,148.0079012820527,156.26793451378518,135.75830885018325,134.6076494054237,108.3347021807039,98.45227049289824,94.83500193956425,90.25806047062532,100.66393925510775,95.76988913342498,100.11609689141359,109.04277571861446,122.30998252455072,98.2634403370022,96.73716197251434,85.53371067758233,78.77511099835225,82.85183222086398,71.1161169174508,85.60670842747129,86.5538556070686,110.8328298608424,138.1393589175507,137.94619808922616,125.26784670749876,114.57506123040875,114.33708847793032,92.07735689242189,72.59520264353618,77.88544926531554,70.75750938255959,56.52748458362037,56.92153797672139,56.34403733527418,54.015692548020205,44.92447195705736,41.53492565796018,39.68170979493531,36.2181843828099,36.53693197814148,30.11482992599938,27.97861900632859,33.74415044203798,29.816249424803065,25.82322360182956,25.07627119537753,23.029084373332623,20.8127918179462,20.65694270298274,19.296212797535077,22.300025177991866,21.03647045833698,20.871626893996293,26.43777397156833,23.6753761942591] [1311.2619900786005,1321.8202200865917,1332.463464547639,1343.19240799478,1354.0077404728797,1364.9101575830227,1375.9003605272408,1386.9790561536227,1398.1469570017646,1409.4047813486081,1420.7532532546286,1432.193102610412,1443.7250651835902,1455.3498826661717,1467.068302722235,1478.881079036026,1490.78897136042,1502.7927455657994,1514.8931736892998,1527.0910339844697,1539.3871109713293,1551.7821954868166,1564.2770847356642,1576.872582341659,1589.569498399342,1602.368649526097,1615.270858914685,1628.2769563861766,1641.3877784433362,1654.6041683244075,1667.9269760573632,1681.3570585145608,1694.895279467867,1708.5425096441993,1722.2996267815402,1736.1675156853773,1750.1470682856248,1764.2391836939755,1778.4447682617345,1792.7647356381167,1807.2000068289992,1821.7515102561672,1836.4201818170154,1851.2069649447558,1866.112810669078,1881.1386776773347,1896.285532376183,1911.5543489537563,1926.9461094423048,1942.4618037813711,1958.1024298814455,1973.8689936881608,1989.7625092469793,2005.7839987684179,2021.9344926937952,2038.215029761504,2054.626657073813,2071.1704301642176,2087.8474130653335,2104.6586783773164,2121.605307336866,2138.6883898867477,2155.9090247459117,2173.268319480143,2190.767390573309,2208.407363499154,2226.1893727937027,2244.1145621282076,2262.184084382728,2280.399101720259,2298.7607856614945,2317.2703171601615,2335.9288866789793,2354.7376942662327,2373.6979496329395,2392.810872230673,2412.077691329971,2431.4996460994216,2451.0779856853383,2470.813969292122,2490.7088662632277,2510.763956162824,2530.9805288580706,2551.359884602096,2571.9033341176064,2592.612198681206,2613.487810208354,2634.5315113390543,2655.7446555241822,2677.1286071125573,2698.6847414386757,2720.4144449111714,2742.319115101994,2764.4001608362782,2786.6590022829737,2809.097071046162,2831.715810257159,2854.5166746673017,2877.5011307415425,2900.67065675274,2924.0267428767575,2947.570891288285,2971.304616257478,2995.22944424732,3019.346914011829,3043.658576695001,3068.1659959305807,3092.870747942638,3117.7744216469364,3142.87861875312,3168.1849538677375,3193.695054598094,3219.410561656912,3245.333128967883,3271.4644237720117,3297.806126734876,3324.3599320546946,3351.1275475713155,3378.1106948760344,3405.3111094223436,3432.7305406375262,3460.3707520352004,3488.23352132871,3516.320640545493,3544.6339161423107,3573.1751691214417,3601.9462351478164,3630.9489646670518,3660.1852230244945,3689.6568905851636,3719.3658628547196,3749.3140506013438,3779.5033799786634,3809.935792649603,3840.6132459112973,3871.5377128209448,3902.7111823227383,3934.135659375755,3965.8131650829396,3997.7457368210635,4029.9354283717907,4062.3843100537392,4095.0944688556665,4128.068008570669,4161.3070499315045,4194.813730746993,4228.590206039511,4262.638648183577,4296.961247045588,4331.560210124669,4366.437762694626,4401.596147947099,4437.037627135803,4472.764479721992,4508.779003521039,4545.083514850253,4581.680348677821,4618.571858773019,4655.7604178575675,4693.248417758249,4731.038269560753,4769.132403764733,4807.533270440121,4846.243339384716,4885.265100283049,4924.601062866471,4964.253757074609,5004.22573321805,5044.519562142395,5085.137835393579,5126.08316538458,5167.3581855634,5208.965550582488,5250.907936469426,5293.188040799074,5335.808582867062,5378.772303864684,5422.081967055189,5465.740357951513,5509.7502844954415,5554.1145772382,5598.836089522486,5643.917697666003,5689.362301146471,5735.17282278806,5781.352208949439,5827.903429713208,5874.829479076986,5922.133375145914,5969.818160326825,6017.886901523867,6066.342690335802,6115.188643254807,6164.427901866934,6214.06363305417,6264.099029198114,6314.537308385285,6365.381714614103,6416.635518003553,6468.302015003491,6520.384528606639,6572.88640856233,6625.811031591967,6679.16180160615,6732.942149923667,6787.155535492116,6841.805445110439,6896.895393653112,6952.428924296275,7008.409608745552,7064.841047465831,7121.726869912778,7179.070734766296,7236.876330165845,7295.147373947643,7353.887613883764,7413.100827923194,7472.790824434837,7532.961442452409,7593.616551921397,7654.7600539479145,7716.395881049652,7778.527997408752,7841.160399126823,7904.2971144818985,7967.94220418758,8032.099761654146,8096.773913251861,8161.968818576374,8227.688670716232,8293.937696522553,8360.720156880894,8428.04034698531,8495.90259661459,8564.311270410717,8633.270768159597,8702.785525074065,8772.860012079082,8843.498736099358,8914.706240349144,8986.487104624512,9058.845945597834,9131.787417114787,9205.31621049359,9279.437054826807,9354.154717285446,9429.47400342559,9505.399757497484,9581.936862757088,9659.090241780126,9736.864856778713,9815.265709920519,9894.297843650465,9973.966341015032,10054.276325989182,10135.232963805956,10216.841461288606,10299.107067185563,10382.035072507933,10465.630810869876,10549.89965883156,10634.84703624505,10720.478406602804,10806.799277389146,10893.815200434417,10981.531772272076,11069.954634498676,11159.08947413668,11248.94202400021,11339.518063063782,11430.823416834026,11522.863957724268,11615.64560543233,11709.174327321158,11803.456138802712,11898.49710372478,11994.303334761045,12090.880993804161,12188.23629236214,12286.375491957784,12385.304904531427,12485.030892846919,12585.55987090084,12686.898304334996,12789.052710852275,12892.029660635888,12995.8357767719,13100.477735675182,13205.962267518828,13312.296156667053,13419.486242111492,13527.539417911097,13636.462633635434,13746.262894811807,13856.947263375758,13968.522858125163,14080.996855178266,14194.376488435144,14308.66905004285,14423.881890864615] 0.31126199007860056 [Infinity,Infinity,Infinity,Infinity,Infinity,Infinity,Infinity,Infinity,Infinity,Infinity,Infinity,Infinity,Infinity,Infinity,Infinity,Infinity,Infinity,Infinity,Infinity,Infinity,Infinity,Infinity,Infinity,Infinity,Infinity,Infinity,Infinity,Infinity,Infinity,Infinity,Infinity,Infinity,Infinity,Infinity,Infinity,Infinity,Infinity,Infinity,Infinity,Infinity,Infinity,Infinity,Infinity,Infinity,Infinity,Infinity,Infinity,Infinity,Infinity,Infinity,Infinity,Infinity,Infinity,Infinity,Infinity,Infinity,Infinity,Infinity,Infinity,Infinity,Infinity,Infinity,Infinity,Infinity,Infinity,Infinity,Infinity,Infinity,Infinity,Infinity,Infinity,Infinity,Infinity,Infinity,Infinity,Infinity,Infinity,Infinity,Infinity,Infinity,Infinity,Infinity,Infinity,Infinity,Infinity,Infinity,Infinity,Infinity,Infinity,Infinity,Infinity,Infinity,Infinity,Infinity,Infinity,Infinity,Infinity,Infinity,Infinity,Infinity,Infinity,Infinity,Infinity,Infinity,Infinity,Infinity,Infinity,Infinity,Infinity,Infinity,Infinity,Infinity,Infinity,Infinity,Infinity,Infinity,Infinity,Infinity,Infinity,Infinity,Infinity,Infinity,Infinity,Infinity,Infinity,Infinity,Infinity,Infinity,Infinity,Infinity,Infinity,Infinity,Infinity,Infinity,Infinity,Infinity,Infinity,Infinity,Infinity,Infinity,8.555176597317681,11.549750864706462,12.480485323782542,10.883253319326036,8.959299766462443,8.981088989912667,11.003681459908057,13.578986028204344,15.372025164425073,15.95721075048726,15.158563928333209,13.424561817910666,12.189217831091952,12.850022539393981,15.273519911056567,18.493195634379738,22.05410107516905,26.616861468093788,32.69942117781652,38.115151397243594,39.16168896126648,34.773670313918885,28.349629252347732,23.31044972895656,20.431270993750676,19.67067251330482,21.131581539476848,25.027012343369996,30.962008274504615,37.472551081897635,42.887907261476165,45.393184275088444,43.70615226824868,40.769998957161306,41.0341513344048,43.55052626933552,43.73943274929239,41.12223947715099,39.3985559758551,39.09188438193459,36.34390020127459,30.447102003817992,26.196428247212715,26.17535616098396,28.20549327758706,30.703773095680486,33.954550100161875,37.475324907609604,39.29636362503547,38.89376889901732,37.86166419562903,36.28330350120299,32.60859029355987,28.00353340066159,25.46738813564186,24.391095964022405,22.793354705817347,21.772810573288,22.30016331424313,22.13600215274944,20.801345914928316,21.26709074323953,24.108049262155813,27.724523921252302,30.395046061456327,30.73337263355905,28.357240792339166,24.52033195210252,21.844621768703576,21.677836626005437,23.053987868910514,21.476844068922794,19.39350578567091,22.563892756903392,25.605136622082266,25.274105479383625,24.295132941114513,22.990559893330804,21.707832456153515,22.076169137898805,23.086265073200416,23.18135971064106,22.17103285271508,21.700470244963093,20.422097921085832,14.135975605434126,9.516173464666824,10.843976984108473,15.419028335870602,17.664622013643076,17.384393092930168,16.77000115165678,16.04237840319842,15.345954974521778,14.685424643519529,13.829060423220657,12.610848141037142,11.945989634742656,11.249437987147367,10.244856521601346,10.18221900076396,9.360425475472926,8.698875407722287,8.424422678190528,7.778551418908345,7.622601777238236,7.5248229782410005,7.200175400296798,6.58457057152219,5.869358252539233,5.216690477262647,4.588467617222824,4.797590507675599,4.879494901337911,4.798034938840402,5.133008443752017,5.965577283762146,6.215408350368641,5.3874804547645585,4.890026593309124,4.016547313585706,4.1646604592482035,3.9462559289195625,3.282803384786569,4.025083712007815,4.397517539429857,5.683388470276179,6.610400615071443,6.72556829420098,6.578893298413496,6.234950126223948,5.742524286562415,4.773438045119143,4.037507632474711,3.6805369507768146,3.3302276791944037,2.9140584171819084,2.9484152147059364,2.810118978451287,2.5837734134311994,2.298862125936948,2.117315658905446,1.9860094488886026,1.8381256008448994,1.6644888307759893,1.4894717942268643,1.442607900267689,1.5014533345341856,1.4457221395432585,1.3241340889240014,1.220794095726327,1.0969611841786284,1.0760264331240008,0.996270793780624,0.9774397665463654,1.0508738784228988,1.1067509254519214,1.151863817097313,1.2063781215278024,1.174331122401569] [0.0,0.0,0.0,0.0,0.0,0.0,0.0,0.0,0.0,0.0,0.0,0.0,0.0,0.0,0.0,0.0,0.0,0.0,0.0,0.0,0.0,0.0,0.0,0.0,0.0,0.0,0.0,0.0,0.0,0.0,0.0,0.0,0.0,0.0,0.0,0.0,0.0,0.0,0.0,0.0,0.0,0.0,0.0,0.0,0.0,0.0,0.0,0.0,0.0,0.0,0.0,0.0,0.0,0.0,0.0,0.0,0.0,0.0,0.0,0.0,0.0,0.0,0.0,0.0,0.0,0.0,0.0,0.0,0.0,0.0,0.0,0.0,0.0,0.0,0.0,0.0,0.0,0.0,0.0,0.0,0.0,0.0,0.0,0.0,0.0,0.0,0.0,0.0,0.0,0.0,0.0,0.0,0.0,0.0,0.0,0.0,0.0,0.0,0.0,0.0,0.0,0.0,0.0,0.0,0.0,0.0,0.0,0.0,0.0,0.0,0.0,0.0,0.0,0.0,0.0,0.0,0.0,0.0,0.0,0.0,0.0,0.0,0.0,0.0,0.0,0.0,0.0,0.0,0.0,0.0,0.0,0.0,0.0,0.0,0.0,0.0,0.0,0.0,0.0,0.0,-0.15620324288901838,-16.30027648634904,3.928976829246269,5.718067046725377,-5.582086950616031,3.0392129151545584,26.566270020631062,11.68598310311482,-16.43442957474077,-9.443653510303358,-2.259863097739566,20.538793208405107,5.91760191616415,-1.82568573780205,8.62652698971028,-15.901763955969995,2.782571652789755,-4.738267884361852,-36.37676311983059,0.27953061744533336,-3.2445303592981607,-31.275860015283147,-32.131728232465534,-20.26514435207001,-8.728291325171025,-13.655729191185252,12.207996881805887,1.5856434780151423,-23.499565784659623,-28.69018555406519,-1.9915450234768568,-28.339823626836132,-44.670545318275295,19.614999672137532,-13.150036751041037,2.0986766300592183,-23.014211959405973,-44.67175038527384,-48.00375830675177,5.8742475764452164,-17.12051123103723,-24.76236691670792,5.499213212559402,-21.340983406830432,-37.52695983991097,-46.71265667067268,11.155475043794516,57.94635750169346,-14.866714229820259,-63.33850673667783,-92.74532966567679,25.22158102037329,-35.76229512214981,53.71385554994649,-4.240310047768145,-1.124253364044123,27.785505639765212,13.543163900627004,10.768953754018748,12.299178360443795,-7.035131926086761,42.01327653796783,9.685421629001555,23.76631192095944,12.76655306021284,4.877929798768865,-28.929361897597918,-12.670647840900013,-22.64184741268721,-4.100351238557548,23.568493887650796,0.14295802382215272,-5.613072515619991,4.309291305266987,-9.250782153382344,-23.656357215883073,-5.620785700827413,42.96799623552507,-11.800622134493546,2.0591634195445003,13.637135872320604,-16.672504306185175,16.659790297078615,33.1987902561453,6.64547468513285,-2.3602658891508406,4.452035485661166,-6.257606309471633,-13.926821992724685,34.43251579606281,-8.088107566808828,-11.323479412037647,2.5796211983639377,-3.0832593520645792,9.12093172764455,-15.25010087894971,-15.73248739408769,-13.802557765529741,-10.178721264052957,12.238102337270943,11.284209348249119,-10.31569105897942,-7.69934713046428,12.084261372541597,-1.9796702253056913,-4.444134262712027,5.77147494896516,-8.245199155752701,2.9162379749799126,-9.052462870080756,-5.881539052354693,3.0656495951077787,-5.693749682886644,3.0740412283495235,-0.1908096433830623,-2.5440719836267336,-10.268769956628448,-1.9981844828220972,-9.486168758288969,-1.063369893668144,5.202764405868208,-4.518098186611818,3.926713642472738,5.460049221719416,5.105034187314999,-1.3964951815285365,-2.8349395446811783,5.931346616121863,3.4348322052065727,-6.310019260771153,-10.123941294070224,-0.5133972533179816,-3.3914040099609584,-8.154950005958028,4.274710249779248,4.152955798671509,-1.753683760017795,-2.0467663173973363,0.14165776624843796,2.340224279396217,-1.0527705616816045,-0.811387520148733,-0.0384791828367438,-0.5443276340880872,3.2471553626216947,0.325394041462092,-0.8735389990251944,3.7150837513542654,0.9018066339378953,-0.659458176650469,0.6603892808509874,1.0898606897600547,-0.7077368445338166,0.7315268273702605,-0.25258253339223263,1.2825476095338895,-1.098548050701448,-2.165649447949967,2.310211541012283,0.18875374622772195]
56165.60163311529 [0.0,0.0,0.0,0.0,0.0,0.0,0.0,0.0,0.0,0.0,0.0,0.0,0.0,0.0,0.0,0.0,0.0,0.0,0.0,0.0,0.0,0.0,0.0,0.0,0.0,0.0,0.0,0.0,0.0,0.0,0.0,0.0,0.0,0.0,0.0,0.0,0.0,0.0,0.0,0.0,0.0,0.0,0.0,0.0,0.0,0.0,0.0,0.0,0.0,0.0,0.0,0.0,0.0,0.0,0.0,0.0,0.0,0.0,0.0,0.0,0.0,0.0,0.0,0.0,0.0,0.0,0.0,0.0,0.0,0.0,0.0,0.0,0.0,0.0,0.0,0.0,0.0,0.0,0.0,0.0,0.0,0.0,0.0,0.0,0.0,0.0,0.0,0.0,0.0,0.0,0.0,0.0,0.0,0.0,0.0,0.0,0.0,0.0,0.0,0.0,0.0,0.0,0.0,0.0,0.0,0.0,0.0,0.0,0.0,0.0,0.0,0.0,0.0,0.0,0.0,0.0,0.0,0.0,0.0,0.0,0.0,0.0,0.0,0.0,0.0,0.0,0.0,0.0,0.0,0.0,0.0,0.0,0.0,0.0,0.0,0.0,0.0,0.0,0.0,0.0,0.0,0.0,0.0,0.0,0.0,0.0,0.0,0.0,0.0,0.0,0.0,0.0,0.0,0.0,0.0,0.0,0.0,0.0,0.0,0.0,0.0,0.0,0.0,0.0,0.0,0.0,0.0,0.0,0.0,0.0,0.0,0.0,0.0,0.0,0.0,0.0,0.0,0.0,0.0,0.0,0.0,0.0,0.0,0.0,0.0,0.0,0.0,0.0,0.0,0.0,0.0,0.0,0.0,0.0,0.0,0.0,0.0,0.0,0.0,0.0,0.0,0.0,0.0,0.0,0.0,0.0,0.0,0.0,0.0,0.0,0.0,0.0,0.0,0.0,0.0,0.0,0.0,0.0,0.0,0.0,0.0,0.0,0.0,0.0,0.0,0.0,0.0,0.0,0.0,0.0,0.0,0.0,0.0,0.0,0.0,0.0,0.0,0.0,0.0,0.0,0.0,0.0,0.0,0.0,0.0,0.0,0.0,0.0,0.0,0.0,0.0,0.0,0.0,0.0,0.0,0.0,0.0,0.0,0.0,0.0,0.0,0.0,0.0,0.0,0.0,0.0,0.0,0.0,0.0,0.0,0.0,0.0,0.0,0.0,0.0,0.0,0.0,0.0,0.0,0.0,0.0,0.0,0.0,0.0,0.0,0.0,0.0,0.0,0.0,0.0,0.0,0.0,0.0,0.0,0.0,0.0,0.0,0.0,0.0,0.0] [1311.2619900786005,1321.8202200865917,1332.463464547639,1343.19240799478,1354.0077404728797,1364.9101575830227,1375.9003605272408,1386.9790561536227,1398.1469570017646,1409.4047813486081,1420.7532532546286,1432.193102610412,1443.7250651835902,1455.3498826661717,1467.068302722235,1478.881079036026,1490.78897136042,1502.7927455657994,1514.8931736892998,1527.0910339844697,1539.3871109713293,1551.7821954868166,1564.2770847356642,1576.872582341659,1589.569498399342,1602.368649526097,1615.270858914685,1628.2769563861766,1641.3877784433362,1654.6041683244075,1667.9269760573632,1681.3570585145608,1694.895279467867,1708.5425096441993,1722.2996267815402,1736.1675156853773,1750.1470682856248,1764.2391836939755,1778.4447682617345,1792.7647356381167,1807.2000068289992,1821.7515102561672,1836.4201818170154,1851.2069649447558,1866.112810669078,1881.1386776773347,1896.285532376183,1911.5543489537563,1926.9461094423048,1942.4618037813711,1958.1024298814455,1973.8689936881608,1989.7625092469793,2005.7839987684179,2021.9344926937952,2038.215029761504,2054.626657073813,2071.1704301642176,2087.8474130653335,2104.6586783773164,2121.605307336866,2138.6883898867477,2155.9090247459117,2173.268319480143,2190.767390573309,2208.407363499154,2226.1893727937027,2244.1145621282076,2262.184084382728,2280.399101720259,2298.7607856614945,2317.2703171601615,2335.9288866789793,2354.7376942662327,2373.6979496329395,2392.810872230673,2412.077691329971,2431.4996460994216,2451.0779856853383,2470.813969292122,2490.7088662632277,2510.763956162824,2530.9805288580706,2551.359884602096,2571.9033341176064,2592.612198681206,2613.487810208354,2634.5315113390543,2655.7446555241822,2677.1286071125573,2698.6847414386757,2720.4144449111714,2742.319115101994,2764.4001608362782,2786.6590022829737,2809.097071046162,2831.715810257159,2854.5166746673017,2877.5011307415425,2900.67065675274,2924.0267428767575,2947.570891288285,2971.304616257478,2995.22944424732,3019.346914011829,3043.658576695001,3068.1659959305807,3092.870747942638,3117.7744216469364,3142.87861875312,3168.1849538677375,3193.695054598094,3219.410561656912,3245.333128967883,3271.4644237720117,3297.806126734876,3324.3599320546946,3351.1275475713155,3378.1106948760344,3405.3111094223436,3432.7305406375262,3460.3707520352004,3488.23352132871,3516.320640545493,3544.6339161423107,3573.1751691214417,3601.9462351478164,3630.9489646670518,3660.1852230244945,3689.6568905851636,3719.3658628547196,3749.3140506013438,3779.5033799786634,3809.935792649603,3840.6132459112973,3871.5377128209448,3902.7111823227383,3934.135659375755,3965.8131650829396,3997.7457368210635,4029.9354283717907,4062.3843100537392,4095.0944688556665,4128.068008570669,4161.3070499315045,4194.813730746993,4228.590206039511,4262.638648183577,4296.961247045588,4331.560210124669,4366.437762694626,4401.596147947099,4437.037627135803,4472.764479721992,4508.779003521039,4545.083514850253,4581.680348677821,4618.571858773019,4655.7604178575675,4693.248417758249,4731.038269560753,4769.132403764733,4807.533270440121,4846.243339384716,4885.265100283049,4924.601062866471,4964.253757074609,5004.22573321805,5044.519562142395,5085.137835393579,5126.08316538458,5167.3581855634,5208.965550582488,5250.907936469426,5293.188040799074,5335.808582867062,5378.772303864684,5422.081967055189,5465.740357951513,5509.7502844954415,5554.1145772382,5598.836089522486,5643.917697666003,5689.362301146471,5735.17282278806,5781.352208949439,5827.903429713208,5874.829479076986,5922.133375145914,5969.818160326825,6017.886901523867,6066.342690335802,6115.188643254807,6164.427901866934,6214.06363305417,6264.099029198114,6314.537308385285,6365.381714614103,6416.635518003553,6468.302015003491,6520.384528606639,6572.88640856233,6625.811031591967,6679.16180160615,6732.942149923667,6787.155535492116,6841.805445110439,6896.895393653112,6952.428924296275,7008.409608745552,7064.841047465831,7121.726869912778,7179.070734766296,7236.876330165845,7295.147373947643,7353.887613883764,7413.100827923194,7472.790824434837,7532.961442452409,7593.616551921397,7654.7600539479145,7716.395881049652,7778.527997408752,7841.160399126823,7904.2971144818985,7967.94220418758,8032.099761654146,8096.773913251861,8161.968818576374,8227.688670716232,8293.937696522553,8360.720156880894,8428.04034698531,8495.90259661459,8564.311270410717,8633.270768159597,8702.785525074065,8772.860012079082,8843.498736099358,8914.706240349144,8986.487104624512,9058.845945597834,9131.787417114787,9205.31621049359,9279.437054826807,9354.154717285446,9429.47400342559,9505.399757497484,9581.936862757088,9659.090241780126,9736.864856778713,9815.265709920519,9894.297843650465,9973.966341015032,10054.276325989182,10135.232963805956,10216.841461288606,10299.107067185563,10382.035072507933,10465.630810869876,10549.89965883156,10634.84703624505,10720.478406602804,10806.799277389146,10893.815200434417,10981.531772272076,11069.954634498676,11159.08947413668,11248.94202400021,11339.518063063782,11430.823416834026,11522.863957724268,11615.64560543233,11709.174327321158,11803.456138802712,11898.49710372478,11994.303334761045,12090.880993804161,12188.23629236214,12286.375491957784,12385.304904531427,12485.030892846919,12585.55987090084,12686.898304334996,12789.052710852275,12892.029660635888,12995.8357767719,13100.477735675182,13205.962267518828,13312.296156667053,13419.486242111492,13527.539417911097,13636.462633635434,13746.262894811807,13856.947263375758,13968.522858125163,14080.996855178266,14194.376488435144,14308.66905004285,14423.881890864615] 0.31126199007860056 [Infinity,Infinity,Infinity,Infinity,Infinity,Infinity,Infinity,Infinity,Infinity,Infinity,Infinity,Infinity,Infinity,Infinity,Infinity,Infinity,Infinity,Infinity,Infinity,Infinity,Infinity,Infinity,Infinity,Infinity,Infinity,Infinity,Infinity,Infinity,Infinity,Infinity,Infinity,Infinity,Infinity,Infinity,Infinity,Infinity,Infinity,Infinity,Infinity,Infinity,Infinity,Infinity,Infinity,Infinity,Infinity,Infinity,Infinity,Infinity,Infinity,Infinity,Infinity,Infinity,Infinity,Infinity,Infinity,Infinity,Infinity,Infinity,Infinity,Infinity,Infinity,Infinity,Infinity,Infinity,Infinity,Infinity,Infinity,Infinity,Infinity,Infinity,Infinity,Infinity,Infinity,Infinity,Infinity,Infinity,Infinity,Infinity,Infinity,Infinity,Infinity,Infinity,Infinity,Infinity,Infinity,Infinity,Infinity,Infinity,Infinity,Infinity,Infinity,Infinity,Infinity,Infinity,Infinity,Infinity,Infinity,Infinity,Infinity,Infinity,Infinity,Infinity,Infinity,Infinity,Infinity,Infinity,Infinity,Infinity,Infinity,Infinity,Infinity,Infinity,Infinity,Infinity,Infinity,Infinity,Infinity,Infinity,Infinity,Infinity,Infinity,Infinity,Infinity,Infinity,Infinity,Infinity,Infinity,Infinity,Infinity,Infinity,Infinity,Infinity,Infinity,Infinity,Infinity,Infinity,Infinity,Infinity,Infinity,Infinity,Infinity,Infinity,Infinity,Infinity,Infinity,Infinity,Infinity,Infinity,Infinity,Infinity,Infinity,Infinity,Infinity,Infinity,Infinity,Infinity,Infinity,Infinity,Infinity,Infinity,Infinity,Infinity,Infinity,Infinity,Infinity,Infinity,Infinity,Infinity,Infinity,Infinity,Infinity,Infinity,Infinity,Infinity,Infinity,Infinity,Infinity,Infinity,Infinity,Infinity,Infinity,Infinity,Infinity,Infinity,Infinity,Infinity,Infinity,Infinity,Infinity,Infinity,Infinity,Infinity,Infinity,Infinity,Infinity,Infinity,Infinity,Infinity,Infinity,Infinity,Infinity,Infinity,Infinity,Infinity,Infinity,Infinity,Infinity,Infinity,Infinity,Infinity,Infinity,Infinity,Infinity,Infinity,Infinity,Infinity,Infinity,Infinity,Infinity,Infinity,Infinity,Infinity,Infinity,Infinity,Infinity,Infinity,Infinity,Infinity,Infinity,Infinity,Infinity,Infinity,Infinity,Infinity,Infinity,Infinity,Infinity,Infinity,Infinity,Infinity,Infinity,Infinity,Infinity,Infinity,Infinity,Infinity,Infinity,Infinity,Infinity,Infinity,Infinity,Infinity,Infinity,Infinity,Infinity,Infinity,Infinity,Infinity,Infinity,Infinity,Infinity,Infinity,Infinity,Infinity,Infinity,Infinity,Infinity,Infinity,Infinity,Infinity,Infinity,Infinity,Infinity,Infinity,Infinity,Infinity,Infinity,Infinity,Infinity,Infinity,Infinity,Infinity,Infinity,Infinity,Infinity,Infinity,Infinity,Infinity,Infinity,Infinity,Infinity,Infinity,Infinity,Infinity,Infinity,Infinity,Infinity,Infinity,Infinity,Infinity] [0.0,0.0,0.0,0.0,0.0,0.0,0.0,0.0,0.0,0.0,0.0,0.0,0.0,0.0,0.0,0.0,0.0,0.0,0.0,0.0,0.0,0.0,0.0,0.0,0.0,0.0,0.0,0.0,0.0,0.0,0.0,0.0,0.0,0.0,0.0,0.0,0.0,0.0,0.0,0.0,0.0,0.0,0.0,0.0,0.0,0.0,0.0,0.0,0.0,0.0,0.0,0.0,0.0,0.0,0.0,0.0,0.0,0.0,0.0,0.0,0.0,0.0,0.0,0.0,0.0,0.0,0.0,0.0,0.0,0.0,0.0,0.0,0.0,0.0,0.0,0.0,0.0,0.0,0.0,0.0,0.0,0.0,0.0,0.0,0.0,0.0,0.0,0.0,0.0,0.0,0.0,0.0,0.0,0.0,0.0,0.0,0.0,0.0,0.0,0.0,0.0,0.0,0.0,0.0,0.0,0.0,0.0,0.0,0.0,0.0,0.0,0.0,0.0,0.0,0.0,0.0,0.0,0.0,0.0,0.0,0.0,0.0,0.0,0.0,0.0,0.0,0.0,0.0,0.0,0.0,0.0,0.0,0.0,0.0,0.0,0.0,0.0,0.0,0.0,0.0,0.0,0.0,0.0,0.0,0.0,0.0,0.0,0.0,0.0,0.0,0.0,0.0,0.0,0.0,0.0,0.0,0.0,0.0,0.0,0.0,0.0,0.0,0.0,0.0,0.0,0.0,0.0,0.0,0.0,0.0,0.0,0.0,0.0,0.0,0.0,0.0,0.0,0.0,0.0,0.0,0.0,0.0,0.0,0.0,0.0,0.0,0.0,0.0,0.0,0.0,0.0,0.0,0.0,0.0,0.0,0.0,0.0,0.0,0.0,0.0,0.0,0.0,0.0,0.0,0.0,0.0,0.0,0.0,0.0,0.0,0.0,0.0,0.0,0.0,0.0,0.0,0.0,0.0,0.0,0.0,0.0,0.0,0.0,0.0,0.0,0.0,0.0,0.0,0.0,0.0,0.0,0.0,0.0,0.0,0.0,0.0,0.0,0.0,0.0,0.0,0.0,0.0,0.0,0.0,0.0,0.0,0.0,0.0,0.0,0.0,0.0,0.0,0.0,0.0,0.0,0.0,0.0,0.0,0.0,0.0,0.0,0.0,0.0,0.0,0.0,0.0,0.0,0.0,0.0,0.0,0.0,0.0,0.0,0.0,0.0,0.0,0.0,0.0,0.0,0.0,0.0,0.0,0.0,0.0,0.0,0.0,0.0,0.0,0.0,0.0,0.0,0.0,0.0,0.0,0.0,0.0,0.0,0.0,0.0,0.0]
56389.49909809847 [0.0,0.0,0.0,0.0,0.0,0.0,0.0,0.0,0.0,0.0,0.0,0.0,0.0,0.0,0.0,0.0,0.0,0.0,0.0,0.0,0.0,0.0,0.0,0.0,0.0,0.0,0.0,0.0,0.0,0.0,0.0,0.0,0.0,0.0,0.0,0.0,0.0,0.0,0.0,0.0,0.0,0.0,0.0,0.0,0.0,0.0,0.0,0.0,0.0,0.0,0.0,0.0,0.0,0.0,0.0,0.0,0.0,0.0,0.0,0.0,0.0,0.0,0.0,0.0,0.0,0.0,0.0,0.0,0.0,0.0,0.0,0.0,0.0,0.0,0.0,0.0,0.0,0.0,0.0,0.0,0.0,0.0,0.0,0.0,0.0,0.0,0.0,0.0,0.0,0.0,0.0,0.0,0.0,0.0,0.0,0.0,0.0,0.0,0.0,0.0,0.0,0.0,0.0,0.0,0.0,0.0,0.0,0.0,0.0,0.0,0.0,0.0,0.0,0.0,0.0,0.0,0.0,0.0,0.0,0.0,0.0,0.0,0.0,0.0,0.0,0.0,0.0,0.0,0.0,0.0,0.0,0.0,0.0,0.0,0.0,0.0,0.0,0.0,0.0,0.0,0.0,0.0,0.0,0.0,0.0,0.0,0.0,0.0,0.0,0.0,0.0,0.0,0.0,0.0,0.0,0.0,0.0,0.0,0.0,0.0,0.0,0.0,0.0,0.0,0.0,0.0,0.0,0.0,0.0,0.0,0.0,0.0,0.0,0.0,0.0,0.0,0.0,0.0,0.0,0.0,0.0,0.0,0.0,0.0,0.0,0.0,0.0,0.0,0.0,0.0,0.0,0.0,0.0,0.0,0.0,0.0,0.0,0.0,0.0,0.0,0.0,0.0,0.0,0.0,0.0,0.0,0.0,0.0,0.0,0.0,0.0,0.0,0.0,0.0,0.0,0.0,0.0,0.0,0.0,0.0,0.0,0.0,0.0,0.0,0.0,0.0,0.0,0.0,0.0,0.0,0.0,0.0,0.0,0.0,0.0,0.0,0.0,0.0,0.0,0.0,0.0,0.0,0.0,0.0,0.0,0.0,0.0,0.0,0.0,0.0,0.0,0.0,0.0,0.0,0.0,0.0,0.0,0.0,0.0,0.0,0.0,0.0,0.0,0.0,0.0,0.0,0.0,0.0,0.0,0.0,0.0,0.0,0.0,0.0,0.0,0.0,0.0,0.0,0.0,0.0,0.0,0.0,0.0,0.0,0.0,0.0,0.0,0.0,0.0,0.0,0.0,0.0,0.0,0.0,0.0,0.0,0.0,0.0,0.0,0.0] [1311.2619900786005,1321.8202200865917,1332.463464547639,1343.19240799478,1354.0077404728797,1364.9101575830227,1375.9003605272408,1386.9790561536227,1398.1469570017646,1409.4047813486081,1420.7532532546286,1432.193102610412,1443.7250651835902,1455.3498826661717,1467.068302722235,1478.881079036026,1490.78897136042,1502.7927455657994,1514.8931736892998,1527.0910339844697,1539.3871109713293,1551.7821954868166,1564.2770847356642,1576.872582341659,1589.569498399342,1602.368649526097,1615.270858914685,1628.2769563861766,1641.3877784433362,1654.6041683244075,1667.9269760573632,1681.3570585145608,1694.895279467867,1708.5425096441993,1722.2996267815402,1736.1675156853773,1750.1470682856248,1764.2391836939755,1778.4447682617345,1792.7647356381167,1807.2000068289992,1821.7515102561672,1836.4201818170154,1851.2069649447558,1866.112810669078,1881.1386776773347,1896.285532376183,1911.5543489537563,1926.9461094423048,1942.4618037813711,1958.1024298814455,1973.8689936881608,1989.7625092469793,2005.7839987684179,2021.9344926937952,2038.215029761504,2054.626657073813,2071.1704301642176,2087.8474130653335,2104.6586783773164,2121.605307336866,2138.6883898867477,2155.9090247459117,2173.268319480143,2190.767390573309,2208.407363499154,2226.1893727937027,2244.1145621282076,2262.184084382728,2280.399101720259,2298.7607856614945,2317.2703171601615,2335.9288866789793,2354.7376942662327,2373.6979496329395,2392.810872230673,2412.077691329971,2431.4996460994216,2451.0779856853383,2470.813969292122,2490.7088662632277,2510.763956162824,2530.9805288580706,2551.359884602096,2571.9033341176064,2592.612198681206,2613.487810208354,2634.5315113390543,2655.7446555241822,2677.1286071125573,2698.6847414386757,2720.4144449111714,2742.319115101994,2764.4001608362782,2786.6590022829737,2809.097071046162,2831.715810257159,2854.5166746673017,2877.5011307415425,2900.67065675274,2924.0267428767575,2947.570891288285,2971.304616257478,2995.22944424732,3019.346914011829,3043.658576695001,3068.1659959305807,3092.870747942638,3117.7744216469364,3142.87861875312,3168.1849538677375,3193.695054598094,3219.410561656912,3245.333128967883,3271.4644237720117,3297.806126734876,3324.3599320546946,3351.1275475713155,3378.1106948760344,3405.3111094223436,3432.7305406375262,3460.3707520352004,3488.23352132871,3516.320640545493,3544.6339161423107,3573.1751691214417,3601.9462351478164,3630.9489646670518,3660.1852230244945,3689.6568905851636,3719.3658628547196,3749.3140506013438,3779.5033799786634,3809.935792649603,3840.6132459112973,3871.5377128209448,3902.7111823227383,3934.135659375755,3965.8131650829396,3997.7457368210635,4029.9354283717907,4062.3843100537392,4095.0944688556665,4128.068008570669,4161.3070499315045,4194.813730746993,4228.590206039511,4262.638648183577,4296.961247045588,4331.560210124669,4366.437762694626,4401.596147947099,4437.037627135803,4472.764479721992,4508.779003521039,4545.083514850253,4581.680348677821,4618.571858773019,4655.7604178575675,4693.248417758249,4731.038269560753,4769.132403764733,4807.533270440121,4846.243339384716,4885.265100283049,4924.601062866471,4964.253757074609,5004.22573321805,5044.519562142395,5085.137835393579,5126.08316538458,5167.3581855634,5208.965550582488,5250.907936469426,5293.188040799074,5335.808582867062,5378.772303864684,5422.081967055189,5465.740357951513,5509.7502844954415,5554.1145772382,5598.836089522486,5643.917697666003,5689.362301146471,5735.17282278806,5781.352208949439,5827.903429713208,5874.829479076986,5922.133375145914,5969.818160326825,6017.886901523867,6066.342690335802,6115.188643254807,6164.427901866934,6214.06363305417,6264.099029198114,6314.537308385285,6365.381714614103,6416.635518003553,6468.302015003491,6520.384528606639,6572.88640856233,6625.811031591967,6679.16180160615,6732.942149923667,6787.155535492116,6841.805445110439,6896.895393653112,6952.428924296275,7008.409608745552,7064.841047465831,7121.726869912778,7179.070734766296,7236.876330165845,7295.147373947643,7353.887613883764,7413.100827923194,7472.790824434837,7532.961442452409,7593.616551921397,7654.7600539479145,7716.395881049652,7778.527997408752,7841.160399126823,7904.2971144818985,7967.94220418758,8032.099761654146,8096.773913251861,8161.968818576374,8227.688670716232,8293.937696522553,8360.720156880894,8428.04034698531,8495.90259661459,8564.311270410717,8633.270768159597,8702.785525074065,8772.860012079082,8843.498736099358,8914.706240349144,8986.487104624512,9058.845945597834,9131.787417114787,9205.31621049359,9279.437054826807,9354.154717285446,9429.47400342559,9505.399757497484,9581.936862757088,9659.090241780126,9736.864856778713,9815.265709920519,9894.297843650465,9973.966341015032,10054.276325989182,10135.232963805956,10216.841461288606,10299.107067185563,10382.035072507933,10465.630810869876,10549.89965883156,10634.84703624505,10720.478406602804,10806.799277389146,10893.815200434417,10981.531772272076,11069.954634498676,11159.08947413668,11248.94202400021,11339.518063063782,11430.823416834026,11522.863957724268,11615.64560543233,11709.174327321158,11803.456138802712,11898.49710372478,11994.303334761045,12090.880993804161,12188.23629236214,12286.375491957784,12385.304904531427,12485.030892846919,12585.55987090084,12686.898304334996,12789.052710852275,12892.029660635888,12995.8357767719,13100.477735675182,13205.962267518828,13312.296156667053,13419.486242111492,13527.539417911097,13636.462633635434,13746.262894811807,13856.947263375758,13968.522858125163,14080.996855178266,14194.376488435144,14308.66905004285,14423.881890864615] 0.31126199007860056 [Infinity,Infinity,Infinity,Infinity,Infinity,Infinity,Infinity,Infinity,Infinity,Infinity,Infinity,Infinity,Infinity,Infinity,Infinity,Infinity,Infinity,Infinity,Infinity,Infinity,Infinity,Infinity,Infinity,Infinity,Infinity,Infinity,Infinity,Infinity,Infinity,Infinity,Infinity,Infinity,Infinity,Infinity,Infinity,Infinity,Infinity,Infinity,Infinity,Infinity,Infinity,Infinity,Infinity,Infinity,Infinity,Infinity,Infinity,Infinity,Infinity,Infinity,Infinity,Infinity,Infinity,Infinity,Infinity,Infinity,Infinity,Infinity,Infinity,Infinity,Infinity,Infinity,Infinity,Infinity,Infinity,Infinity,Infinity,Infinity,Infinity,Infinity,Infinity,Infinity,Infinity,Infinity,Infinity,Infinity,Infinity,Infinity,Infinity,Infinity,Infinity,Infinity,Infinity,Infinity,Infinity,Infinity,Infinity,Infinity,Infinity,Infinity,Infinity,Infinity,Infinity,Infinity,Infinity,Infinity,Infinity,Infinity,Infinity,Infinity,Infinity,Infinity,Infinity,Infinity,Infinity,Infinity,Infinity,Infinity,Infinity,Infinity,Infinity,Infinity,Infinity,Infinity,Infinity,Infinity,Infinity,Infinity,Infinity,Infinity,Infinity,Infinity,Infinity,Infinity,Infinity,Infinity,Infinity,Infinity,Infinity,Infinity,Infinity,Infinity,Infinity,Infinity,Infinity,Infinity,Infinity,Infinity,Infinity,Infinity,Infinity,Infinity,Infinity,Infinity,Infinity,Infinity,Infinity,Infinity,Infinity,Infinity,Infinity,Infinity,Infinity,Infinity,Infinity,Infinity,Infinity,Infinity,Infinity,Infinity,Infinity,Infinity,Infinity,Infinity,Infinity,Infinity,Infinity,Infinity,Infinity,Infinity,Infinity,Infinity,Infinity,Infinity,Infinity,Infinity,Infinity,Infinity,Infinity,Infinity,Infinity,Infinity,Infinity,Infinity,Infinity,Infinity,Infinity,Infinity,Infinity,Infinity,Infinity,Infinity,Infinity,Infinity,Infinity,Infinity,Infinity,Infinity,Infinity,Infinity,Infinity,Infinity,Infinity,Infinity,Infinity,Infinity,Infinity,Infinity,Infinity,Infinity,Infinity,Infinity,Infinity,Infinity,Infinity,Infinity,Infinity,Infinity,Infinity,Infinity,Infinity,Infinity,Infinity,Infinity,Infinity,Infinity,Infinity,Infinity,Infinity,Infinity,Infinity,Infinity,Infinity,Infinity,Infinity,Infinity,Infinity,Infinity,Infinity,Infinity,Infinity,Infinity,Infinity,Infinity,Infinity,Infinity,Infinity,Infinity,Infinity,Infinity,Infinity,Infinity,Infinity,Infinity,Infinity,Infinity,Infinity,Infinity,Infinity,Infinity,Infinity,Infinity,Infinity,Infinity,Infinity,Infinity,Infinity,Infinity,Infinity,Infinity,Infinity,Infinity,Infinity,Infinity,Infinity,Infinity,Infinity,Infinity,Infinity,Infinity,Infinity,Infinity,Infinity,Infinity,Infinity,Infinity,Infinity,Infinity,Infinity,Infinity,Infinity,Infinity,Infinity,Infinity,Infinity,Infinity,Infinity,Infinity,Infinity,Infinity] [0.0,0.0,0.0,0.0,0.0,0.0,0.0,0.0,0.0,0.0,0.0,0.0,0.0,0.0,0.0,0.0,0.0,0.0,0.0,0.0,0.0,0.0,0.0,0.0,0.0,0.0,0.0,0.0,0.0,0.0,0.0,0.0,0.0,0.0,0.0,0.0,0.0,0.0,0.0,0.0,0.0,0.0,0.0,0.0,0.0,0.0,0.0,0.0,0.0,0.0,0.0,0.0,0.0,0.0,0.0,0.0,0.0,0.0,0.0,0.0,0.0,0.0,0.0,0.0,0.0,0.0,0.0,0.0,0.0,0.0,0.0,0.0,0.0,0.0,0.0,0.0,0.0,0.0,0.0,0.0,0.0,0.0,0.0,0.0,0.0,0.0,0.0,0.0,0.0,0.0,0.0,0.0,0.0,0.0,0.0,0.0,0.0,0.0,0.0,0.0,0.0,0.0,0.0,0.0,0.0,0.0,0.0,0.0,0.0,0.0,0.0,0.0,0.0,0.0,0.0,0.0,0.0,0.0,0.0,0.0,0.0,0.0,0.0,0.0,0.0,0.0,0.0,0.0,0.0,0.0,0.0,0.0,0.0,0.0,0.0,0.0,0.0,0.0,0.0,0.0,0.0,0.0,0.0,0.0,0.0,0.0,0.0,0.0,0.0,0.0,0.0,0.0,0.0,0.0,0.0,0.0,0.0,0.0,0.0,0.0,0.0,0.0,0.0,0.0,0.0,0.0,0.0,0.0,0.0,0.0,0.0,0.0,0.0,0.0,0.0,0.0,0.0,0.0,0.0,0.0,0.0,0.0,0.0,0.0,0.0,0.0,0.0,0.0,0.0,0.0,0.0,0.0,0.0,0.0,0.0,0.0,0.0,0.0,0.0,0.0,0.0,0.0,0.0,0.0,0.0,0.0,0.0,0.0,0.0,0.0,0.0,0.0,0.0,0.0,0.0,0.0,0.0,0.0,0.0,0.0,0.0,0.0,0.0,0.0,0.0,0.0,0.0,0.0,0.0,0.0,0.0,0.0,0.0,0.0,0.0,0.0,0.0,0.0,0.0,0.0,0.0,0.0,0.0,0.0,0.0,0.0,0.0,0.0,0.0,0.0,0.0,0.0,0.0,0.0,0.0,0.0,0.0,0.0,0.0,0.0,0.0,0.0,0.0,0.0,0.0,0.0,0.0,0.0,0.0,0.0,0.0,0.0,0.0,0.0,0.0,0.0,0.0,0.0,0.0,0.0,0.0,0.0,0.0,0.0,0.0,0.0,0.0,0.0,0.0,0.0,0.0,0.0,0.0,0.0,0.0,0.0,0.0,0.0,0.0,0.0]
56086.88052285178 [0.0,0.0,0.0,0.0,0.0,0.0,0.0,0.0,0.0,0.0,0.0,0.0,0.0,0.0,0.0,0.0,0.0,0.0,0.0,0.0,0.0,0.0,0.0,0.0,0.0,0.0,0.0,0.0,0.0,0.0,0.0,0.0,0.0,0.0,0.0,0.0,0.0,0.0,0.0,0.0,0.0,0.0,0.0,0.0,0.0,0.0,0.0,0.0,0.0,0.0,0.0,0.0,0.0,0.0,0.0,0.0,0.0,0.0,0.0,0.0,0.0,0.0,0.0,0.0,0.0,0.0,0.0,0.0,0.0,0.0,0.0,0.0,0.0,0.0,0.0,0.0,0.0,0.0,0.0,0.0,0.0,0.0,0.0,0.0,0.0,0.0,0.0,0.0,0.0,0.0,0.0,0.0,0.0,0.0,0.0,0.0,0.0,0.0,0.0,0.0,0.0,0.0,0.0,0.0,0.0,0.0,0.0,0.0,0.0,0.0,0.0,0.0,0.0,0.0,0.0,0.0,0.0,0.0,0.0,0.0,0.0,0.0,0.0,0.0,0.0,0.0,0.0,0.0,0.0,0.0,0.0,0.0,0.0,0.0,0.0,0.0,0.0,0.0,0.0,0.0,0.0,0.0,0.0,0.0,0.0,0.0,0.0,0.0,0.0,0.0,0.0,0.0,0.0,0.0,0.0,0.0,0.0,0.0,0.0,0.0,0.0,0.0,0.0,0.0,0.0,0.0,0.0,0.0,0.0,0.0,0.0,0.0,0.0,0.0,0.0,0.0,0.0,0.0,0.0,0.0,0.0,0.0,0.0,0.0,0.0,0.0,0.0,0.0,0.0,0.0,0.0,0.0,0.0,0.0,0.0,0.0,0.0,0.0,0.0,0.0,0.0,0.0,0.0,0.0,0.0,0.0,0.0,0.0,0.0,0.0,0.0,0.0,0.0,0.0,0.0,0.0,0.0,0.0,0.0,0.0,0.0,0.0,0.0,0.0,0.0,0.0,0.0,0.0,0.0,0.0,0.0,0.0,0.0,0.0,0.0,0.0,0.0,0.0,0.0,0.0,0.0,0.0,0.0,0.0,0.0,0.0,0.0,0.0,0.0,0.0,0.0,0.0,0.0,0.0,0.0,0.0,0.0,0.0,0.0,0.0,0.0,0.0,0.0,0.0,0.0,0.0,0.0,0.0,0.0,0.0,0.0,0.0,0.0,0.0,0.0,0.0,0.0,0.0,0.0,0.0,0.0,0.0,0.0,0.0,0.0,0.0,0.0,0.0,0.0,0.0,0.0,0.0,0.0,0.0,0.0,0.0,0.0,0.0,0.0,0.0] [1311.2619900786005,1321.8202200865917,1332.463464547639,1343.19240799478,1354.0077404728797,1364.9101575830227,1375.9003605272408,1386.9790561536227,1398.1469570017646,1409.4047813486081,1420.7532532546286,1432.193102610412,1443.7250651835902,1455.3498826661717,1467.068302722235,1478.881079036026,1490.78897136042,1502.7927455657994,1514.8931736892998,1527.0910339844697,1539.3871109713293,1551.7821954868166,1564.2770847356642,1576.872582341659,1589.569498399342,1602.368649526097,1615.270858914685,1628.2769563861766,1641.3877784433362,1654.6041683244075,1667.9269760573632,1681.3570585145608,1694.895279467867,1708.5425096441993,1722.2996267815402,1736.1675156853773,1750.1470682856248,1764.2391836939755,1778.4447682617345,1792.7647356381167,1807.2000068289992,1821.7515102561672,1836.4201818170154,1851.2069649447558,1866.112810669078,1881.1386776773347,1896.285532376183,1911.5543489537563,1926.9461094423048,1942.4618037813711,1958.1024298814455,1973.8689936881608,1989.7625092469793,2005.7839987684179,2021.9344926937952,2038.215029761504,2054.626657073813,2071.1704301642176,2087.8474130653335,2104.6586783773164,2121.605307336866,2138.6883898867477,2155.9090247459117,2173.268319480143,2190.767390573309,2208.407363499154,2226.1893727937027,2244.1145621282076,2262.184084382728,2280.399101720259,2298.7607856614945,2317.2703171601615,2335.9288866789793,2354.7376942662327,2373.6979496329395,2392.810872230673,2412.077691329971,2431.4996460994216,2451.0779856853383,2470.813969292122,2490.7088662632277,2510.763956162824,2530.9805288580706,2551.359884602096,2571.9033341176064,2592.612198681206,2613.487810208354,2634.5315113390543,2655.7446555241822,2677.1286071125573,2698.6847414386757,2720.4144449111714,2742.319115101994,2764.4001608362782,2786.6590022829737,2809.097071046162,2831.715810257159,2854.5166746673017,2877.5011307415425,2900.67065675274,2924.0267428767575,2947.570891288285,2971.304616257478,2995.22944424732,3019.346914011829,3043.658576695001,3068.1659959305807,3092.870747942638,3117.7744216469364,3142.87861875312,3168.1849538677375,3193.695054598094,3219.410561656912,3245.333128967883,3271.4644237720117,3297.806126734876,3324.3599320546946,3351.1275475713155,3378.1106948760344,3405.3111094223436,3432.7305406375262,3460.3707520352004,3488.23352132871,3516.320640545493,3544.6339161423107,3573.1751691214417,3601.9462351478164,3630.9489646670518,3660.1852230244945,3689.6568905851636,3719.3658628547196,3749.3140506013438,3779.5033799786634,3809.935792649603,3840.6132459112973,3871.5377128209448,3902.7111823227383,3934.135659375755,3965.8131650829396,3997.7457368210635,4029.9354283717907,4062.3843100537392,4095.0944688556665,4128.068008570669,4161.3070499315045,4194.813730746993,4228.590206039511,4262.638648183577,4296.961247045588,4331.560210124669,4366.437762694626,4401.596147947099,4437.037627135803,4472.764479721992,4508.779003521039,4545.083514850253,4581.680348677821,4618.571858773019,4655.7604178575675,4693.248417758249,4731.038269560753,4769.132403764733,4807.533270440121,4846.243339384716,4885.265100283049,4924.601062866471,4964.253757074609,5004.22573321805,5044.519562142395,5085.137835393579,5126.08316538458,5167.3581855634,5208.965550582488,5250.907936469426,5293.188040799074,5335.808582867062,5378.772303864684,5422.081967055189,5465.740357951513,5509.7502844954415,5554.1145772382,5598.836089522486,5643.917697666003,5689.362301146471,5735.17282278806,5781.352208949439,5827.903429713208,5874.829479076986,5922.133375145914,5969.818160326825,6017.886901523867,6066.342690335802,6115.188643254807,6164.427901866934,6214.06363305417,6264.099029198114,6314.537308385285,6365.381714614103,6416.635518003553,6468.302015003491,6520.384528606639,6572.88640856233,6625.811031591967,6679.16180160615,6732.942149923667,6787.155535492116,6841.805445110439,6896.895393653112,6952.428924296275,7008.409608745552,7064.841047465831,7121.726869912778,7179.070734766296,7236.876330165845,7295.147373947643,7353.887613883764,7413.100827923194,7472.790824434837,7532.961442452409,7593.616551921397,7654.7600539479145,7716.395881049652,7778.527997408752,7841.160399126823,7904.2971144818985,7967.94220418758,8032.099761654146,8096.773913251861,8161.968818576374,8227.688670716232,8293.937696522553,8360.720156880894,8428.04034698531,8495.90259661459,8564.311270410717,8633.270768159597,8702.785525074065,8772.860012079082,8843.498736099358,8914.706240349144,8986.487104624512,9058.845945597834,9131.787417114787,9205.31621049359,9279.437054826807,9354.154717285446,9429.47400342559,9505.399757497484,9581.936862757088,9659.090241780126,9736.864856778713,9815.265709920519,9894.297843650465,9973.966341015032,10054.276325989182,10135.232963805956,10216.841461288606,10299.107067185563,10382.035072507933,10465.630810869876,10549.89965883156,10634.84703624505,10720.478406602804,10806.799277389146,10893.815200434417,10981.531772272076,11069.954634498676,11159.08947413668,11248.94202400021,11339.518063063782,11430.823416834026,11522.863957724268,11615.64560543233,11709.174327321158,11803.456138802712,11898.49710372478,11994.303334761045,12090.880993804161,12188.23629236214,12286.375491957784,12385.304904531427,12485.030892846919,12585.55987090084,12686.898304334996,12789.052710852275,12892.029660635888,12995.8357767719,13100.477735675182,13205.962267518828,13312.296156667053,13419.486242111492,13527.539417911097,13636.462633635434,13746.262894811807,13856.947263375758,13968.522858125163,14080.996855178266,14194.376488435144,14308.66905004285,14423.881890864615] 0.31126199007860056 [Infinity,Infinity,Infinity,Infinity,Infinity,Infinity,Infinity,Infinity,Infinity,Infinity,Infinity,Infinity,Infinity,Infinity,Infinity,Infinity,Infinity,Infinity,Infinity,Infinity,Infinity,Infinity,Infinity,Infinity,Infinity,Infinity,Infinity,Infinity,Infinity,Infinity,Infinity,Infinity,Infinity,Infinity,Infinity,Infinity,Infinity,Infinity,Infinity,Infinity,Infinity,Infinity,Infinity,Infinity,Infinity,Infinity,Infinity,Infinity,Infinity,Infinity,Infinity,Infinity,Infinity,Infinity,Infinity,Infinity,Infinity,Infinity,Infinity,Infinity,Infinity,Infinity,Infinity,Infinity,Infinity,Infinity,Infinity,Infinity,Infinity,Infinity,Infinity,Infinity,Infinity,Infinity,Infinity,Infinity,Infinity,Infinity,Infinity,Infinity,Infinity,Infinity,Infinity,Infinity,Infinity,Infinity,Infinity,Infinity,Infinity,Infinity,Infinity,Infinity,Infinity,Infinity,Infinity,Infinity,Infinity,Infinity,Infinity,Infinity,Infinity,Infinity,Infinity,Infinity,Infinity,Infinity,Infinity,Infinity,Infinity,Infinity,Infinity,Infinity,Infinity,Infinity,Infinity,Infinity,Infinity,Infinity,Infinity,Infinity,Infinity,Infinity,Infinity,Infinity,Infinity,Infinity,Infinity,Infinity,Infinity,Infinity,Infinity,Infinity,Infinity,Infinity,Infinity,Infinity,Infinity,Infinity,Infinity,Infinity,Infinity,Infinity,Infinity,Infinity,Infinity,Infinity,Infinity,Infinity,Infinity,Infinity,Infinity,Infinity,Infinity,Infinity,Infinity,Infinity,Infinity,Infinity,Infinity,Infinity,Infinity,Infinity,Infinity,Infinity,Infinity,Infinity,Infinity,Infinity,Infinity,Infinity,Infinity,Infinity,Infinity,Infinity,Infinity,Infinity,Infinity,Infinity,Infinity,Infinity,Infinity,Infinity,Infinity,Infinity,Infinity,Infinity,Infinity,Infinity,Infinity,Infinity,Infinity,Infinity,Infinity,Infinity,Infinity,Infinity,Infinity,Infinity,Infinity,Infinity,Infinity,Infinity,Infinity,Infinity,Infinity,Infinity,Infinity,Infinity,Infinity,Infinity,Infinity,Infinity,Infinity,Infinity,Infinity,Infinity,Infinity,Infinity,Infinity,Infinity,Infinity,Infinity,Infinity,Infinity,Infinity,Infinity,Infinity,Infinity,Infinity,Infinity,Infinity,Infinity,Infinity,Infinity,Infinity,Infinity,Infinity,Infinity,Infinity,Infinity,Infinity,Infinity,Infinity,Infinity,Infinity,Infinity,Infinity,Infinity,Infinity,Infinity,Infinity,Infinity,Infinity,Infinity,Infinity,Infinity,Infinity,Infinity,Infinity,Infinity,Infinity,Infinity,Infinity,Infinity,Infinity,Infinity,Infinity,Infinity,Infinity,Infinity,Infinity,Infinity,Infinity,Infinity,Infinity,Infinity,Infinity,Infinity,Infinity,Infinity,Infinity,Infinity,Infinity,Infinity,Infinity,Infinity,Infinity,Infinity,Infinity,Infinity,Infinity,Infinity,Infinity,Infinity,Infinity,Infinity,Infinity,Infinity,Infinity,Infinity] [0.0,0.0,0.0,0.0,0.0,0.0,0.0,0.0,0.0,0.0,0.0,0.0,0.0,0.0,0.0,0.0,0.0,0.0,0.0,0.0,0.0,0.0,0.0,0.0,0.0,0.0,0.0,0.0,0.0,0.0,0.0,0.0,0.0,0.0,0.0,0.0,0.0,0.0,0.0,0.0,0.0,0.0,0.0,0.0,0.0,0.0,0.0,0.0,0.0,0.0,0.0,0.0,0.0,0.0,0.0,0.0,0.0,0.0,0.0,0.0,0.0,0.0,0.0,0.0,0.0,0.0,0.0,0.0,0.0,0.0,0.0,0.0,0.0,0.0,0.0,0.0,0.0,0.0,0.0,0.0,0.0,0.0,0.0,0.0,0.0,0.0,0.0,0.0,0.0,0.0,0.0,0.0,0.0,0.0,0.0,0.0,0.0,0.0,0.0,0.0,0.0,0.0,0.0,0.0,0.0,0.0,0.0,0.0,0.0,0.0,0.0,0.0,0.0,0.0,0.0,0.0,0.0,0.0,0.0,0.0,0.0,0.0,0.0,0.0,0.0,0.0,0.0,0.0,0.0,0.0,0.0,0.0,0.0,0.0,0.0,0.0,0.0,0.0,0.0,0.0,0.0,0.0,0.0,0.0,0.0,0.0,0.0,0.0,0.0,0.0,0.0,0.0,0.0,0.0,0.0,0.0,0.0,0.0,0.0,0.0,0.0,0.0,0.0,0.0,0.0,0.0,0.0,0.0,0.0,0.0,0.0,0.0,0.0,0.0,0.0,0.0,0.0,0.0,0.0,0.0,0.0,0.0,0.0,0.0,0.0,0.0,0.0,0.0,0.0,0.0,0.0,0.0,0.0,0.0,0.0,0.0,0.0,0.0,0.0,0.0,0.0,0.0,0.0,0.0,0.0,0.0,0.0,0.0,0.0,0.0,0.0,0.0,0.0,0.0,0.0,0.0,0.0,0.0,0.0,0.0,0.0,0.0,0.0,0.0,0.0,0.0,0.0,0.0,0.0,0.0,0.0,0.0,0.0,0.0,0.0,0.0,0.0,0.0,0.0,0.0,0.0,0.0,0.0,0.0,0.0,0.0,0.0,0.0,0.0,0.0,0.0,0.0,0.0,0.0,0.0,0.0,0.0,0.0,0.0,0.0,0.0,0.0,0.0,0.0,0.0,0.0,0.0,0.0,0.0,0.0,0.0,0.0,0.0,0.0,0.0,0.0,0.0,0.0,0.0,0.0,0.0,0.0,0.0,0.0,0.0,0.0,0.0,0.0,0.0,0.0,0.0,0.0,0.0,0.0,0.0,0.0,0.0,0.0,0.0,0.0]
56141.67293752179 [0.0,0.0,0.0,0.0,0.0,0.0,0.0,0.0,0.0,0.0,0.0,0.0,0.0,0.0,0.0,0.0,0.0,0.0,0.0,0.0,0.0,0.0,0.0,0.0,0.0,0.0,0.0,0.0,0.0,0.0,0.0,0.0,0.0,0.0,0.0,0.0,0.0,0.0,0.0,0.0,0.0,0.0,0.0,0.0,0.0,0.0,0.0,0.0,0.0,0.0,0.0,0.0,0.0,0.0,0.0,0.0,0.0,0.0,0.0,0.0,0.0,0.0,0.0,0.0,0.0,0.0,0.0,0.0,0.0,0.0,0.0,0.0,0.0,0.0,0.0,0.0,0.0,0.0,0.0,0.0,0.0,0.0,0.0,0.0,0.0,0.0,0.0,0.0,0.0,0.0,0.0,0.0,0.0,0.0,0.0,0.0,0.0,0.0,0.0,0.0,0.0,0.0,0.0,0.0,0.0,0.0,0.0,0.0,0.0,0.0,0.0,0.0,0.0,0.0,0.0,0.0,0.0,0.0,0.0,0.0,0.0,0.0,0.0,0.0,0.0,0.0,0.0,0.0,0.0,0.0,0.0,0.0,0.0,0.0,0.0,0.0,0.0,0.0,0.0,0.0,0.0,0.0,0.0,0.0,0.0,0.0,0.0,0.0,0.0,0.0,0.0,0.0,0.0,0.0,0.0,0.0,0.0,0.0,0.0,0.0,0.0,0.0,0.0,0.0,0.0,0.0,0.0,0.0,0.0,0.0,0.0,0.0,0.0,0.0,0.0,0.0,0.0,0.0,0.0,0.0,0.0,0.0,0.0,0.0,0.0,0.0,0.0,0.0,0.0,0.0,0.0,0.0,0.0,0.0,0.0,0.0,0.0,0.0,0.0,0.0,0.0,0.0,0.0,0.0,0.0,0.0,0.0,0.0,0.0,0.0,0.0,0.0,0.0,0.0,0.0,0.0,0.0,0.0,0.0,0.0,0.0,0.0,0.0,0.0,0.0,0.0,0.0,0.0,0.0,0.0,0.0,0.0,0.0,0.0,0.0,0.0,0.0,0.0,0.0,0.0,0.0,0.0,0.0,0.0,0.0,0.0,0.0,0.0,0.0,0.0,0.0,0.0,0.0,0.0,0.0,0.0,0.0,0.0,0.0,0.0,0.0,0.0,0.0,0.0,0.0,0.0,0.0,0.0,0.0,0.0,0.0,0.0,0.0,0.0,0.0,0.0,0.0,0.0,0.0,0.0,0.0,0.0,0.0,0.0,0.0,0.0,0.0,0.0,0.0,0.0,0.0,0.0,0.0,0.0,0.0,0.0,0.0,0.0,0.0,0.0] [1311.2619900786005,1321.8202200865917,1332.463464547639,1343.19240799478,1354.0077404728797,1364.9101575830227,1375.9003605272408,1386.9790561536227,1398.1469570017646,1409.4047813486081,1420.7532532546286,1432.193102610412,1443.7250651835902,1455.3498826661717,1467.068302722235,1478.881079036026,1490.78897136042,1502.7927455657994,1514.8931736892998,1527.0910339844697,1539.3871109713293,1551.7821954868166,1564.2770847356642,1576.872582341659,1589.569498399342,1602.368649526097,1615.270858914685,1628.2769563861766,1641.3877784433362,1654.6041683244075,1667.9269760573632,1681.3570585145608,1694.895279467867,1708.5425096441993,1722.2996267815402,1736.1675156853773,1750.1470682856248,1764.2391836939755,1778.4447682617345,1792.7647356381167,1807.2000068289992,1821.7515102561672,1836.4201818170154,1851.2069649447558,1866.112810669078,1881.1386776773347,1896.285532376183,1911.5543489537563,1926.9461094423048,1942.4618037813711,1958.1024298814455,1973.8689936881608,1989.7625092469793,2005.7839987684179,2021.9344926937952,2038.215029761504,2054.626657073813,2071.1704301642176,2087.8474130653335,2104.6586783773164,2121.605307336866,2138.6883898867477,2155.9090247459117,2173.268319480143,2190.767390573309,2208.407363499154,2226.1893727937027,2244.1145621282076,2262.184084382728,2280.399101720259,2298.7607856614945,2317.2703171601615,2335.9288866789793,2354.7376942662327,2373.6979496329395,2392.810872230673,2412.077691329971,2431.4996460994216,2451.0779856853383,2470.813969292122,2490.7088662632277,2510.763956162824,2530.9805288580706,2551.359884602096,2571.9033341176064,2592.612198681206,2613.487810208354,2634.5315113390543,2655.7446555241822,2677.1286071125573,2698.6847414386757,2720.4144449111714,2742.319115101994,2764.4001608362782,2786.6590022829737,2809.097071046162,2831.715810257159,2854.5166746673017,2877.5011307415425,2900.67065675274,2924.0267428767575,2947.570891288285,2971.304616257478,2995.22944424732,3019.346914011829,3043.658576695001,3068.1659959305807,3092.870747942638,3117.7744216469364,3142.87861875312,3168.1849538677375,3193.695054598094,3219.410561656912,3245.333128967883,3271.4644237720117,3297.806126734876,3324.3599320546946,3351.1275475713155,3378.1106948760344,3405.3111094223436,3432.7305406375262,3460.3707520352004,3488.23352132871,3516.320640545493,3544.6339161423107,3573.1751691214417,3601.9462351478164,3630.9489646670518,3660.1852230244945,3689.6568905851636,3719.3658628547196,3749.3140506013438,3779.5033799786634,3809.935792649603,3840.6132459112973,3871.5377128209448,3902.7111823227383,3934.135659375755,3965.8131650829396,3997.7457368210635,4029.9354283717907,4062.3843100537392,4095.0944688556665,4128.068008570669,4161.3070499315045,4194.813730746993,4228.590206039511,4262.638648183577,4296.961247045588,4331.560210124669,4366.437762694626,4401.596147947099,4437.037627135803,4472.764479721992,4508.779003521039,4545.083514850253,4581.680348677821,4618.571858773019,4655.7604178575675,4693.248417758249,4731.038269560753,4769.132403764733,4807.533270440121,4846.243339384716,4885.265100283049,4924.601062866471,4964.253757074609,5004.22573321805,5044.519562142395,5085.137835393579,5126.08316538458,5167.3581855634,5208.965550582488,5250.907936469426,5293.188040799074,5335.808582867062,5378.772303864684,5422.081967055189,5465.740357951513,5509.7502844954415,5554.1145772382,5598.836089522486,5643.917697666003,5689.362301146471,5735.17282278806,5781.352208949439,5827.903429713208,5874.829479076986,5922.133375145914,5969.818160326825,6017.886901523867,6066.342690335802,6115.188643254807,6164.427901866934,6214.06363305417,6264.099029198114,6314.537308385285,6365.381714614103,6416.635518003553,6468.302015003491,6520.384528606639,6572.88640856233,6625.811031591967,6679.16180160615,6732.942149923667,6787.155535492116,6841.805445110439,6896.895393653112,6952.428924296275,7008.409608745552,7064.841047465831,7121.726869912778,7179.070734766296,7236.876330165845,7295.147373947643,7353.887613883764,7413.100827923194,7472.790824434837,7532.961442452409,7593.616551921397,7654.7600539479145,7716.395881049652,7778.527997408752,7841.160399126823,7904.2971144818985,7967.94220418758,8032.099761654146,8096.773913251861,8161.968818576374,8227.688670716232,8293.937696522553,8360.720156880894,8428.04034698531,8495.90259661459,8564.311270410717,8633.270768159597,8702.785525074065,8772.860012079082,8843.498736099358,8914.706240349144,8986.487104624512,9058.845945597834,9131.787417114787,9205.31621049359,9279.437054826807,9354.154717285446,9429.47400342559,9505.399757497484,9581.936862757088,9659.090241780126,9736.864856778713,9815.265709920519,9894.297843650465,9973.966341015032,10054.276325989182,10135.232963805956,10216.841461288606,10299.107067185563,10382.035072507933,10465.630810869876,10549.89965883156,10634.84703624505,10720.478406602804,10806.799277389146,10893.815200434417,10981.531772272076,11069.954634498676,11159.08947413668,11248.94202400021,11339.518063063782,11430.823416834026,11522.863957724268,11615.64560543233,11709.174327321158,11803.456138802712,11898.49710372478,11994.303334761045,12090.880993804161,12188.23629236214,12286.375491957784,12385.304904531427,12485.030892846919,12585.55987090084,12686.898304334996,12789.052710852275,12892.029660635888,12995.8357767719,13100.477735675182,13205.962267518828,13312.296156667053,13419.486242111492,13527.539417911097,13636.462633635434,13746.262894811807,13856.947263375758,13968.522858125163,14080.996855178266,14194.376488435144,14308.66905004285,14423.881890864615] 0.31126199007860056 [Infinity,Infinity,Infinity,Infinity,Infinity,Infinity,Infinity,Infinity,Infinity,Infinity,Infinity,Infinity,Infinity,Infinity,Infinity,Infinity,Infinity,Infinity,Infinity,Infinity,Infinity,Infinity,Infinity,Infinity,Infinity,Infinity,Infinity,Infinity,Infinity,Infinity,Infinity,Infinity,Infinity,Infinity,Infinity,Infinity,Infinity,Infinity,Infinity,Infinity,Infinity,Infinity,Infinity,Infinity,Infinity,Infinity,Infinity,Infinity,Infinity,Infinity,Infinity,Infinity,Infinity,Infinity,Infinity,Infinity,Infinity,Infinity,Infinity,Infinity,Infinity,Infinity,Infinity,Infinity,Infinity,Infinity,Infinity,Infinity,Infinity,Infinity,Infinity,Infinity,Infinity,Infinity,Infinity,Infinity,Infinity,Infinity,Infinity,Infinity,Infinity,Infinity,Infinity,Infinity,Infinity,Infinity,Infinity,Infinity,Infinity,Infinity,Infinity,Infinity,Infinity,Infinity,Infinity,Infinity,Infinity,Infinity,Infinity,Infinity,Infinity,Infinity,Infinity,Infinity,Infinity,Infinity,Infinity,Infinity,Infinity,Infinity,Infinity,Infinity,Infinity,Infinity,Infinity,Infinity,Infinity,Infinity,Infinity,Infinity,Infinity,Infinity,Infinity,Infinity,Infinity,Infinity,Infinity,Infinity,Infinity,Infinity,Infinity,Infinity,Infinity,Infinity,Infinity,Infinity,Infinity,Infinity,Infinity,Infinity,Infinity,Infinity,Infinity,Infinity,Infinity,Infinity,Infinity,Infinity,Infinity,Infinity,Infinity,Infinity,Infinity,Infinity,Infinity,Infinity,Infinity,Infinity,Infinity,Infinity,Infinity,Infinity,Infinity,Infinity,Infinity,Infinity,Infinity,Infinity,Infinity,Infinity,Infinity,Infinity,Infinity,Infinity,Infinity,Infinity,Infinity,Infinity,Infinity,Infinity,Infinity,Infinity,Infinity,Infinity,Infinity,Infinity,Infinity,Infinity,Infinity,Infinity,Infinity,Infinity,Infinity,Infinity,Infinity,Infinity,Infinity,Infinity,Infinity,Infinity,Infinity,Infinity,Infinity,Infinity,Infinity,Infinity,Infinity,Infinity,Infinity,Infinity,Infinity,Infinity,Infinity,Infinity,Infinity,Infinity,Infinity,Infinity,Infinity,Infinity,Infinity,Infinity,Infinity,Infinity,Infinity,Infinity,Infinity,Infinity,Infinity,Infinity,Infinity,Infinity,Infinity,Infinity,Infinity,Infinity,Infinity,Infinity,Infinity,Infinity,Infinity,Infinity,Infinity,Infinity,Infinity,Infinity,Infinity,Infinity,Infinity,Infinity,Infinity,Infinity,Infinity,Infinity,Infinity,Infinity,Infinity,Infinity,Infinity,Infinity,Infinity,Infinity,Infinity,Infinity,Infinity,Infinity,Infinity,Infinity,Infinity,Infinity,Infinity,Infinity,Infinity,Infinity,Infinity,Infinity,Infinity,Infinity,Infinity,Infinity,Infinity,Infinity,Infinity,Infinity,Infinity,Infinity,Infinity,Infinity,Infinity,Infinity,Infinity,Infinity,Infinity,Infinity,Infinity,Infinity,Infinity,Infinity,Infinity,Infinity] [0.0,0.0,0.0,0.0,0.0,0.0,0.0,0.0,0.0,0.0,0.0,0.0,0.0,0.0,0.0,0.0,0.0,0.0,0.0,0.0,0.0,0.0,0.0,0.0,0.0,0.0,0.0,0.0,0.0,0.0,0.0,0.0,0.0,0.0,0.0,0.0,0.0,0.0,0.0,0.0,0.0,0.0,0.0,0.0,0.0,0.0,0.0,0.0,0.0,0.0,0.0,0.0,0.0,0.0,0.0,0.0,0.0,0.0,0.0,0.0,0.0,0.0,0.0,0.0,0.0,0.0,0.0,0.0,0.0,0.0,0.0,0.0,0.0,0.0,0.0,0.0,0.0,0.0,0.0,0.0,0.0,0.0,0.0,0.0,0.0,0.0,0.0,0.0,0.0,0.0,0.0,0.0,0.0,0.0,0.0,0.0,0.0,0.0,0.0,0.0,0.0,0.0,0.0,0.0,0.0,0.0,0.0,0.0,0.0,0.0,0.0,0.0,0.0,0.0,0.0,0.0,0.0,0.0,0.0,0.0,0.0,0.0,0.0,0.0,0.0,0.0,0.0,0.0,0.0,0.0,0.0,0.0,0.0,0.0,0.0,0.0,0.0,0.0,0.0,0.0,0.0,0.0,0.0,0.0,0.0,0.0,0.0,0.0,0.0,0.0,0.0,0.0,0.0,0.0,0.0,0.0,0.0,0.0,0.0,0.0,0.0,0.0,0.0,0.0,0.0,0.0,0.0,0.0,0.0,0.0,0.0,0.0,0.0,0.0,0.0,0.0,0.0,0.0,0.0,0.0,0.0,0.0,0.0,0.0,0.0,0.0,0.0,0.0,0.0,0.0,0.0,0.0,0.0,0.0,0.0,0.0,0.0,0.0,0.0,0.0,0.0,0.0,0.0,0.0,0.0,0.0,0.0,0.0,0.0,0.0,0.0,0.0,0.0,0.0,0.0,0.0,0.0,0.0,0.0,0.0,0.0,0.0,0.0,0.0,0.0,0.0,0.0,0.0,0.0,0.0,0.0,0.0,0.0,0.0,0.0,0.0,0.0,0.0,0.0,0.0,0.0,0.0,0.0,0.0,0.0,0.0,0.0,0.0,0.0,0.0,0.0,0.0,0.0,0.0,0.0,0.0,0.0,0.0,0.0,0.0,0.0,0.0,0.0,0.0,0.0,0.0,0.0,0.0,0.0,0.0,0.0,0.0,0.0,0.0,0.0,0.0,0.0,0.0,0.0,0.0,0.0,0.0,0.0,0.0,0.0,0.0,0.0,0.0,0.0,0.0,0.0,0.0,0.0,0.0,0.0,0.0,0.0,0.0,0.0,0.0]
56094.69668784081 [0.0,0.0,0.0,0.0,0.0,0.0,0.0,0.0,0.0,0.0,0.0,0.0,0.0,0.0,0.0,0.0,0.0,0.0,0.0,0.0,0.0,0.0,0.0,0.0,0.0,0.0,0.0,0.0,0.0,0.0,0.0,0.0,0.0,0.0,0.0,0.0,0.0,0.0,0.0,0.0,0.0,0.0,0.0,0.0,0.0,0.0,0.0,0.0,0.0,0.0,0.0,0.0,0.0,0.0,0.0,0.0,0.0,0.0,0.0,0.0,0.0,0.0,0.0,0.0,0.0,0.0,0.0,0.0,0.0,0.0,0.0,0.0,0.0,0.0,0.0,0.0,0.0,0.0,0.0,0.0,0.0,0.0,0.0,0.0,0.0,0.0,0.0,0.0,0.0,0.0,0.0,0.0,0.0,0.0,0.0,0.0,0.0,0.0,0.0,0.0,0.0,0.0,0.0,0.0,0.0,0.0,0.0,0.0,0.0,0.0,0.0,0.0,0.0,0.0,0.0,0.0,0.0,0.0,0.0,0.0,0.0,0.0,0.0,0.0,0.0,0.0,0.0,0.0,0.0,0.0,0.0,0.0,0.0,0.0,0.0,0.0,0.0,0.0,0.0,0.0,0.0,0.0,0.0,0.0,0.0,0.0,0.0,0.0,0.0,0.0,0.0,0.0,0.0,0.0,0.0,0.0,0.0,0.0,0.0,0.0,0.0,0.0,0.0,0.0,0.0,0.0,0.0,0.0,0.0,0.0,0.0,0.0,0.0,0.0,0.0,0.0,0.0,0.0,0.0,0.0,0.0,0.0,0.0,0.0,0.0,0.0,0.0,0.0,0.0,0.0,0.0,0.0,0.0,0.0,0.0,0.0,0.0,0.0,0.0,0.0,0.0,0.0,0.0,0.0,0.0,0.0,0.0,0.0,0.0,0.0,0.0,0.0,0.0,0.0,0.0,0.0,0.0,0.0,0.0,0.0,0.0,0.0,0.0,0.0,0.0,0.0,0.0,0.0,0.0,0.0,0.0,0.0,0.0,0.0,0.0,0.0,0.0,0.0,0.0,0.0,0.0,0.0,0.0,0.0,0.0,0.0,0.0,0.0,0.0,0.0,0.0,0.0,0.0,0.0,0.0,0.0,0.0,0.0,0.0,0.0,0.0,0.0,0.0,0.0,0.0,0.0,0.0,0.0,0.0,0.0,0.0,0.0,0.0,0.0,0.0,0.0,0.0,0.0,0.0,0.0,0.0,0.0,0.0,0.0,0.0,0.0,0.0,0.0,0.0,0.0,0.0,0.0,0.0,0.0,0.0,0.0,0.0,0.0,0.0,0.0] [1311.2619900786005,1321.8202200865917,1332.463464547639,1343.19240799478,1354.0077404728797,1364.9101575830227,1375.9003605272408,1386.9790561536227,1398.1469570017646,1409.4047813486081,1420.7532532546286,1432.193102610412,1443.7250651835902,1455.3498826661717,1467.068302722235,1478.881079036026,1490.78897136042,1502.7927455657994,1514.8931736892998,1527.0910339844697,1539.3871109713293,1551.7821954868166,1564.2770847356642,1576.872582341659,1589.569498399342,1602.368649526097,1615.270858914685,1628.2769563861766,1641.3877784433362,1654.6041683244075,1667.9269760573632,1681.3570585145608,1694.895279467867,1708.5425096441993,1722.2996267815402,1736.1675156853773,1750.1470682856248,1764.2391836939755,1778.4447682617345,1792.7647356381167,1807.2000068289992,1821.7515102561672,1836.4201818170154,1851.2069649447558,1866.112810669078,1881.1386776773347,1896.285532376183,1911.5543489537563,1926.9461094423048,1942.4618037813711,1958.1024298814455,1973.8689936881608,1989.7625092469793,2005.7839987684179,2021.9344926937952,2038.215029761504,2054.626657073813,2071.1704301642176,2087.8474130653335,2104.6586783773164,2121.605307336866,2138.6883898867477,2155.9090247459117,2173.268319480143,2190.767390573309,2208.407363499154,2226.1893727937027,2244.1145621282076,2262.184084382728,2280.399101720259,2298.7607856614945,2317.2703171601615,2335.9288866789793,2354.7376942662327,2373.6979496329395,2392.810872230673,2412.077691329971,2431.4996460994216,2451.0779856853383,2470.813969292122,2490.7088662632277,2510.763956162824,2530.9805288580706,2551.359884602096,2571.9033341176064,2592.612198681206,2613.487810208354,2634.5315113390543,2655.7446555241822,2677.1286071125573,2698.6847414386757,2720.4144449111714,2742.319115101994,2764.4001608362782,2786.6590022829737,2809.097071046162,2831.715810257159,2854.5166746673017,2877.5011307415425,2900.67065675274,2924.0267428767575,2947.570891288285,2971.304616257478,2995.22944424732,3019.346914011829,3043.658576695001,3068.1659959305807,3092.870747942638,3117.7744216469364,3142.87861875312,3168.1849538677375,3193.695054598094,3219.410561656912,3245.333128967883,3271.4644237720117,3297.806126734876,3324.3599320546946,3351.1275475713155,3378.1106948760344,3405.3111094223436,3432.7305406375262,3460.3707520352004,3488.23352132871,3516.320640545493,3544.6339161423107,3573.1751691214417,3601.9462351478164,3630.9489646670518,3660.1852230244945,3689.6568905851636,3719.3658628547196,3749.3140506013438,3779.5033799786634,3809.935792649603,3840.6132459112973,3871.5377128209448,3902.7111823227383,3934.135659375755,3965.8131650829396,3997.7457368210635,4029.9354283717907,4062.3843100537392,4095.0944688556665,4128.068008570669,4161.3070499315045,4194.813730746993,4228.590206039511,4262.638648183577,4296.961247045588,4331.560210124669,4366.437762694626,4401.596147947099,4437.037627135803,4472.764479721992,4508.779003521039,4545.083514850253,4581.680348677821,4618.571858773019,4655.7604178575675,4693.248417758249,4731.038269560753,4769.132403764733,4807.533270440121,4846.243339384716,4885.265100283049,4924.601062866471,4964.253757074609,5004.22573321805,5044.519562142395,5085.137835393579,5126.08316538458,5167.3581855634,5208.965550582488,5250.907936469426,5293.188040799074,5335.808582867062,5378.772303864684,5422.081967055189,5465.740357951513,5509.7502844954415,5554.1145772382,5598.836089522486,5643.917697666003,5689.362301146471,5735.17282278806,5781.352208949439,5827.903429713208,5874.829479076986,5922.133375145914,5969.818160326825,6017.886901523867,6066.342690335802,6115.188643254807,6164.427901866934,6214.06363305417,6264.099029198114,6314.537308385285,6365.381714614103,6416.635518003553,6468.302015003491,6520.384528606639,6572.88640856233,6625.811031591967,6679.16180160615,6732.942149923667,6787.155535492116,6841.805445110439,6896.895393653112,6952.428924296275,7008.409608745552,7064.841047465831,7121.726869912778,7179.070734766296,7236.876330165845,7295.147373947643,7353.887613883764,7413.100827923194,7472.790824434837,7532.961442452409,7593.616551921397,7654.7600539479145,7716.395881049652,7778.527997408752,7841.160399126823,7904.2971144818985,7967.94220418758,8032.099761654146,8096.773913251861,8161.968818576374,8227.688670716232,8293.937696522553,8360.720156880894,8428.04034698531,8495.90259661459,8564.311270410717,8633.270768159597,8702.785525074065,8772.860012079082,8843.498736099358,8914.706240349144,8986.487104624512,9058.845945597834,9131.787417114787,9205.31621049359,9279.437054826807,9354.154717285446,9429.47400342559,9505.399757497484,9581.936862757088,9659.090241780126,9736.864856778713,9815.265709920519,9894.297843650465,9973.966341015032,10054.276325989182,10135.232963805956,10216.841461288606,10299.107067185563,10382.035072507933,10465.630810869876,10549.89965883156,10634.84703624505,10720.478406602804,10806.799277389146,10893.815200434417,10981.531772272076,11069.954634498676,11159.08947413668,11248.94202400021,11339.518063063782,11430.823416834026,11522.863957724268,11615.64560543233,11709.174327321158,11803.456138802712,11898.49710372478,11994.303334761045,12090.880993804161,12188.23629236214,12286.375491957784,12385.304904531427,12485.030892846919,12585.55987090084,12686.898304334996,12789.052710852275,12892.029660635888,12995.8357767719,13100.477735675182,13205.962267518828,13312.296156667053,13419.486242111492,13527.539417911097,13636.462633635434,13746.262894811807,13856.947263375758,13968.522858125163,14080.996855178266,14194.376488435144,14308.66905004285,14423.881890864615] 0.31126199007860056 [Infinity,Infinity,Infinity,Infinity,Infinity,Infinity,Infinity,Infinity,Infinity,Infinity,Infinity,Infinity,Infinity,Infinity,Infinity,Infinity,Infinity,Infinity,Infinity,Infinity,Infinity,Infinity,Infinity,Infinity,Infinity,Infinity,Infinity,Infinity,Infinity,Infinity,Infinity,Infinity,Infinity,Infinity,Infinity,Infinity,Infinity,Infinity,Infinity,Infinity,Infinity,Infinity,Infinity,Infinity,Infinity,Infinity,Infinity,Infinity,Infinity,Infinity,Infinity,Infinity,Infinity,Infinity,Infinity,Infinity,Infinity,Infinity,Infinity,Infinity,Infinity,Infinity,Infinity,Infinity,Infinity,Infinity,Infinity,Infinity,Infinity,Infinity,Infinity,Infinity,Infinity,Infinity,Infinity,Infinity,Infinity,Infinity,Infinity,Infinity,Infinity,Infinity,Infinity,Infinity,Infinity,Infinity,Infinity,Infinity,Infinity,Infinity,Infinity,Infinity,Infinity,Infinity,Infinity,Infinity,Infinity,Infinity,Infinity,Infinity,Infinity,Infinity,Infinity,Infinity,Infinity,Infinity,Infinity,Infinity,Infinity,Infinity,Infinity,Infinity,Infinity,Infinity,Infinity,Infinity,Infinity,Infinity,Infinity,Infinity,Infinity,Infinity,Infinity,Infinity,Infinity,Infinity,Infinity,Infinity,Infinity,Infinity,Infinity,Infinity,Infinity,Infinity,Infinity,Infinity,Infinity,Infinity,Infinity,Infinity,Infinity,Infinity,Infinity,Infinity,Infinity,Infinity,Infinity,Infinity,Infinity,Infinity,Infinity,Infinity,Infinity,Infinity,Infinity,Infinity,Infinity,Infinity,Infinity,Infinity,Infinity,Infinity,Infinity,Infinity,Infinity,Infinity,Infinity,Infinity,Infinity,Infinity,Infinity,Infinity,Infinity,Infinity,Infinity,Infinity,Infinity,Infinity,Infinity,Infinity,Infinity,Infinity,Infinity,Infinity,Infinity,Infinity,Infinity,Infinity,Infinity,Infinity,Infinity,Infinity,Infinity,Infinity,Infinity,Infinity,Infinity,Infinity,Infinity,Infinity,Infinity,Infinity,Infinity,Infinity,Infinity,Infinity,Infinity,Infinity,Infinity,Infinity,Infinity,Infinity,Infinity,Infinity,Infinity,Infinity,Infinity,Infinity,Infinity,Infinity,Infinity,Infinity,Infinity,Infinity,Infinity,Infinity,Infinity,Infinity,Infinity,Infinity,Infinity,Infinity,Infinity,Infinity,Infinity,Infinity,Infinity,Infinity,Infinity,Infinity,Infinity,Infinity,Infinity,Infinity,Infinity,Infinity,Infinity,Infinity,Infinity,Infinity,Infinity,Infinity,Infinity,Infinity,Infinity,Infinity,Infinity,Infinity,Infinity,Infinity,Infinity,Infinity,Infinity,Infinity,Infinity,Infinity,Infinity,Infinity,Infinity,Infinity,Infinity,Infinity,Infinity,Infinity,Infinity,Infinity,Infinity,Infinity,Infinity,Infinity,Infinity,Infinity,Infinity,Infinity,Infinity,Infinity,Infinity,Infinity,Infinity,Infinity,Infinity,Infinity,Infinity,Infinity,Infinity,Infinity,Infinity,Infinity,Infinity,Infinity] [0.0,0.0,0.0,0.0,0.0,0.0,0.0,0.0,0.0,0.0,0.0,0.0,0.0,0.0,0.0,0.0,0.0,0.0,0.0,0.0,0.0,0.0,0.0,0.0,0.0,0.0,0.0,0.0,0.0,0.0,0.0,0.0,0.0,0.0,0.0,0.0,0.0,0.0,0.0,0.0,0.0,0.0,0.0,0.0,0.0,0.0,0.0,0.0,0.0,0.0,0.0,0.0,0.0,0.0,0.0,0.0,0.0,0.0,0.0,0.0,0.0,0.0,0.0,0.0,0.0,0.0,0.0,0.0,0.0,0.0,0.0,0.0,0.0,0.0,0.0,0.0,0.0,0.0,0.0,0.0,0.0,0.0,0.0,0.0,0.0,0.0,0.0,0.0,0.0,0.0,0.0,0.0,0.0,0.0,0.0,0.0,0.0,0.0,0.0,0.0,0.0,0.0,0.0,0.0,0.0,0.0,0.0,0.0,0.0,0.0,0.0,0.0,0.0,0.0,0.0,0.0,0.0,0.0,0.0,0.0,0.0,0.0,0.0,0.0,0.0,0.0,0.0,0.0,0.0,0.0,0.0,0.0,0.0,0.0,0.0,0.0,0.0,0.0,0.0,0.0,0.0,0.0,0.0,0.0,0.0,0.0,0.0,0.0,0.0,0.0,0.0,0.0,0.0,0.0,0.0,0.0,0.0,0.0,0.0,0.0,0.0,0.0,0.0,0.0,0.0,0.0,0.0,0.0,0.0,0.0,0.0,0.0,0.0,0.0,0.0,0.0,0.0,0.0,0.0,0.0,0.0,0.0,0.0,0.0,0.0,0.0,0.0,0.0,0.0,0.0,0.0,0.0,0.0,0.0,0.0,0.0,0.0,0.0,0.0,0.0,0.0,0.0,0.0,0.0,0.0,0.0,0.0,0.0,0.0,0.0,0.0,0.0,0.0,0.0,0.0,0.0,0.0,0.0,0.0,0.0,0.0,0.0,0.0,0.0,0.0,0.0,0.0,0.0,0.0,0.0,0.0,0.0,0.0,0.0,0.0,0.0,0.0,0.0,0.0,0.0,0.0,0.0,0.0,0.0,0.0,0.0,0.0,0.0,0.0,0.0,0.0,0.0,0.0,0.0,0.0,0.0,0.0,0.0,0.0,0.0,0.0,0.0,0.0,0.0,0.0,0.0,0.0,0.0,0.0,0.0,0.0,0.0,0.0,0.0,0.0,0.0,0.0,0.0,0.0,0.0,0.0,0.0,0.0,0.0,0.0,0.0,0.0,0.0,0.0,0.0,0.0,0.0,0.0,0.0,0.0,0.0,0.0,0.0,0.0,0.0]
56199.75280243388 [0.0,0.0,0.0,0.0,0.0,0.0,0.0,0.0,0.0,0.0,0.0,0.0,0.0,0.0,0.0,0.0,0.0,0.0,0.0,0.0,0.0,0.0,0.0,0.0,0.0,0.0,0.0,0.0,0.0,0.0,0.0,0.0,0.0,0.0,0.0,0.0,0.0,0.0,0.0,0.0,0.0,0.0,0.0,0.0,0.0,0.0,0.0,0.0,0.0,0.0,0.0,0.0,0.0,0.0,0.0,0.0,0.0,0.0,0.0,0.0,0.0,0.0,0.0,0.0,0.0,0.0,0.0,0.0,0.0,0.0,0.0,0.0,0.0,0.0,0.0,0.0,0.0,0.0,0.0,0.0,0.0,0.0,0.0,0.0,0.0,0.0,0.0,0.0,0.0,0.0,0.0,0.0,0.0,0.0,0.0,0.0,0.0,0.0,0.0,0.0,0.0,0.0,0.0,0.0,0.0,0.0,0.0,0.0,0.0,0.0,0.0,0.0,0.0,0.0,0.0,0.0,0.0,0.0,0.0,0.0,0.0,0.0,0.0,0.0,0.0,0.0,0.0,0.0,0.0,0.0,0.0,0.0,0.0,0.0,0.0,0.0,0.0,0.0,0.0,0.0,0.0,0.0,0.0,0.0,0.0,0.0,0.0,0.0,0.0,0.0,0.0,0.0,0.0,0.0,0.0,0.0,0.0,0.0,0.0,0.0,0.0,0.0,0.0,0.0,0.0,0.0,0.0,0.0,0.0,0.0,0.0,0.0,0.0,0.0,0.0,0.0,0.0,0.0,0.0,0.0,0.0,0.0,0.0,0.0,0.0,0.0,0.0,0.0,0.0,0.0,0.0,0.0,0.0,0.0,0.0,0.0,0.0,0.0,0.0,0.0,0.0,0.0,0.0,0.0,0.0,0.0,0.0,0.0,0.0,0.0,0.0,0.0,0.0,0.0,0.0,0.0,0.0,0.0,0.0,0.0,0.0,0.0,0.0,0.0,0.0,0.0,0.0,0.0,0.0,0.0,0.0,0.0,0.0,0.0,0.0,0.0,0.0,0.0,0.0,0.0,0.0,0.0,0.0,0.0,0.0,0.0,0.0,0.0,0.0,0.0,0.0,0.0,0.0,0.0,0.0,0.0,0.0,0.0,0.0,0.0,0.0,0.0,0.0,0.0,0.0,0.0,0.0,0.0,0.0,0.0,0.0,0.0,0.0,0.0,0.0,0.0,0.0,0.0,0.0,0.0,0.0,0.0,0.0,0.0,0.0,0.0,0.0,0.0,0.0,0.0,0.0,0.0,0.0,0.0,0.0,0.0,0.0,0.0,0.0,0.0] [1311.2619900786005,1321.8202200865917,1332.463464547639,1343.19240799478,1354.0077404728797,1364.9101575830227,1375.9003605272408,1386.9790561536227,1398.1469570017646,1409.4047813486081,1420.7532532546286,1432.193102610412,1443.7250651835902,1455.3498826661717,1467.068302722235,1478.881079036026,1490.78897136042,1502.7927455657994,1514.8931736892998,1527.0910339844697,1539.3871109713293,1551.7821954868166,1564.2770847356642,1576.872582341659,1589.569498399342,1602.368649526097,1615.270858914685,1628.2769563861766,1641.3877784433362,1654.6041683244075,1667.9269760573632,1681.3570585145608,1694.895279467867,1708.5425096441993,1722.2996267815402,1736.1675156853773,1750.1470682856248,1764.2391836939755,1778.4447682617345,1792.7647356381167,1807.2000068289992,1821.7515102561672,1836.4201818170154,1851.2069649447558,1866.112810669078,1881.1386776773347,1896.285532376183,1911.5543489537563,1926.9461094423048,1942.4618037813711,1958.1024298814455,1973.8689936881608,1989.7625092469793,2005.7839987684179,2021.9344926937952,2038.215029761504,2054.626657073813,2071.1704301642176,2087.8474130653335,2104.6586783773164,2121.605307336866,2138.6883898867477,2155.9090247459117,2173.268319480143,2190.767390573309,2208.407363499154,2226.1893727937027,2244.1145621282076,2262.184084382728,2280.399101720259,2298.7607856614945,2317.2703171601615,2335.9288866789793,2354.7376942662327,2373.6979496329395,2392.810872230673,2412.077691329971,2431.4996460994216,2451.0779856853383,2470.813969292122,2490.7088662632277,2510.763956162824,2530.9805288580706,2551.359884602096,2571.9033341176064,2592.612198681206,2613.487810208354,2634.5315113390543,2655.7446555241822,2677.1286071125573,2698.6847414386757,2720.4144449111714,2742.319115101994,2764.4001608362782,2786.6590022829737,2809.097071046162,2831.715810257159,2854.5166746673017,2877.5011307415425,2900.67065675274,2924.0267428767575,2947.570891288285,2971.304616257478,2995.22944424732,3019.346914011829,3043.658576695001,3068.1659959305807,3092.870747942638,3117.7744216469364,3142.87861875312,3168.1849538677375,3193.695054598094,3219.410561656912,3245.333128967883,3271.4644237720117,3297.806126734876,3324.3599320546946,3351.1275475713155,3378.1106948760344,3405.3111094223436,3432.7305406375262,3460.3707520352004,3488.23352132871,3516.320640545493,3544.6339161423107,3573.1751691214417,3601.9462351478164,3630.9489646670518,3660.1852230244945,3689.6568905851636,3719.3658628547196,3749.3140506013438,3779.5033799786634,3809.935792649603,3840.6132459112973,3871.5377128209448,3902.7111823227383,3934.135659375755,3965.8131650829396,3997.7457368210635,4029.9354283717907,4062.3843100537392,4095.0944688556665,4128.068008570669,4161.3070499315045,4194.813730746993,4228.590206039511,4262.638648183577,4296.961247045588,4331.560210124669,4366.437762694626,4401.596147947099,4437.037627135803,4472.764479721992,4508.779003521039,4545.083514850253,4581.680348677821,4618.571858773019,4655.7604178575675,4693.248417758249,4731.038269560753,4769.132403764733,4807.533270440121,4846.243339384716,4885.265100283049,4924.601062866471,4964.253757074609,5004.22573321805,5044.519562142395,5085.137835393579,5126.08316538458,5167.3581855634,5208.965550582488,5250.907936469426,5293.188040799074,5335.808582867062,5378.772303864684,5422.081967055189,5465.740357951513,5509.7502844954415,5554.1145772382,5598.836089522486,5643.917697666003,5689.362301146471,5735.17282278806,5781.352208949439,5827.903429713208,5874.829479076986,5922.133375145914,5969.818160326825,6017.886901523867,6066.342690335802,6115.188643254807,6164.427901866934,6214.06363305417,6264.099029198114,6314.537308385285,6365.381714614103,6416.635518003553,6468.302015003491,6520.384528606639,6572.88640856233,6625.811031591967,6679.16180160615,6732.942149923667,6787.155535492116,6841.805445110439,6896.895393653112,6952.428924296275,7008.409608745552,7064.841047465831,7121.726869912778,7179.070734766296,7236.876330165845,7295.147373947643,7353.887613883764,7413.100827923194,7472.790824434837,7532.961442452409,7593.616551921397,7654.7600539479145,7716.395881049652,7778.527997408752,7841.160399126823,7904.2971144818985,7967.94220418758,8032.099761654146,8096.773913251861,8161.968818576374,8227.688670716232,8293.937696522553,8360.720156880894,8428.04034698531,8495.90259661459,8564.311270410717,8633.270768159597,8702.785525074065,8772.860012079082,8843.498736099358,8914.706240349144,8986.487104624512,9058.845945597834,9131.787417114787,9205.31621049359,9279.437054826807,9354.154717285446,9429.47400342559,9505.399757497484,9581.936862757088,9659.090241780126,9736.864856778713,9815.265709920519,9894.297843650465,9973.966341015032,10054.276325989182,10135.232963805956,10216.841461288606,10299.107067185563,10382.035072507933,10465.630810869876,10549.89965883156,10634.84703624505,10720.478406602804,10806.799277389146,10893.815200434417,10981.531772272076,11069.954634498676,11159.08947413668,11248.94202400021,11339.518063063782,11430.823416834026,11522.863957724268,11615.64560543233,11709.174327321158,11803.456138802712,11898.49710372478,11994.303334761045,12090.880993804161,12188.23629236214,12286.375491957784,12385.304904531427,12485.030892846919,12585.55987090084,12686.898304334996,12789.052710852275,12892.029660635888,12995.8357767719,13100.477735675182,13205.962267518828,13312.296156667053,13419.486242111492,13527.539417911097,13636.462633635434,13746.262894811807,13856.947263375758,13968.522858125163,14080.996855178266,14194.376488435144,14308.66905004285,14423.881890864615] 0.31126199007860056 [Infinity,Infinity,Infinity,Infinity,Infinity,Infinity,Infinity,Infinity,Infinity,Infinity,Infinity,Infinity,Infinity,Infinity,Infinity,Infinity,Infinity,Infinity,Infinity,Infinity,Infinity,Infinity,Infinity,Infinity,Infinity,Infinity,Infinity,Infinity,Infinity,Infinity,Infinity,Infinity,Infinity,Infinity,Infinity,Infinity,Infinity,Infinity,Infinity,Infinity,Infinity,Infinity,Infinity,Infinity,Infinity,Infinity,Infinity,Infinity,Infinity,Infinity,Infinity,Infinity,Infinity,Infinity,Infinity,Infinity,Infinity,Infinity,Infinity,Infinity,Infinity,Infinity,Infinity,Infinity,Infinity,Infinity,Infinity,Infinity,Infinity,Infinity,Infinity,Infinity,Infinity,Infinity,Infinity,Infinity,Infinity,Infinity,Infinity,Infinity,Infinity,Infinity,Infinity,Infinity,Infinity,Infinity,Infinity,Infinity,Infinity,Infinity,Infinity,Infinity,Infinity,Infinity,Infinity,Infinity,Infinity,Infinity,Infinity,Infinity,Infinity,Infinity,Infinity,Infinity,Infinity,Infinity,Infinity,Infinity,Infinity,Infinity,Infinity,Infinity,Infinity,Infinity,Infinity,Infinity,Infinity,Infinity,Infinity,Infinity,Infinity,Infinity,Infinity,Infinity,Infinity,Infinity,Infinity,Infinity,Infinity,Infinity,Infinity,Infinity,Infinity,Infinity,Infinity,Infinity,Infinity,Infinity,Infinity,Infinity,Infinity,Infinity,Infinity,Infinity,Infinity,Infinity,Infinity,Infinity,Infinity,Infinity,Infinity,Infinity,Infinity,Infinity,Infinity,Infinity,Infinity,Infinity,Infinity,Infinity,Infinity,Infinity,Infinity,Infinity,Infinity,Infinity,Infinity,Infinity,Infinity,Infinity,Infinity,Infinity,Infinity,Infinity,Infinity,Infinity,Infinity,Infinity,Infinity,Infinity,Infinity,Infinity,Infinity,Infinity,Infinity,Infinity,Infinity,Infinity,Infinity,Infinity,Infinity,Infinity,Infinity,Infinity,Infinity,Infinity,Infinity,Infinity,Infinity,Infinity,Infinity,Infinity,Infinity,Infinity,Infinity,Infinity,Infinity,Infinity,Infinity,Infinity,Infinity,Infinity,Infinity,Infinity,Infinity,Infinity,Infinity,Infinity,Infinity,Infinity,Infinity,Infinity,Infinity,Infinity,Infinity,Infinity,Infinity,Infinity,Infinity,Infinity,Infinity,Infinity,Infinity,Infinity,Infinity,Infinity,Infinity,Infinity,Infinity,Infinity,Infinity,Infinity,Infinity,Infinity,Infinity,Infinity,Infinity,Infinity,Infinity,Infinity,Infinity,Infinity,Infinity,Infinity,Infinity,Infinity,Infinity,Infinity,Infinity,Infinity,Infinity,Infinity,Infinity,Infinity,Infinity,Infinity,Infinity,Infinity,Infinity,Infinity,Infinity,Infinity,Infinity,Infinity,Infinity,Infinity,Infinity,Infinity,Infinity,Infinity,Infinity,Infinity,Infinity,Infinity,Infinity,Infinity,Infinity,Infinity,Infinity,Infinity,Infinity,Infinity,Infinity,Infinity,Infinity,Infinity,Infinity,Infinity,Infinity,Infinity] [0.0,0.0,0.0,0.0,0.0,0.0,0.0,0.0,0.0,0.0,0.0,0.0,0.0,0.0,0.0,0.0,0.0,0.0,0.0,0.0,0.0,0.0,0.0,0.0,0.0,0.0,0.0,0.0,0.0,0.0,0.0,0.0,0.0,0.0,0.0,0.0,0.0,0.0,0.0,0.0,0.0,0.0,0.0,0.0,0.0,0.0,0.0,0.0,0.0,0.0,0.0,0.0,0.0,0.0,0.0,0.0,0.0,0.0,0.0,0.0,0.0,0.0,0.0,0.0,0.0,0.0,0.0,0.0,0.0,0.0,0.0,0.0,0.0,0.0,0.0,0.0,0.0,0.0,0.0,0.0,0.0,0.0,0.0,0.0,0.0,0.0,0.0,0.0,0.0,0.0,0.0,0.0,0.0,0.0,0.0,0.0,0.0,0.0,0.0,0.0,0.0,0.0,0.0,0.0,0.0,0.0,0.0,0.0,0.0,0.0,0.0,0.0,0.0,0.0,0.0,0.0,0.0,0.0,0.0,0.0,0.0,0.0,0.0,0.0,0.0,0.0,0.0,0.0,0.0,0.0,0.0,0.0,0.0,0.0,0.0,0.0,0.0,0.0,0.0,0.0,0.0,0.0,0.0,0.0,0.0,0.0,0.0,0.0,0.0,0.0,0.0,0.0,0.0,0.0,0.0,0.0,0.0,0.0,0.0,0.0,0.0,0.0,0.0,0.0,0.0,0.0,0.0,0.0,0.0,0.0,0.0,0.0,0.0,0.0,0.0,0.0,0.0,0.0,0.0,0.0,0.0,0.0,0.0,0.0,0.0,0.0,0.0,0.0,0.0,0.0,0.0,0.0,0.0,0.0,0.0,0.0,0.0,0.0,0.0,0.0,0.0,0.0,0.0,0.0,0.0,0.0,0.0,0.0,0.0,0.0,0.0,0.0,0.0,0.0,0.0,0.0,0.0,0.0,0.0,0.0,0.0,0.0,0.0,0.0,0.0,0.0,0.0,0.0,0.0,0.0,0.0,0.0,0.0,0.0,0.0,0.0,0.0,0.0,0.0,0.0,0.0,0.0,0.0,0.0,0.0,0.0,0.0,0.0,0.0,0.0,0.0,0.0,0.0,0.0,0.0,0.0,0.0,0.0,0.0,0.0,0.0,0.0,0.0,0.0,0.0,0.0,0.0,0.0,0.0,0.0,0.0,0.0,0.0,0.0,0.0,0.0,0.0,0.0,0.0,0.0,0.0,0.0,0.0,0.0,0.0,0.0,0.0,0.0,0.0,0.0,0.0,0.0,0.0,0.0,0.0,0.0,0.0,0.0,0.0,0.0]
56384.54862104159 [0.0,0.0,0.0,0.0,0.0,0.0,0.0,0.0,0.0,0.0,0.0,0.0,0.0,0.0,0.0,0.0,0.0,0.0,0.0,0.0,0.0,0.0,0.0,0.0,0.0,0.0,0.0,0.0,0.0,0.0,0.0,0.0,0.0,0.0,0.0,0.0,0.0,0.0,0.0,0.0,0.0,0.0,0.0,0.0,0.0,0.0,0.0,0.0,0.0,0.0,0.0,0.0,0.0,0.0,0.0,0.0,0.0,0.0,0.0,0.0,0.0,0.0,0.0,0.0,0.0,0.0,0.0,0.0,0.0,0.0,0.0,0.0,0.0,0.0,0.0,0.0,0.0,0.0,0.0,0.0,0.0,0.0,0.0,0.0,0.0,0.0,0.0,0.0,0.0,0.0,0.0,0.0,0.0,0.0,0.0,0.0,0.0,0.0,0.0,0.0,0.0,0.0,0.0,0.0,0.0,0.0,0.0,0.0,0.0,0.0,0.0,0.0,0.0,0.0,0.0,0.0,0.0,0.0,0.0,0.0,0.0,0.0,0.0,0.0,0.0,0.0,0.0,0.0,0.0,0.0,0.0,0.0,0.0,0.0,0.0,0.0,0.0,0.0,0.0,0.0,0.0,0.0,0.0,0.0,0.0,0.0,0.0,0.0,0.0,0.0,0.0,0.0,0.0,0.0,0.0,0.0,0.0,0.0,0.0,0.0,0.0,0.0,0.0,0.0,0.0,0.0,0.0,0.0,0.0,0.0,0.0,0.0,0.0,0.0,0.0,0.0,0.0,0.0,0.0,0.0,0.0,0.0,0.0,0.0,0.0,0.0,0.0,0.0,0.0,0.0,0.0,0.0,0.0,0.0,0.0,0.0,0.0,0.0,0.0,0.0,0.0,0.0,0.0,0.0,0.0,0.0,0.0,0.0,0.0,0.0,0.0,0.0,0.0,0.0,0.0,0.0,0.0,0.0,0.0,0.0,0.0,0.0,0.0,0.0,0.0,0.0,0.0,0.0,0.0,0.0,0.0,0.0,0.0,0.0,0.0,0.0,0.0,0.0,0.0,0.0,0.0,0.0,0.0,0.0,0.0,0.0,0.0,0.0,0.0,0.0,0.0,0.0,0.0,0.0,0.0,0.0,0.0,0.0,0.0,0.0,0.0,0.0,0.0,0.0,0.0,0.0,0.0,0.0,0.0,0.0,0.0,0.0,0.0,0.0,0.0,0.0,0.0,0.0,0.0,0.0,0.0,0.0,0.0,0.0,0.0,0.0,0.0,0.0,0.0,0.0,0.0,0.0,0.0,0.0,0.0,0.0,0.0,0.0,0.0,0.0] [1311.2619900786005,1321.8202200865917,1332.463464547639,1343.19240799478,1354.0077404728797,1364.9101575830227,1375.9003605272408,1386.9790561536227,1398.1469570017646,1409.4047813486081,1420.7532532546286,1432.193102610412,1443.7250651835902,1455.3498826661717,1467.068302722235,1478.881079036026,1490.78897136042,1502.7927455657994,1514.8931736892998,1527.0910339844697,1539.3871109713293,1551.7821954868166,1564.2770847356642,1576.872582341659,1589.569498399342,1602.368649526097,1615.270858914685,1628.2769563861766,1641.3877784433362,1654.6041683244075,1667.9269760573632,1681.3570585145608,1694.895279467867,1708.5425096441993,1722.2996267815402,1736.1675156853773,1750.1470682856248,1764.2391836939755,1778.4447682617345,1792.7647356381167,1807.2000068289992,1821.7515102561672,1836.4201818170154,1851.2069649447558,1866.112810669078,1881.1386776773347,1896.285532376183,1911.5543489537563,1926.9461094423048,1942.4618037813711,1958.1024298814455,1973.8689936881608,1989.7625092469793,2005.7839987684179,2021.9344926937952,2038.215029761504,2054.626657073813,2071.1704301642176,2087.8474130653335,2104.6586783773164,2121.605307336866,2138.6883898867477,2155.9090247459117,2173.268319480143,2190.767390573309,2208.407363499154,2226.1893727937027,2244.1145621282076,2262.184084382728,2280.399101720259,2298.7607856614945,2317.2703171601615,2335.9288866789793,2354.7376942662327,2373.6979496329395,2392.810872230673,2412.077691329971,2431.4996460994216,2451.0779856853383,2470.813969292122,2490.7088662632277,2510.763956162824,2530.9805288580706,2551.359884602096,2571.9033341176064,2592.612198681206,2613.487810208354,2634.5315113390543,2655.7446555241822,2677.1286071125573,2698.6847414386757,2720.4144449111714,2742.319115101994,2764.4001608362782,2786.6590022829737,2809.097071046162,2831.715810257159,2854.5166746673017,2877.5011307415425,2900.67065675274,2924.0267428767575,2947.570891288285,2971.304616257478,2995.22944424732,3019.346914011829,3043.658576695001,3068.1659959305807,3092.870747942638,3117.7744216469364,3142.87861875312,3168.1849538677375,3193.695054598094,3219.410561656912,3245.333128967883,3271.4644237720117,3297.806126734876,3324.3599320546946,3351.1275475713155,3378.1106948760344,3405.3111094223436,3432.7305406375262,3460.3707520352004,3488.23352132871,3516.320640545493,3544.6339161423107,3573.1751691214417,3601.9462351478164,3630.9489646670518,3660.1852230244945,3689.6568905851636,3719.3658628547196,3749.3140506013438,3779.5033799786634,3809.935792649603,3840.6132459112973,3871.5377128209448,3902.7111823227383,3934.135659375755,3965.8131650829396,3997.7457368210635,4029.9354283717907,4062.3843100537392,4095.0944688556665,4128.068008570669,4161.3070499315045,4194.813730746993,4228.590206039511,4262.638648183577,4296.961247045588,4331.560210124669,4366.437762694626,4401.596147947099,4437.037627135803,4472.764479721992,4508.779003521039,4545.083514850253,4581.680348677821,4618.571858773019,4655.7604178575675,4693.248417758249,4731.038269560753,4769.132403764733,4807.533270440121,4846.243339384716,4885.265100283049,4924.601062866471,4964.253757074609,5004.22573321805,5044.519562142395,5085.137835393579,5126.08316538458,5167.3581855634,5208.965550582488,5250.907936469426,5293.188040799074,5335.808582867062,5378.772303864684,5422.081967055189,5465.740357951513,5509.7502844954415,5554.1145772382,5598.836089522486,5643.917697666003,5689.362301146471,5735.17282278806,5781.352208949439,5827.903429713208,5874.829479076986,5922.133375145914,5969.818160326825,6017.886901523867,6066.342690335802,6115.188643254807,6164.427901866934,6214.06363305417,6264.099029198114,6314.537308385285,6365.381714614103,6416.635518003553,6468.302015003491,6520.384528606639,6572.88640856233,6625.811031591967,6679.16180160615,6732.942149923667,6787.155535492116,6841.805445110439,6896.895393653112,6952.428924296275,7008.409608745552,7064.841047465831,7121.726869912778,7179.070734766296,7236.876330165845,7295.147373947643,7353.887613883764,7413.100827923194,7472.790824434837,7532.961442452409,7593.616551921397,7654.7600539479145,7716.395881049652,7778.527997408752,7841.160399126823,7904.2971144818985,7967.94220418758,8032.099761654146,8096.773913251861,8161.968818576374,8227.688670716232,8293.937696522553,8360.720156880894,8428.04034698531,8495.90259661459,8564.311270410717,8633.270768159597,8702.785525074065,8772.860012079082,8843.498736099358,8914.706240349144,8986.487104624512,9058.845945597834,9131.787417114787,9205.31621049359,9279.437054826807,9354.154717285446,9429.47400342559,9505.399757497484,9581.936862757088,9659.090241780126,9736.864856778713,9815.265709920519,9894.297843650465,9973.966341015032,10054.276325989182,10135.232963805956,10216.841461288606,10299.107067185563,10382.035072507933,10465.630810869876,10549.89965883156,10634.84703624505,10720.478406602804,10806.799277389146,10893.815200434417,10981.531772272076,11069.954634498676,11159.08947413668,11248.94202400021,11339.518063063782,11430.823416834026,11522.863957724268,11615.64560543233,11709.174327321158,11803.456138802712,11898.49710372478,11994.303334761045,12090.880993804161,12188.23629236214,12286.375491957784,12385.304904531427,12485.030892846919,12585.55987090084,12686.898304334996,12789.052710852275,12892.029660635888,12995.8357767719,13100.477735675182,13205.962267518828,13312.296156667053,13419.486242111492,13527.539417911097,13636.462633635434,13746.262894811807,13856.947263375758,13968.522858125163,14080.996855178266,14194.376488435144,14308.66905004285,14423.881890864615] 0.31126199007860056 [Infinity,Infinity,Infinity,Infinity,Infinity,Infinity,Infinity,Infinity,Infinity,Infinity,Infinity,Infinity,Infinity,Infinity,Infinity,Infinity,Infinity,Infinity,Infinity,Infinity,Infinity,Infinity,Infinity,Infinity,Infinity,Infinity,Infinity,Infinity,Infinity,Infinity,Infinity,Infinity,Infinity,Infinity,Infinity,Infinity,Infinity,Infinity,Infinity,Infinity,Infinity,Infinity,Infinity,Infinity,Infinity,Infinity,Infinity,Infinity,Infinity,Infinity,Infinity,Infinity,Infinity,Infinity,Infinity,Infinity,Infinity,Infinity,Infinity,Infinity,Infinity,Infinity,Infinity,Infinity,Infinity,Infinity,Infinity,Infinity,Infinity,Infinity,Infinity,Infinity,Infinity,Infinity,Infinity,Infinity,Infinity,Infinity,Infinity,Infinity,Infinity,Infinity,Infinity,Infinity,Infinity,Infinity,Infinity,Infinity,Infinity,Infinity,Infinity,Infinity,Infinity,Infinity,Infinity,Infinity,Infinity,Infinity,Infinity,Infinity,Infinity,Infinity,Infinity,Infinity,Infinity,Infinity,Infinity,Infinity,Infinity,Infinity,Infinity,Infinity,Infinity,Infinity,Infinity,Infinity,Infinity,Infinity,Infinity,Infinity,Infinity,Infinity,Infinity,Infinity,Infinity,Infinity,Infinity,Infinity,Infinity,Infinity,Infinity,Infinity,Infinity,Infinity,Infinity,Infinity,Infinity,Infinity,Infinity,Infinity,Infinity,Infinity,Infinity,Infinity,Infinity,Infinity,Infinity,Infinity,Infinity,Infinity,Infinity,Infinity,Infinity,Infinity,Infinity,Infinity,Infinity,Infinity,Infinity,Infinity,Infinity,Infinity,Infinity,Infinity,Infinity,Infinity,Infinity,Infinity,Infinity,Infinity,Infinity,Infinity,Infinity,Infinity,Infinity,Infinity,Infinity,Infinity,Infinity,Infinity,Infinity,Infinity,Infinity,Infinity,Infinity,Infinity,Infinity,Infinity,Infinity,Infinity,Infinity,Infinity,Infinity,Infinity,Infinity,Infinity,Infinity,Infinity,Infinity,Infinity,Infinity,Infinity,Infinity,Infinity,Infinity,Infinity,Infinity,Infinity,Infinity,Infinity,Infinity,Infinity,Infinity,Infinity,Infinity,Infinity,Infinity,Infinity,Infinity,Infinity,Infinity,Infinity,Infinity,Infinity,Infinity,Infinity,Infinity,Infinity,Infinity,Infinity,Infinity,Infinity,Infinity,Infinity,Infinity,Infinity,Infinity,Infinity,Infinity,Infinity,Infinity,Infinity,Infinity,Infinity,Infinity,Infinity,Infinity,Infinity,Infinity,Infinity,Infinity,Infinity,Infinity,Infinity,Infinity,Infinity,Infinity,Infinity,Infinity,Infinity,Infinity,Infinity,Infinity,Infinity,Infinity,Infinity,Infinity,Infinity,Infinity,Infinity,Infinity,Infinity,Infinity,Infinity,Infinity,Infinity,Infinity,Infinity,Infinity,Infinity,Infinity,Infinity,Infinity,Infinity,Infinity,Infinity,Infinity,Infinity,Infinity,Infinity,Infinity,Infinity,Infinity,Infinity,Infinity,Infinity,Infinity,Infinity,Infinity,Infinity] [0.0,0.0,0.0,0.0,0.0,0.0,0.0,0.0,0.0,0.0,0.0,0.0,0.0,0.0,0.0,0.0,0.0,0.0,0.0,0.0,0.0,0.0,0.0,0.0,0.0,0.0,0.0,0.0,0.0,0.0,0.0,0.0,0.0,0.0,0.0,0.0,0.0,0.0,0.0,0.0,0.0,0.0,0.0,0.0,0.0,0.0,0.0,0.0,0.0,0.0,0.0,0.0,0.0,0.0,0.0,0.0,0.0,0.0,0.0,0.0,0.0,0.0,0.0,0.0,0.0,0.0,0.0,0.0,0.0,0.0,0.0,0.0,0.0,0.0,0.0,0.0,0.0,0.0,0.0,0.0,0.0,0.0,0.0,0.0,0.0,0.0,0.0,0.0,0.0,0.0,0.0,0.0,0.0,0.0,0.0,0.0,0.0,0.0,0.0,0.0,0.0,0.0,0.0,0.0,0.0,0.0,0.0,0.0,0.0,0.0,0.0,0.0,0.0,0.0,0.0,0.0,0.0,0.0,0.0,0.0,0.0,0.0,0.0,0.0,0.0,0.0,0.0,0.0,0.0,0.0,0.0,0.0,0.0,0.0,0.0,0.0,0.0,0.0,0.0,0.0,0.0,0.0,0.0,0.0,0.0,0.0,0.0,0.0,0.0,0.0,0.0,0.0,0.0,0.0,0.0,0.0,0.0,0.0,0.0,0.0,0.0,0.0,0.0,0.0,0.0,0.0,0.0,0.0,0.0,0.0,0.0,0.0,0.0,0.0,0.0,0.0,0.0,0.0,0.0,0.0,0.0,0.0,0.0,0.0,0.0,0.0,0.0,0.0,0.0,0.0,0.0,0.0,0.0,0.0,0.0,0.0,0.0,0.0,0.0,0.0,0.0,0.0,0.0,0.0,0.0,0.0,0.0,0.0,0.0,0.0,0.0,0.0,0.0,0.0,0.0,0.0,0.0,0.0,0.0,0.0,0.0,0.0,0.0,0.0,0.0,0.0,0.0,0.0,0.0,0.0,0.0,0.0,0.0,0.0,0.0,0.0,0.0,0.0,0.0,0.0,0.0,0.0,0.0,0.0,0.0,0.0,0.0,0.0,0.0,0.0,0.0,0.0,0.0,0.0,0.0,0.0,0.0,0.0,0.0,0.0,0.0,0.0,0.0,0.0,0.0,0.0,0.0,0.0,0.0,0.0,0.0,0.0,0.0,0.0,0.0,0.0,0.0,0.0,0.0,0.0,0.0,0.0,0.0,0.0,0.0,0.0,0.0,0.0,0.0,0.0,0.0,0.0,0.0,0.0,0.0,0.0,0.0,0.0,0.0,0.0]
56383.02833584459 [0.0,0.0,0.0,0.0,0.0,0.0,0.0,0.0,0.0,0.0,0.0,0.0,0.0,0.0,0.0,0.0,0.0,0.0,0.0,0.0,0.0,0.0,0.0,0.0,0.0,0.0,0.0,0.0,0.0,0.0,0.0,0.0,0.0,0.0,0.0,0.0,0.0,0.0,0.0,0.0,0.0,0.0,0.0,0.0,0.0,0.0,0.0,0.0,0.0,0.0,0.0,0.0,0.0,0.0,0.0,0.0,0.0,0.0,0.0,0.0,0.0,0.0,0.0,0.0,0.0,0.0,0.0,0.0,0.0,0.0,0.0,0.0,0.0,0.0,0.0,0.0,0.0,0.0,0.0,0.0,0.0,0.0,0.0,0.0,0.0,0.0,0.0,0.0,0.0,0.0,0.0,0.0,0.0,0.0,0.0,0.0,0.0,0.0,0.0,0.0,0.0,0.0,0.0,0.0,0.0,0.0,0.0,0.0,0.0,0.0,0.0,0.0,0.0,0.0,0.0,0.0,0.0,0.0,0.0,0.0,0.0,0.0,0.0,0.0,0.0,0.0,0.0,0.0,0.0,0.0,0.0,0.0,0.0,0.0,0.0,0.0,0.0,0.0,0.0,0.0,0.0,0.0,0.0,0.0,0.0,0.0,0.0,0.0,0.0,0.0,0.0,0.0,0.0,0.0,0.0,0.0,0.0,0.0,0.0,0.0,0.0,0.0,0.0,0.0,0.0,0.0,0.0,0.0,0.0,0.0,0.0,0.0,0.0,0.0,0.0,0.0,0.0,0.0,0.0,0.0,0.0,0.0,0.0,0.0,0.0,0.0,0.0,0.0,0.0,0.0,0.0,0.0,0.0,0.0,0.0,0.0,0.0,0.0,0.0,0.0,0.0,0.0,0.0,0.0,0.0,0.0,0.0,0.0,0.0,0.0,0.0,0.0,0.0,0.0,0.0,0.0,0.0,0.0,0.0,0.0,0.0,0.0,0.0,0.0,0.0,0.0,0.0,0.0,0.0,0.0,0.0,0.0,0.0,0.0,0.0,0.0,0.0,0.0,0.0,0.0,0.0,0.0,0.0,0.0,0.0,0.0,0.0,0.0,0.0,0.0,0.0,0.0,0.0,0.0,0.0,0.0,0.0,0.0,0.0,0.0,0.0,0.0,0.0,0.0,0.0,0.0,0.0,0.0,0.0,0.0,0.0,0.0,0.0,0.0,0.0,0.0,0.0,0.0,0.0,0.0,0.0,0.0,0.0,0.0,0.0,0.0,0.0,0.0,0.0,0.0,0.0,0.0,0.0,0.0,0.0,0.0,0.0,0.0,0.0,0.0] [1311.2619900786005,1321.8202200865917,1332.463464547639,1343.19240799478,1354.0077404728797,1364.9101575830227,1375.9003605272408,1386.9790561536227,1398.1469570017646,1409.4047813486081,1420.7532532546286,1432.193102610412,1443.7250651835902,1455.3498826661717,1467.068302722235,1478.881079036026,1490.78897136042,1502.7927455657994,1514.8931736892998,1527.0910339844697,1539.3871109713293,1551.7821954868166,1564.2770847356642,1576.872582341659,1589.569498399342,1602.368649526097,1615.270858914685,1628.2769563861766,1641.3877784433362,1654.6041683244075,1667.9269760573632,1681.3570585145608,1694.895279467867,1708.5425096441993,1722.2996267815402,1736.1675156853773,1750.1470682856248,1764.2391836939755,1778.4447682617345,1792.7647356381167,1807.2000068289992,1821.7515102561672,1836.4201818170154,1851.2069649447558,1866.112810669078,1881.1386776773347,1896.285532376183,1911.5543489537563,1926.9461094423048,1942.4618037813711,1958.1024298814455,1973.8689936881608,1989.7625092469793,2005.7839987684179,2021.9344926937952,2038.215029761504,2054.626657073813,2071.1704301642176,2087.8474130653335,2104.6586783773164,2121.605307336866,2138.6883898867477,2155.9090247459117,2173.268319480143,2190.767390573309,2208.407363499154,2226.1893727937027,2244.1145621282076,2262.184084382728,2280.399101720259,2298.7607856614945,2317.2703171601615,2335.9288866789793,2354.7376942662327,2373.6979496329395,2392.810872230673,2412.077691329971,2431.4996460994216,2451.0779856853383,2470.813969292122,2490.7088662632277,2510.763956162824,2530.9805288580706,2551.359884602096,2571.9033341176064,2592.612198681206,2613.487810208354,2634.5315113390543,2655.7446555241822,2677.1286071125573,2698.6847414386757,2720.4144449111714,2742.319115101994,2764.4001608362782,2786.6590022829737,2809.097071046162,2831.715810257159,2854.5166746673017,2877.5011307415425,2900.67065675274,2924.0267428767575,2947.570891288285,2971.304616257478,2995.22944424732,3019.346914011829,3043.658576695001,3068.1659959305807,3092.870747942638,3117.7744216469364,3142.87861875312,3168.1849538677375,3193.695054598094,3219.410561656912,3245.333128967883,3271.4644237720117,3297.806126734876,3324.3599320546946,3351.1275475713155,3378.1106948760344,3405.3111094223436,3432.7305406375262,3460.3707520352004,3488.23352132871,3516.320640545493,3544.6339161423107,3573.1751691214417,3601.9462351478164,3630.9489646670518,3660.1852230244945,3689.6568905851636,3719.3658628547196,3749.3140506013438,3779.5033799786634,3809.935792649603,3840.6132459112973,3871.5377128209448,3902.7111823227383,3934.135659375755,3965.8131650829396,3997.7457368210635,4029.9354283717907,4062.3843100537392,4095.0944688556665,4128.068008570669,4161.3070499315045,4194.813730746993,4228.590206039511,4262.638648183577,4296.961247045588,4331.560210124669,4366.437762694626,4401.596147947099,4437.037627135803,4472.764479721992,4508.779003521039,4545.083514850253,4581.680348677821,4618.571858773019,4655.7604178575675,4693.248417758249,4731.038269560753,4769.132403764733,4807.533270440121,4846.243339384716,4885.265100283049,4924.601062866471,4964.253757074609,5004.22573321805,5044.519562142395,5085.137835393579,5126.08316538458,5167.3581855634,5208.965550582488,5250.907936469426,5293.188040799074,5335.808582867062,5378.772303864684,5422.081967055189,5465.740357951513,5509.7502844954415,5554.1145772382,5598.836089522486,5643.917697666003,5689.362301146471,5735.17282278806,5781.352208949439,5827.903429713208,5874.829479076986,5922.133375145914,5969.818160326825,6017.886901523867,6066.342690335802,6115.188643254807,6164.427901866934,6214.06363305417,6264.099029198114,6314.537308385285,6365.381714614103,6416.635518003553,6468.302015003491,6520.384528606639,6572.88640856233,6625.811031591967,6679.16180160615,6732.942149923667,6787.155535492116,6841.805445110439,6896.895393653112,6952.428924296275,7008.409608745552,7064.841047465831,7121.726869912778,7179.070734766296,7236.876330165845,7295.147373947643,7353.887613883764,7413.100827923194,7472.790824434837,7532.961442452409,7593.616551921397,7654.7600539479145,7716.395881049652,7778.527997408752,7841.160399126823,7904.2971144818985,7967.94220418758,8032.099761654146,8096.773913251861,8161.968818576374,8227.688670716232,8293.937696522553,8360.720156880894,8428.04034698531,8495.90259661459,8564.311270410717,8633.270768159597,8702.785525074065,8772.860012079082,8843.498736099358,8914.706240349144,8986.487104624512,9058.845945597834,9131.787417114787,9205.31621049359,9279.437054826807,9354.154717285446,9429.47400342559,9505.399757497484,9581.936862757088,9659.090241780126,9736.864856778713,9815.265709920519,9894.297843650465,9973.966341015032,10054.276325989182,10135.232963805956,10216.841461288606,10299.107067185563,10382.035072507933,10465.630810869876,10549.89965883156,10634.84703624505,10720.478406602804,10806.799277389146,10893.815200434417,10981.531772272076,11069.954634498676,11159.08947413668,11248.94202400021,11339.518063063782,11430.823416834026,11522.863957724268,11615.64560543233,11709.174327321158,11803.456138802712,11898.49710372478,11994.303334761045,12090.880993804161,12188.23629236214,12286.375491957784,12385.304904531427,12485.030892846919,12585.55987090084,12686.898304334996,12789.052710852275,12892.029660635888,12995.8357767719,13100.477735675182,13205.962267518828,13312.296156667053,13419.486242111492,13527.539417911097,13636.462633635434,13746.262894811807,13856.947263375758,13968.522858125163,14080.996855178266,14194.376488435144,14308.66905004285,14423.881890864615] 0.31126199007860056 [Infinity,Infinity,Infinity,Infinity,Infinity,Infinity,Infinity,Infinity,Infinity,Infinity,Infinity,Infinity,Infinity,Infinity,Infinity,Infinity,Infinity,Infinity,Infinity,Infinity,Infinity,Infinity,Infinity,Infinity,Infinity,Infinity,Infinity,Infinity,Infinity,Infinity,Infinity,Infinity,Infinity,Infinity,Infinity,Infinity,Infinity,Infinity,Infinity,Infinity,Infinity,Infinity,Infinity,Infinity,Infinity,Infinity,Infinity,Infinity,Infinity,Infinity,Infinity,Infinity,Infinity,Infinity,Infinity,Infinity,Infinity,Infinity,Infinity,Infinity,Infinity,Infinity,Infinity,Infinity,Infinity,Infinity,Infinity,Infinity,Infinity,Infinity,Infinity,Infinity,Infinity,Infinity,Infinity,Infinity,Infinity,Infinity,Infinity,Infinity,Infinity,Infinity,Infinity,Infinity,Infinity,Infinity,Infinity,Infinity,Infinity,Infinity,Infinity,Infinity,Infinity,Infinity,Infinity,Infinity,Infinity,Infinity,Infinity,Infinity,Infinity,Infinity,Infinity,Infinity,Infinity,Infinity,Infinity,Infinity,Infinity,Infinity,Infinity,Infinity,Infinity,Infinity,Infinity,Infinity,Infinity,Infinity,Infinity,Infinity,Infinity,Infinity,Infinity,Infinity,Infinity,Infinity,Infinity,Infinity,Infinity,Infinity,Infinity,Infinity,Infinity,Infinity,Infinity,Infinity,Infinity,Infinity,Infinity,Infinity,Infinity,Infinity,Infinity,Infinity,Infinity,Infinity,Infinity,Infinity,Infinity,Infinity,Infinity,Infinity,Infinity,Infinity,Infinity,Infinity,Infinity,Infinity,Infinity,Infinity,Infinity,Infinity,Infinity,Infinity,Infinity,Infinity,Infinity,Infinity,Infinity,Infinity,Infinity,Infinity,Infinity,Infinity,Infinity,Infinity,Infinity,Infinity,Infinity,Infinity,Infinity,Infinity,Infinity,Infinity,Infinity,Infinity,Infinity,Infinity,Infinity,Infinity,Infinity,Infinity,Infinity,Infinity,Infinity,Infinity,Infinity,Infinity,Infinity,Infinity,Infinity,Infinity,Infinity,Infinity,Infinity,Infinity,Infinity,Infinity,Infinity,Infinity,Infinity,Infinity,Infinity,Infinity,Infinity,Infinity,Infinity,Infinity,Infinity,Infinity,Infinity,Infinity,Infinity,Infinity,Infinity,Infinity,Infinity,Infinity,Infinity,Infinity,Infinity,Infinity,Infinity,Infinity,Infinity,Infinity,Infinity,Infinity,Infinity,Infinity,Infinity,Infinity,Infinity,Infinity,Infinity,Infinity,Infinity,Infinity,Infinity,Infinity,Infinity,Infinity,Infinity,Infinity,Infinity,Infinity,Infinity,Infinity,Infinity,Infinity,Infinity,Infinity,Infinity,Infinity,Infinity,Infinity,Infinity,Infinity,Infinity,Infinity,Infinity,Infinity,Infinity,Infinity,Infinity,Infinity,Infinity,Infinity,Infinity,Infinity,Infinity,Infinity,Infinity,Infinity,Infinity,Infinity,Infinity,Infinity,Infinity,Infinity,Infinity,Infinity,Infinity,Infinity,Infinity,Infinity,Infinity,Infinity,Infinity,Infinity] [0.0,0.0,0.0,0.0,0.0,0.0,0.0,0.0,0.0,0.0,0.0,0.0,0.0,0.0,0.0,0.0,0.0,0.0,0.0,0.0,0.0,0.0,0.0,0.0,0.0,0.0,0.0,0.0,0.0,0.0,0.0,0.0,0.0,0.0,0.0,0.0,0.0,0.0,0.0,0.0,0.0,0.0,0.0,0.0,0.0,0.0,0.0,0.0,0.0,0.0,0.0,0.0,0.0,0.0,0.0,0.0,0.0,0.0,0.0,0.0,0.0,0.0,0.0,0.0,0.0,0.0,0.0,0.0,0.0,0.0,0.0,0.0,0.0,0.0,0.0,0.0,0.0,0.0,0.0,0.0,0.0,0.0,0.0,0.0,0.0,0.0,0.0,0.0,0.0,0.0,0.0,0.0,0.0,0.0,0.0,0.0,0.0,0.0,0.0,0.0,0.0,0.0,0.0,0.0,0.0,0.0,0.0,0.0,0.0,0.0,0.0,0.0,0.0,0.0,0.0,0.0,0.0,0.0,0.0,0.0,0.0,0.0,0.0,0.0,0.0,0.0,0.0,0.0,0.0,0.0,0.0,0.0,0.0,0.0,0.0,0.0,0.0,0.0,0.0,0.0,0.0,0.0,0.0,0.0,0.0,0.0,0.0,0.0,0.0,0.0,0.0,0.0,0.0,0.0,0.0,0.0,0.0,0.0,0.0,0.0,0.0,0.0,0.0,0.0,0.0,0.0,0.0,0.0,0.0,0.0,0.0,0.0,0.0,0.0,0.0,0.0,0.0,0.0,0.0,0.0,0.0,0.0,0.0,0.0,0.0,0.0,0.0,0.0,0.0,0.0,0.0,0.0,0.0,0.0,0.0,0.0,0.0,0.0,0.0,0.0,0.0,0.0,0.0,0.0,0.0,0.0,0.0,0.0,0.0,0.0,0.0,0.0,0.0,0.0,0.0,0.0,0.0,0.0,0.0,0.0,0.0,0.0,0.0,0.0,0.0,0.0,0.0,0.0,0.0,0.0,0.0,0.0,0.0,0.0,0.0,0.0,0.0,0.0,0.0,0.0,0.0,0.0,0.0,0.0,0.0,0.0,0.0,0.0,0.0,0.0,0.0,0.0,0.0,0.0,0.0,0.0,0.0,0.0,0.0,0.0,0.0,0.0,0.0,0.0,0.0,0.0,0.0,0.0,0.0,0.0,0.0,0.0,0.0,0.0,0.0,0.0,0.0,0.0,0.0,0.0,0.0,0.0,0.0,0.0,0.0,0.0,0.0,0.0,0.0,0.0,0.0,0.0,0.0,0.0,0.0,0.0,0.0,0.0,0.0,0.0]
56249.02224632067 [0.0,0.0,0.0,0.0,0.0,0.0,0.0,0.0,0.0,0.0,0.0,0.0,0.0,0.0,0.0,0.0,0.0,0.0,0.0,0.0,0.0,0.0,0.0,0.0,0.0,0.0,0.0,0.0,0.0,0.0,0.0,0.0,0.0,0.0,0.0,0.0,0.0,0.0,0.0,0.0,0.0,0.0,0.0,0.0,0.0,0.0,0.0,0.0,0.0,0.0,0.0,0.0,0.0,0.0,0.0,0.0,0.0,0.0,0.0,0.0,0.0,0.0,0.0,0.0,0.0,0.0,0.0,0.0,0.0,0.0,0.0,0.0,0.0,0.0,0.0,0.0,0.0,0.0,0.0,0.0,0.0,0.0,0.0,0.0,0.0,0.0,0.0,0.0,0.0,0.0,0.0,0.0,0.0,0.0,0.0,0.0,0.0,0.0,0.0,0.0,0.0,0.0,0.0,0.0,0.0,0.0,0.0,0.0,0.0,0.0,0.0,0.0,0.0,0.0,0.0,0.0,0.0,0.0,0.0,0.0,0.0,0.0,0.0,0.0,0.0,0.0,0.0,0.0,0.0,0.0,0.0,0.0,0.0,0.0,0.0,0.0,0.0,0.0,0.0,0.0,151.48985471487063,189.1558088479999,209.4892157518291,180.9341171109407,151.74961742396985,161.7760643874284,210.8997560561508,268.2928317404178,309.51892144692573,287.3184918316452,267.7930934135183,224.30971649762316,244.20775542519294,251.23961136395687,315.7763693773171,310.1424711910136,375.3297125740756,455.43507211002776,623.2132518160689,676.0260094587438,748.1653787856778,640.8050358764542,616.1793616571412,491.9648763879318,401.4378246541892,363.6411444017247,386.3411953266797,474.32578500974995,566.8243962579771,815.1529002072473,867.0172161150383,912.9018086376236,802.271491520658,744.824155608003,795.7739910234905,835.7314413070034,798.3978329503348,770.0149681504325,696.8254469742593,695.3912843855077,691.8403503570471,569.1370717863151,435.2782164079411,490.71346660176897,540.7768626284893,564.7478057097771,672.9143083221362,813.4764583884491,788.67809346712,742.1727546509044,682.942372711813,746.919258288863,614.4136287886415,544.8576943861879,515.7746865037183,456.65477779447633,463.22890384181005,431.8493326437973,458.5097850693139,472.33560046704577,359.5282869931031,378.5005353580576,406.47947435995144,548.1118205278865,562.23885369476,641.4322841783967,566.7138252161154,494.954900603691,456.57918558216824,429.0384034098235,481.8451489700793,409.4714015260631,379.95207385914335,416.8774568147566,477.02224389175916,468.54519112575355,450.4379478423323,473.20296022439476,385.65362772990534,424.0226613240836,433.4989193263223,490.69586274947346,462.04494521540244,393.8311826876497,424.35728811201864,263.5498085782879,200.1543650281931,220.41128504422028,315.77338693576286,351.0515178615967,328.1824839591913,342.89696894993216,320.65161358043764,304.03046355415063,280.12057345415803,270.2342016515886,253.91483397282414,237.86748030609024,202.10866095297544,195.6127144170792,182.1269935296472,179.29351409233627,180.70255117379114,166.33766754897354,157.9448573689209,152.72311944494473,151.62787165245268,142.0819115642932,126.166286799835,109.38009482989716,107.97258658260519,84.96439336113572,89.7007313408707,92.51517669402917,102.9288001286035,100.16665547466779,117.33130872309671,113.26781548592629,106.86858579215709,98.77418507832199,81.8675924620358,88.82583576764253,69.26998426883306,61.62054405899123,71.16490081241922,89.82255891990954,112.35147997217777,125.06372832494601,125.15107919264995,120.00223711389023,126.1473902052917,101.1678807651956,96.36989602845242,72.29498850884889,71.5555133785167,62.68077150618192,59.79100335497652,58.24534547616333,49.559108231593235,48.46503338235109,43.67824102826958,37.38798279016011,38.61116839707113,35.5593386945759,33.5094768004711,31.63552753100773,27.746487146731248,28.000004127932918,27.397348174752995,24.977460380620027,22.14516633010722,21.002300918293546,20.727992293359875,19.492890703968218,19.339516241209232,20.29730553866206,23.150481018520246,22.31178127504639,20.551331718821686,20.70410243423027] [1311.2619900786005,1321.8202200865917,1332.463464547639,1343.19240799478,1354.0077404728797,1364.9101575830227,1375.9003605272408,1386.9790561536227,1398.1469570017646,1409.4047813486081,1420.7532532546286,1432.193102610412,1443.7250651835902,1455.3498826661717,1467.068302722235,1478.881079036026,1490.78897136042,1502.7927455657994,1514.8931736892998,1527.0910339844697,1539.3871109713293,1551.7821954868166,1564.2770847356642,1576.872582341659,1589.569498399342,1602.368649526097,1615.270858914685,1628.2769563861766,1641.3877784433362,1654.6041683244075,1667.9269760573632,1681.3570585145608,1694.895279467867,1708.5425096441993,1722.2996267815402,1736.1675156853773,1750.1470682856248,1764.2391836939755,1778.4447682617345,1792.7647356381167,1807.2000068289992,1821.7515102561672,1836.4201818170154,1851.2069649447558,1866.112810669078,1881.1386776773347,1896.285532376183,1911.5543489537563,1926.9461094423048,1942.4618037813711,1958.1024298814455,1973.8689936881608,1989.7625092469793,2005.7839987684179,2021.9344926937952,2038.215029761504,2054.626657073813,2071.1704301642176,2087.8474130653335,2104.6586783773164,2121.605307336866,2138.6883898867477,2155.9090247459117,2173.268319480143,2190.767390573309,2208.407363499154,2226.1893727937027,2244.1145621282076,2262.184084382728,2280.399101720259,2298.7607856614945,2317.2703171601615,2335.9288866789793,2354.7376942662327,2373.6979496329395,2392.810872230673,2412.077691329971,2431.4996460994216,2451.0779856853383,2470.813969292122,2490.7088662632277,2510.763956162824,2530.9805288580706,2551.359884602096,2571.9033341176064,2592.612198681206,2613.487810208354,2634.5315113390543,2655.7446555241822,2677.1286071125573,2698.6847414386757,2720.4144449111714,2742.319115101994,2764.4001608362782,2786.6590022829737,2809.097071046162,2831.715810257159,2854.5166746673017,2877.5011307415425,2900.67065675274,2924.0267428767575,2947.570891288285,2971.304616257478,2995.22944424732,3019.346914011829,3043.658576695001,3068.1659959305807,3092.870747942638,3117.7744216469364,3142.87861875312,3168.1849538677375,3193.695054598094,3219.410561656912,3245.333128967883,3271.4644237720117,3297.806126734876,3324.3599320546946,3351.1275475713155,3378.1106948760344,3405.3111094223436,3432.7305406375262,3460.3707520352004,3488.23352132871,3516.320640545493,3544.6339161423107,3573.1751691214417,3601.9462351478164,3630.9489646670518,3660.1852230244945,3689.6568905851636,3719.3658628547196,3749.3140506013438,3779.5033799786634,3809.935792649603,3840.6132459112973,3871.5377128209448,3902.7111823227383,3934.135659375755,3965.8131650829396,3997.7457368210635,4029.9354283717907,4062.3843100537392,4095.0944688556665,4128.068008570669,4161.3070499315045,4194.813730746993,4228.590206039511,4262.638648183577,4296.961247045588,4331.560210124669,4366.437762694626,4401.596147947099,4437.037627135803,4472.764479721992,4508.779003521039,4545.083514850253,4581.680348677821,4618.571858773019,4655.7604178575675,4693.248417758249,4731.038269560753,4769.132403764733,4807.533270440121,4846.243339384716,4885.265100283049,4924.601062866471,4964.253757074609,5004.22573321805,5044.519562142395,5085.137835393579,5126.08316538458,5167.3581855634,5208.965550582488,5250.907936469426,5293.188040799074,5335.808582867062,5378.772303864684,5422.081967055189,5465.740357951513,5509.7502844954415,5554.1145772382,5598.836089522486,5643.917697666003,5689.362301146471,5735.17282278806,5781.352208949439,5827.903429713208,5874.829479076986,5922.133375145914,5969.818160326825,6017.886901523867,6066.342690335802,6115.188643254807,6164.427901866934,6214.06363305417,6264.099029198114,6314.537308385285,6365.381714614103,6416.635518003553,6468.302015003491,6520.384528606639,6572.88640856233,6625.811031591967,6679.16180160615,6732.942149923667,6787.155535492116,6841.805445110439,6896.895393653112,6952.428924296275,7008.409608745552,7064.841047465831,7121.726869912778,7179.070734766296,7236.876330165845,7295.147373947643,7353.887613883764,7413.100827923194,7472.790824434837,7532.961442452409,7593.616551921397,7654.7600539479145,7716.395881049652,7778.527997408752,7841.160399126823,7904.2971144818985,7967.94220418758,8032.099761654146,8096.773913251861,8161.968818576374,8227.688670716232,8293.937696522553,8360.720156880894,8428.04034698531,8495.90259661459,8564.311270410717,8633.270768159597,8702.785525074065,8772.860012079082,8843.498736099358,8914.706240349144,8986.487104624512,9058.845945597834,9131.787417114787,9205.31621049359,9279.437054826807,9354.154717285446,9429.47400342559,9505.399757497484,9581.936862757088,9659.090241780126,9736.864856778713,9815.265709920519,9894.297843650465,9973.966341015032,10054.276325989182,10135.232963805956,10216.841461288606,10299.107067185563,10382.035072507933,10465.630810869876,10549.89965883156,10634.84703624505,10720.478406602804,10806.799277389146,10893.815200434417,10981.531772272076,11069.954634498676,11159.08947413668,11248.94202400021,11339.518063063782,11430.823416834026,11522.863957724268,11615.64560543233,11709.174327321158,11803.456138802712,11898.49710372478,11994.303334761045,12090.880993804161,12188.23629236214,12286.375491957784,12385.304904531427,12485.030892846919,12585.55987090084,12686.898304334996,12789.052710852275,12892.029660635888,12995.8357767719,13100.477735675182,13205.962267518828,13312.296156667053,13419.486242111492,13527.539417911097,13636.462633635434,13746.262894811807,13856.947263375758,13968.522858125163,14080.996855178266,14194.376488435144,14308.66905004285,14423.881890864615] 0.31126199007860056 [Infinity,Infinity,Infinity,Infinity,Infinity,Infinity,Infinity,Infinity,Infinity,Infinity,Infinity,Infinity,Infinity,Infinity,Infinity,Infinity,Infinity,Infinity,Infinity,Infinity,Infinity,Infinity,Infinity,Infinity,Infinity,Infinity,Infinity,Infinity,Infinity,Infinity,Infinity,Infinity,Infinity,Infinity,Infinity,Infinity,Infinity,Infinity,Infinity,Infinity,Infinity,Infinity,Infinity,Infinity,Infinity,Infinity,Infinity,Infinity,Infinity,Infinity,Infinity,Infinity,Infinity,Infinity,Infinity,Infinity,Infinity,Infinity,Infinity,Infinity,Infinity,Infinity,Infinity,Infinity,Infinity,Infinity,Infinity,Infinity,Infinity,Infinity,Infinity,Infinity,Infinity,Infinity,Infinity,Infinity,Infinity,Infinity,Infinity,Infinity,Infinity,Infinity,Infinity,Infinity,Infinity,Infinity,Infinity,Infinity,Infinity,Infinity,Infinity,Infinity,Infinity,Infinity,Infinity,Infinity,Infinity,Infinity,Infinity,Infinity,Infinity,Infinity,Infinity,Infinity,Infinity,Infinity,Infinity,Infinity,Infinity,Infinity,Infinity,Infinity,Infinity,Infinity,Infinity,Infinity,Infinity,Infinity,Infinity,Infinity,Infinity,Infinity,Infinity,Infinity,Infinity,Infinity,Infinity,Infinity,Infinity,Infinity,Infinity,Infinity,Infinity,Infinity,Infinity,Infinity,Infinity,Infinity,Infinity,Infinity,8.141930752172161,10.393496696935298,10.762991307759041,9.073494465041863,7.455092516584143,8.065630561269732,10.660203163840077,13.36232260245892,14.569717133021214,14.384650343872028,13.391012458917723,12.240231493059198,11.660560710315567,12.331330748382754,14.1987156728614,16.809994580391578,19.979263164019763,24.099783052826034,29.43604855049876,34.37340626404891,36.238429664944704,34.006135133722694,29.45508001641422,24.560191695155844,20.566925403762074,18.52118578155305,19.272530604380172,23.503158817689574,30.649418987312067,37.96095498843712,42.80210494299739,44.08017536831086,41.522409405833635,38.206352086134956,38.350489859025075,40.962920495719075,41.540661198447644,39.44674396479244,37.98820774678792,37.648267648722715,35.00143429371832,29.422285229539984,25.177990657374806,24.67109554370044,26.24504136550367,28.71589019699589,32.42003275428881,36.65244113811307,38.846708662102934,38.359645433303356,37.349902476279496,35.95077293765018,32.08730783548626,27.01158879593628,24.265091218925207,23.301162897151237,21.95223582851107,21.210847125923834,21.941338787221163,21.731561976287388,20.13495250960742,20.468872779310765,23.334181773062635,26.943744101688146,29.768934750848793,30.54308929294329,28.47407390388135,24.68836067845521,22.013287105978456,21.688940729841143,22.746809877875204,21.18977467338963,19.267961687326164,22.14618752172067,24.769152724217385,24.22641628014255,23.253465931090435,22.05301758563383,20.93369232781617,21.632205111729725,22.923247036417127,23.038896358713973,21.853854604207655,21.260451407712363,19.93002274259665,13.438169084190639,8.992672406229175,10.733085553325775,15.260784608285977,17.368219746001216,17.076513478326316,16.53830765269116,15.881352705635729,15.179238535525737,14.435331448817095,13.512619788661866,12.355063794934072,11.66521588403655,10.97017113598335,10.059047522781645,9.892587258142973,9.069170730778515,8.44410612185322,8.185759106281035,7.599260380176109,7.459527521521261,7.379471370563157,7.096341386982215,6.534931342359153,5.811088410171097,5.074259403437092,4.434473630540229,4.610319668622575,4.6920234432631895,4.6821400235449175,5.0209020384625,5.706535061876256,5.916150362742099,5.2908779702697935,4.899333429513074,4.092819101479573,4.077191717088229,3.6316046635922477,3.060499676076873,3.7451732331991585,4.223470096967594,5.509560088902122,6.349738454167094,6.460512401858759,6.301905137525336,5.941625634933893,5.487177819760569,4.628575516892733,3.9346003786641637,3.569705392885793,3.2038474854240278,2.837519795192221,2.7879595512802102,2.6521500578715105,2.440709842033617,2.1976749471080437,1.9991104485050677,1.8591112800600613,1.715483948390304,1.5959002679534422,1.4388118228777862,1.3837123634170827,1.4127413025996924,1.3611868048653752,1.242919544224054,1.1569265140758849,1.045348654226402,1.0259589938706055,0.9738618213174831,0.9502067707268486,1.0149144424809817,1.061113478117392,1.0867199077214638,1.1251209063857204,1.0986847513725084] [0.0,0.0,0.0,0.0,0.0,0.0,0.0,0.0,0.0,0.0,0.0,0.0,0.0,0.0,0.0,0.0,0.0,0.0,0.0,0.0,0.0,0.0,0.0,0.0,0.0,0.0,0.0,0.0,0.0,0.0,0.0,0.0,0.0,0.0,0.0,0.0,0.0,0.0,0.0,0.0,0.0,0.0,0.0,0.0,0.0,0.0,0.0,0.0,0.0,0.0,0.0,0.0,0.0,0.0,0.0,0.0,0.0,0.0,0.0,0.0,0.0,0.0,0.0,0.0,0.0,0.0,0.0,0.0,0.0,0.0,0.0,0.0,0.0,0.0,0.0,0.0,0.0,0.0,0.0,0.0,0.0,0.0,0.0,0.0,0.0,0.0,0.0,0.0,0.0,0.0,0.0,0.0,0.0,0.0,0.0,0.0,0.0,0.0,0.0,0.0,0.0,0.0,0.0,0.0,0.0,0.0,0.0,0.0,0.0,0.0,0.0,0.0,0.0,0.0,0.0,0.0,0.0,0.0,0.0,0.0,0.0,0.0,0.0,0.0,0.0,0.0,0.0,0.0,0.0,0.0,0.0,0.0,0.0,0.0,0.0,0.0,0.0,0.0,0.0,0.0,-11.348760328572599,-18.714125090706045,-5.7706104033517125,-0.5357721898965503,2.6477670922869887,0.46345316203375625,-2.3043072206507142,1.0463796912394006,18.124578786501456,-0.3745150457953753,-0.02715576483617816,-20.494913363560823,10.99654121888162,4.612996396301792,31.802055920089117,-26.05742041681792,-24.25555070631971,-26.560588946492924,34.492280806093696,-11.442115822234395,23.39678548678372,-39.31766679799969,27.077761328856695,0.7610424848148969,-9.900683421052227,-6.782571229336278,0.8905832390762354,4.262608655958487,-46.16398348826415,55.93380043850484,10.975117255090451,31.298301271406377,-28.1766965960147,-19.30288611469606,28.76419384298891,16.473031392621895,-32.415391018618145,-18.919911145416222,-62.93870796149908,-57.574068588946574,-8.18833551731923,-19.30863280448457,-68.28159673955503,-2.70844427223982,15.87603531841592,-9.569998230140657,24.513653236359918,80.42763562618785,11.743920225061244,-25.020154015162632,-64.0556768137768,27.90379953585945,-27.33252792108361,4.6259184674622205,30.47286212521418,-9.368480148548393,24.18418727158863,7.6323901253205975,19.68300932489064,37.70436094129804,-43.170763199045254,-30.876920228157623,-60.2041611013013,9.236938494123603,-33.13984132221583,30.57049831953087,-2.7676528615115767,1.1876870345867427,16.313443462599157,-4.740411186999384,26.908951412575213,-14.324091941729439,-5.407159887379945,-26.04629361965683,-18.3608105925885,-15.983134477097474,-14.631370779476415,32.14260851171816,-33.02021882641809,-8.621440910510923,-24.96602140202019,29.91793557519399,24.96785313124934,-31.377845466597577,25.75683326008569,-5.213573105524864,20.3009169036096,5.749573977704795,10.557694770043312,3.687122941572394,-13.34778560733501,12.130815896108961,3.0245594677230394,0.4456928436358738,-8.586055522183873,-0.018194121648734362,6.813558074142727,4.5631626253592446,-17.294761766691554,-5.5682360385537315,-15.724751633212259,-2.0899005232340246,11.820428736726743,2.6224854233528636,5.959649765398716,3.5325690145195123,4.038444241189554,0.15508382464890696,-4.532340047348037,-6.84167337352478,6.487398513863335,-3.725079249668853,-2.5056620315807963,-1.3252921712346286,9.285999657705142,-0.25138529458222075,3.20060748557159,-5.055191768915681,1.0510263867612202,0.7875164880604981,0.011210432444337486,7.282001425877949,-3.3621090030118976,0.41055053745377396,-3.738563851563957,5.353156980557669,2.160278194135323,-1.9310407583958689,-4.05916884452523,-6.035865636616483,7.314877506613838,-8.575675630015768,3.798385690597748,-6.397019064434382,0.161405520800828,-1.3961782022986338,3.0406074511321055,2.4861544505591264,-3.483892925836977,-0.3491634583212469,-0.2752579138912974,-2.5942261799412427,1.4289427958699101,1.2496597267698217,1.5914714414022544,2.8592910734520074,0.07223987838959608,-0.25482192406093196,0.17361207744549048,0.11906949613894922,-0.9933639514104802,0.095327833765503,0.20881241594776398,0.015654277618556214,0.3353808266722606,-0.0009833109575753396,1.9282114561724046,0.5773831206171132,-1.9510864088927193,-1.2695925932199013]
56278.4244089657 [0.0,0.0,0.0,0.0,0.0,0.0,0.0,0.0,0.0,0.0,0.0,0.0,0.0,0.0,0.0,0.0,0.0,0.0,0.0,0.0,0.0,0.0,0.0,0.0,0.0,0.0,0.0,0.0,0.0,0.0,0.0,0.0,0.0,0.0,0.0,0.0,0.0,0.0,0.0,0.0,0.0,0.0,0.0,0.0,0.0,0.0,0.0,0.0,0.0,0.0,0.0,0.0,0.0,0.0,0.0,0.0,0.0,0.0,0.0,0.0,0.0,0.0,0.0,0.0,0.0,0.0,0.0,0.0,0.0,0.0,0.0,0.0,0.0,0.0,0.0,0.0,0.0,0.0,0.0,0.0,0.0,0.0,0.0,0.0,0.0,0.0,0.0,0.0,0.0,0.0,0.0,0.0,0.0,0.0,0.0,0.0,0.0,0.0,0.0,0.0,0.0,0.0,0.0,0.0,0.0,0.0,0.0,0.0,0.0,0.0,0.0,0.0,0.0,0.0,0.0,0.0,0.0,0.0,0.0,0.0,0.0,0.0,0.0,0.0,0.0,0.0,0.0,0.0,0.0,0.0,0.0,0.0,0.0,0.0,0.0,0.0,0.0,0.0,0.0,0.0,6.773833563184916,4.901655634932431,5.355181243976809,8.236552197261226,10.762992006681284,9.872343017392831,6.393216649935645,1.4383508771169307,-1.4540434296638731,-1.5212462592135767,2.30222286924592,9.98476954550894,16.681281350618264,20.846022256816823,23.422388967271885,29.257130548213585,34.53042896263148,44.410933493596346,50.33410612187667,47.110484223621484,53.38006521647207,57.135829819685604,64.09010675237796,74.21850645013139,68.90508804606645,59.26145274092283,44.84232842765594,45.47223120406441,62.70076071873328,83.82588219722213,113.47461655029119,129.619594251941,117.97570823593315,106.10155979931838,84.24978079723674,84.52130548865986,78.82503626786527,80.68532184216237,79.87820034285551,81.49413751481197,89.6829787393975,95.5363174244479,95.62164772399919,87.3202690712905,79.4222104596417,62.016482689755556,59.824889489856325,69.57803184104151,97.82961513867343,127.71592992090264,157.11602858274563,188.18228161463367,152.87875345940387,92.06299143107933,77.54303216027199,102.01690762248775,91.68523796889112,101.5501150423846,146.87200279695736,168.2615525717996,150.89581482551256,109.76280428966889,90.90361790203741,80.23126708314142,76.47691050283433,96.19061628996525,128.0992365084544,144.7119859438536,181.3441183094415,173.967997523094,196.36782311032647,230.88535134154873,280.9166504443219,248.8138841682464,242.06486947498084,212.65639037078648,159.74371028522768,132.5810462470101,153.77723478722874,182.95670426912992,190.24349906404956,202.45040038171683,158.5254931339016,124.6317461731857,120.08319352671872,112.62341026835247,111.53748794470374,123.61820741250241,114.28904123105342,108.36677204422723,117.76470214829757,187.47427864059568,228.95492587138494,204.60539552865876,230.6041422665511,217.78514242021447,141.71791406322814,121.5827440397766,108.7723576564672,96.32795904018387,90.6465202134826,91.84372739952475,89.39486000403473,76.0229108545001,77.72673599853529,86.04644715532041,88.1928586467201,92.12386377178213,98.07329663452975,111.13132253234524,111.30781076119736,90.51329650185308,83.05982478858635,96.38235075744906,113.32043697957748,131.28412389472967,116.96707806335927,105.98681774388797,90.79176727937455,59.601827850813116,49.861205058577404,39.536176837270425,16.95709792200403,19.979762084148856,23.6820686557652,32.32736791680245,75.5526793219034,99.45422646984227,102.29304548452133,105.35080837222787,122.97337536381538,127.66010880454304,105.25298042863628,98.45740610717658,80.66934692022964,80.32850058010172,76.35632645063474,65.7360063536683,59.10487424827814,60.732906738631,59.74107109322831,60.239379900496026,64.45373526165959,54.185829043015026,50.4509289555393,57.76064173357218,63.95275810794761,61.63447960006789,63.63341309056051,54.544089131774705,38.43250054390959,40.09038006239105,41.53124076150832,40.54625131184765,41.016964808465715,36.67434267941671,32.95238564220514,32.77310074625928,35.623886075577126,29.311474670939802] [1311.2619900786005,1321.8202200865917,1332.463464547639,1343.19240799478,1354.0077404728797,1364.9101575830227,1375.9003605272408,1386.9790561536227,1398.1469570017646,1409.4047813486081,1420.7532532546286,1432.193102610412,1443.7250651835902,1455.3498826661717,1467.068302722235,1478.881079036026,1490.78897136042,1502.7927455657994,1514.8931736892998,1527.0910339844697,1539.3871109713293,1551.7821954868166,1564.2770847356642,1576.872582341659,1589.569498399342,1602.368649526097,1615.270858914685,1628.2769563861766,1641.3877784433362,1654.6041683244075,1667.9269760573632,1681.3570585145608,1694.895279467867,1708.5425096441993,1722.2996267815402,1736.1675156853773,1750.1470682856248,1764.2391836939755,1778.4447682617345,1792.7647356381167,1807.2000068289992,1821.7515102561672,1836.4201818170154,1851.2069649447558,1866.112810669078,1881.1386776773347,1896.285532376183,1911.5543489537563,1926.9461094423048,1942.4618037813711,1958.1024298814455,1973.8689936881608,1989.7625092469793,2005.7839987684179,2021.9344926937952,2038.215029761504,2054.626657073813,2071.1704301642176,2087.8474130653335,2104.6586783773164,2121.605307336866,2138.6883898867477,2155.9090247459117,2173.268319480143,2190.767390573309,2208.407363499154,2226.1893727937027,2244.1145621282076,2262.184084382728,2280.399101720259,2298.7607856614945,2317.2703171601615,2335.9288866789793,2354.7376942662327,2373.6979496329395,2392.810872230673,2412.077691329971,2431.4996460994216,2451.0779856853383,2470.813969292122,2490.7088662632277,2510.763956162824,2530.9805288580706,2551.359884602096,2571.9033341176064,2592.612198681206,2613.487810208354,2634.5315113390543,2655.7446555241822,2677.1286071125573,2698.6847414386757,2720.4144449111714,2742.319115101994,2764.4001608362782,2786.6590022829737,2809.097071046162,2831.715810257159,2854.5166746673017,2877.5011307415425,2900.67065675274,2924.0267428767575,2947.570891288285,2971.304616257478,2995.22944424732,3019.346914011829,3043.658576695001,3068.1659959305807,3092.870747942638,3117.7744216469364,3142.87861875312,3168.1849538677375,3193.695054598094,3219.410561656912,3245.333128967883,3271.4644237720117,3297.806126734876,3324.3599320546946,3351.1275475713155,3378.1106948760344,3405.3111094223436,3432.7305406375262,3460.3707520352004,3488.23352132871,3516.320640545493,3544.6339161423107,3573.1751691214417,3601.9462351478164,3630.9489646670518,3660.1852230244945,3689.6568905851636,3719.3658628547196,3749.3140506013438,3779.5033799786634,3809.935792649603,3840.6132459112973,3871.5377128209448,3902.7111823227383,3934.135659375755,3965.8131650829396,3997.7457368210635,4029.9354283717907,4062.3843100537392,4095.0944688556665,4128.068008570669,4161.3070499315045,4194.813730746993,4228.590206039511,4262.638648183577,4296.961247045588,4331.560210124669,4366.437762694626,4401.596147947099,4437.037627135803,4472.764479721992,4508.779003521039,4545.083514850253,4581.680348677821,4618.571858773019,4655.7604178575675,4693.248417758249,4731.038269560753,4769.132403764733,4807.533270440121,4846.243339384716,4885.265100283049,4924.601062866471,4964.253757074609,5004.22573321805,5044.519562142395,5085.137835393579,5126.08316538458,5167.3581855634,5208.965550582488,5250.907936469426,5293.188040799074,5335.808582867062,5378.772303864684,5422.081967055189,5465.740357951513,5509.7502844954415,5554.1145772382,5598.836089522486,5643.917697666003,5689.362301146471,5735.17282278806,5781.352208949439,5827.903429713208,5874.829479076986,5922.133375145914,5969.818160326825,6017.886901523867,6066.342690335802,6115.188643254807,6164.427901866934,6214.06363305417,6264.099029198114,6314.537308385285,6365.381714614103,6416.635518003553,6468.302015003491,6520.384528606639,6572.88640856233,6625.811031591967,6679.16180160615,6732.942149923667,6787.155535492116,6841.805445110439,6896.895393653112,6952.428924296275,7008.409608745552,7064.841047465831,7121.726869912778,7179.070734766296,7236.876330165845,7295.147373947643,7353.887613883764,7413.100827923194,7472.790824434837,7532.961442452409,7593.616551921397,7654.7600539479145,7716.395881049652,7778.527997408752,7841.160399126823,7904.2971144818985,7967.94220418758,8032.099761654146,8096.773913251861,8161.968818576374,8227.688670716232,8293.937696522553,8360.720156880894,8428.04034698531,8495.90259661459,8564.311270410717,8633.270768159597,8702.785525074065,8772.860012079082,8843.498736099358,8914.706240349144,8986.487104624512,9058.845945597834,9131.787417114787,9205.31621049359,9279.437054826807,9354.154717285446,9429.47400342559,9505.399757497484,9581.936862757088,9659.090241780126,9736.864856778713,9815.265709920519,9894.297843650465,9973.966341015032,10054.276325989182,10135.232963805956,10216.841461288606,10299.107067185563,10382.035072507933,10465.630810869876,10549.89965883156,10634.84703624505,10720.478406602804,10806.799277389146,10893.815200434417,10981.531772272076,11069.954634498676,11159.08947413668,11248.94202400021,11339.518063063782,11430.823416834026,11522.863957724268,11615.64560543233,11709.174327321158,11803.456138802712,11898.49710372478,11994.303334761045,12090.880993804161,12188.23629236214,12286.375491957784,12385.304904531427,12485.030892846919,12585.55987090084,12686.898304334996,12789.052710852275,12892.029660635888,12995.8357767719,13100.477735675182,13205.962267518828,13312.296156667053,13419.486242111492,13527.539417911097,13636.462633635434,13746.262894811807,13856.947263375758,13968.522858125163,14080.996855178266,14194.376488435144,14308.66905004285,14423.881890864615] 0.31126199007860056 [Infinity,Infinity,Infinity,Infinity,Infinity,Infinity,Infinity,Infinity,Infinity,Infinity,Infinity,Infinity,Infinity,Infinity,Infinity,Infinity,Infinity,Infinity,Infinity,Infinity,Infinity,Infinity,Infinity,Infinity,Infinity,Infinity,Infinity,Infinity,Infinity,Infinity,Infinity,Infinity,Infinity,Infinity,Infinity,Infinity,Infinity,Infinity,Infinity,Infinity,Infinity,Infinity,Infinity,Infinity,Infinity,Infinity,Infinity,Infinity,Infinity,Infinity,Infinity,Infinity,Infinity,Infinity,Infinity,Infinity,Infinity,Infinity,Infinity,Infinity,Infinity,Infinity,Infinity,Infinity,Infinity,Infinity,Infinity,Infinity,Infinity,Infinity,Infinity,Infinity,Infinity,Infinity,Infinity,Infinity,Infinity,Infinity,Infinity,Infinity,Infinity,Infinity,Infinity,Infinity,Infinity,Infinity,Infinity,Infinity,Infinity,Infinity,Infinity,Infinity,Infinity,Infinity,Infinity,Infinity,Infinity,Infinity,Infinity,Infinity,Infinity,Infinity,Infinity,Infinity,Infinity,Infinity,Infinity,Infinity,Infinity,Infinity,Infinity,Infinity,Infinity,Infinity,Infinity,Infinity,Infinity,Infinity,Infinity,Infinity,Infinity,Infinity,Infinity,Infinity,Infinity,Infinity,Infinity,Infinity,Infinity,Infinity,Infinity,Infinity,Infinity,Infinity,Infinity,Infinity,Infinity,Infinity,Infinity,Infinity,0.34999885593759644,0.2414022684995038,0.26070827433183763,0.4088250450522432,0.5376172818431159,0.49732403728502134,0.30046551903392305,0.06973925954583025,0.07696931735938779,0.07732840598589638,0.11630473208402889,0.4716210044660415,0.8289331609055143,1.0368593028471014,1.1608528698311207,1.3855970147221146,1.780552317956958,2.167131690915762,2.35639041451426,2.4242512136551673,2.592682462312461,2.9489652457031714,3.3506558529109776,3.6200332292054433,3.5466984905794794,2.9405521729189177,2.1977252646297885,2.193055210317553,3.2404127074052673,4.618185624533759,5.6196730682635,6.054734291976553,5.88453521124414,5.327341779220723,4.7104863671180235,4.228530697552377,3.9792096625675386,3.937402575257816,3.956795281332667,4.00485118776056,4.20374905136547,4.505012287708,4.574459106372004,4.235296676917917,3.6362318980744313,3.043023738116445,2.865407795620722,3.4024818324318793,4.738215480371042,6.621436737564079,8.358409604636673,8.963107962964228,7.334225935849496,4.779470442973083,4.15292302622119,4.8163279885297845,4.826425786469536,5.3249993894902925,7.269558746371983,8.233295962316337,7.06280767413975,5.471472923110946,4.464606893963016,4.207760142254701,4.3550076872662995,4.754189889059482,6.138352610403681,7.98248359866434,8.63599276948485,8.650810925937424,9.30104748354724,11.233793056177532,13.20562730155748,13.216974033820444,12.203846530367585,10.727210983240843,8.310922351626958,6.849988683808347,7.504063475602804,8.89289747492594,10.104033747389261,10.214099763818563,8.285189472750782,6.4094607223588325,5.976888310612271,5.8502462768444605,5.778243712817995,5.834460396634407,5.932253214512217,5.680155949053407,6.2924617191535805,8.333343206844754,9.946724149987272,10.660825780125641,10.68210577777563,9.846223977676058,7.592718265582195,5.994369769396959,5.366821360894249,4.853751189871135,4.606733547650813,4.50700447946952,4.276244349060727,3.8944997663105503,3.7331674729606212,4.123879390627459,4.604250866926617,4.673808344289425,4.818877537875935,5.414271137642828,5.566433214506182,4.634707658820057,4.354151452545259,4.8237971733318386,5.856926483804562,6.544441765826264,6.221901162272421,5.375055328716757,4.26328466382353,2.950112864689314,2.4409420588996626,1.832360495499038,0.8742331115860278,0.9122422197172237,1.0416538921293694,1.7301322849112926,3.6764554266519838,5.1988494084322125,5.340612797896368,5.579013244586176,5.881163001007057,6.302509286909969,5.674217519987249,4.984285786831947,4.26126026706565,3.792582851033236,3.705307387410054,3.2155508362911127,2.888698664572057,2.893029505390201,2.9902005004731738,3.1323552616015404,3.023293225140736,2.7535144728460654,2.6472558471798466,2.954452230111633,3.29017043103124,3.510548436144957,2.9655480871772584,2.7085405943709757,1.9410594386984177,1.9000776729914985,1.956504032815745,2.168845907310744,2.0609555278402327,1.7723574985330508,1.6898978294794738,1.750183822051799,1.7468818108870299,1.4592992173716692] [0.0,0.0,0.0,0.0,0.0,0.0,0.0,0.0,0.0,0.0,0.0,0.0,0.0,0.0,0.0,0.0,0.0,0.0,0.0,0.0,0.0,0.0,0.0,0.0,0.0,0.0,0.0,0.0,0.0,0.0,0.0,0.0,0.0,0.0,0.0,0.0,0.0,0.0,0.0,0.0,0.0,0.0,0.0,0.0,0.0,0.0,0.0,0.0,0.0,0.0,0.0,0.0,0.0,0.0,0.0,0.0,0.0,0.0,0.0,0.0,0.0,0.0,0.0,0.0,0.0,0.0,0.0,0.0,0.0,0.0,0.0,0.0,0.0,0.0,0.0,0.0,0.0,0.0,0.0,0.0,0.0,0.0,0.0,0.0,0.0,0.0,0.0,0.0,0.0,0.0,0.0,0.0,0.0,0.0,0.0,0.0,0.0,0.0,0.0,0.0,0.0,0.0,0.0,0.0,0.0,0.0,0.0,0.0,0.0,0.0,0.0,0.0,0.0,0.0,0.0,0.0,0.0,0.0,0.0,0.0,0.0,0.0,0.0,0.0,0.0,0.0,0.0,0.0,0.0,0.0,0.0,0.0,0.0,0.0,0.0,0.0,0.0,0.0,0.0,0.0,-0.22614355556701218,0.07361026494235463,0.14101575734005695,0.06005129621636137,0.010646369818966881,-0.07413772830759505,0.3839062692571845,0.04356568620032552,0.08534291752388268,0.025321860504351063,-0.023871772434657653,0.5523494561881099,0.10261813250797794,0.10883619987479709,0.20533157064946989,1.5451902537712923,-1.080617396507676,1.068299675281108,3.2062978315914674,-1.3745400494818685,1.5264159702228492,-1.843475094377823,-2.9230103058415926,1.8178418660225246,-2.0288817655231424,0.45040928254447526,0.8878231350601772,1.6111269977133502,-2.107493429372072,-8.53783029345306,1.0811551850211953,8.524908412409935,0.28500401105036655,-0.4452757850960883,-9.959946545123731,-0.04930846238766892,-0.7591569834854914,1.9372703370060356,0.7422947162021711,1.3971137596007555,5.6079977120880935,5.436071670287888,4.132465596559117,2.6143355329321487,6.697572498153077,1.1560079274266553,2.5167335774418857,1.5283951924039227,3.0653055312525956,-4.712804830378944,-10.052163509987825,8.920122355349095,6.194234742413953,-3.526417428382332,-5.515428364151813,5.690347851892059,-4.843277760499602,-4.9498727474212325,1.4808278695176864,3.5956333254728756,9.639661342717586,0.33334582744995755,1.6114800227770896,-3.9239357619525888,-10.623243242491654,1.1068185087755973,5.332184300380788,-14.93768602943319,8.624262919744492,0.9517790043455335,10.346873439381655,6.209490217998073,16.804104413172293,-15.525596508162472,-2.01206113237087,-1.8878292940303956,-6.4747367473114785,-4.418727429156841,3.695965275172641,5.098754770611128,-11.837175883735663,-1.8315948946544018,-7.178296321114032,-3.557468273990946,0.5454273144733068,-4.381515268536743,-4.027386311656158,6.9289994798142835,-4.35602305919093,-5.236346936840899,-8.084532234774052,20.807414503700617,30.020442871639474,-8.611120073854055,16.96202671103846,20.86066286669331,-10.13645124841576,1.6953486518374221,1.4359304385822012,-0.7470647572388293,-1.488150739533649,1.7036378101343397,3.8699730228201923,-1.8670844717109036,3.063386539322867,3.568859342771234,-3.892158691812242,-1.3523031140063708,1.6957458770110458,2.8458997794886773,-0.020853528926283466,-2.180856674548069,-4.02320426231883,-0.09359270918772432,-3.818092696513776,0.39528857820439633,-7.470945182089147,-1.5142888304471582,5.526074002903953,0.5995705570268333,1.0423638805841522,2.8889669272896654,-0.5275643097165257,1.7349176898043812,2.848990813177811,-2.2752777814233998,2.0235707888637195,-4.522761698801993,-4.519210473406034,-6.2294565194956375,5.3501153436742435,1.6099230663436512,-8.231369971108707,-1.2283096294623606,-4.555858421083352,4.476843559437003,2.2501787024336593,1.4249896278460505,1.3309009568369967,2.872316630826978,-0.0629389162351663,-2.4077253315347815,3.9878707588448656,-0.8844604139062795,-2.4941879880576363,-1.3284028686604847,-1.850650512677185,-8.576489122831251,4.322451347015341,0.37327724435518744,-0.3886882300587593,2.088826602561075,2.401160105193421,-2.8306668343672277,-0.20214574833893356,1.227192708755692,-0.8455709473843405,-2.2305756947766997,0.6862498578365267,0.12549032350641617]
56091.920142609735 [0.0,0.0,0.0,0.0,0.0,0.0,0.0,0.0,0.0,0.0,0.0,0.0,0.0,0.0,0.0,0.0,0.0,0.0,0.0,0.0,0.0,0.0,0.0,0.0,0.0,0.0,0.0,0.0,0.0,0.0,0.0,0.0,0.0,0.0,0.0,0.0,0.0,0.0,0.0,0.0,0.0,0.0,0.0,0.0,0.0,0.0,0.0,0.0,0.0,0.0,0.0,0.0,0.0,0.0,0.0,0.0,0.0,0.0,0.0,0.0,0.0,0.0,0.0,0.0,0.0,0.0,0.0,0.0,0.0,0.0,0.0,0.0,0.0,0.0,0.0,0.0,0.0,0.0,0.0,0.0,0.0,0.0,0.0,0.0,0.0,0.0,0.0,0.0,0.0,0.0,0.0,0.0,0.0,0.0,0.0,0.0,0.0,0.0,0.0,0.0,0.0,0.0,0.0,0.0,0.0,0.0,0.0,0.0,0.0,0.0,0.0,0.0,0.0,0.0,0.0,0.0,0.0,0.0,0.0,0.0,0.0,0.0,0.0,0.0,0.0,0.0,0.0,0.0,0.0,0.0,0.0,0.0,0.0,0.0,0.0,0.0,0.0,0.0,0.0,0.0,0.0,0.0,0.0,0.0,0.0,0.0,0.0,0.0,0.0,0.0,0.0,0.0,0.0,0.0,0.0,0.0,0.0,0.0,0.0,0.0,0.0,0.0,0.0,0.0,0.0,0.0,0.0,0.0,0.0,0.0,0.0,0.0,0.0,0.0,0.0,0.0,0.0,0.0,0.0,0.0,0.0,0.0,0.0,0.0,0.0,0.0,0.0,0.0,0.0,0.0,0.0,0.0,0.0,0.0,0.0,0.0,0.0,0.0,0.0,0.0,0.0,0.0,0.0,0.0,0.0,0.0,0.0,0.0,0.0,0.0,0.0,0.0,0.0,0.0,0.0,0.0,0.0,0.0,0.0,0.0,0.0,0.0,0.0,0.0,0.0,0.0,0.0,0.0,0.0,0.0,0.0,0.0,0.0,0.0,0.0,0.0,0.0,0.0,0.0,0.0,0.0,0.0,0.0,0.0,0.0,0.0,0.0,0.0,0.0,0.0,0.0,0.0,0.0,0.0,0.0,0.0,0.0,0.0,0.0,0.0,0.0,0.0,0.0,0.0,0.0,0.0,0.0,0.0,0.0,0.0,0.0,0.0,0.0,0.0,0.0,0.0,0.0,0.0,0.0,0.0,0.0,0.0,0.0,0.0,0.0,0.0,0.0,0.0,0.0,0.0,0.0,0.0,0.0,0.0,0.0,0.0,0.0,0.0,0.0,0.0] [1311.2619900786005,1321.8202200865917,1332.463464547639,1343.19240799478,1354.0077404728797,1364.9101575830227,1375.9003605272408,1386.9790561536227,1398.1469570017646,1409.4047813486081,1420.7532532546286,1432.193102610412,1443.7250651835902,1455.3498826661717,1467.068302722235,1478.881079036026,1490.78897136042,1502.7927455657994,1514.8931736892998,1527.0910339844697,1539.3871109713293,1551.7821954868166,1564.2770847356642,1576.872582341659,1589.569498399342,1602.368649526097,1615.270858914685,1628.2769563861766,1641.3877784433362,1654.6041683244075,1667.9269760573632,1681.3570585145608,1694.895279467867,1708.5425096441993,1722.2996267815402,1736.1675156853773,1750.1470682856248,1764.2391836939755,1778.4447682617345,1792.7647356381167,1807.2000068289992,1821.7515102561672,1836.4201818170154,1851.2069649447558,1866.112810669078,1881.1386776773347,1896.285532376183,1911.5543489537563,1926.9461094423048,1942.4618037813711,1958.1024298814455,1973.8689936881608,1989.7625092469793,2005.7839987684179,2021.9344926937952,2038.215029761504,2054.626657073813,2071.1704301642176,2087.8474130653335,2104.6586783773164,2121.605307336866,2138.6883898867477,2155.9090247459117,2173.268319480143,2190.767390573309,2208.407363499154,2226.1893727937027,2244.1145621282076,2262.184084382728,2280.399101720259,2298.7607856614945,2317.2703171601615,2335.9288866789793,2354.7376942662327,2373.6979496329395,2392.810872230673,2412.077691329971,2431.4996460994216,2451.0779856853383,2470.813969292122,2490.7088662632277,2510.763956162824,2530.9805288580706,2551.359884602096,2571.9033341176064,2592.612198681206,2613.487810208354,2634.5315113390543,2655.7446555241822,2677.1286071125573,2698.6847414386757,2720.4144449111714,2742.319115101994,2764.4001608362782,2786.6590022829737,2809.097071046162,2831.715810257159,2854.5166746673017,2877.5011307415425,2900.67065675274,2924.0267428767575,2947.570891288285,2971.304616257478,2995.22944424732,3019.346914011829,3043.658576695001,3068.1659959305807,3092.870747942638,3117.7744216469364,3142.87861875312,3168.1849538677375,3193.695054598094,3219.410561656912,3245.333128967883,3271.4644237720117,3297.806126734876,3324.3599320546946,3351.1275475713155,3378.1106948760344,3405.3111094223436,3432.7305406375262,3460.3707520352004,3488.23352132871,3516.320640545493,3544.6339161423107,3573.1751691214417,3601.9462351478164,3630.9489646670518,3660.1852230244945,3689.6568905851636,3719.3658628547196,3749.3140506013438,3779.5033799786634,3809.935792649603,3840.6132459112973,3871.5377128209448,3902.7111823227383,3934.135659375755,3965.8131650829396,3997.7457368210635,4029.9354283717907,4062.3843100537392,4095.0944688556665,4128.068008570669,4161.3070499315045,4194.813730746993,4228.590206039511,4262.638648183577,4296.961247045588,4331.560210124669,4366.437762694626,4401.596147947099,4437.037627135803,4472.764479721992,4508.779003521039,4545.083514850253,4581.680348677821,4618.571858773019,4655.7604178575675,4693.248417758249,4731.038269560753,4769.132403764733,4807.533270440121,4846.243339384716,4885.265100283049,4924.601062866471,4964.253757074609,5004.22573321805,5044.519562142395,5085.137835393579,5126.08316538458,5167.3581855634,5208.965550582488,5250.907936469426,5293.188040799074,5335.808582867062,5378.772303864684,5422.081967055189,5465.740357951513,5509.7502844954415,5554.1145772382,5598.836089522486,5643.917697666003,5689.362301146471,5735.17282278806,5781.352208949439,5827.903429713208,5874.829479076986,5922.133375145914,5969.818160326825,6017.886901523867,6066.342690335802,6115.188643254807,6164.427901866934,6214.06363305417,6264.099029198114,6314.537308385285,6365.381714614103,6416.635518003553,6468.302015003491,6520.384528606639,6572.88640856233,6625.811031591967,6679.16180160615,6732.942149923667,6787.155535492116,6841.805445110439,6896.895393653112,6952.428924296275,7008.409608745552,7064.841047465831,7121.726869912778,7179.070734766296,7236.876330165845,7295.147373947643,7353.887613883764,7413.100827923194,7472.790824434837,7532.961442452409,7593.616551921397,7654.7600539479145,7716.395881049652,7778.527997408752,7841.160399126823,7904.2971144818985,7967.94220418758,8032.099761654146,8096.773913251861,8161.968818576374,8227.688670716232,8293.937696522553,8360.720156880894,8428.04034698531,8495.90259661459,8564.311270410717,8633.270768159597,8702.785525074065,8772.860012079082,8843.498736099358,8914.706240349144,8986.487104624512,9058.845945597834,9131.787417114787,9205.31621049359,9279.437054826807,9354.154717285446,9429.47400342559,9505.399757497484,9581.936862757088,9659.090241780126,9736.864856778713,9815.265709920519,9894.297843650465,9973.966341015032,10054.276325989182,10135.232963805956,10216.841461288606,10299.107067185563,10382.035072507933,10465.630810869876,10549.89965883156,10634.84703624505,10720.478406602804,10806.799277389146,10893.815200434417,10981.531772272076,11069.954634498676,11159.08947413668,11248.94202400021,11339.518063063782,11430.823416834026,11522.863957724268,11615.64560543233,11709.174327321158,11803.456138802712,11898.49710372478,11994.303334761045,12090.880993804161,12188.23629236214,12286.375491957784,12385.304904531427,12485.030892846919,12585.55987090084,12686.898304334996,12789.052710852275,12892.029660635888,12995.8357767719,13100.477735675182,13205.962267518828,13312.296156667053,13419.486242111492,13527.539417911097,13636.462633635434,13746.262894811807,13856.947263375758,13968.522858125163,14080.996855178266,14194.376488435144,14308.66905004285,14423.881890864615] 0.31126199007860056 [Infinity,Infinity,Infinity,Infinity,Infinity,Infinity,Infinity,Infinity,Infinity,Infinity,Infinity,Infinity,Infinity,Infinity,Infinity,Infinity,Infinity,Infinity,Infinity,Infinity,Infinity,Infinity,Infinity,Infinity,Infinity,Infinity,Infinity,Infinity,Infinity,Infinity,Infinity,Infinity,Infinity,Infinity,Infinity,Infinity,Infinity,Infinity,Infinity,Infinity,Infinity,Infinity,Infinity,Infinity,Infinity,Infinity,Infinity,Infinity,Infinity,Infinity,Infinity,Infinity,Infinity,Infinity,Infinity,Infinity,Infinity,Infinity,Infinity,Infinity,Infinity,Infinity,Infinity,Infinity,Infinity,Infinity,Infinity,Infinity,Infinity,Infinity,Infinity,Infinity,Infinity,Infinity,Infinity,Infinity,Infinity,Infinity,Infinity,Infinity,Infinity,Infinity,Infinity,Infinity,Infinity,Infinity,Infinity,Infinity,Infinity,Infinity,Infinity,Infinity,Infinity,Infinity,Infinity,Infinity,Infinity,Infinity,Infinity,Infinity,Infinity,Infinity,Infinity,Infinity,Infinity,Infinity,Infinity,Infinity,Infinity,Infinity,Infinity,Infinity,Infinity,Infinity,Infinity,Infinity,Infinity,Infinity,Infinity,Infinity,Infinity,Infinity,Infinity,Infinity,Infinity,Infinity,Infinity,Infinity,Infinity,Infinity,Infinity,Infinity,Infinity,Infinity,Infinity,Infinity,Infinity,Infinity,Infinity,Infinity,Infinity,Infinity,Infinity,Infinity,Infinity,Infinity,Infinity,Infinity,Infinity,Infinity,Infinity,Infinity,Infinity,Infinity,Infinity,Infinity,Infinity,Infinity,Infinity,Infinity,Infinity,Infinity,Infinity,Infinity,Infinity,Infinity,Infinity,Infinity,Infinity,Infinity,Infinity,Infinity,Infinity,Infinity,Infinity,Infinity,Infinity,Infinity,Infinity,Infinity,Infinity,Infinity,Infinity,Infinity,Infinity,Infinity,Infinity,Infinity,Infinity,Infinity,Infinity,Infinity,Infinity,Infinity,Infinity,Infinity,Infinity,Infinity,Infinity,Infinity,Infinity,Infinity,Infinity,Infinity,Infinity,Infinity,Infinity,Infinity,Infinity,Infinity,Infinity,Infinity,Infinity,Infinity,Infinity,Infinity,Infinity,Infinity,Infinity,Infinity,Infinity,Infinity,Infinity,Infinity,Infinity,Infinity,Infinity,Infinity,Infinity,Infinity,Infinity,Infinity,Infinity,Infinity,Infinity,Infinity,Infinity,Infinity,Infinity,Infinity,Infinity,Infinity,Infinity,Infinity,Infinity,Infinity,Infinity,Infinity,Infinity,Infinity,Infinity,Infinity,Infinity,Infinity,Infinity,Infinity,Infinity,Infinity,Infinity,Infinity,Infinity,Infinity,Infinity,Infinity,Infinity,Infinity,Infinity,Infinity,Infinity,Infinity,Infinity,Infinity,Infinity,Infinity,Infinity,Infinity,Infinity,Infinity,Infinity,Infinity,Infinity,Infinity,Infinity,Infinity,Infinity,Infinity,Infinity,Infinity,Infinity,Infinity,Infinity,Infinity,Infinity,Infinity,Infinity,Infinity,Infinity,Infinity,Infinity,Infinity] [0.0,0.0,0.0,0.0,0.0,0.0,0.0,0.0,0.0,0.0,0.0,0.0,0.0,0.0,0.0,0.0,0.0,0.0,0.0,0.0,0.0,0.0,0.0,0.0,0.0,0.0,0.0,0.0,0.0,0.0,0.0,0.0,0.0,0.0,0.0,0.0,0.0,0.0,0.0,0.0,0.0,0.0,0.0,0.0,0.0,0.0,0.0,0.0,0.0,0.0,0.0,0.0,0.0,0.0,0.0,0.0,0.0,0.0,0.0,0.0,0.0,0.0,0.0,0.0,0.0,0.0,0.0,0.0,0.0,0.0,0.0,0.0,0.0,0.0,0.0,0.0,0.0,0.0,0.0,0.0,0.0,0.0,0.0,0.0,0.0,0.0,0.0,0.0,0.0,0.0,0.0,0.0,0.0,0.0,0.0,0.0,0.0,0.0,0.0,0.0,0.0,0.0,0.0,0.0,0.0,0.0,0.0,0.0,0.0,0.0,0.0,0.0,0.0,0.0,0.0,0.0,0.0,0.0,0.0,0.0,0.0,0.0,0.0,0.0,0.0,0.0,0.0,0.0,0.0,0.0,0.0,0.0,0.0,0.0,0.0,0.0,0.0,0.0,0.0,0.0,0.0,0.0,0.0,0.0,0.0,0.0,0.0,0.0,0.0,0.0,0.0,0.0,0.0,0.0,0.0,0.0,0.0,0.0,0.0,0.0,0.0,0.0,0.0,0.0,0.0,0.0,0.0,0.0,0.0,0.0,0.0,0.0,0.0,0.0,0.0,0.0,0.0,0.0,0.0,0.0,0.0,0.0,0.0,0.0,0.0,0.0,0.0,0.0,0.0,0.0,0.0,0.0,0.0,0.0,0.0,0.0,0.0,0.0,0.0,0.0,0.0,0.0,0.0,0.0,0.0,0.0,0.0,0.0,0.0,0.0,0.0,0.0,0.0,0.0,0.0,0.0,0.0,0.0,0.0,0.0,0.0,0.0,0.0,0.0,0.0,0.0,0.0,0.0,0.0,0.0,0.0,0.0,0.0,0.0,0.0,0.0,0.0,0.0,0.0,0.0,0.0,0.0,0.0,0.0,0.0,0.0,0.0,0.0,0.0,0.0,0.0,0.0,0.0,0.0,0.0,0.0,0.0,0.0,0.0,0.0,0.0,0.0,0.0,0.0,0.0,0.0,0.0,0.0,0.0,0.0,0.0,0.0,0.0,0.0,0.0,0.0,0.0,0.0,0.0,0.0,0.0,0.0,0.0,0.0,0.0,0.0,0.0,0.0,0.0,0.0,0.0,0.0,0.0,0.0,0.0,0.0,0.0,0.0,0.0,0.0]
56267.94564387742 [0.0,0.0,0.0,0.0,0.0,0.0,0.0,0.0,0.0,0.0,0.0,0.0,0.0,0.0,0.0,0.0,0.0,0.0,0.0,0.0,0.0,0.0,0.0,0.0,0.0,0.0,0.0,0.0,0.0,0.0,0.0,0.0,0.0,0.0,0.0,0.0,0.0,0.0,0.0,0.0,0.0,0.0,0.0,0.0,0.0,0.0,0.0,0.0,0.0,0.0,0.0,0.0,0.0,0.0,0.0,0.0,0.0,0.0,0.0,0.0,0.0,0.0,0.0,0.0,0.0,0.0,0.0,0.0,0.0,0.0,0.0,0.0,0.0,0.0,0.0,0.0,0.0,0.0,0.0,0.0,0.0,0.0,0.0,0.0,0.0,0.0,0.0,0.0,0.0,0.0,0.0,0.0,0.0,0.0,0.0,0.0,0.0,0.0,0.0,0.0,0.0,0.0,0.0,0.0,0.0,0.0,0.0,0.0,0.0,0.0,0.0,0.0,0.0,0.0,0.0,0.0,0.0,0.0,0.0,0.0,0.0,0.0,0.0,0.0,0.0,0.0,0.0,0.0,0.0,0.0,0.0,0.0,0.0,0.0,0.0,0.0,0.0,0.0,0.0,0.0,22.556978342235038,29.33560606430113,24.904452157800975,18.141965913438796,14.2284450958663,28.49339934851308,49.986771362867835,58.22386597109117,48.07167986027024,26.647925959976632,14.243526383552432,21.158098600400248,33.47951346989178,44.60537790650603,51.11872645087061,53.242891433343964,71.29336146518305,85.33440254654505,99.88195534056575,116.00643753782832,100.8620097014583,114.83803212938246,134.40834068032822,143.0025277068125,122.52949475894115,102.14862471901402,88.66490726485287,97.31385739185738,152.2893607912853,198.95199852950014,259.4092337408649,271.972181195125,216.1032599195233,202.67716320674546,159.7504615849831,166.27264174126972,144.97018491723173,153.67551989619025,167.16915162757397,156.13155371055706,188.23739864577453,184.13868230398504,179.66804525034868,150.6477725581078,124.59045866687353,105.13963903632536,112.72362042618055,134.4641233704474,197.47811688702373,266.8036256623204,356.1178385978755,373.79521615720506,293.4594759937613,182.33377306394814,149.14125485381035,181.08335223035812,159.27683347671433,187.58028501502622,215.10021287193183,272.51249935922635,206.81473615877147,163.02192511858811,155.45683768331764,152.99908295441563,151.99835165375833,185.84038621113615,251.70701203210587,312.84089425129196,331.7598850839644,341.7503033990822,306.693020949424,354.22575700515756,307.21256574362866,253.571567108172,209.93135547994177,191.41344153872782,133.36099848406516,140.69249386616474,167.54492974152456,224.27773408398272,282.05457564248155,304.74921424380716,249.37789177636694,184.804043085889,175.1543920323,162.87962964992704,140.44200483145167,125.76551877219168,140.52248400520142,177.68618419601083,190.65024402253584,200.71108409597318,233.8723252855027,211.1870223577138,217.928880183661,185.8649587240017,141.54138191462062,120.28952404476638,99.16752633189397,87.21877725775506,80.30672359599016,88.78897637783973,78.24957012933899,81.22724492507962,84.41434366413536,90.31522473088644,82.57809067844173,88.33069127948663,87.15494782464773,93.3063979819046,80.00977165610628,79.46476427711389,83.41951719067838,77.09791775186747,77.67841422813675,74.8055045460122,78.93116818054652,72.12522746373995,65.52345887142448,58.94847624651546,48.43661509195744,42.591421141497605,18.6130447596409,21.29383398221631,29.734288796274456,39.82810005550205,65.13169113881901,93.36739314040967,113.42876909627083,127.89925036817739,123.04757044677395,136.18978752070683,111.15537068079931,105.18643265778906,85.05256137216341,81.1767226281795,71.01942692063551,61.966562989285265,53.910780687147586,54.57137497459371,50.61164355556581,44.73996342843599,45.56851508567139,43.19994141803524,43.11261592608658,35.51477510830019,35.19752009682447,31.316100774141983,28.71579003289855,21.291707988191142,31.785071757396146,27.007938289152822,30.16657769505866,35.41634512542073,33.419246976062404,25.725164511850913,24.200390397669942,24.072088656852937,17.948181305267457,20.138347932924596] [1311.2619900786005,1321.8202200865917,1332.463464547639,1343.19240799478,1354.0077404728797,1364.9101575830227,1375.9003605272408,1386.9790561536227,1398.1469570017646,1409.4047813486081,1420.7532532546286,1432.193102610412,1443.7250651835902,1455.3498826661717,1467.068302722235,1478.881079036026,1490.78897136042,1502.7927455657994,1514.8931736892998,1527.0910339844697,1539.3871109713293,1551.7821954868166,1564.2770847356642,1576.872582341659,1589.569498399342,1602.368649526097,1615.270858914685,1628.2769563861766,1641.3877784433362,1654.6041683244075,1667.9269760573632,1681.3570585145608,1694.895279467867,1708.5425096441993,1722.2996267815402,1736.1675156853773,1750.1470682856248,1764.2391836939755,1778.4447682617345,1792.7647356381167,1807.2000068289992,1821.7515102561672,1836.4201818170154,1851.2069649447558,1866.112810669078,1881.1386776773347,1896.285532376183,1911.5543489537563,1926.9461094423048,1942.4618037813711,1958.1024298814455,1973.8689936881608,1989.7625092469793,2005.7839987684179,2021.9344926937952,2038.215029761504,2054.626657073813,2071.1704301642176,2087.8474130653335,2104.6586783773164,2121.605307336866,2138.6883898867477,2155.9090247459117,2173.268319480143,2190.767390573309,2208.407363499154,2226.1893727937027,2244.1145621282076,2262.184084382728,2280.399101720259,2298.7607856614945,2317.2703171601615,2335.9288866789793,2354.7376942662327,2373.6979496329395,2392.810872230673,2412.077691329971,2431.4996460994216,2451.0779856853383,2470.813969292122,2490.7088662632277,2510.763956162824,2530.9805288580706,2551.359884602096,2571.9033341176064,2592.612198681206,2613.487810208354,2634.5315113390543,2655.7446555241822,2677.1286071125573,2698.6847414386757,2720.4144449111714,2742.319115101994,2764.4001608362782,2786.6590022829737,2809.097071046162,2831.715810257159,2854.5166746673017,2877.5011307415425,2900.67065675274,2924.0267428767575,2947.570891288285,2971.304616257478,2995.22944424732,3019.346914011829,3043.658576695001,3068.1659959305807,3092.870747942638,3117.7744216469364,3142.87861875312,3168.1849538677375,3193.695054598094,3219.410561656912,3245.333128967883,3271.4644237720117,3297.806126734876,3324.3599320546946,3351.1275475713155,3378.1106948760344,3405.3111094223436,3432.7305406375262,3460.3707520352004,3488.23352132871,3516.320640545493,3544.6339161423107,3573.1751691214417,3601.9462351478164,3630.9489646670518,3660.1852230244945,3689.6568905851636,3719.3658628547196,3749.3140506013438,3779.5033799786634,3809.935792649603,3840.6132459112973,3871.5377128209448,3902.7111823227383,3934.135659375755,3965.8131650829396,3997.7457368210635,4029.9354283717907,4062.3843100537392,4095.0944688556665,4128.068008570669,4161.3070499315045,4194.813730746993,4228.590206039511,4262.638648183577,4296.961247045588,4331.560210124669,4366.437762694626,4401.596147947099,4437.037627135803,4472.764479721992,4508.779003521039,4545.083514850253,4581.680348677821,4618.571858773019,4655.7604178575675,4693.248417758249,4731.038269560753,4769.132403764733,4807.533270440121,4846.243339384716,4885.265100283049,4924.601062866471,4964.253757074609,5004.22573321805,5044.519562142395,5085.137835393579,5126.08316538458,5167.3581855634,5208.965550582488,5250.907936469426,5293.188040799074,5335.808582867062,5378.772303864684,5422.081967055189,5465.740357951513,5509.7502844954415,5554.1145772382,5598.836089522486,5643.917697666003,5689.362301146471,5735.17282278806,5781.352208949439,5827.903429713208,5874.829479076986,5922.133375145914,5969.818160326825,6017.886901523867,6066.342690335802,6115.188643254807,6164.427901866934,6214.06363305417,6264.099029198114,6314.537308385285,6365.381714614103,6416.635518003553,6468.302015003491,6520.384528606639,6572.88640856233,6625.811031591967,6679.16180160615,6732.942149923667,6787.155535492116,6841.805445110439,6896.895393653112,6952.428924296275,7008.409608745552,7064.841047465831,7121.726869912778,7179.070734766296,7236.876330165845,7295.147373947643,7353.887613883764,7413.100827923194,7472.790824434837,7532.961442452409,7593.616551921397,7654.7600539479145,7716.395881049652,7778.527997408752,7841.160399126823,7904.2971144818985,7967.94220418758,8032.099761654146,8096.773913251861,8161.968818576374,8227.688670716232,8293.937696522553,8360.720156880894,8428.04034698531,8495.90259661459,8564.311270410717,8633.270768159597,8702.785525074065,8772.860012079082,8843.498736099358,8914.706240349144,8986.487104624512,9058.845945597834,9131.787417114787,9205.31621049359,9279.437054826807,9354.154717285446,9429.47400342559,9505.399757497484,9581.936862757088,9659.090241780126,9736.864856778713,9815.265709920519,9894.297843650465,9973.966341015032,10054.276325989182,10135.232963805956,10216.841461288606,10299.107067185563,10382.035072507933,10465.630810869876,10549.89965883156,10634.84703624505,10720.478406602804,10806.799277389146,10893.815200434417,10981.531772272076,11069.954634498676,11159.08947413668,11248.94202400021,11339.518063063782,11430.823416834026,11522.863957724268,11615.64560543233,11709.174327321158,11803.456138802712,11898.49710372478,11994.303334761045,12090.880993804161,12188.23629236214,12286.375491957784,12385.304904531427,12485.030892846919,12585.55987090084,12686.898304334996,12789.052710852275,12892.029660635888,12995.8357767719,13100.477735675182,13205.962267518828,13312.296156667053,13419.486242111492,13527.539417911097,13636.462633635434,13746.262894811807,13856.947263375758,13968.522858125163,14080.996855178266,14194.376488435144,14308.66905004285,14423.881890864615] 0.31126199007860056 [Infinity,Infinity,Infinity,Infinity,Infinity,Infinity,Infinity,Infinity,Infinity,Infinity,Infinity,Infinity,Infinity,Infinity,Infinity,Infinity,Infinity,Infinity,Infinity,Infinity,Infinity,Infinity,Infinity,Infinity,Infinity,Infinity,Infinity,Infinity,Infinity,Infinity,Infinity,Infinity,Infinity,Infinity,Infinity,Infinity,Infinity,Infinity,Infinity,Infinity,Infinity,Infinity,Infinity,Infinity,Infinity,Infinity,Infinity,Infinity,Infinity,Infinity,Infinity,Infinity,Infinity,Infinity,Infinity,Infinity,Infinity,Infinity,Infinity,Infinity,Infinity,Infinity,Infinity,Infinity,Infinity,Infinity,Infinity,Infinity,Infinity,Infinity,Infinity,Infinity,Infinity,Infinity,Infinity,Infinity,Infinity,Infinity,Infinity,Infinity,Infinity,Infinity,Infinity,Infinity,Infinity,Infinity,Infinity,Infinity,Infinity,Infinity,Infinity,Infinity,Infinity,Infinity,Infinity,Infinity,Infinity,Infinity,Infinity,Infinity,Infinity,Infinity,Infinity,Infinity,Infinity,Infinity,Infinity,Infinity,Infinity,Infinity,Infinity,Infinity,Infinity,Infinity,Infinity,Infinity,Infinity,Infinity,Infinity,Infinity,Infinity,Infinity,Infinity,Infinity,Infinity,Infinity,Infinity,Infinity,Infinity,Infinity,Infinity,Infinity,Infinity,Infinity,Infinity,Infinity,Infinity,Infinity,Infinity,Infinity,1.1293099246691642,1.3846987813610272,1.293409644445593,0.9046238274762359,0.7537007758110992,1.3551560007813088,2.382365445515796,2.9353901483644043,2.358659507536413,1.2831205249559778,0.7123147153180966,1.0555300590210426,1.7430194536933392,2.17680244166544,2.425006109278728,2.917629156117274,3.8127658274657827,4.682908913754855,5.076596373920507,5.174362135671954,5.504526367559196,6.225588379862996,6.868222842666967,6.955257157257366,6.354971848529162,5.098078104014375,4.048088688769289,4.747598061525231,7.56187927020053,10.710594004204406,12.533079892011543,12.78537419010661,11.635908472978427,9.871015567714165,8.515029635653324,7.882916508032393,7.7899113818381185,7.985325381565536,8.165921755479157,8.300081537101697,8.710721105665062,9.256834386836447,9.030536452329825,7.745895407487607,6.329345869950849,5.555170074580909,5.710585647716722,7.114976557263482,10.185641330980719,14.343184494947831,17.63653227906382,18.142953336282723,14.374232945357798,9.017194705647901,7.389100902540278,8.490724662730681,8.801568704578381,9.546672827916613,11.897732705176093,12.494344113827074,10.170672096679075,8.253375437668542,7.651024841385028,7.283171294660858,7.519854690942196,9.151344231931791,12.514363760128207,15.96013764487401,16.52016133100952,15.786570359005793,15.930013603889662,16.042534363296856,15.1582961914837,13.011487565410064,10.971797842017274,9.496257089175357,7.7174883529837475,6.864437058924511,8.088527996715861,10.917848041367154,13.481720605710848,13.923739700240512,11.797776061722933,9.69379126481757,8.993192173145312,8.062967362620343,6.8985387234259035,6.428983516564168,7.3487613974797155,8.627579155191968,9.859481494871298,10.815678165579719,10.929698514826226,11.02101607114174,10.639028426246863,9.099600817879317,7.569615376535937,6.224520802062533,5.063641595904697,4.407592697509622,4.477759935718235,4.371836477788081,4.115807662565659,4.06265085474736,4.213908254839876,4.351703771717686,4.326944673079933,4.384593175156092,4.550067884102214,4.435679593299803,4.0571847864651644,4.1085406911415125,4.158757995189754,4.288821791920591,3.9924301780161535,3.7640628219937917,3.6910978609516993,3.488959725025032,3.4573018212237576,2.84376907534302,2.5402662898704618,2.0824978744083955,0.9616597293693762,1.1345135493890952,1.4129271374845327,1.9762361701329776,3.455876670676701,4.635247290888528,5.4179516213673,6.100471192240618,6.457469576547176,6.338100358216727,5.475124405953476,4.871618956066451,4.2957461229509635,3.89945269589053,3.745492690414072,3.082469594666075,2.9871334703024655,2.760373629341227,2.5194436123971875,2.237521574374378,2.076729510806656,2.1433065736216577,2.092994077804952,1.8869429014736838,1.6759509584856112,1.5981615176095043,1.4308359350036175,1.2787078026474354,1.5680243074996725,1.42042246319684,1.4851817468515498,1.7715435836798235,1.4960491127295263,1.3549572816648545,1.1937721353891653,1.0951418483562114,0.9674240922788868,0.8995022229003851] [0.0,0.0,0.0,0.0,0.0,0.0,0.0,0.0,0.0,0.0,0.0,0.0,0.0,0.0,0.0,0.0,0.0,0.0,0.0,0.0,0.0,0.0,0.0,0.0,0.0,0.0,0.0,0.0,0.0,0.0,0.0,0.0,0.0,0.0,0.0,0.0,0.0,0.0,0.0,0.0,0.0,0.0,0.0,0.0,0.0,0.0,0.0,0.0,0.0,0.0,0.0,0.0,0.0,0.0,0.0,0.0,0.0,0.0,0.0,0.0,0.0,0.0,0.0,0.0,0.0,0.0,0.0,0.0,0.0,0.0,0.0,0.0,0.0,0.0,0.0,0.0,0.0,0.0,0.0,0.0,0.0,0.0,0.0,0.0,0.0,0.0,0.0,0.0,0.0,0.0,0.0,0.0,0.0,0.0,0.0,0.0,0.0,0.0,0.0,0.0,0.0,0.0,0.0,0.0,0.0,0.0,0.0,0.0,0.0,0.0,0.0,0.0,0.0,0.0,0.0,0.0,0.0,0.0,0.0,0.0,0.0,0.0,0.0,0.0,0.0,0.0,0.0,0.0,0.0,0.0,0.0,0.0,0.0,0.0,0.0,0.0,0.0,0.0,0.0,0.0,-0.029220151148248264,1.6416304370805859,-0.963740731110887,0.04948936391407695,-0.8455704203556839,1.3902793328869052,2.3394624525519165,-0.4839369961969107,0.898489709541968,0.9855154608570759,-0.002767922809500778,0.04749741997939675,-1.3808756039750036,1.0693290731972254,2.6186042652960473,-5.109691689001514,-4.961955084132599,-8.323775728552045,-1.6499721378444052,12.519194824389244,-9.228517649725617,-9.673735467877483,-2.9561161730111176,3.897384561665183,-4.56994221164209,0.18706263872652035,7.703133489467093,2.361896161352764,1.0517753872747069,-15.259881554588002,8.747635900634084,16.26469739299279,-16.614909540045222,5.256851852462143,-10.550131128083368,8.614311580621855,-10.828042719530634,-6.030987735120481,3.8507165179908136,-9.87007703147687,14.022976532473312,-0.9980054327438971,-0.9426837962478107,-4.2701355916443555,-1.996458732143452,-5.9637624552928195,-1.4880925281539037,-7.835407774822258,-6.234709732590642,-20.060064236636237,3.387193016599088,10.936149431550643,5.974817086605336,1.9898789509901247,1.3592368030047843,11.268858975744468,-16.75454061485327,-3.3531715433060554,-22.854441231590044,22.62561708268484,3.4012942251899534,-2.0455836347827376,2.4363408556170874,7.335657061198476,1.6012578349144186,2.8135015725003476,1.419736829541742,-6.361858646188239,1.356658463774027,26.018896218966375,-11.907251128369245,33.37506973922045,4.046641913954677,-6.658184200029293,-9.504601360403704,1.4882997552206725,-20.988768575609775,3.4037526876745052,5.774369807207348,5.92077325663965,12.420163528264583,26.27442023899694,13.422370541908272,-9.071782210462391,-4.709451430606242,1.6202823975201888,2.471230362933589,-2.814151559091663,-6.452743944392886,5.134601092171476,-6.539385874890118,-15.60247921562119,15.27835498897818,-9.233299065121031,5.148311658723715,3.87294236641538,-9.850925616098127,-4.200891996484278,-2.105305586199965,-0.933076692437367,-9.248475118374548,1.3522468220780974,-4.0665831219741975,-0.025772169867577317,0.13617856733783446,3.281149296532736,-3.9608027831569337,0.6388277763647852,-3.8464098573965395,4.592806115908536,-1.1339240731970093,-2.7060495457163665,0.24435728688328495,-8.67851808654435,-2.1701893321863186,-0.47575189386362543,5.109210961512535,2.346032963239304,-3.6225775530506756,2.0730947396550703,-2.3687107054517886,0.9414636533296961,-0.6201498277466225,-1.3964370055655935,1.475746046583799,0.303376652842495,-3.9858422747150164,0.6624473226391132,5.069736668924822,5.889826523365031,-6.101821084169578,9.427780356372294,1.652882561729783,7.754053536460053,-0.8623610868558568,3.1876687103689068,-3.8904268876459365,0.3171710959637665,-5.831888718901726,-0.636097612230834,0.22277130762205766,-0.010468059051570994,4.033924869538272,0.33380994560208616,1.2527343699875522,-2.2240829211734847,1.6785009271122489,-0.6471295780481062,0.0990713328261988,-4.282448064757566,0.42458560740269574,-1.400510974783982,0.462942758027663,-0.0145265481757344,3.4982647214718736,-1.3739811214461788,0.32494768988663886,2.1692516897287066,-1.4003005403102802,2.148303474916893]
56149.91237787036 [0.0,0.0,0.0,0.0,0.0,0.0,0.0,0.0,0.0,0.0,0.0,0.0,0.0,0.0,0.0,0.0,0.0,0.0,0.0,0.0,0.0,0.0,0.0,0.0,0.0,0.0,0.0,0.0,0.0,0.0,0.0,0.0,0.0,0.0,0.0,0.0,0.0,0.0,0.0,0.0,0.0,0.0,0.0,0.0,0.0,0.0,0.0,0.0,0.0,0.0,0.0,0.0,0.0,0.0,0.0,0.0,0.0,0.0,0.0,0.0,0.0,0.0,0.0,0.0,0.0,0.0,0.0,0.0,0.0,0.0,0.0,0.0,0.0,0.0,0.0,0.0,0.0,0.0,0.0,0.0,0.0,0.0,0.0,0.0,0.0,0.0,0.0,0.0,0.0,0.0,0.0,0.0,0.0,0.0,0.0,0.0,0.0,0.0,0.0,0.0,0.0,0.0,0.0,0.0,0.0,0.0,0.0,0.0,0.0,0.0,0.0,0.0,0.0,0.0,0.0,0.0,0.0,0.0,0.0,0.0,0.0,0.0,0.0,0.0,0.0,0.0,0.0,0.0,0.0,0.0,0.0,0.0,0.0,0.0,0.0,0.0,0.0,0.0,0.0,0.0,0.0,0.0,0.0,0.0,0.0,0.0,0.0,0.0,0.0,0.0,0.0,0.0,0.0,0.0,0.0,0.0,0.0,0.0,0.0,0.0,0.0,0.0,0.0,0.0,0.0,0.0,0.0,0.0,0.0,0.0,0.0,0.0,0.0,0.0,0.0,0.0,0.0,0.0,0.0,0.0,0.0,0.0,0.0,0.0,0.0,0.0,0.0,0.0,0.0,0.0,0.0,0.0,0.0,0.0,0.0,0.0,0.0,0.0,0.0,0.0,0.0,0.0,0.0,0.0,0.0,0.0,0.0,0.0,0.0,0.0,0.0,0.0,0.0,0.0,0.0,0.0,0.0,0.0,0.0,0.0,0.0,0.0,0.0,0.0,0.0,0.0,0.0,0.0,0.0,0.0,0.0,0.0,0.0,0.0,0.0,0.0,0.0,0.0,0.0,0.0,0.0,0.0,0.0,0.0,0.0,0.0,0.0,0.0,0.0,0.0,0.0,0.0,0.0,0.0,0.0,0.0,0.0,0.0,0.0,0.0,0.0,0.0,0.0,0.0,0.0,0.0,0.0,0.0,0.0,0.0,0.0,0.0,0.0,0.0,0.0,0.0,0.0,0.0,0.0,0.0,0.0,0.0,0.0,0.0,0.0,0.0,0.0,0.0,0.0,0.0,0.0,0.0,0.0,0.0,0.0,0.0,0.0,0.0,0.0,0.0] [1311.2619900786005,1321.8202200865917,1332.463464547639,1343.19240799478,1354.0077404728797,1364.9101575830227,1375.9003605272408,1386.9790561536227,1398.1469570017646,1409.4047813486081,1420.7532532546286,1432.193102610412,1443.7250651835902,1455.3498826661717,1467.068302722235,1478.881079036026,1490.78897136042,1502.7927455657994,1514.8931736892998,1527.0910339844697,1539.3871109713293,1551.7821954868166,1564.2770847356642,1576.872582341659,1589.569498399342,1602.368649526097,1615.270858914685,1628.2769563861766,1641.3877784433362,1654.6041683244075,1667.9269760573632,1681.3570585145608,1694.895279467867,1708.5425096441993,1722.2996267815402,1736.1675156853773,1750.1470682856248,1764.2391836939755,1778.4447682617345,1792.7647356381167,1807.2000068289992,1821.7515102561672,1836.4201818170154,1851.2069649447558,1866.112810669078,1881.1386776773347,1896.285532376183,1911.5543489537563,1926.9461094423048,1942.4618037813711,1958.1024298814455,1973.8689936881608,1989.7625092469793,2005.7839987684179,2021.9344926937952,2038.215029761504,2054.626657073813,2071.1704301642176,2087.8474130653335,2104.6586783773164,2121.605307336866,2138.6883898867477,2155.9090247459117,2173.268319480143,2190.767390573309,2208.407363499154,2226.1893727937027,2244.1145621282076,2262.184084382728,2280.399101720259,2298.7607856614945,2317.2703171601615,2335.9288866789793,2354.7376942662327,2373.6979496329395,2392.810872230673,2412.077691329971,2431.4996460994216,2451.0779856853383,2470.813969292122,2490.7088662632277,2510.763956162824,2530.9805288580706,2551.359884602096,2571.9033341176064,2592.612198681206,2613.487810208354,2634.5315113390543,2655.7446555241822,2677.1286071125573,2698.6847414386757,2720.4144449111714,2742.319115101994,2764.4001608362782,2786.6590022829737,2809.097071046162,2831.715810257159,2854.5166746673017,2877.5011307415425,2900.67065675274,2924.0267428767575,2947.570891288285,2971.304616257478,2995.22944424732,3019.346914011829,3043.658576695001,3068.1659959305807,3092.870747942638,3117.7744216469364,3142.87861875312,3168.1849538677375,3193.695054598094,3219.410561656912,3245.333128967883,3271.4644237720117,3297.806126734876,3324.3599320546946,3351.1275475713155,3378.1106948760344,3405.3111094223436,3432.7305406375262,3460.3707520352004,3488.23352132871,3516.320640545493,3544.6339161423107,3573.1751691214417,3601.9462351478164,3630.9489646670518,3660.1852230244945,3689.6568905851636,3719.3658628547196,3749.3140506013438,3779.5033799786634,3809.935792649603,3840.6132459112973,3871.5377128209448,3902.7111823227383,3934.135659375755,3965.8131650829396,3997.7457368210635,4029.9354283717907,4062.3843100537392,4095.0944688556665,4128.068008570669,4161.3070499315045,4194.813730746993,4228.590206039511,4262.638648183577,4296.961247045588,4331.560210124669,4366.437762694626,4401.596147947099,4437.037627135803,4472.764479721992,4508.779003521039,4545.083514850253,4581.680348677821,4618.571858773019,4655.7604178575675,4693.248417758249,4731.038269560753,4769.132403764733,4807.533270440121,4846.243339384716,4885.265100283049,4924.601062866471,4964.253757074609,5004.22573321805,5044.519562142395,5085.137835393579,5126.08316538458,5167.3581855634,5208.965550582488,5250.907936469426,5293.188040799074,5335.808582867062,5378.772303864684,5422.081967055189,5465.740357951513,5509.7502844954415,5554.1145772382,5598.836089522486,5643.917697666003,5689.362301146471,5735.17282278806,5781.352208949439,5827.903429713208,5874.829479076986,5922.133375145914,5969.818160326825,6017.886901523867,6066.342690335802,6115.188643254807,6164.427901866934,6214.06363305417,6264.099029198114,6314.537308385285,6365.381714614103,6416.635518003553,6468.302015003491,6520.384528606639,6572.88640856233,6625.811031591967,6679.16180160615,6732.942149923667,6787.155535492116,6841.805445110439,6896.895393653112,6952.428924296275,7008.409608745552,7064.841047465831,7121.726869912778,7179.070734766296,7236.876330165845,7295.147373947643,7353.887613883764,7413.100827923194,7472.790824434837,7532.961442452409,7593.616551921397,7654.7600539479145,7716.395881049652,7778.527997408752,7841.160399126823,7904.2971144818985,7967.94220418758,8032.099761654146,8096.773913251861,8161.968818576374,8227.688670716232,8293.937696522553,8360.720156880894,8428.04034698531,8495.90259661459,8564.311270410717,8633.270768159597,8702.785525074065,8772.860012079082,8843.498736099358,8914.706240349144,8986.487104624512,9058.845945597834,9131.787417114787,9205.31621049359,9279.437054826807,9354.154717285446,9429.47400342559,9505.399757497484,9581.936862757088,9659.090241780126,9736.864856778713,9815.265709920519,9894.297843650465,9973.966341015032,10054.276325989182,10135.232963805956,10216.841461288606,10299.107067185563,10382.035072507933,10465.630810869876,10549.89965883156,10634.84703624505,10720.478406602804,10806.799277389146,10893.815200434417,10981.531772272076,11069.954634498676,11159.08947413668,11248.94202400021,11339.518063063782,11430.823416834026,11522.863957724268,11615.64560543233,11709.174327321158,11803.456138802712,11898.49710372478,11994.303334761045,12090.880993804161,12188.23629236214,12286.375491957784,12385.304904531427,12485.030892846919,12585.55987090084,12686.898304334996,12789.052710852275,12892.029660635888,12995.8357767719,13100.477735675182,13205.962267518828,13312.296156667053,13419.486242111492,13527.539417911097,13636.462633635434,13746.262894811807,13856.947263375758,13968.522858125163,14080.996855178266,14194.376488435144,14308.66905004285,14423.881890864615] 0.31126199007860056 [Infinity,Infinity,Infinity,Infinity,Infinity,Infinity,Infinity,Infinity,Infinity,Infinity,Infinity,Infinity,Infinity,Infinity,Infinity,Infinity,Infinity,Infinity,Infinity,Infinity,Infinity,Infinity,Infinity,Infinity,Infinity,Infinity,Infinity,Infinity,Infinity,Infinity,Infinity,Infinity,Infinity,Infinity,Infinity,Infinity,Infinity,Infinity,Infinity,Infinity,Infinity,Infinity,Infinity,Infinity,Infinity,Infinity,Infinity,Infinity,Infinity,Infinity,Infinity,Infinity,Infinity,Infinity,Infinity,Infinity,Infinity,Infinity,Infinity,Infinity,Infinity,Infinity,Infinity,Infinity,Infinity,Infinity,Infinity,Infinity,Infinity,Infinity,Infinity,Infinity,Infinity,Infinity,Infinity,Infinity,Infinity,Infinity,Infinity,Infinity,Infinity,Infinity,Infinity,Infinity,Infinity,Infinity,Infinity,Infinity,Infinity,Infinity,Infinity,Infinity,Infinity,Infinity,Infinity,Infinity,Infinity,Infinity,Infinity,Infinity,Infinity,Infinity,Infinity,Infinity,Infinity,Infinity,Infinity,Infinity,Infinity,Infinity,Infinity,Infinity,Infinity,Infinity,Infinity,Infinity,Infinity,Infinity,Infinity,Infinity,Infinity,Infinity,Infinity,Infinity,Infinity,Infinity,Infinity,Infinity,Infinity,Infinity,Infinity,Infinity,Infinity,Infinity,Infinity,Infinity,Infinity,Infinity,Infinity,Infinity,Infinity,Infinity,Infinity,Infinity,Infinity,Infinity,Infinity,Infinity,Infinity,Infinity,Infinity,Infinity,Infinity,Infinity,Infinity,Infinity,Infinity,Infinity,Infinity,Infinity,Infinity,Infinity,Infinity,Infinity,Infinity,Infinity,Infinity,Infinity,Infinity,Infinity,Infinity,Infinity,Infinity,Infinity,Infinity,Infinity,Infinity,Infinity,Infinity,Infinity,Infinity,Infinity,Infinity,Infinity,Infinity,Infinity,Infinity,Infinity,Infinity,Infinity,Infinity,Infinity,Infinity,Infinity,Infinity,Infinity,Infinity,Infinity,Infinity,Infinity,Infinity,Infinity,Infinity,Infinity,Infinity,Infinity,Infinity,Infinity,Infinity,Infinity,Infinity,Infinity,Infinity,Infinity,Infinity,Infinity,Infinity,Infinity,Infinity,Infinity,Infinity,Infinity,Infinity,Infinity,Infinity,Infinity,Infinity,Infinity,Infinity,Infinity,Infinity,Infinity,Infinity,Infinity,Infinity,Infinity,Infinity,Infinity,Infinity,Infinity,Infinity,Infinity,Infinity,Infinity,Infinity,Infinity,Infinity,Infinity,Infinity,Infinity,Infinity,Infinity,Infinity,Infinity,Infinity,Infinity,Infinity,Infinity,Infinity,Infinity,Infinity,Infinity,Infinity,Infinity,Infinity,Infinity,Infinity,Infinity,Infinity,Infinity,Infinity,Infinity,Infinity,Infinity,Infinity,Infinity,Infinity,Infinity,Infinity,Infinity,Infinity,Infinity,Infinity,Infinity,Infinity,Infinity,Infinity,Infinity,Infinity,Infinity,Infinity,Infinity,Infinity,Infinity,Infinity,Infinity,Infinity,Infinity,Infinity,Infinity] [0.0,0.0,0.0,0.0,0.0,0.0,0.0,0.0,0.0,0.0,0.0,0.0,0.0,0.0,0.0,0.0,0.0,0.0,0.0,0.0,0.0,0.0,0.0,0.0,0.0,0.0,0.0,0.0,0.0,0.0,0.0,0.0,0.0,0.0,0.0,0.0,0.0,0.0,0.0,0.0,0.0,0.0,0.0,0.0,0.0,0.0,0.0,0.0,0.0,0.0,0.0,0.0,0.0,0.0,0.0,0.0,0.0,0.0,0.0,0.0,0.0,0.0,0.0,0.0,0.0,0.0,0.0,0.0,0.0,0.0,0.0,0.0,0.0,0.0,0.0,0.0,0.0,0.0,0.0,0.0,0.0,0.0,0.0,0.0,0.0,0.0,0.0,0.0,0.0,0.0,0.0,0.0,0.0,0.0,0.0,0.0,0.0,0.0,0.0,0.0,0.0,0.0,0.0,0.0,0.0,0.0,0.0,0.0,0.0,0.0,0.0,0.0,0.0,0.0,0.0,0.0,0.0,0.0,0.0,0.0,0.0,0.0,0.0,0.0,0.0,0.0,0.0,0.0,0.0,0.0,0.0,0.0,0.0,0.0,0.0,0.0,0.0,0.0,0.0,0.0,0.0,0.0,0.0,0.0,0.0,0.0,0.0,0.0,0.0,0.0,0.0,0.0,0.0,0.0,0.0,0.0,0.0,0.0,0.0,0.0,0.0,0.0,0.0,0.0,0.0,0.0,0.0,0.0,0.0,0.0,0.0,0.0,0.0,0.0,0.0,0.0,0.0,0.0,0.0,0.0,0.0,0.0,0.0,0.0,0.0,0.0,0.0,0.0,0.0,0.0,0.0,0.0,0.0,0.0,0.0,0.0,0.0,0.0,0.0,0.0,0.0,0.0,0.0,0.0,0.0,0.0,0.0,0.0,0.0,0.0,0.0,0.0,0.0,0.0,0.0,0.0,0.0,0.0,0.0,0.0,0.0,0.0,0.0,0.0,0.0,0.0,0.0,0.0,0.0,0.0,0.0,0.0,0.0,0.0,0.0,0.0,0.0,0.0,0.0,0.0,0.0,0.0,0.0,0.0,0.0,0.0,0.0,0.0,0.0,0.0,0.0,0.0,0.0,0.0,0.0,0.0,0.0,0.0,0.0,0.0,0.0,0.0,0.0,0.0,0.0,0.0,0.0,0.0,0.0,0.0,0.0,0.0,0.0,0.0,0.0,0.0,0.0,0.0,0.0,0.0,0.0,0.0,0.0,0.0,0.0,0.0,0.0,0.0,0.0,0.0,0.0,0.0,0.0,0.0,0.0,0.0,0.0,0.0,0.0,0.0]
56239.708236218554 [0.0,0.0,0.0,0.0,0.0,0.0,0.0,0.0,0.0,0.0,0.0,0.0,0.0,0.0,0.0,0.0,0.0,0.0,0.0,0.0,0.0,0.0,0.0,0.0,0.0,0.0,0.0,0.0,0.0,0.0,0.0,0.0,0.0,0.0,0.0,0.0,0.0,0.0,0.0,0.0,0.0,0.0,0.0,0.0,0.0,0.0,0.0,0.0,0.0,0.0,0.0,0.0,0.0,0.0,0.0,0.0,0.0,0.0,0.0,0.0,0.0,0.0,0.0,0.0,0.0,0.0,0.0,0.0,0.0,0.0,0.0,0.0,0.0,0.0,0.0,0.0,0.0,0.0,0.0,0.0,0.0,0.0,0.0,0.0,0.0,0.0,0.0,0.0,0.0,0.0,0.0,0.0,0.0,0.0,0.0,0.0,0.0,0.0,0.0,0.0,0.0,0.0,0.0,0.0,0.0,0.0,0.0,0.0,0.0,0.0,0.0,0.0,0.0,0.0,0.0,0.0,0.0,0.0,0.0,0.0,0.0,0.0,0.0,0.0,0.0,0.0,0.0,0.0,0.0,0.0,0.0,0.0,0.0,0.0,0.0,0.0,0.0,0.0,0.0,0.0,398.62173341340105,448.2817428873363,483.2003598147676,492.5226421053367,438.9832182842273,451.18119903827557,441.91363657307784,489.0748041711721,463.454047627165,450.41217893981604,436.97960797397445,460.64291171639525,586.431607917592,599.649307206667,614.2610329213626,690.5719034361764,768.2181289088896,847.2478235434116,972.4469672538816,918.8149324065141,899.1114335484815,841.7940343246134,719.1279000564582,633.5531589059166,531.1524088208835,494.25985178105987,608.8467312383935,650.5058890851979,833.7434736045708,841.6653773220238,968.9390997434566,1082.3820962825205,1031.8394726078784,1039.9609010270813,1159.1938493497892,1065.5044462957283,1123.5054213745034,988.6549211876523,974.5993281418368,840.8956825089119,760.110406334883,678.8038886856657,579.6523035077562,649.9415417849774,775.3515988132242,725.0130624847527,736.8213389102312,856.301362134576,914.4010979084995,850.0222802741129,720.8354122593689,712.6960696385227,695.7848251554171,592.0291512766428,587.2946408327089,584.5382297605507,523.3147491817547,464.68692525604393,437.06356560900474,424.8850874892051,461.92419767429203,504.5657026697678,544.710947007807,635.3201124745117,597.5301787066526,569.4457671639816,529.4689886573553,437.7320050320092,427.5555659611243,493.8927769686883,474.0930417090717,405.545424988572,382.3908997080973,431.10928037701376,487.8178781101801,474.5354381101967,456.25149931162383,478.7975765170103,510.7583754826923,463.3609057791592,454.24763305952564,473.71069825095816,425.4322836280204,410.2255984705811,387.33220717841294,272.63896075588417,233.52906019680648,260.69329999134163,330.3313342295113,348.3488579853783,377.35719811283366,329.48112510073105,315.34479426357245,267.6773065497215,288.49341222794175,252.80203216334297,258.93413244117215,256.82723508380974,233.85492579303715,232.00187422910918,182.7609800985497,195.21380343784932,206.15107286105362,168.82211967255296,162.17645727232394,177.90703493760972,166.66489948556193,168.95229091238048,155.81945003462494,143.26028951010818,133.89597795171895,100.93106820597595,106.48715469586756,114.2518106544451,119.59317569152458,132.41684186294506,152.36667066582967,140.92398884113638,133.7864080373235,102.40468774438388,113.05115061248218,120.15102649399773,125.82921005357082,115.34837896393041,123.57619050973649,123.47496180343185,131.54840947865503,145.7868409303042,120.95454024856669,120.00584652405534,112.94410959994329,105.38741804058499,93.14258520685033,83.4306548926549,73.9214791386752,83.67178728232639,70.786309414678,74.26719272434204,74.05649521804858,66.81833063459193,65.54725940382635,59.87393509565312,54.85143467597134,51.97436415203003,50.93981286267022,48.39768218599488,43.26333339290613,43.49247323382166,42.455899797921816,42.92310862630901,39.08911667149238,39.28909330520696,39.07644897090205,32.338355745785876,32.03844249272309,33.52068399351289,36.72443078038537,41.09832053308633,37.451261451366086,38.78173278307074] [1311.2619900786005,1321.8202200865917,1332.463464547639,1343.19240799478,1354.0077404728797,1364.9101575830227,1375.9003605272408,1386.9790561536227,1398.1469570017646,1409.4047813486081,1420.7532532546286,1432.193102610412,1443.7250651835902,1455.3498826661717,1467.068302722235,1478.881079036026,1490.78897136042,1502.7927455657994,1514.8931736892998,1527.0910339844697,1539.3871109713293,1551.7821954868166,1564.2770847356642,1576.872582341659,1589.569498399342,1602.368649526097,1615.270858914685,1628.2769563861766,1641.3877784433362,1654.6041683244075,1667.9269760573632,1681.3570585145608,1694.895279467867,1708.5425096441993,1722.2996267815402,1736.1675156853773,1750.1470682856248,1764.2391836939755,1778.4447682617345,1792.7647356381167,1807.2000068289992,1821.7515102561672,1836.4201818170154,1851.2069649447558,1866.112810669078,1881.1386776773347,1896.285532376183,1911.5543489537563,1926.9461094423048,1942.4618037813711,1958.1024298814455,1973.8689936881608,1989.7625092469793,2005.7839987684179,2021.9344926937952,2038.215029761504,2054.626657073813,2071.1704301642176,2087.8474130653335,2104.6586783773164,2121.605307336866,2138.6883898867477,2155.9090247459117,2173.268319480143,2190.767390573309,2208.407363499154,2226.1893727937027,2244.1145621282076,2262.184084382728,2280.399101720259,2298.7607856614945,2317.2703171601615,2335.9288866789793,2354.7376942662327,2373.6979496329395,2392.810872230673,2412.077691329971,2431.4996460994216,2451.0779856853383,2470.813969292122,2490.7088662632277,2510.763956162824,2530.9805288580706,2551.359884602096,2571.9033341176064,2592.612198681206,2613.487810208354,2634.5315113390543,2655.7446555241822,2677.1286071125573,2698.6847414386757,2720.4144449111714,2742.319115101994,2764.4001608362782,2786.6590022829737,2809.097071046162,2831.715810257159,2854.5166746673017,2877.5011307415425,2900.67065675274,2924.0267428767575,2947.570891288285,2971.304616257478,2995.22944424732,3019.346914011829,3043.658576695001,3068.1659959305807,3092.870747942638,3117.7744216469364,3142.87861875312,3168.1849538677375,3193.695054598094,3219.410561656912,3245.333128967883,3271.4644237720117,3297.806126734876,3324.3599320546946,3351.1275475713155,3378.1106948760344,3405.3111094223436,3432.7305406375262,3460.3707520352004,3488.23352132871,3516.320640545493,3544.6339161423107,3573.1751691214417,3601.9462351478164,3630.9489646670518,3660.1852230244945,3689.6568905851636,3719.3658628547196,3749.3140506013438,3779.5033799786634,3809.935792649603,3840.6132459112973,3871.5377128209448,3902.7111823227383,3934.135659375755,3965.8131650829396,3997.7457368210635,4029.9354283717907,4062.3843100537392,4095.0944688556665,4128.068008570669,4161.3070499315045,4194.813730746993,4228.590206039511,4262.638648183577,4296.961247045588,4331.560210124669,4366.437762694626,4401.596147947099,4437.037627135803,4472.764479721992,4508.779003521039,4545.083514850253,4581.680348677821,4618.571858773019,4655.7604178575675,4693.248417758249,4731.038269560753,4769.132403764733,4807.533270440121,4846.243339384716,4885.265100283049,4924.601062866471,4964.253757074609,5004.22573321805,5044.519562142395,5085.137835393579,5126.08316538458,5167.3581855634,5208.965550582488,5250.907936469426,5293.188040799074,5335.808582867062,5378.772303864684,5422.081967055189,5465.740357951513,5509.7502844954415,5554.1145772382,5598.836089522486,5643.917697666003,5689.362301146471,5735.17282278806,5781.352208949439,5827.903429713208,5874.829479076986,5922.133375145914,5969.818160326825,6017.886901523867,6066.342690335802,6115.188643254807,6164.427901866934,6214.06363305417,6264.099029198114,6314.537308385285,6365.381714614103,6416.635518003553,6468.302015003491,6520.384528606639,6572.88640856233,6625.811031591967,6679.16180160615,6732.942149923667,6787.155535492116,6841.805445110439,6896.895393653112,6952.428924296275,7008.409608745552,7064.841047465831,7121.726869912778,7179.070734766296,7236.876330165845,7295.147373947643,7353.887613883764,7413.100827923194,7472.790824434837,7532.961442452409,7593.616551921397,7654.7600539479145,7716.395881049652,7778.527997408752,7841.160399126823,7904.2971144818985,7967.94220418758,8032.099761654146,8096.773913251861,8161.968818576374,8227.688670716232,8293.937696522553,8360.720156880894,8428.04034698531,8495.90259661459,8564.311270410717,8633.270768159597,8702.785525074065,8772.860012079082,8843.498736099358,8914.706240349144,8986.487104624512,9058.845945597834,9131.787417114787,9205.31621049359,9279.437054826807,9354.154717285446,9429.47400342559,9505.399757497484,9581.936862757088,9659.090241780126,9736.864856778713,9815.265709920519,9894.297843650465,9973.966341015032,10054.276325989182,10135.232963805956,10216.841461288606,10299.107067185563,10382.035072507933,10465.630810869876,10549.89965883156,10634.84703624505,10720.478406602804,10806.799277389146,10893.815200434417,10981.531772272076,11069.954634498676,11159.08947413668,11248.94202400021,11339.518063063782,11430.823416834026,11522.863957724268,11615.64560543233,11709.174327321158,11803.456138802712,11898.49710372478,11994.303334761045,12090.880993804161,12188.23629236214,12286.375491957784,12385.304904531427,12485.030892846919,12585.55987090084,12686.898304334996,12789.052710852275,12892.029660635888,12995.8357767719,13100.477735675182,13205.962267518828,13312.296156667053,13419.486242111492,13527.539417911097,13636.462633635434,13746.262894811807,13856.947263375758,13968.522858125163,14080.996855178266,14194.376488435144,14308.66905004285,14423.881890864615] 0.31126199007860056 [Infinity,Infinity,Infinity,Infinity,Infinity,Infinity,Infinity,Infinity,Infinity,Infinity,Infinity,Infinity,Infinity,Infinity,Infinity,Infinity,Infinity,Infinity,Infinity,Infinity,Infinity,Infinity,Infinity,Infinity,Infinity,Infinity,Infinity,Infinity,Infinity,Infinity,Infinity,Infinity,Infinity,Infinity,Infinity,Infinity,Infinity,Infinity,Infinity,Infinity,Infinity,Infinity,Infinity,Infinity,Infinity,Infinity,Infinity,Infinity,Infinity,Infinity,Infinity,Infinity,Infinity,Infinity,Infinity,Infinity,Infinity,Infinity,Infinity,Infinity,Infinity,Infinity,Infinity,Infinity,Infinity,Infinity,Infinity,Infinity,Infinity,Infinity,Infinity,Infinity,Infinity,Infinity,Infinity,Infinity,Infinity,Infinity,Infinity,Infinity,Infinity,Infinity,Infinity,Infinity,Infinity,Infinity,Infinity,Infinity,Infinity,Infinity,Infinity,Infinity,Infinity,Infinity,Infinity,Infinity,Infinity,Infinity,Infinity,Infinity,Infinity,Infinity,Infinity,Infinity,Infinity,Infinity,Infinity,Infinity,Infinity,Infinity,Infinity,Infinity,Infinity,Infinity,Infinity,Infinity,Infinity,Infinity,Infinity,Infinity,Infinity,Infinity,Infinity,Infinity,Infinity,Infinity,Infinity,Infinity,Infinity,Infinity,Infinity,Infinity,Infinity,Infinity,Infinity,Infinity,Infinity,Infinity,Infinity,Infinity,19.22609811746854,23.111244121485672,24.50400857494755,22.94147388358423,20.89022130492338,20.862485529236878,22.547672704882853,23.7185649406489,22.735328059908205,21.099255006387203,21.21768243380972,23.975033563427267,27.755763238034824,30.8513472305382,33.15498815325123,35.423699445292044,38.306299896555515,42.177129143202556,47.10985994326571,50.808423661960504,49.64558621406903,42.9056124443208,34.7822196188589,29.31789170397355,26.72107996715305,26.04113521943149,27.452913702483624,32.03554040973207,39.37848352072716,46.39190192696128,50.427938750950226,51.74084406455471,51.38100816079729,51.1523642116345,52.97063762616765,55.38745332251553,54.718839381158126,50.66652549400353,46.37671203001108,42.67829497775742,37.18657050844141,30.59720933017028,28.792593098907815,33.32981579471911,37.40358667295186,37.689073340206775,38.420271928563395,41.34105472475637,43.003847825241586,41.95171366528952,40.05987073852465,37.776261543029555,33.912268273414476,29.98030057083048,29.137691982800554,29.35779147444132,26.93626544390822,24.08861893681857,23.44339136998554,23.267206616601158,23.081403860402055,25.3199110921318,29.030863114420082,30.95264510824442,31.415684265276603,31.03546861709295,27.878569984820935,23.297219223169495,21.72983002542186,22.580467030033848,23.180830723615,21.389080301614914,19.928797348720817,23.056543033195073,25.40420720818237,24.6822599971521,24.781659619557864,24.493861573031552,22.868218132848288,22.230484642547435,22.35875038145897,22.38763360324973,22.36321605251357,21.98461700146062,19.813641796414814,14.493389784225949,11.341840237162014,12.802055109081042,16.122479506496617,18.104772355621115,18.261898986269856,17.51461543931704,16.356144687140365,15.330272799494841,14.438136521053755,13.484841980206657,12.700588774617199,12.066731648180346,11.26749308286293,10.474031744772747,10.277795720377105,9.656127443562887,9.355444461763586,9.362928863768591,8.911963406938863,8.623878503091053,8.395961799939021,8.166622929873142,7.590646636069001,7.087526449698743,6.619711052132805,4.85816643080051,5.304543413515497,5.77206244856127,6.213805075939846,6.92790663996215,7.633550572706449,7.432403546572755,5.880316442029375,5.435171155574884,5.087245845298611,6.063399770309359,6.45499500233595,5.539217611126849,6.022314556290712,5.93168811545404,6.388705530947101,6.920565438381653,6.520363529789303,6.184147489036481,5.770694332714721,5.283245648153897,4.599096389731459,4.198501694610329,4.008498159169805,3.7236798098597816,3.5539275305874143,3.7460652246546617,3.6357646956797955,3.449585389921393,3.206018788903085,2.925491915639805,2.7587331573250795,2.6315367547096087,2.520088166666711,2.3775663459321152,2.265762853651895,2.2174952281251725,2.1531889321964686,2.1747763826594695,2.0348655206489132,1.974586969191164,1.8925948773012284,1.7265666649203286,1.611100304890383,1.6592835780323363,1.6803609898303271,2.148330328128805,1.999423577378795,2.0224277706927447] [0.0,0.0,0.0,0.0,0.0,0.0,0.0,0.0,0.0,0.0,0.0,0.0,0.0,0.0,0.0,0.0,0.0,0.0,0.0,0.0,0.0,0.0,0.0,0.0,0.0,0.0,0.0,0.0,0.0,0.0,0.0,0.0,0.0,0.0,0.0,0.0,0.0,0.0,0.0,0.0,0.0,0.0,0.0,0.0,0.0,0.0,0.0,0.0,0.0,0.0,0.0,0.0,0.0,0.0,0.0,0.0,0.0,0.0,0.0,0.0,0.0,0.0,0.0,0.0,0.0,0.0,0.0,0.0,0.0,0.0,0.0,0.0,0.0,0.0,0.0,0.0,0.0,0.0,0.0,0.0,0.0,0.0,0.0,0.0,0.0,0.0,0.0,0.0,0.0,0.0,0.0,0.0,0.0,0.0,0.0,0.0,0.0,0.0,0.0,0.0,0.0,0.0,0.0,0.0,0.0,0.0,0.0,0.0,0.0,0.0,0.0,0.0,0.0,0.0,0.0,0.0,0.0,0.0,0.0,0.0,0.0,0.0,0.0,0.0,0.0,0.0,0.0,0.0,0.0,0.0,0.0,0.0,0.0,0.0,0.0,0.0,0.0,0.0,0.0,0.0,14.099771064030296,-13.943139542377141,-6.879811684183424,33.69316443365207,21.17879218575969,33.93148845353802,-9.039817524579215,14.703505358194095,8.747486429000922,28.42707881207194,12.625959297780067,-18.85775955215012,31.316343156895574,-17.37763740409692,-48.83873014366198,-17.902085469664435,2.092130977779352,3.705240679360442,30.24976838856731,-97.35354083269591,-93.80029073289907,-16.318214561802602,23.483507679280176,47.19532482644557,-3.269190522177494,-26.56285260756987,59.78845718872107,9.795080890556433,46.173803190027584,-86.17266121720188,-39.61967527554791,47.56521499142631,4.219309391932522,16.913616794391363,99.78109682643623,-42.24462015458253,29.12863375134083,-24.675588692418305,47.06508754161535,-12.670217046236408,16.378996166054723,66.8597020822601,3.8004415295998473,-16.654774109404823,27.27986535418699,-28.768404319382768,-31.5840996610367,29.480267639448652,54.32414140366777,10.988006968322539,-80.36200251112419,-42.82916122206853,17.539459687127597,-7.576860139966831,4.5408011766977125,-2.6175997282756476,-15.41055969640964,-17.085453480327466,-31.804261790706068,-40.459044842818045,0.2961204662508837,-1.8325191728682224,-35.906315280594654,16.2672103096234,-30.783506598879463,-51.263605177877395,-28.102411039063373,-28.21237943138068,-7.041034547312935,42.28343636801133,10.47642723677173,-22.236181043726265,-16.185047266319028,-30.021580286887662,-20.266266053467294,-19.10976183284534,-39.3816930795335,-11.079654943620683,53.39401282572656,18.75121292821052,7.072625430346217,25.95802618596358,-21.83203742225106,-29.466741558631348,-8.940628749883349,-17.228834928634786,6.692255453566183,4.652197809720814,7.881744099578932,-13.746589127044048,12.119218387436563,-20.811183685609755,-11.77809947923484,-38.928149440175325,-0.26931819313335664,-16.89480744079016,4.922356948828201,15.492602120202848,8.505064135778538,22.521239333654258,-22.794934308992403,2.091254566591572,19.042183625781888,-18.436457602818876,-16.062810866453333,5.4294648757886526,-1.2543365132185158,5.619832314917635,4.006517313244913,1.509760516133316,1.5017569090628475,3.7677395899657524,0.3962864255576151,-1.1894383167803182,-4.6829258272723395,-6.141290936297945,-0.30434078829928585,-7.724082090318726,16.180079196736003,-6.298735367113805,11.306233706509955,-1.11696891218945,-3.270689993148178,4.5640267413934295,3.1298993839222535,4.841199494351038,3.7742988597130003,7.375532162671168,-9.45273034721937,-3.6771032566742656,-2.46977705435114,-0.27749492249295055,1.1606574122211584,-0.5393789995516685,-6.2484840447208905,9.198191085130755,-0.2922411970702799,-0.6541117687511885,1.3412013044526614,-2.173377163835922,1.426883625764648,1.3640967828570179,-0.32322847053024834,-0.6563709421621486,0.5380495293360062,0.8463552673525782,-2.05192368013177,-0.8574313286817808,-0.6078788460075566,-0.5724190268803809,-1.6081937414858947,-0.20264607861631986,1.2245514248774838,-2.1929775526206985,-0.1835636050845643,0.33501243286616306,3.117210983778823,-1.8682860294897745,-2.5372100962098143,-1.6668226307841538]
56410.677794470714 [0.0,0.0,0.0,0.0,0.0,0.0,0.0,0.0,0.0,0.0,0.0,0.0,0.0,0.0,0.0,0.0,0.0,0.0,0.0,0.0,0.0,0.0,0.0,0.0,0.0,0.0,0.0,0.0,0.0,0.0,0.0,0.0,0.0,0.0,0.0,0.0,0.0,0.0,0.0,0.0,0.0,0.0,0.0,0.0,0.0,0.0,0.0,0.0,0.0,0.0,0.0,0.0,0.0,0.0,0.0,0.0,0.0,0.0,0.0,0.0,0.0,0.0,0.0,0.0,0.0,0.0,0.0,0.0,0.0,0.0,0.0,0.0,0.0,0.0,0.0,0.0,0.0,0.0,0.0,0.0,0.0,0.0,0.0,0.0,0.0,0.0,0.0,0.0,0.0,0.0,0.0,0.0,0.0,0.0,0.0,0.0,0.0,0.0,0.0,0.0,0.0,0.0,0.0,0.0,0.0,0.0,0.0,0.0,0.0,0.0,0.0,0.0,0.0,0.0,0.0,0.0,0.0,0.0,0.0,0.0,0.0,0.0,0.0,0.0,0.0,0.0,0.0,0.0,0.0,0.0,0.0,0.0,0.0,0.0,0.0,0.0,0.0,0.0,0.0,0.0,0.0,0.0,0.0,0.0,0.0,0.0,0.0,0.0,0.0,0.0,0.0,0.0,0.0,0.0,0.0,0.0,0.0,0.0,0.0,0.0,0.0,0.0,0.0,0.0,0.0,0.0,0.0,0.0,0.0,0.0,0.0,0.0,0.0,0.0,0.0,0.0,0.0,0.0,0.0,0.0,0.0,0.0,0.0,0.0,0.0,0.0,0.0,0.0,0.0,0.0,0.0,0.0,0.0,0.0,0.0,0.0,0.0,0.0,0.0,0.0,0.0,0.0,0.0,0.0,0.0,0.0,0.0,0.0,0.0,0.0,0.0,0.0,0.0,0.0,0.0,0.0,0.0,0.0,0.0,0.0,0.0,0.0,0.0,0.0,0.0,0.0,0.0,0.0,0.0,0.0,0.0,0.0,0.0,0.0,0.0,0.0,0.0,0.0,0.0,0.0,0.0,0.0,0.0,0.0,0.0,0.0,0.0,0.0,0.0,0.0,0.0,0.0,0.0,0.0,0.0,0.0,0.0,0.0,0.0,0.0,0.0,0.0,0.0,0.0,0.0,0.0,0.0,0.0,0.0,0.0,0.0,0.0,0.0,0.0,0.0,0.0,0.0,0.0,0.0,0.0,0.0,0.0,0.0,0.0,0.0,0.0,0.0,0.0,0.0,0.0,0.0,0.0,0.0,0.0,0.0,0.0,0.0,0.0,0.0,0.0] [1311.2619900786005,1321.8202200865917,1332.463464547639,1343.19240799478,1354.0077404728797,1364.9101575830227,1375.9003605272408,1386.9790561536227,1398.1469570017646,1409.4047813486081,1420.7532532546286,1432.193102610412,1443.7250651835902,1455.3498826661717,1467.068302722235,1478.881079036026,1490.78897136042,1502.7927455657994,1514.8931736892998,1527.0910339844697,1539.3871109713293,1551.7821954868166,1564.2770847356642,1576.872582341659,1589.569498399342,1602.368649526097,1615.270858914685,1628.2769563861766,1641.3877784433362,1654.6041683244075,1667.9269760573632,1681.3570585145608,1694.895279467867,1708.5425096441993,1722.2996267815402,1736.1675156853773,1750.1470682856248,1764.2391836939755,1778.4447682617345,1792.7647356381167,1807.2000068289992,1821.7515102561672,1836.4201818170154,1851.2069649447558,1866.112810669078,1881.1386776773347,1896.285532376183,1911.5543489537563,1926.9461094423048,1942.4618037813711,1958.1024298814455,1973.8689936881608,1989.7625092469793,2005.7839987684179,2021.9344926937952,2038.215029761504,2054.626657073813,2071.1704301642176,2087.8474130653335,2104.6586783773164,2121.605307336866,2138.6883898867477,2155.9090247459117,2173.268319480143,2190.767390573309,2208.407363499154,2226.1893727937027,2244.1145621282076,2262.184084382728,2280.399101720259,2298.7607856614945,2317.2703171601615,2335.9288866789793,2354.7376942662327,2373.6979496329395,2392.810872230673,2412.077691329971,2431.4996460994216,2451.0779856853383,2470.813969292122,2490.7088662632277,2510.763956162824,2530.9805288580706,2551.359884602096,2571.9033341176064,2592.612198681206,2613.487810208354,2634.5315113390543,2655.7446555241822,2677.1286071125573,2698.6847414386757,2720.4144449111714,2742.319115101994,2764.4001608362782,2786.6590022829737,2809.097071046162,2831.715810257159,2854.5166746673017,2877.5011307415425,2900.67065675274,2924.0267428767575,2947.570891288285,2971.304616257478,2995.22944424732,3019.346914011829,3043.658576695001,3068.1659959305807,3092.870747942638,3117.7744216469364,3142.87861875312,3168.1849538677375,3193.695054598094,3219.410561656912,3245.333128967883,3271.4644237720117,3297.806126734876,3324.3599320546946,3351.1275475713155,3378.1106948760344,3405.3111094223436,3432.7305406375262,3460.3707520352004,3488.23352132871,3516.320640545493,3544.6339161423107,3573.1751691214417,3601.9462351478164,3630.9489646670518,3660.1852230244945,3689.6568905851636,3719.3658628547196,3749.3140506013438,3779.5033799786634,3809.935792649603,3840.6132459112973,3871.5377128209448,3902.7111823227383,3934.135659375755,3965.8131650829396,3997.7457368210635,4029.9354283717907,4062.3843100537392,4095.0944688556665,4128.068008570669,4161.3070499315045,4194.813730746993,4228.590206039511,4262.638648183577,4296.961247045588,4331.560210124669,4366.437762694626,4401.596147947099,4437.037627135803,4472.764479721992,4508.779003521039,4545.083514850253,4581.680348677821,4618.571858773019,4655.7604178575675,4693.248417758249,4731.038269560753,4769.132403764733,4807.533270440121,4846.243339384716,4885.265100283049,4924.601062866471,4964.253757074609,5004.22573321805,5044.519562142395,5085.137835393579,5126.08316538458,5167.3581855634,5208.965550582488,5250.907936469426,5293.188040799074,5335.808582867062,5378.772303864684,5422.081967055189,5465.740357951513,5509.7502844954415,5554.1145772382,5598.836089522486,5643.917697666003,5689.362301146471,5735.17282278806,5781.352208949439,5827.903429713208,5874.829479076986,5922.133375145914,5969.818160326825,6017.886901523867,6066.342690335802,6115.188643254807,6164.427901866934,6214.06363305417,6264.099029198114,6314.537308385285,6365.381714614103,6416.635518003553,6468.302015003491,6520.384528606639,6572.88640856233,6625.811031591967,6679.16180160615,6732.942149923667,6787.155535492116,6841.805445110439,6896.895393653112,6952.428924296275,7008.409608745552,7064.841047465831,7121.726869912778,7179.070734766296,7236.876330165845,7295.147373947643,7353.887613883764,7413.100827923194,7472.790824434837,7532.961442452409,7593.616551921397,7654.7600539479145,7716.395881049652,7778.527997408752,7841.160399126823,7904.2971144818985,7967.94220418758,8032.099761654146,8096.773913251861,8161.968818576374,8227.688670716232,8293.937696522553,8360.720156880894,8428.04034698531,8495.90259661459,8564.311270410717,8633.270768159597,8702.785525074065,8772.860012079082,8843.498736099358,8914.706240349144,8986.487104624512,9058.845945597834,9131.787417114787,9205.31621049359,9279.437054826807,9354.154717285446,9429.47400342559,9505.399757497484,9581.936862757088,9659.090241780126,9736.864856778713,9815.265709920519,9894.297843650465,9973.966341015032,10054.276325989182,10135.232963805956,10216.841461288606,10299.107067185563,10382.035072507933,10465.630810869876,10549.89965883156,10634.84703624505,10720.478406602804,10806.799277389146,10893.815200434417,10981.531772272076,11069.954634498676,11159.08947413668,11248.94202400021,11339.518063063782,11430.823416834026,11522.863957724268,11615.64560543233,11709.174327321158,11803.456138802712,11898.49710372478,11994.303334761045,12090.880993804161,12188.23629236214,12286.375491957784,12385.304904531427,12485.030892846919,12585.55987090084,12686.898304334996,12789.052710852275,12892.029660635888,12995.8357767719,13100.477735675182,13205.962267518828,13312.296156667053,13419.486242111492,13527.539417911097,13636.462633635434,13746.262894811807,13856.947263375758,13968.522858125163,14080.996855178266,14194.376488435144,14308.66905004285,14423.881890864615] 0.31126199007860056 [Infinity,Infinity,Infinity,Infinity,Infinity,Infinity,Infinity,Infinity,Infinity,Infinity,Infinity,Infinity,Infinity,Infinity,Infinity,Infinity,Infinity,Infinity,Infinity,Infinity,Infinity,Infinity,Infinity,Infinity,Infinity,Infinity,Infinity,Infinity,Infinity,Infinity,Infinity,Infinity,Infinity,Infinity,Infinity,Infinity,Infinity,Infinity,Infinity,Infinity,Infinity,Infinity,Infinity,Infinity,Infinity,Infinity,Infinity,Infinity,Infinity,Infinity,Infinity,Infinity,Infinity,Infinity,Infinity,Infinity,Infinity,Infinity,Infinity,Infinity,Infinity,Infinity,Infinity,Infinity,Infinity,Infinity,Infinity,Infinity,Infinity,Infinity,Infinity,Infinity,Infinity,Infinity,Infinity,Infinity,Infinity,Infinity,Infinity,Infinity,Infinity,Infinity,Infinity,Infinity,Infinity,Infinity,Infinity,Infinity,Infinity,Infinity,Infinity,Infinity,Infinity,Infinity,Infinity,Infinity,Infinity,Infinity,Infinity,Infinity,Infinity,Infinity,Infinity,Infinity,Infinity,Infinity,Infinity,Infinity,Infinity,Infinity,Infinity,Infinity,Infinity,Infinity,Infinity,Infinity,Infinity,Infinity,Infinity,Infinity,Infinity,Infinity,Infinity,Infinity,Infinity,Infinity,Infinity,Infinity,Infinity,Infinity,Infinity,Infinity,Infinity,Infinity,Infinity,Infinity,Infinity,Infinity,Infinity,Infinity,Infinity,Infinity,Infinity,Infinity,Infinity,Infinity,Infinity,Infinity,Infinity,Infinity,Infinity,Infinity,Infinity,Infinity,Infinity,Infinity,Infinity,Infinity,Infinity,Infinity,Infinity,Infinity,Infinity,Infinity,Infinity,Infinity,Infinity,Infinity,Infinity,Infinity,Infinity,Infinity,Infinity,Infinity,Infinity,Infinity,Infinity,Infinity,Infinity,Infinity,Infinity,Infinity,Infinity,Infinity,Infinity,Infinity,Infinity,Infinity,Infinity,Infinity,Infinity,Infinity,Infinity,Infinity,Infinity,Infinity,Infinity,Infinity,Infinity,Infinity,Infinity,Infinity,Infinity,Infinity,Infinity,Infinity,Infinity,Infinity,Infinity,Infinity,Infinity,Infinity,Infinity,Infinity,Infinity,Infinity,Infinity,Infinity,Infinity,Infinity,Infinity,Infinity,Infinity,Infinity,Infinity,Infinity,Infinity,Infinity,Infinity,Infinity,Infinity,Infinity,Infinity,Infinity,Infinity,Infinity,Infinity,Infinity,Infinity,Infinity,Infinity,Infinity,Infinity,Infinity,Infinity,Infinity,Infinity,Infinity,Infinity,Infinity,Infinity,Infinity,Infinity,Infinity,Infinity,Infinity,Infinity,Infinity,Infinity,Infinity,Infinity,Infinity,Infinity,Infinity,Infinity,Infinity,Infinity,Infinity,Infinity,Infinity,Infinity,Infinity,Infinity,Infinity,Infinity,Infinity,Infinity,Infinity,Infinity,Infinity,Infinity,Infinity,Infinity,Infinity,Infinity,Infinity,Infinity,Infinity,Infinity,Infinity,Infinity,Infinity,Infinity,Infinity,Infinity,Infinity,Infinity,Infinity,Infinity,Infinity] [0.0,0.0,0.0,0.0,0.0,0.0,0.0,0.0,0.0,0.0,0.0,0.0,0.0,0.0,0.0,0.0,0.0,0.0,0.0,0.0,0.0,0.0,0.0,0.0,0.0,0.0,0.0,0.0,0.0,0.0,0.0,0.0,0.0,0.0,0.0,0.0,0.0,0.0,0.0,0.0,0.0,0.0,0.0,0.0,0.0,0.0,0.0,0.0,0.0,0.0,0.0,0.0,0.0,0.0,0.0,0.0,0.0,0.0,0.0,0.0,0.0,0.0,0.0,0.0,0.0,0.0,0.0,0.0,0.0,0.0,0.0,0.0,0.0,0.0,0.0,0.0,0.0,0.0,0.0,0.0,0.0,0.0,0.0,0.0,0.0,0.0,0.0,0.0,0.0,0.0,0.0,0.0,0.0,0.0,0.0,0.0,0.0,0.0,0.0,0.0,0.0,0.0,0.0,0.0,0.0,0.0,0.0,0.0,0.0,0.0,0.0,0.0,0.0,0.0,0.0,0.0,0.0,0.0,0.0,0.0,0.0,0.0,0.0,0.0,0.0,0.0,0.0,0.0,0.0,0.0,0.0,0.0,0.0,0.0,0.0,0.0,0.0,0.0,0.0,0.0,0.0,0.0,0.0,0.0,0.0,0.0,0.0,0.0,0.0,0.0,0.0,0.0,0.0,0.0,0.0,0.0,0.0,0.0,0.0,0.0,0.0,0.0,0.0,0.0,0.0,0.0,0.0,0.0,0.0,0.0,0.0,0.0,0.0,0.0,0.0,0.0,0.0,0.0,0.0,0.0,0.0,0.0,0.0,0.0,0.0,0.0,0.0,0.0,0.0,0.0,0.0,0.0,0.0,0.0,0.0,0.0,0.0,0.0,0.0,0.0,0.0,0.0,0.0,0.0,0.0,0.0,0.0,0.0,0.0,0.0,0.0,0.0,0.0,0.0,0.0,0.0,0.0,0.0,0.0,0.0,0.0,0.0,0.0,0.0,0.0,0.0,0.0,0.0,0.0,0.0,0.0,0.0,0.0,0.0,0.0,0.0,0.0,0.0,0.0,0.0,0.0,0.0,0.0,0.0,0.0,0.0,0.0,0.0,0.0,0.0,0.0,0.0,0.0,0.0,0.0,0.0,0.0,0.0,0.0,0.0,0.0,0.0,0.0,0.0,0.0,0.0,0.0,0.0,0.0,0.0,0.0,0.0,0.0,0.0,0.0,0.0,0.0,0.0,0.0,0.0,0.0,0.0,0.0,0.0,0.0,0.0,0.0,0.0,0.0,0.0,0.0,0.0,0.0,0.0,0.0,0.0,0.0,0.0,0.0,0.0]
56320.47757341338 [0.0,0.0,0.0,0.0,0.0,0.0,0.0,0.0,0.0,0.0,0.0,0.0,0.0,0.0,0.0,0.0,0.0,0.0,0.0,0.0,0.0,0.0,0.0,0.0,0.0,0.0,0.0,0.0,0.0,0.0,0.0,0.0,0.0,0.0,0.0,0.0,0.0,0.0,0.0,0.0,0.0,0.0,0.0,0.0,0.0,0.0,0.0,0.0,0.0,0.0,0.0,0.0,0.0,0.0,0.0,0.0,0.0,0.0,0.0,0.0,0.0,0.0,0.0,0.0,0.0,0.0,0.0,0.0,0.0,0.0,0.0,0.0,0.0,0.0,0.0,0.0,0.0,0.0,0.0,0.0,0.0,0.0,0.0,0.0,0.0,0.0,0.0,0.0,0.0,0.0,0.0,0.0,0.0,0.0,0.0,0.0,0.0,0.0,0.0,0.0,0.0,0.0,0.0,0.0,0.0,0.0,0.0,0.0,0.0,0.0,0.0,0.0,0.0,0.0,0.0,0.0,0.0,0.0,0.0,0.0,0.0,0.0,0.0,0.0,0.0,0.0,0.0,0.0,0.0,0.0,0.0,0.0,0.0,0.0,0.0,0.0,0.0,0.0,0.0,0.0,0.0,0.0,0.0,0.0,0.0,0.0,0.0,0.0,0.0,0.0,0.0,0.0,0.0,0.0,0.0,0.0,0.0,0.0,0.0,0.0,0.0,0.0,0.0,0.0,0.0,0.0,0.0,0.0,0.0,0.0,0.0,0.0,0.0,0.0,0.0,0.0,0.0,0.0,0.0,0.0,0.0,0.0,0.0,0.0,0.0,0.0,0.0,0.0,0.0,0.0,0.0,0.0,0.0,0.0,0.0,0.0,0.0,0.0,0.0,0.0,0.0,0.0,0.0,0.0,0.0,0.0,0.0,0.0,0.0,0.0,0.0,0.0,0.0,0.0,0.0,0.0,0.0,0.0,0.0,0.0,0.0,0.0,0.0,0.0,0.0,0.0,0.0,0.0,0.0,0.0,0.0,0.0,0.0,0.0,0.0,0.0,0.0,0.0,0.0,0.0,0.0,0.0,0.0,0.0,0.0,0.0,0.0,0.0,0.0,0.0,0.0,0.0,0.0,0.0,0.0,0.0,0.0,0.0,0.0,0.0,0.0,0.0,0.0,0.0,0.0,0.0,0.0,0.0,0.0,0.0,0.0,0.0,0.0,0.0,0.0,0.0,0.0,0.0,0.0,0.0,0.0,0.0,0.0,0.0,0.0,0.0,0.0,0.0,0.0,0.0,0.0,0.0,0.0,0.0,0.0,0.0,0.0,0.0,0.0,0.0] [1311.2619900786005,1321.8202200865917,1332.463464547639,1343.19240799478,1354.0077404728797,1364.9101575830227,1375.9003605272408,1386.9790561536227,1398.1469570017646,1409.4047813486081,1420.7532532546286,1432.193102610412,1443.7250651835902,1455.3498826661717,1467.068302722235,1478.881079036026,1490.78897136042,1502.7927455657994,1514.8931736892998,1527.0910339844697,1539.3871109713293,1551.7821954868166,1564.2770847356642,1576.872582341659,1589.569498399342,1602.368649526097,1615.270858914685,1628.2769563861766,1641.3877784433362,1654.6041683244075,1667.9269760573632,1681.3570585145608,1694.895279467867,1708.5425096441993,1722.2996267815402,1736.1675156853773,1750.1470682856248,1764.2391836939755,1778.4447682617345,1792.7647356381167,1807.2000068289992,1821.7515102561672,1836.4201818170154,1851.2069649447558,1866.112810669078,1881.1386776773347,1896.285532376183,1911.5543489537563,1926.9461094423048,1942.4618037813711,1958.1024298814455,1973.8689936881608,1989.7625092469793,2005.7839987684179,2021.9344926937952,2038.215029761504,2054.626657073813,2071.1704301642176,2087.8474130653335,2104.6586783773164,2121.605307336866,2138.6883898867477,2155.9090247459117,2173.268319480143,2190.767390573309,2208.407363499154,2226.1893727937027,2244.1145621282076,2262.184084382728,2280.399101720259,2298.7607856614945,2317.2703171601615,2335.9288866789793,2354.7376942662327,2373.6979496329395,2392.810872230673,2412.077691329971,2431.4996460994216,2451.0779856853383,2470.813969292122,2490.7088662632277,2510.763956162824,2530.9805288580706,2551.359884602096,2571.9033341176064,2592.612198681206,2613.487810208354,2634.5315113390543,2655.7446555241822,2677.1286071125573,2698.6847414386757,2720.4144449111714,2742.319115101994,2764.4001608362782,2786.6590022829737,2809.097071046162,2831.715810257159,2854.5166746673017,2877.5011307415425,2900.67065675274,2924.0267428767575,2947.570891288285,2971.304616257478,2995.22944424732,3019.346914011829,3043.658576695001,3068.1659959305807,3092.870747942638,3117.7744216469364,3142.87861875312,3168.1849538677375,3193.695054598094,3219.410561656912,3245.333128967883,3271.4644237720117,3297.806126734876,3324.3599320546946,3351.1275475713155,3378.1106948760344,3405.3111094223436,3432.7305406375262,3460.3707520352004,3488.23352132871,3516.320640545493,3544.6339161423107,3573.1751691214417,3601.9462351478164,3630.9489646670518,3660.1852230244945,3689.6568905851636,3719.3658628547196,3749.3140506013438,3779.5033799786634,3809.935792649603,3840.6132459112973,3871.5377128209448,3902.7111823227383,3934.135659375755,3965.8131650829396,3997.7457368210635,4029.9354283717907,4062.3843100537392,4095.0944688556665,4128.068008570669,4161.3070499315045,4194.813730746993,4228.590206039511,4262.638648183577,4296.961247045588,4331.560210124669,4366.437762694626,4401.596147947099,4437.037627135803,4472.764479721992,4508.779003521039,4545.083514850253,4581.680348677821,4618.571858773019,4655.7604178575675,4693.248417758249,4731.038269560753,4769.132403764733,4807.533270440121,4846.243339384716,4885.265100283049,4924.601062866471,4964.253757074609,5004.22573321805,5044.519562142395,5085.137835393579,5126.08316538458,5167.3581855634,5208.965550582488,5250.907936469426,5293.188040799074,5335.808582867062,5378.772303864684,5422.081967055189,5465.740357951513,5509.7502844954415,5554.1145772382,5598.836089522486,5643.917697666003,5689.362301146471,5735.17282278806,5781.352208949439,5827.903429713208,5874.829479076986,5922.133375145914,5969.818160326825,6017.886901523867,6066.342690335802,6115.188643254807,6164.427901866934,6214.06363305417,6264.099029198114,6314.537308385285,6365.381714614103,6416.635518003553,6468.302015003491,6520.384528606639,6572.88640856233,6625.811031591967,6679.16180160615,6732.942149923667,6787.155535492116,6841.805445110439,6896.895393653112,6952.428924296275,7008.409608745552,7064.841047465831,7121.726869912778,7179.070734766296,7236.876330165845,7295.147373947643,7353.887613883764,7413.100827923194,7472.790824434837,7532.961442452409,7593.616551921397,7654.7600539479145,7716.395881049652,7778.527997408752,7841.160399126823,7904.2971144818985,7967.94220418758,8032.099761654146,8096.773913251861,8161.968818576374,8227.688670716232,8293.937696522553,8360.720156880894,8428.04034698531,8495.90259661459,8564.311270410717,8633.270768159597,8702.785525074065,8772.860012079082,8843.498736099358,8914.706240349144,8986.487104624512,9058.845945597834,9131.787417114787,9205.31621049359,9279.437054826807,9354.154717285446,9429.47400342559,9505.399757497484,9581.936862757088,9659.090241780126,9736.864856778713,9815.265709920519,9894.297843650465,9973.966341015032,10054.276325989182,10135.232963805956,10216.841461288606,10299.107067185563,10382.035072507933,10465.630810869876,10549.89965883156,10634.84703624505,10720.478406602804,10806.799277389146,10893.815200434417,10981.531772272076,11069.954634498676,11159.08947413668,11248.94202400021,11339.518063063782,11430.823416834026,11522.863957724268,11615.64560543233,11709.174327321158,11803.456138802712,11898.49710372478,11994.303334761045,12090.880993804161,12188.23629236214,12286.375491957784,12385.304904531427,12485.030892846919,12585.55987090084,12686.898304334996,12789.052710852275,12892.029660635888,12995.8357767719,13100.477735675182,13205.962267518828,13312.296156667053,13419.486242111492,13527.539417911097,13636.462633635434,13746.262894811807,13856.947263375758,13968.522858125163,14080.996855178266,14194.376488435144,14308.66905004285,14423.881890864615] 0.31126199007860056 [Infinity,Infinity,Infinity,Infinity,Infinity,Infinity,Infinity,Infinity,Infinity,Infinity,Infinity,Infinity,Infinity,Infinity,Infinity,Infinity,Infinity,Infinity,Infinity,Infinity,Infinity,Infinity,Infinity,Infinity,Infinity,Infinity,Infinity,Infinity,Infinity,Infinity,Infinity,Infinity,Infinity,Infinity,Infinity,Infinity,Infinity,Infinity,Infinity,Infinity,Infinity,Infinity,Infinity,Infinity,Infinity,Infinity,Infinity,Infinity,Infinity,Infinity,Infinity,Infinity,Infinity,Infinity,Infinity,Infinity,Infinity,Infinity,Infinity,Infinity,Infinity,Infinity,Infinity,Infinity,Infinity,Infinity,Infinity,Infinity,Infinity,Infinity,Infinity,Infinity,Infinity,Infinity,Infinity,Infinity,Infinity,Infinity,Infinity,Infinity,Infinity,Infinity,Infinity,Infinity,Infinity,Infinity,Infinity,Infinity,Infinity,Infinity,Infinity,Infinity,Infinity,Infinity,Infinity,Infinity,Infinity,Infinity,Infinity,Infinity,Infinity,Infinity,Infinity,Infinity,Infinity,Infinity,Infinity,Infinity,Infinity,Infinity,Infinity,Infinity,Infinity,Infinity,Infinity,Infinity,Infinity,Infinity,Infinity,Infinity,Infinity,Infinity,Infinity,Infinity,Infinity,Infinity,Infinity,Infinity,Infinity,Infinity,Infinity,Infinity,Infinity,Infinity,Infinity,Infinity,Infinity,Infinity,Infinity,Infinity,Infinity,Infinity,Infinity,Infinity,Infinity,Infinity,Infinity,Infinity,Infinity,Infinity,Infinity,Infinity,Infinity,Infinity,Infinity,Infinity,Infinity,Infinity,Infinity,Infinity,Infinity,Infinity,Infinity,Infinity,Infinity,Infinity,Infinity,Infinity,Infinity,Infinity,Infinity,Infinity,Infinity,Infinity,Infinity,Infinity,Infinity,Infinity,Infinity,Infinity,Infinity,Infinity,Infinity,Infinity,Infinity,Infinity,Infinity,Infinity,Infinity,Infinity,Infinity,Infinity,Infinity,Infinity,Infinity,Infinity,Infinity,Infinity,Infinity,Infinity,Infinity,Infinity,Infinity,Infinity,Infinity,Infinity,Infinity,Infinity,Infinity,Infinity,Infinity,Infinity,Infinity,Infinity,Infinity,Infinity,Infinity,Infinity,Infinity,Infinity,Infinity,Infinity,Infinity,Infinity,Infinity,Infinity,Infinity,Infinity,Infinity,Infinity,Infinity,Infinity,Infinity,Infinity,Infinity,Infinity,Infinity,Infinity,Infinity,Infinity,Infinity,Infinity,Infinity,Infinity,Infinity,Infinity,Infinity,Infinity,Infinity,Infinity,Infinity,Infinity,Infinity,Infinity,Infinity,Infinity,Infinity,Infinity,Infinity,Infinity,Infinity,Infinity,Infinity,Infinity,Infinity,Infinity,Infinity,Infinity,Infinity,Infinity,Infinity,Infinity,Infinity,Infinity,Infinity,Infinity,Infinity,Infinity,Infinity,Infinity,Infinity,Infinity,Infinity,Infinity,Infinity,Infinity,Infinity,Infinity,Infinity,Infinity,Infinity,Infinity,Infinity,Infinity,Infinity,Infinity,Infinity,Infinity,Infinity,Infinity] [0.0,0.0,0.0,0.0,0.0,0.0,0.0,0.0,0.0,0.0,0.0,0.0,0.0,0.0,0.0,0.0,0.0,0.0,0.0,0.0,0.0,0.0,0.0,0.0,0.0,0.0,0.0,0.0,0.0,0.0,0.0,0.0,0.0,0.0,0.0,0.0,0.0,0.0,0.0,0.0,0.0,0.0,0.0,0.0,0.0,0.0,0.0,0.0,0.0,0.0,0.0,0.0,0.0,0.0,0.0,0.0,0.0,0.0,0.0,0.0,0.0,0.0,0.0,0.0,0.0,0.0,0.0,0.0,0.0,0.0,0.0,0.0,0.0,0.0,0.0,0.0,0.0,0.0,0.0,0.0,0.0,0.0,0.0,0.0,0.0,0.0,0.0,0.0,0.0,0.0,0.0,0.0,0.0,0.0,0.0,0.0,0.0,0.0,0.0,0.0,0.0,0.0,0.0,0.0,0.0,0.0,0.0,0.0,0.0,0.0,0.0,0.0,0.0,0.0,0.0,0.0,0.0,0.0,0.0,0.0,0.0,0.0,0.0,0.0,0.0,0.0,0.0,0.0,0.0,0.0,0.0,0.0,0.0,0.0,0.0,0.0,0.0,0.0,0.0,0.0,0.0,0.0,0.0,0.0,0.0,0.0,0.0,0.0,0.0,0.0,0.0,0.0,0.0,0.0,0.0,0.0,0.0,0.0,0.0,0.0,0.0,0.0,0.0,0.0,0.0,0.0,0.0,0.0,0.0,0.0,0.0,0.0,0.0,0.0,0.0,0.0,0.0,0.0,0.0,0.0,0.0,0.0,0.0,0.0,0.0,0.0,0.0,0.0,0.0,0.0,0.0,0.0,0.0,0.0,0.0,0.0,0.0,0.0,0.0,0.0,0.0,0.0,0.0,0.0,0.0,0.0,0.0,0.0,0.0,0.0,0.0,0.0,0.0,0.0,0.0,0.0,0.0,0.0,0.0,0.0,0.0,0.0,0.0,0.0,0.0,0.0,0.0,0.0,0.0,0.0,0.0,0.0,0.0,0.0,0.0,0.0,0.0,0.0,0.0,0.0,0.0,0.0,0.0,0.0,0.0,0.0,0.0,0.0,0.0,0.0,0.0,0.0,0.0,0.0,0.0,0.0,0.0,0.0,0.0,0.0,0.0,0.0,0.0,0.0,0.0,0.0,0.0,0.0,0.0,0.0,0.0,0.0,0.0,0.0,0.0,0.0,0.0,0.0,0.0,0.0,0.0,0.0,0.0,0.0,0.0,0.0,0.0,0.0,0.0,0.0,0.0,0.0,0.0,0.0,0.0,0.0,0.0,0.0,0.0,0.0]
56119.52893935141 [0.0,0.0,0.0,0.0,0.0,0.0,0.0,0.0,0.0,0.0,0.0,0.0,0.0,0.0,0.0,0.0,0.0,0.0,0.0,0.0,0.0,0.0,0.0,0.0,0.0,0.0,0.0,0.0,0.0,0.0,0.0,0.0,0.0,0.0,0.0,0.0,0.0,0.0,0.0,0.0,0.0,0.0,0.0,0.0,0.0,0.0,0.0,0.0,0.0,0.0,0.0,0.0,0.0,0.0,0.0,0.0,0.0,0.0,0.0,0.0,0.0,0.0,0.0,0.0,0.0,0.0,0.0,0.0,0.0,0.0,0.0,0.0,0.0,0.0,0.0,0.0,0.0,0.0,0.0,0.0,0.0,0.0,0.0,0.0,0.0,0.0,0.0,0.0,0.0,0.0,0.0,0.0,0.0,0.0,0.0,0.0,0.0,0.0,0.0,0.0,0.0,0.0,0.0,0.0,0.0,0.0,0.0,0.0,0.0,0.0,0.0,0.0,0.0,0.0,0.0,0.0,0.0,0.0,0.0,0.0,0.0,0.0,0.0,0.0,0.0,0.0,0.0,0.0,0.0,0.0,0.0,0.0,0.0,0.0,0.0,0.0,0.0,0.0,0.0,0.0,0.0,0.0,0.0,0.0,0.0,0.0,0.0,0.0,0.0,0.0,0.0,0.0,0.0,0.0,0.0,0.0,0.0,0.0,0.0,0.0,0.0,0.0,0.0,0.0,0.0,0.0,0.0,0.0,0.0,0.0,0.0,0.0,0.0,0.0,0.0,0.0,0.0,0.0,0.0,0.0,0.0,0.0,0.0,0.0,0.0,0.0,0.0,0.0,0.0,0.0,0.0,0.0,0.0,0.0,0.0,0.0,0.0,0.0,0.0,0.0,0.0,0.0,0.0,0.0,0.0,0.0,0.0,0.0,0.0,0.0,0.0,0.0,0.0,0.0,0.0,0.0,0.0,0.0,0.0,0.0,0.0,0.0,0.0,0.0,0.0,0.0,0.0,0.0,0.0,0.0,0.0,0.0,0.0,0.0,0.0,0.0,0.0,0.0,0.0,0.0,0.0,0.0,0.0,0.0,0.0,0.0,0.0,0.0,0.0,0.0,0.0,0.0,0.0,0.0,0.0,0.0,0.0,0.0,0.0,0.0,0.0,0.0,0.0,0.0,0.0,0.0,0.0,0.0,0.0,0.0,0.0,0.0,0.0,0.0,0.0,0.0,0.0,0.0,0.0,0.0,0.0,0.0,0.0,0.0,0.0,0.0,0.0,0.0,0.0,0.0,0.0,0.0,0.0,0.0,0.0,0.0,0.0,0.0,0.0,0.0] [1311.2619900786005,1321.8202200865917,1332.463464547639,1343.19240799478,1354.0077404728797,1364.9101575830227,1375.9003605272408,1386.9790561536227,1398.1469570017646,1409.4047813486081,1420.7532532546286,1432.193102610412,1443.7250651835902,1455.3498826661717,1467.068302722235,1478.881079036026,1490.78897136042,1502.7927455657994,1514.8931736892998,1527.0910339844697,1539.3871109713293,1551.7821954868166,1564.2770847356642,1576.872582341659,1589.569498399342,1602.368649526097,1615.270858914685,1628.2769563861766,1641.3877784433362,1654.6041683244075,1667.9269760573632,1681.3570585145608,1694.895279467867,1708.5425096441993,1722.2996267815402,1736.1675156853773,1750.1470682856248,1764.2391836939755,1778.4447682617345,1792.7647356381167,1807.2000068289992,1821.7515102561672,1836.4201818170154,1851.2069649447558,1866.112810669078,1881.1386776773347,1896.285532376183,1911.5543489537563,1926.9461094423048,1942.4618037813711,1958.1024298814455,1973.8689936881608,1989.7625092469793,2005.7839987684179,2021.9344926937952,2038.215029761504,2054.626657073813,2071.1704301642176,2087.8474130653335,2104.6586783773164,2121.605307336866,2138.6883898867477,2155.9090247459117,2173.268319480143,2190.767390573309,2208.407363499154,2226.1893727937027,2244.1145621282076,2262.184084382728,2280.399101720259,2298.7607856614945,2317.2703171601615,2335.9288866789793,2354.7376942662327,2373.6979496329395,2392.810872230673,2412.077691329971,2431.4996460994216,2451.0779856853383,2470.813969292122,2490.7088662632277,2510.763956162824,2530.9805288580706,2551.359884602096,2571.9033341176064,2592.612198681206,2613.487810208354,2634.5315113390543,2655.7446555241822,2677.1286071125573,2698.6847414386757,2720.4144449111714,2742.319115101994,2764.4001608362782,2786.6590022829737,2809.097071046162,2831.715810257159,2854.5166746673017,2877.5011307415425,2900.67065675274,2924.0267428767575,2947.570891288285,2971.304616257478,2995.22944424732,3019.346914011829,3043.658576695001,3068.1659959305807,3092.870747942638,3117.7744216469364,3142.87861875312,3168.1849538677375,3193.695054598094,3219.410561656912,3245.333128967883,3271.4644237720117,3297.806126734876,3324.3599320546946,3351.1275475713155,3378.1106948760344,3405.3111094223436,3432.7305406375262,3460.3707520352004,3488.23352132871,3516.320640545493,3544.6339161423107,3573.1751691214417,3601.9462351478164,3630.9489646670518,3660.1852230244945,3689.6568905851636,3719.3658628547196,3749.3140506013438,3779.5033799786634,3809.935792649603,3840.6132459112973,3871.5377128209448,3902.7111823227383,3934.135659375755,3965.8131650829396,3997.7457368210635,4029.9354283717907,4062.3843100537392,4095.0944688556665,4128.068008570669,4161.3070499315045,4194.813730746993,4228.590206039511,4262.638648183577,4296.961247045588,4331.560210124669,4366.437762694626,4401.596147947099,4437.037627135803,4472.764479721992,4508.779003521039,4545.083514850253,4581.680348677821,4618.571858773019,4655.7604178575675,4693.248417758249,4731.038269560753,4769.132403764733,4807.533270440121,4846.243339384716,4885.265100283049,4924.601062866471,4964.253757074609,5004.22573321805,5044.519562142395,5085.137835393579,5126.08316538458,5167.3581855634,5208.965550582488,5250.907936469426,5293.188040799074,5335.808582867062,5378.772303864684,5422.081967055189,5465.740357951513,5509.7502844954415,5554.1145772382,5598.836089522486,5643.917697666003,5689.362301146471,5735.17282278806,5781.352208949439,5827.903429713208,5874.829479076986,5922.133375145914,5969.818160326825,6017.886901523867,6066.342690335802,6115.188643254807,6164.427901866934,6214.06363305417,6264.099029198114,6314.537308385285,6365.381714614103,6416.635518003553,6468.302015003491,6520.384528606639,6572.88640856233,6625.811031591967,6679.16180160615,6732.942149923667,6787.155535492116,6841.805445110439,6896.895393653112,6952.428924296275,7008.409608745552,7064.841047465831,7121.726869912778,7179.070734766296,7236.876330165845,7295.147373947643,7353.887613883764,7413.100827923194,7472.790824434837,7532.961442452409,7593.616551921397,7654.7600539479145,7716.395881049652,7778.527997408752,7841.160399126823,7904.2971144818985,7967.94220418758,8032.099761654146,8096.773913251861,8161.968818576374,8227.688670716232,8293.937696522553,8360.720156880894,8428.04034698531,8495.90259661459,8564.311270410717,8633.270768159597,8702.785525074065,8772.860012079082,8843.498736099358,8914.706240349144,8986.487104624512,9058.845945597834,9131.787417114787,9205.31621049359,9279.437054826807,9354.154717285446,9429.47400342559,9505.399757497484,9581.936862757088,9659.090241780126,9736.864856778713,9815.265709920519,9894.297843650465,9973.966341015032,10054.276325989182,10135.232963805956,10216.841461288606,10299.107067185563,10382.035072507933,10465.630810869876,10549.89965883156,10634.84703624505,10720.478406602804,10806.799277389146,10893.815200434417,10981.531772272076,11069.954634498676,11159.08947413668,11248.94202400021,11339.518063063782,11430.823416834026,11522.863957724268,11615.64560543233,11709.174327321158,11803.456138802712,11898.49710372478,11994.303334761045,12090.880993804161,12188.23629236214,12286.375491957784,12385.304904531427,12485.030892846919,12585.55987090084,12686.898304334996,12789.052710852275,12892.029660635888,12995.8357767719,13100.477735675182,13205.962267518828,13312.296156667053,13419.486242111492,13527.539417911097,13636.462633635434,13746.262894811807,13856.947263375758,13968.522858125163,14080.996855178266,14194.376488435144,14308.66905004285,14423.881890864615] 0.31126199007860056 [Infinity,Infinity,Infinity,Infinity,Infinity,Infinity,Infinity,Infinity,Infinity,Infinity,Infinity,Infinity,Infinity,Infinity,Infinity,Infinity,Infinity,Infinity,Infinity,Infinity,Infinity,Infinity,Infinity,Infinity,Infinity,Infinity,Infinity,Infinity,Infinity,Infinity,Infinity,Infinity,Infinity,Infinity,Infinity,Infinity,Infinity,Infinity,Infinity,Infinity,Infinity,Infinity,Infinity,Infinity,Infinity,Infinity,Infinity,Infinity,Infinity,Infinity,Infinity,Infinity,Infinity,Infinity,Infinity,Infinity,Infinity,Infinity,Infinity,Infinity,Infinity,Infinity,Infinity,Infinity,Infinity,Infinity,Infinity,Infinity,Infinity,Infinity,Infinity,Infinity,Infinity,Infinity,Infinity,Infinity,Infinity,Infinity,Infinity,Infinity,Infinity,Infinity,Infinity,Infinity,Infinity,Infinity,Infinity,Infinity,Infinity,Infinity,Infinity,Infinity,Infinity,Infinity,Infinity,Infinity,Infinity,Infinity,Infinity,Infinity,Infinity,Infinity,Infinity,Infinity,Infinity,Infinity,Infinity,Infinity,Infinity,Infinity,Infinity,Infinity,Infinity,Infinity,Infinity,Infinity,Infinity,Infinity,Infinity,Infinity,Infinity,Infinity,Infinity,Infinity,Infinity,Infinity,Infinity,Infinity,Infinity,Infinity,Infinity,Infinity,Infinity,Infinity,Infinity,Infinity,Infinity,Infinity,Infinity,Infinity,Infinity,Infinity,Infinity,Infinity,Infinity,Infinity,Infinity,Infinity,Infinity,Infinity,Infinity,Infinity,Infinity,Infinity,Infinity,Infinity,Infinity,Infinity,Infinity,Infinity,Infinity,Infinity,Infinity,Infinity,Infinity,Infinity,Infinity,Infinity,Infinity,Infinity,Infinity,Infinity,Infinity,Infinity,Infinity,Infinity,Infinity,Infinity,Infinity,Infinity,Infinity,Infinity,Infinity,Infinity,Infinity,Infinity,Infinity,Infinity,Infinity,Infinity,Infinity,Infinity,Infinity,Infinity,Infinity,Infinity,Infinity,Infinity,Infinity,Infinity,Infinity,Infinity,Infinity,Infinity,Infinity,Infinity,Infinity,Infinity,Infinity,Infinity,Infinity,Infinity,Infinity,Infinity,Infinity,Infinity,Infinity,Infinity,Infinity,Infinity,Infinity,Infinity,Infinity,Infinity,Infinity,Infinity,Infinity,Infinity,Infinity,Infinity,Infinity,Infinity,Infinity,Infinity,Infinity,Infinity,Infinity,Infinity,Infinity,Infinity,Infinity,Infinity,Infinity,Infinity,Infinity,Infinity,Infinity,Infinity,Infinity,Infinity,Infinity,Infinity,Infinity,Infinity,Infinity,Infinity,Infinity,Infinity,Infinity,Infinity,Infinity,Infinity,Infinity,Infinity,Infinity,Infinity,Infinity,Infinity,Infinity,Infinity,Infinity,Infinity,Infinity,Infinity,Infinity,Infinity,Infinity,Infinity,Infinity,Infinity,Infinity,Infinity,Infinity,Infinity,Infinity,Infinity,Infinity,Infinity,Infinity,Infinity,Infinity,Infinity,Infinity,Infinity,Infinity,Infinity,Infinity,Infinity,Infinity,Infinity] [0.0,0.0,0.0,0.0,0.0,0.0,0.0,0.0,0.0,0.0,0.0,0.0,0.0,0.0,0.0,0.0,0.0,0.0,0.0,0.0,0.0,0.0,0.0,0.0,0.0,0.0,0.0,0.0,0.0,0.0,0.0,0.0,0.0,0.0,0.0,0.0,0.0,0.0,0.0,0.0,0.0,0.0,0.0,0.0,0.0,0.0,0.0,0.0,0.0,0.0,0.0,0.0,0.0,0.0,0.0,0.0,0.0,0.0,0.0,0.0,0.0,0.0,0.0,0.0,0.0,0.0,0.0,0.0,0.0,0.0,0.0,0.0,0.0,0.0,0.0,0.0,0.0,0.0,0.0,0.0,0.0,0.0,0.0,0.0,0.0,0.0,0.0,0.0,0.0,0.0,0.0,0.0,0.0,0.0,0.0,0.0,0.0,0.0,0.0,0.0,0.0,0.0,0.0,0.0,0.0,0.0,0.0,0.0,0.0,0.0,0.0,0.0,0.0,0.0,0.0,0.0,0.0,0.0,0.0,0.0,0.0,0.0,0.0,0.0,0.0,0.0,0.0,0.0,0.0,0.0,0.0,0.0,0.0,0.0,0.0,0.0,0.0,0.0,0.0,0.0,0.0,0.0,0.0,0.0,0.0,0.0,0.0,0.0,0.0,0.0,0.0,0.0,0.0,0.0,0.0,0.0,0.0,0.0,0.0,0.0,0.0,0.0,0.0,0.0,0.0,0.0,0.0,0.0,0.0,0.0,0.0,0.0,0.0,0.0,0.0,0.0,0.0,0.0,0.0,0.0,0.0,0.0,0.0,0.0,0.0,0.0,0.0,0.0,0.0,0.0,0.0,0.0,0.0,0.0,0.0,0.0,0.0,0.0,0.0,0.0,0.0,0.0,0.0,0.0,0.0,0.0,0.0,0.0,0.0,0.0,0.0,0.0,0.0,0.0,0.0,0.0,0.0,0.0,0.0,0.0,0.0,0.0,0.0,0.0,0.0,0.0,0.0,0.0,0.0,0.0,0.0,0.0,0.0,0.0,0.0,0.0,0.0,0.0,0.0,0.0,0.0,0.0,0.0,0.0,0.0,0.0,0.0,0.0,0.0,0.0,0.0,0.0,0.0,0.0,0.0,0.0,0.0,0.0,0.0,0.0,0.0,0.0,0.0,0.0,0.0,0.0,0.0,0.0,0.0,0.0,0.0,0.0,0.0,0.0,0.0,0.0,0.0,0.0,0.0,0.0,0.0,0.0,0.0,0.0,0.0,0.0,0.0,0.0,0.0,0.0,0.0,0.0,0.0,0.0,0.0,0.0,0.0,0.0,0.0,0.0]
56195.54210198975 [0.0,0.0,0.0,0.0,0.0,0.0,0.0,0.0,0.0,0.0,0.0,0.0,0.0,0.0,0.0,0.0,0.0,0.0,0.0,0.0,0.0,0.0,0.0,0.0,0.0,0.0,0.0,0.0,0.0,0.0,0.0,0.0,0.0,0.0,0.0,0.0,0.0,0.0,0.0,0.0,0.0,0.0,0.0,0.0,0.0,0.0,0.0,0.0,0.0,0.0,0.0,0.0,0.0,0.0,0.0,0.0,0.0,0.0,0.0,0.0,0.0,0.0,0.0,0.0,0.0,0.0,0.0,0.0,0.0,0.0,0.0,0.0,0.0,0.0,0.0,0.0,0.0,0.0,0.0,0.0,0.0,0.0,0.0,0.0,0.0,0.0,0.0,0.0,0.0,0.0,0.0,0.0,0.0,0.0,0.0,0.0,0.0,0.0,0.0,0.0,0.0,0.0,0.0,0.0,0.0,0.0,0.0,0.0,0.0,0.0,0.0,0.0,0.0,0.0,0.0,0.0,0.0,0.0,0.0,0.0,0.0,0.0,0.0,0.0,0.0,0.0,0.0,0.0,0.0,0.0,0.0,0.0,0.0,0.0,0.0,0.0,0.0,0.0,0.0,0.0,0.0,0.0,0.0,0.0,0.0,0.0,0.0,0.0,0.0,0.0,0.0,0.0,0.0,0.0,0.0,0.0,0.0,0.0,0.0,0.0,0.0,0.0,0.0,0.0,0.0,0.0,0.0,0.0,0.0,0.0,0.0,0.0,0.0,0.0,0.0,0.0,0.0,0.0,0.0,0.0,0.0,0.0,0.0,0.0,0.0,0.0,0.0,0.0,0.0,0.0,0.0,0.0,0.0,0.0,0.0,0.0,0.0,0.0,0.0,0.0,0.0,0.0,0.0,0.0,0.0,0.0,0.0,0.0,0.0,0.0,0.0,0.0,0.0,0.0,0.0,0.0,0.0,0.0,0.0,0.0,0.0,0.0,0.0,0.0,0.0,0.0,0.0,0.0,0.0,0.0,0.0,0.0,0.0,0.0,0.0,0.0,0.0,0.0,0.0,0.0,0.0,0.0,0.0,0.0,0.0,0.0,0.0,0.0,0.0,0.0,0.0,0.0,0.0,0.0,0.0,0.0,0.0,0.0,0.0,0.0,0.0,0.0,0.0,0.0,0.0,0.0,0.0,0.0,0.0,0.0,0.0,0.0,0.0,0.0,0.0,0.0,0.0,0.0,0.0,0.0,0.0,0.0,0.0,0.0,0.0,0.0,0.0,0.0,0.0,0.0,0.0,0.0,0.0,0.0,0.0,0.0,0.0,0.0,0.0,0.0] [1311.2619900786005,1321.8202200865917,1332.463464547639,1343.19240799478,1354.0077404728797,1364.9101575830227,1375.9003605272408,1386.9790561536227,1398.1469570017646,1409.4047813486081,1420.7532532546286,1432.193102610412,1443.7250651835902,1455.3498826661717,1467.068302722235,1478.881079036026,1490.78897136042,1502.7927455657994,1514.8931736892998,1527.0910339844697,1539.3871109713293,1551.7821954868166,1564.2770847356642,1576.872582341659,1589.569498399342,1602.368649526097,1615.270858914685,1628.2769563861766,1641.3877784433362,1654.6041683244075,1667.9269760573632,1681.3570585145608,1694.895279467867,1708.5425096441993,1722.2996267815402,1736.1675156853773,1750.1470682856248,1764.2391836939755,1778.4447682617345,1792.7647356381167,1807.2000068289992,1821.7515102561672,1836.4201818170154,1851.2069649447558,1866.112810669078,1881.1386776773347,1896.285532376183,1911.5543489537563,1926.9461094423048,1942.4618037813711,1958.1024298814455,1973.8689936881608,1989.7625092469793,2005.7839987684179,2021.9344926937952,2038.215029761504,2054.626657073813,2071.1704301642176,2087.8474130653335,2104.6586783773164,2121.605307336866,2138.6883898867477,2155.9090247459117,2173.268319480143,2190.767390573309,2208.407363499154,2226.1893727937027,2244.1145621282076,2262.184084382728,2280.399101720259,2298.7607856614945,2317.2703171601615,2335.9288866789793,2354.7376942662327,2373.6979496329395,2392.810872230673,2412.077691329971,2431.4996460994216,2451.0779856853383,2470.813969292122,2490.7088662632277,2510.763956162824,2530.9805288580706,2551.359884602096,2571.9033341176064,2592.612198681206,2613.487810208354,2634.5315113390543,2655.7446555241822,2677.1286071125573,2698.6847414386757,2720.4144449111714,2742.319115101994,2764.4001608362782,2786.6590022829737,2809.097071046162,2831.715810257159,2854.5166746673017,2877.5011307415425,2900.67065675274,2924.0267428767575,2947.570891288285,2971.304616257478,2995.22944424732,3019.346914011829,3043.658576695001,3068.1659959305807,3092.870747942638,3117.7744216469364,3142.87861875312,3168.1849538677375,3193.695054598094,3219.410561656912,3245.333128967883,3271.4644237720117,3297.806126734876,3324.3599320546946,3351.1275475713155,3378.1106948760344,3405.3111094223436,3432.7305406375262,3460.3707520352004,3488.23352132871,3516.320640545493,3544.6339161423107,3573.1751691214417,3601.9462351478164,3630.9489646670518,3660.1852230244945,3689.6568905851636,3719.3658628547196,3749.3140506013438,3779.5033799786634,3809.935792649603,3840.6132459112973,3871.5377128209448,3902.7111823227383,3934.135659375755,3965.8131650829396,3997.7457368210635,4029.9354283717907,4062.3843100537392,4095.0944688556665,4128.068008570669,4161.3070499315045,4194.813730746993,4228.590206039511,4262.638648183577,4296.961247045588,4331.560210124669,4366.437762694626,4401.596147947099,4437.037627135803,4472.764479721992,4508.779003521039,4545.083514850253,4581.680348677821,4618.571858773019,4655.7604178575675,4693.248417758249,4731.038269560753,4769.132403764733,4807.533270440121,4846.243339384716,4885.265100283049,4924.601062866471,4964.253757074609,5004.22573321805,5044.519562142395,5085.137835393579,5126.08316538458,5167.3581855634,5208.965550582488,5250.907936469426,5293.188040799074,5335.808582867062,5378.772303864684,5422.081967055189,5465.740357951513,5509.7502844954415,5554.1145772382,5598.836089522486,5643.917697666003,5689.362301146471,5735.17282278806,5781.352208949439,5827.903429713208,5874.829479076986,5922.133375145914,5969.818160326825,6017.886901523867,6066.342690335802,6115.188643254807,6164.427901866934,6214.06363305417,6264.099029198114,6314.537308385285,6365.381714614103,6416.635518003553,6468.302015003491,6520.384528606639,6572.88640856233,6625.811031591967,6679.16180160615,6732.942149923667,6787.155535492116,6841.805445110439,6896.895393653112,6952.428924296275,7008.409608745552,7064.841047465831,7121.726869912778,7179.070734766296,7236.876330165845,7295.147373947643,7353.887613883764,7413.100827923194,7472.790824434837,7532.961442452409,7593.616551921397,7654.7600539479145,7716.395881049652,7778.527997408752,7841.160399126823,7904.2971144818985,7967.94220418758,8032.099761654146,8096.773913251861,8161.968818576374,8227.688670716232,8293.937696522553,8360.720156880894,8428.04034698531,8495.90259661459,8564.311270410717,8633.270768159597,8702.785525074065,8772.860012079082,8843.498736099358,8914.706240349144,8986.487104624512,9058.845945597834,9131.787417114787,9205.31621049359,9279.437054826807,9354.154717285446,9429.47400342559,9505.399757497484,9581.936862757088,9659.090241780126,9736.864856778713,9815.265709920519,9894.297843650465,9973.966341015032,10054.276325989182,10135.232963805956,10216.841461288606,10299.107067185563,10382.035072507933,10465.630810869876,10549.89965883156,10634.84703624505,10720.478406602804,10806.799277389146,10893.815200434417,10981.531772272076,11069.954634498676,11159.08947413668,11248.94202400021,11339.518063063782,11430.823416834026,11522.863957724268,11615.64560543233,11709.174327321158,11803.456138802712,11898.49710372478,11994.303334761045,12090.880993804161,12188.23629236214,12286.375491957784,12385.304904531427,12485.030892846919,12585.55987090084,12686.898304334996,12789.052710852275,12892.029660635888,12995.8357767719,13100.477735675182,13205.962267518828,13312.296156667053,13419.486242111492,13527.539417911097,13636.462633635434,13746.262894811807,13856.947263375758,13968.522858125163,14080.996855178266,14194.376488435144,14308.66905004285,14423.881890864615] 0.31126199007860056 [Infinity,Infinity,Infinity,Infinity,Infinity,Infinity,Infinity,Infinity,Infinity,Infinity,Infinity,Infinity,Infinity,Infinity,Infinity,Infinity,Infinity,Infinity,Infinity,Infinity,Infinity,Infinity,Infinity,Infinity,Infinity,Infinity,Infinity,Infinity,Infinity,Infinity,Infinity,Infinity,Infinity,Infinity,Infinity,Infinity,Infinity,Infinity,Infinity,Infinity,Infinity,Infinity,Infinity,Infinity,Infinity,Infinity,Infinity,Infinity,Infinity,Infinity,Infinity,Infinity,Infinity,Infinity,Infinity,Infinity,Infinity,Infinity,Infinity,Infinity,Infinity,Infinity,Infinity,Infinity,Infinity,Infinity,Infinity,Infinity,Infinity,Infinity,Infinity,Infinity,Infinity,Infinity,Infinity,Infinity,Infinity,Infinity,Infinity,Infinity,Infinity,Infinity,Infinity,Infinity,Infinity,Infinity,Infinity,Infinity,Infinity,Infinity,Infinity,Infinity,Infinity,Infinity,Infinity,Infinity,Infinity,Infinity,Infinity,Infinity,Infinity,Infinity,Infinity,Infinity,Infinity,Infinity,Infinity,Infinity,Infinity,Infinity,Infinity,Infinity,Infinity,Infinity,Infinity,Infinity,Infinity,Infinity,Infinity,Infinity,Infinity,Infinity,Infinity,Infinity,Infinity,Infinity,Infinity,Infinity,Infinity,Infinity,Infinity,Infinity,Infinity,Infinity,Infinity,Infinity,Infinity,Infinity,Infinity,Infinity,Infinity,Infinity,Infinity,Infinity,Infinity,Infinity,Infinity,Infinity,Infinity,Infinity,Infinity,Infinity,Infinity,Infinity,Infinity,Infinity,Infinity,Infinity,Infinity,Infinity,Infinity,Infinity,Infinity,Infinity,Infinity,Infinity,Infinity,Infinity,Infinity,Infinity,Infinity,Infinity,Infinity,Infinity,Infinity,Infinity,Infinity,Infinity,Infinity,Infinity,Infinity,Infinity,Infinity,Infinity,Infinity,Infinity,Infinity,Infinity,Infinity,Infinity,Infinity,Infinity,Infinity,Infinity,Infinity,Infinity,Infinity,Infinity,Infinity,Infinity,Infinity,Infinity,Infinity,Infinity,Infinity,Infinity,Infinity,Infinity,Infinity,Infinity,Infinity,Infinity,Infinity,Infinity,Infinity,Infinity,Infinity,Infinity,Infinity,Infinity,Infinity,Infinity,Infinity,Infinity,Infinity,Infinity,Infinity,Infinity,Infinity,Infinity,Infinity,Infinity,Infinity,Infinity,Infinity,Infinity,Infinity,Infinity,Infinity,Infinity,Infinity,Infinity,Infinity,Infinity,Infinity,Infinity,Infinity,Infinity,Infinity,Infinity,Infinity,Infinity,Infinity,Infinity,Infinity,Infinity,Infinity,Infinity,Infinity,Infinity,Infinity,Infinity,Infinity,Infinity,Infinity,Infinity,Infinity,Infinity,Infinity,Infinity,Infinity,Infinity,Infinity,Infinity,Infinity,Infinity,Infinity,Infinity,Infinity,Infinity,Infinity,Infinity,Infinity,Infinity,Infinity,Infinity,Infinity,Infinity,Infinity,Infinity,Infinity,Infinity,Infinity,Infinity,Infinity,Infinity,Infinity,Infinity,Infinity,Infinity] [0.0,0.0,0.0,0.0,0.0,0.0,0.0,0.0,0.0,0.0,0.0,0.0,0.0,0.0,0.0,0.0,0.0,0.0,0.0,0.0,0.0,0.0,0.0,0.0,0.0,0.0,0.0,0.0,0.0,0.0,0.0,0.0,0.0,0.0,0.0,0.0,0.0,0.0,0.0,0.0,0.0,0.0,0.0,0.0,0.0,0.0,0.0,0.0,0.0,0.0,0.0,0.0,0.0,0.0,0.0,0.0,0.0,0.0,0.0,0.0,0.0,0.0,0.0,0.0,0.0,0.0,0.0,0.0,0.0,0.0,0.0,0.0,0.0,0.0,0.0,0.0,0.0,0.0,0.0,0.0,0.0,0.0,0.0,0.0,0.0,0.0,0.0,0.0,0.0,0.0,0.0,0.0,0.0,0.0,0.0,0.0,0.0,0.0,0.0,0.0,0.0,0.0,0.0,0.0,0.0,0.0,0.0,0.0,0.0,0.0,0.0,0.0,0.0,0.0,0.0,0.0,0.0,0.0,0.0,0.0,0.0,0.0,0.0,0.0,0.0,0.0,0.0,0.0,0.0,0.0,0.0,0.0,0.0,0.0,0.0,0.0,0.0,0.0,0.0,0.0,0.0,0.0,0.0,0.0,0.0,0.0,0.0,0.0,0.0,0.0,0.0,0.0,0.0,0.0,0.0,0.0,0.0,0.0,0.0,0.0,0.0,0.0,0.0,0.0,0.0,0.0,0.0,0.0,0.0,0.0,0.0,0.0,0.0,0.0,0.0,0.0,0.0,0.0,0.0,0.0,0.0,0.0,0.0,0.0,0.0,0.0,0.0,0.0,0.0,0.0,0.0,0.0,0.0,0.0,0.0,0.0,0.0,0.0,0.0,0.0,0.0,0.0,0.0,0.0,0.0,0.0,0.0,0.0,0.0,0.0,0.0,0.0,0.0,0.0,0.0,0.0,0.0,0.0,0.0,0.0,0.0,0.0,0.0,0.0,0.0,0.0,0.0,0.0,0.0,0.0,0.0,0.0,0.0,0.0,0.0,0.0,0.0,0.0,0.0,0.0,0.0,0.0,0.0,0.0,0.0,0.0,0.0,0.0,0.0,0.0,0.0,0.0,0.0,0.0,0.0,0.0,0.0,0.0,0.0,0.0,0.0,0.0,0.0,0.0,0.0,0.0,0.0,0.0,0.0,0.0,0.0,0.0,0.0,0.0,0.0,0.0,0.0,0.0,0.0,0.0,0.0,0.0,0.0,0.0,0.0,0.0,0.0,0.0,0.0,0.0,0.0,0.0,0.0,0.0,0.0,0.0,0.0,0.0,0.0,0.0]
56089.597084784386 [0.0,0.0,0.0,0.0,0.0,0.0,0.0,0.0,0.0,0.0,0.0,0.0,0.0,0.0,0.0,0.0,0.0,0.0,0.0,0.0,0.0,0.0,0.0,0.0,0.0,0.0,0.0,0.0,0.0,0.0,0.0,0.0,0.0,0.0,0.0,0.0,0.0,0.0,0.0,0.0,0.0,0.0,0.0,0.0,0.0,0.0,0.0,0.0,0.0,0.0,0.0,0.0,0.0,0.0,0.0,0.0,0.0,0.0,0.0,0.0,0.0,0.0,0.0,0.0,0.0,0.0,0.0,0.0,0.0,0.0,0.0,0.0,0.0,0.0,0.0,0.0,0.0,0.0,0.0,0.0,0.0,0.0,0.0,0.0,0.0,0.0,0.0,0.0,0.0,0.0,0.0,0.0,0.0,0.0,0.0,0.0,0.0,0.0,0.0,0.0,0.0,0.0,0.0,0.0,0.0,0.0,0.0,0.0,0.0,0.0,0.0,0.0,0.0,0.0,0.0,0.0,0.0,0.0,0.0,0.0,0.0,0.0,0.0,0.0,0.0,0.0,0.0,0.0,0.0,0.0,0.0,0.0,0.0,0.0,0.0,0.0,0.0,0.0,0.0,0.0,0.0,0.0,0.0,0.0,0.0,0.0,0.0,0.0,0.0,0.0,0.0,0.0,0.0,0.0,0.0,0.0,0.0,0.0,0.0,0.0,0.0,0.0,0.0,0.0,0.0,0.0,0.0,0.0,0.0,0.0,0.0,0.0,0.0,0.0,0.0,0.0,0.0,0.0,0.0,0.0,0.0,0.0,0.0,0.0,0.0,0.0,0.0,0.0,0.0,0.0,0.0,0.0,0.0,0.0,0.0,0.0,0.0,0.0,0.0,0.0,0.0,0.0,0.0,0.0,0.0,0.0,0.0,0.0,0.0,0.0,0.0,0.0,0.0,0.0,0.0,0.0,0.0,0.0,0.0,0.0,0.0,0.0,0.0,0.0,0.0,0.0,0.0,0.0,0.0,0.0,0.0,0.0,0.0,0.0,0.0,0.0,0.0,0.0,0.0,0.0,0.0,0.0,0.0,0.0,0.0,0.0,0.0,0.0,0.0,0.0,0.0,0.0,0.0,0.0,0.0,0.0,0.0,0.0,0.0,0.0,0.0,0.0,0.0,0.0,0.0,0.0,0.0,0.0,0.0,0.0,0.0,0.0,0.0,0.0,0.0,0.0,0.0,0.0,0.0,0.0,0.0,0.0,0.0,0.0,0.0,0.0,0.0,0.0,0.0,0.0,0.0,0.0,0.0,0.0,0.0,0.0,0.0,0.0,0.0,0.0] [1311.2619900786005,1321.8202200865917,1332.463464547639,1343.19240799478,1354.0077404728797,1364.9101575830227,1375.9003605272408,1386.9790561536227,1398.1469570017646,1409.4047813486081,1420.7532532546286,1432.193102610412,1443.7250651835902,1455.3498826661717,1467.068302722235,1478.881079036026,1490.78897136042,1502.7927455657994,1514.8931736892998,1527.0910339844697,1539.3871109713293,1551.7821954868166,1564.2770847356642,1576.872582341659,1589.569498399342,1602.368649526097,1615.270858914685,1628.2769563861766,1641.3877784433362,1654.6041683244075,1667.9269760573632,1681.3570585145608,1694.895279467867,1708.5425096441993,1722.2996267815402,1736.1675156853773,1750.1470682856248,1764.2391836939755,1778.4447682617345,1792.7647356381167,1807.2000068289992,1821.7515102561672,1836.4201818170154,1851.2069649447558,1866.112810669078,1881.1386776773347,1896.285532376183,1911.5543489537563,1926.9461094423048,1942.4618037813711,1958.1024298814455,1973.8689936881608,1989.7625092469793,2005.7839987684179,2021.9344926937952,2038.215029761504,2054.626657073813,2071.1704301642176,2087.8474130653335,2104.6586783773164,2121.605307336866,2138.6883898867477,2155.9090247459117,2173.268319480143,2190.767390573309,2208.407363499154,2226.1893727937027,2244.1145621282076,2262.184084382728,2280.399101720259,2298.7607856614945,2317.2703171601615,2335.9288866789793,2354.7376942662327,2373.6979496329395,2392.810872230673,2412.077691329971,2431.4996460994216,2451.0779856853383,2470.813969292122,2490.7088662632277,2510.763956162824,2530.9805288580706,2551.359884602096,2571.9033341176064,2592.612198681206,2613.487810208354,2634.5315113390543,2655.7446555241822,2677.1286071125573,2698.6847414386757,2720.4144449111714,2742.319115101994,2764.4001608362782,2786.6590022829737,2809.097071046162,2831.715810257159,2854.5166746673017,2877.5011307415425,2900.67065675274,2924.0267428767575,2947.570891288285,2971.304616257478,2995.22944424732,3019.346914011829,3043.658576695001,3068.1659959305807,3092.870747942638,3117.7744216469364,3142.87861875312,3168.1849538677375,3193.695054598094,3219.410561656912,3245.333128967883,3271.4644237720117,3297.806126734876,3324.3599320546946,3351.1275475713155,3378.1106948760344,3405.3111094223436,3432.7305406375262,3460.3707520352004,3488.23352132871,3516.320640545493,3544.6339161423107,3573.1751691214417,3601.9462351478164,3630.9489646670518,3660.1852230244945,3689.6568905851636,3719.3658628547196,3749.3140506013438,3779.5033799786634,3809.935792649603,3840.6132459112973,3871.5377128209448,3902.7111823227383,3934.135659375755,3965.8131650829396,3997.7457368210635,4029.9354283717907,4062.3843100537392,4095.0944688556665,4128.068008570669,4161.3070499315045,4194.813730746993,4228.590206039511,4262.638648183577,4296.961247045588,4331.560210124669,4366.437762694626,4401.596147947099,4437.037627135803,4472.764479721992,4508.779003521039,4545.083514850253,4581.680348677821,4618.571858773019,4655.7604178575675,4693.248417758249,4731.038269560753,4769.132403764733,4807.533270440121,4846.243339384716,4885.265100283049,4924.601062866471,4964.253757074609,5004.22573321805,5044.519562142395,5085.137835393579,5126.08316538458,5167.3581855634,5208.965550582488,5250.907936469426,5293.188040799074,5335.808582867062,5378.772303864684,5422.081967055189,5465.740357951513,5509.7502844954415,5554.1145772382,5598.836089522486,5643.917697666003,5689.362301146471,5735.17282278806,5781.352208949439,5827.903429713208,5874.829479076986,5922.133375145914,5969.818160326825,6017.886901523867,6066.342690335802,6115.188643254807,6164.427901866934,6214.06363305417,6264.099029198114,6314.537308385285,6365.381714614103,6416.635518003553,6468.302015003491,6520.384528606639,6572.88640856233,6625.811031591967,6679.16180160615,6732.942149923667,6787.155535492116,6841.805445110439,6896.895393653112,6952.428924296275,7008.409608745552,7064.841047465831,7121.726869912778,7179.070734766296,7236.876330165845,7295.147373947643,7353.887613883764,7413.100827923194,7472.790824434837,7532.961442452409,7593.616551921397,7654.7600539479145,7716.395881049652,7778.527997408752,7841.160399126823,7904.2971144818985,7967.94220418758,8032.099761654146,8096.773913251861,8161.968818576374,8227.688670716232,8293.937696522553,8360.720156880894,8428.04034698531,8495.90259661459,8564.311270410717,8633.270768159597,8702.785525074065,8772.860012079082,8843.498736099358,8914.706240349144,8986.487104624512,9058.845945597834,9131.787417114787,9205.31621049359,9279.437054826807,9354.154717285446,9429.47400342559,9505.399757497484,9581.936862757088,9659.090241780126,9736.864856778713,9815.265709920519,9894.297843650465,9973.966341015032,10054.276325989182,10135.232963805956,10216.841461288606,10299.107067185563,10382.035072507933,10465.630810869876,10549.89965883156,10634.84703624505,10720.478406602804,10806.799277389146,10893.815200434417,10981.531772272076,11069.954634498676,11159.08947413668,11248.94202400021,11339.518063063782,11430.823416834026,11522.863957724268,11615.64560543233,11709.174327321158,11803.456138802712,11898.49710372478,11994.303334761045,12090.880993804161,12188.23629236214,12286.375491957784,12385.304904531427,12485.030892846919,12585.55987090084,12686.898304334996,12789.052710852275,12892.029660635888,12995.8357767719,13100.477735675182,13205.962267518828,13312.296156667053,13419.486242111492,13527.539417911097,13636.462633635434,13746.262894811807,13856.947263375758,13968.522858125163,14080.996855178266,14194.376488435144,14308.66905004285,14423.881890864615] 0.31126199007860056 [Infinity,Infinity,Infinity,Infinity,Infinity,Infinity,Infinity,Infinity,Infinity,Infinity,Infinity,Infinity,Infinity,Infinity,Infinity,Infinity,Infinity,Infinity,Infinity,Infinity,Infinity,Infinity,Infinity,Infinity,Infinity,Infinity,Infinity,Infinity,Infinity,Infinity,Infinity,Infinity,Infinity,Infinity,Infinity,Infinity,Infinity,Infinity,Infinity,Infinity,Infinity,Infinity,Infinity,Infinity,Infinity,Infinity,Infinity,Infinity,Infinity,Infinity,Infinity,Infinity,Infinity,Infinity,Infinity,Infinity,Infinity,Infinity,Infinity,Infinity,Infinity,Infinity,Infinity,Infinity,Infinity,Infinity,Infinity,Infinity,Infinity,Infinity,Infinity,Infinity,Infinity,Infinity,Infinity,Infinity,Infinity,Infinity,Infinity,Infinity,Infinity,Infinity,Infinity,Infinity,Infinity,Infinity,Infinity,Infinity,Infinity,Infinity,Infinity,Infinity,Infinity,Infinity,Infinity,Infinity,Infinity,Infinity,Infinity,Infinity,Infinity,Infinity,Infinity,Infinity,Infinity,Infinity,Infinity,Infinity,Infinity,Infinity,Infinity,Infinity,Infinity,Infinity,Infinity,Infinity,Infinity,Infinity,Infinity,Infinity,Infinity,Infinity,Infinity,Infinity,Infinity,Infinity,Infinity,Infinity,Infinity,Infinity,Infinity,Infinity,Infinity,Infinity,Infinity,Infinity,Infinity,Infinity,Infinity,Infinity,Infinity,Infinity,Infinity,Infinity,Infinity,Infinity,Infinity,Infinity,Infinity,Infinity,Infinity,Infinity,Infinity,Infinity,Infinity,Infinity,Infinity,Infinity,Infinity,Infinity,Infinity,Infinity,Infinity,Infinity,Infinity,Infinity,Infinity,Infinity,Infinity,Infinity,Infinity,Infinity,Infinity,Infinity,Infinity,Infinity,Infinity,Infinity,Infinity,Infinity,Infinity,Infinity,Infinity,Infinity,Infinity,Infinity,Infinity,Infinity,Infinity,Infinity,Infinity,Infinity,Infinity,Infinity,Infinity,Infinity,Infinity,Infinity,Infinity,Infinity,Infinity,Infinity,Infinity,Infinity,Infinity,Infinity,Infinity,Infinity,Infinity,Infinity,Infinity,Infinity,Infinity,Infinity,Infinity,Infinity,Infinity,Infinity,Infinity,Infinity,Infinity,Infinity,Infinity,Infinity,Infinity,Infinity,Infinity,Infinity,Infinity,Infinity,Infinity,Infinity,Infinity,Infinity,Infinity,Infinity,Infinity,Infinity,Infinity,Infinity,Infinity,Infinity,Infinity,Infinity,Infinity,Infinity,Infinity,Infinity,Infinity,Infinity,Infinity,Infinity,Infinity,Infinity,Infinity,Infinity,Infinity,Infinity,Infinity,Infinity,Infinity,Infinity,Infinity,Infinity,Infinity,Infinity,Infinity,Infinity,Infinity,Infinity,Infinity,Infinity,Infinity,Infinity,Infinity,Infinity,Infinity,Infinity,Infinity,Infinity,Infinity,Infinity,Infinity,Infinity,Infinity,Infinity,Infinity,Infinity,Infinity,Infinity,Infinity,Infinity,Infinity,Infinity,Infinity,Infinity,Infinity,Infinity,Infinity,Infinity] [0.0,0.0,0.0,0.0,0.0,0.0,0.0,0.0,0.0,0.0,0.0,0.0,0.0,0.0,0.0,0.0,0.0,0.0,0.0,0.0,0.0,0.0,0.0,0.0,0.0,0.0,0.0,0.0,0.0,0.0,0.0,0.0,0.0,0.0,0.0,0.0,0.0,0.0,0.0,0.0,0.0,0.0,0.0,0.0,0.0,0.0,0.0,0.0,0.0,0.0,0.0,0.0,0.0,0.0,0.0,0.0,0.0,0.0,0.0,0.0,0.0,0.0,0.0,0.0,0.0,0.0,0.0,0.0,0.0,0.0,0.0,0.0,0.0,0.0,0.0,0.0,0.0,0.0,0.0,0.0,0.0,0.0,0.0,0.0,0.0,0.0,0.0,0.0,0.0,0.0,0.0,0.0,0.0,0.0,0.0,0.0,0.0,0.0,0.0,0.0,0.0,0.0,0.0,0.0,0.0,0.0,0.0,0.0,0.0,0.0,0.0,0.0,0.0,0.0,0.0,0.0,0.0,0.0,0.0,0.0,0.0,0.0,0.0,0.0,0.0,0.0,0.0,0.0,0.0,0.0,0.0,0.0,0.0,0.0,0.0,0.0,0.0,0.0,0.0,0.0,0.0,0.0,0.0,0.0,0.0,0.0,0.0,0.0,0.0,0.0,0.0,0.0,0.0,0.0,0.0,0.0,0.0,0.0,0.0,0.0,0.0,0.0,0.0,0.0,0.0,0.0,0.0,0.0,0.0,0.0,0.0,0.0,0.0,0.0,0.0,0.0,0.0,0.0,0.0,0.0,0.0,0.0,0.0,0.0,0.0,0.0,0.0,0.0,0.0,0.0,0.0,0.0,0.0,0.0,0.0,0.0,0.0,0.0,0.0,0.0,0.0,0.0,0.0,0.0,0.0,0.0,0.0,0.0,0.0,0.0,0.0,0.0,0.0,0.0,0.0,0.0,0.0,0.0,0.0,0.0,0.0,0.0,0.0,0.0,0.0,0.0,0.0,0.0,0.0,0.0,0.0,0.0,0.0,0.0,0.0,0.0,0.0,0.0,0.0,0.0,0.0,0.0,0.0,0.0,0.0,0.0,0.0,0.0,0.0,0.0,0.0,0.0,0.0,0.0,0.0,0.0,0.0,0.0,0.0,0.0,0.0,0.0,0.0,0.0,0.0,0.0,0.0,0.0,0.0,0.0,0.0,0.0,0.0,0.0,0.0,0.0,0.0,0.0,0.0,0.0,0.0,0.0,0.0,0.0,0.0,0.0,0.0,0.0,0.0,0.0,0.0,0.0,0.0,0.0,0.0,0.0,0.0,0.0,0.0,0.0]
56244.576456574454 [0.0,0.0,0.0,0.0,0.0,0.0,0.0,0.0,0.0,0.0,0.0,0.0,0.0,0.0,0.0,0.0,0.0,0.0,0.0,0.0,0.0,0.0,0.0,0.0,0.0,0.0,0.0,0.0,0.0,0.0,0.0,0.0,0.0,0.0,0.0,0.0,0.0,0.0,0.0,0.0,0.0,0.0,0.0,0.0,0.0,0.0,0.0,0.0,0.0,0.0,0.0,0.0,0.0,0.0,0.0,0.0,0.0,0.0,0.0,0.0,0.0,0.0,0.0,0.0,0.0,0.0,0.0,0.0,0.0,0.0,0.0,0.0,0.0,0.0,0.0,0.0,0.0,0.0,0.0,0.0,0.0,0.0,0.0,0.0,0.0,0.0,0.0,0.0,0.0,0.0,0.0,0.0,0.0,0.0,0.0,0.0,0.0,0.0,0.0,0.0,0.0,0.0,0.0,0.0,0.0,0.0,0.0,0.0,0.0,0.0,0.0,0.0,0.0,0.0,0.0,0.0,0.0,0.0,0.0,0.0,0.0,0.0,0.0,0.0,0.0,0.0,0.0,0.0,0.0,0.0,0.0,0.0,0.0,0.0,0.0,0.0,0.0,0.0,0.0,0.0,280.47073129001853,297.216928389464,329.92703546643327,377.9945928845568,402.377090693593,386.6717889296596,324.8923161812684,338.2907426332679,355.93051815909433,356.7857202243565,370.0060475103611,440.07028243189814,424.9462538466848,422.9087426377839,515.7401568361839,588.1590134432726,718.491687280885,728.487182101122,873.3448713457299,979.2983636322978,848.6892107818891,714.3225480786232,519.8277745628681,389.80611970716456,374.3345030271612,395.49685615923136,442.78059518153106,569.9150217538605,764.3744448644773,922.7635058316481,964.1879120196039,1008.8812509029136,981.9132684435368,936.6907985254368,915.2957054590911,1016.0150266259079,1022.4458893637416,959.0829213430482,809.6118885942691,853.9843156606225,783.386949970279,630.3295939513505,604.6927325633585,617.0184646076596,755.6996276900767,765.4518637434476,740.2071211678895,823.9294680703238,821.7167770155772,814.7645526631231,868.7346304468647,725.7515087231864,701.1778186838342,612.9359229379572,569.8007923249015,580.8813886381215,535.0558067576967,463.43652493371866,461.5187669880913,453.7801867531017,448.05025298339683,505.18887392872875,524.8848380124615,533.2530766297267,636.2965348114245,690.447010927609,535.6963651039237,421.1954830764012,474.80069747118733,434.4607520778755,479.98293784532154,427.2282919480458,371.54447137504036,486.38764072679373,592.7094676311303,574.094251836637,512.5402750807776,488.85842311947454,424.48768364223054,446.4861205615241,464.9038180143969,475.3131886639492,459.394229009009,429.421003116681,431.83187896671063,283.4773137979595,195.0907769626097,263.1981848083007,358.0870777516806,388.652892225176,360.6248291177731,383.90830600961533,336.76378979949294,344.79157099101803,265.8013131088477,307.2316768757573,264.33469795634574,259.6669627093644,214.15701450784067,229.82871444038534,189.29661199020705,201.2310420461002,178.7091735389126,171.73860704043204,167.50837138092334,160.19846167026313,161.29555672243427,150.11978755380437,135.25433242697127,119.79559688619796,99.89232664242543,102.62092433509036,112.0495933368125,102.47708174326291,110.14155985994731,105.76895198857038,120.30660739797828,125.69940955733915,130.27543254806338,113.46605300383366,110.23552582514495,109.48521567006263,95.68730999107633,86.1713749411032,99.98010464108624,112.56863354964301,132.2002122161973,134.90290656685875,137.31975144131374,126.58287873348192,124.09162196127346,122.02813213362289,101.33972441998627,83.33091779844533,82.27485937636729,72.25837324504143,72.06645488002411,70.35880101039237,67.21168499018859,68.34645695742911,59.056717005990336,57.00485313337114,52.86824377081123,47.222411273150314,41.24447652666982,40.432381106409835,39.81966476284755,33.5388009717322,33.04209164847551,25.98837488834183,26.79271133924891,26.73095866588088,26.139409011048716,29.233679050384588,25.903610074730718,33.66321886753258,34.80605470406589,33.09877793718281,32.59587391411055,31.24211223719196] [1311.2619900786005,1321.8202200865917,1332.463464547639,1343.19240799478,1354.0077404728797,1364.9101575830227,1375.9003605272408,1386.9790561536227,1398.1469570017646,1409.4047813486081,1420.7532532546286,1432.193102610412,1443.7250651835902,1455.3498826661717,1467.068302722235,1478.881079036026,1490.78897136042,1502.7927455657994,1514.8931736892998,1527.0910339844697,1539.3871109713293,1551.7821954868166,1564.2770847356642,1576.872582341659,1589.569498399342,1602.368649526097,1615.270858914685,1628.2769563861766,1641.3877784433362,1654.6041683244075,1667.9269760573632,1681.3570585145608,1694.895279467867,1708.5425096441993,1722.2996267815402,1736.1675156853773,1750.1470682856248,1764.2391836939755,1778.4447682617345,1792.7647356381167,1807.2000068289992,1821.7515102561672,1836.4201818170154,1851.2069649447558,1866.112810669078,1881.1386776773347,1896.285532376183,1911.5543489537563,1926.9461094423048,1942.4618037813711,1958.1024298814455,1973.8689936881608,1989.7625092469793,2005.7839987684179,2021.9344926937952,2038.215029761504,2054.626657073813,2071.1704301642176,2087.8474130653335,2104.6586783773164,2121.605307336866,2138.6883898867477,2155.9090247459117,2173.268319480143,2190.767390573309,2208.407363499154,2226.1893727937027,2244.1145621282076,2262.184084382728,2280.399101720259,2298.7607856614945,2317.2703171601615,2335.9288866789793,2354.7376942662327,2373.6979496329395,2392.810872230673,2412.077691329971,2431.4996460994216,2451.0779856853383,2470.813969292122,2490.7088662632277,2510.763956162824,2530.9805288580706,2551.359884602096,2571.9033341176064,2592.612198681206,2613.487810208354,2634.5315113390543,2655.7446555241822,2677.1286071125573,2698.6847414386757,2720.4144449111714,2742.319115101994,2764.4001608362782,2786.6590022829737,2809.097071046162,2831.715810257159,2854.5166746673017,2877.5011307415425,2900.67065675274,2924.0267428767575,2947.570891288285,2971.304616257478,2995.22944424732,3019.346914011829,3043.658576695001,3068.1659959305807,3092.870747942638,3117.7744216469364,3142.87861875312,3168.1849538677375,3193.695054598094,3219.410561656912,3245.333128967883,3271.4644237720117,3297.806126734876,3324.3599320546946,3351.1275475713155,3378.1106948760344,3405.3111094223436,3432.7305406375262,3460.3707520352004,3488.23352132871,3516.320640545493,3544.6339161423107,3573.1751691214417,3601.9462351478164,3630.9489646670518,3660.1852230244945,3689.6568905851636,3719.3658628547196,3749.3140506013438,3779.5033799786634,3809.935792649603,3840.6132459112973,3871.5377128209448,3902.7111823227383,3934.135659375755,3965.8131650829396,3997.7457368210635,4029.9354283717907,4062.3843100537392,4095.0944688556665,4128.068008570669,4161.3070499315045,4194.813730746993,4228.590206039511,4262.638648183577,4296.961247045588,4331.560210124669,4366.437762694626,4401.596147947099,4437.037627135803,4472.764479721992,4508.779003521039,4545.083514850253,4581.680348677821,4618.571858773019,4655.7604178575675,4693.248417758249,4731.038269560753,4769.132403764733,4807.533270440121,4846.243339384716,4885.265100283049,4924.601062866471,4964.253757074609,5004.22573321805,5044.519562142395,5085.137835393579,5126.08316538458,5167.3581855634,5208.965550582488,5250.907936469426,5293.188040799074,5335.808582867062,5378.772303864684,5422.081967055189,5465.740357951513,5509.7502844954415,5554.1145772382,5598.836089522486,5643.917697666003,5689.362301146471,5735.17282278806,5781.352208949439,5827.903429713208,5874.829479076986,5922.133375145914,5969.818160326825,6017.886901523867,6066.342690335802,6115.188643254807,6164.427901866934,6214.06363305417,6264.099029198114,6314.537308385285,6365.381714614103,6416.635518003553,6468.302015003491,6520.384528606639,6572.88640856233,6625.811031591967,6679.16180160615,6732.942149923667,6787.155535492116,6841.805445110439,6896.895393653112,6952.428924296275,7008.409608745552,7064.841047465831,7121.726869912778,7179.070734766296,7236.876330165845,7295.147373947643,7353.887613883764,7413.100827923194,7472.790824434837,7532.961442452409,7593.616551921397,7654.7600539479145,7716.395881049652,7778.527997408752,7841.160399126823,7904.2971144818985,7967.94220418758,8032.099761654146,8096.773913251861,8161.968818576374,8227.688670716232,8293.937696522553,8360.720156880894,8428.04034698531,8495.90259661459,8564.311270410717,8633.270768159597,8702.785525074065,8772.860012079082,8843.498736099358,8914.706240349144,8986.487104624512,9058.845945597834,9131.787417114787,9205.31621049359,9279.437054826807,9354.154717285446,9429.47400342559,9505.399757497484,9581.936862757088,9659.090241780126,9736.864856778713,9815.265709920519,9894.297843650465,9973.966341015032,10054.276325989182,10135.232963805956,10216.841461288606,10299.107067185563,10382.035072507933,10465.630810869876,10549.89965883156,10634.84703624505,10720.478406602804,10806.799277389146,10893.815200434417,10981.531772272076,11069.954634498676,11159.08947413668,11248.94202400021,11339.518063063782,11430.823416834026,11522.863957724268,11615.64560543233,11709.174327321158,11803.456138802712,11898.49710372478,11994.303334761045,12090.880993804161,12188.23629236214,12286.375491957784,12385.304904531427,12485.030892846919,12585.55987090084,12686.898304334996,12789.052710852275,12892.029660635888,12995.8357767719,13100.477735675182,13205.962267518828,13312.296156667053,13419.486242111492,13527.539417911097,13636.462633635434,13746.262894811807,13856.947263375758,13968.522858125163,14080.996855178266,14194.376488435144,14308.66905004285,14423.881890864615] 0.31126199007860056 [Infinity,Infinity,Infinity,Infinity,Infinity,Infinity,Infinity,Infinity,Infinity,Infinity,Infinity,Infinity,Infinity,Infinity,Infinity,Infinity,Infinity,Infinity,Infinity,Infinity,Infinity,Infinity,Infinity,Infinity,Infinity,Infinity,Infinity,Infinity,Infinity,Infinity,Infinity,Infinity,Infinity,Infinity,Infinity,Infinity,Infinity,Infinity,Infinity,Infinity,Infinity,Infinity,Infinity,Infinity,Infinity,Infinity,Infinity,Infinity,Infinity,Infinity,Infinity,Infinity,Infinity,Infinity,Infinity,Infinity,Infinity,Infinity,Infinity,Infinity,Infinity,Infinity,Infinity,Infinity,Infinity,Infinity,Infinity,Infinity,Infinity,Infinity,Infinity,Infinity,Infinity,Infinity,Infinity,Infinity,Infinity,Infinity,Infinity,Infinity,Infinity,Infinity,Infinity,Infinity,Infinity,Infinity,Infinity,Infinity,Infinity,Infinity,Infinity,Infinity,Infinity,Infinity,Infinity,Infinity,Infinity,Infinity,Infinity,Infinity,Infinity,Infinity,Infinity,Infinity,Infinity,Infinity,Infinity,Infinity,Infinity,Infinity,Infinity,Infinity,Infinity,Infinity,Infinity,Infinity,Infinity,Infinity,Infinity,Infinity,Infinity,Infinity,Infinity,Infinity,Infinity,Infinity,Infinity,Infinity,Infinity,Infinity,Infinity,Infinity,Infinity,Infinity,Infinity,Infinity,Infinity,Infinity,Infinity,Infinity,13.313409166418097,15.337441315125707,17.222357907680387,18.55303564165652,19.018343331387168,18.37144806264426,17.147187445854115,16.41547424262557,16.99194928542798,18.325512936064534,19.473567076081974,20.118032495094205,20.964619816090725,22.75610967509103,25.561300646782467,29.08644332311092,33.24733484118922,38.4118924316187,44.65542312324109,48.95118124601352,46.53471367370716,36.80376659745155,26.15867268908073,20.57678431402985,19.503136420260326,20.386300720351592,22.812755293342253,28.094936556465882,36.02852058091194,43.63465996320684,48.24237558979443,49.63390440842944,48.434753427170946,47.14989244557448,48.81232482325433,51.868300648851445,51.70613308577189,48.004606780808196,44.80414998383948,42.92694130875649,38.74705031156197,32.08617400394943,28.714479278823166,30.963359156766614,34.20584327034775,35.81244696213919,37.86748765404149,40.92348457802493,42.352264233822666,41.27972075128218,39.58421237208842,37.656734123160945,34.210636349157554,30.381612651333892,28.849483153317465,28.199618107955907,25.73063859904253,23.613876716853902,23.920483344416045,23.897935757720678,22.785735718072925,24.004012322698895,27.505367830990775,30.513650256860682,32.236173668842184,32.11196155552089,28.428712013929072,23.13744584425714,21.34182751379604,22.381811478112528,23.166814720097058,21.08966606740772,19.538311616730276,23.863198669691496,27.74425218276293,27.56183458494396,26.49689527649905,25.121289436513734,23.7173170766814,23.59006251708889,23.987218682908058,23.899879909274656,23.49149437373356,23.27904023987761,21.279393952325023,14.208809757210307,9.74137053653301,11.838287699878196,16.67130654486011,19.033310430464176,18.891280074698066,18.180350566020536,16.922856937957786,16.10269532788009,15.517168597093951,14.47785678432282,13.51101250723048,12.563065806912299,11.79952715189668,11.180306103579083,10.275460466113902,9.86423404726165,9.366844304923486,8.7606586985302,8.540887223043274,8.175937000450698,7.9433367975618125,7.597890287661629,6.824754002179459,6.084941347952187,5.76341578263253,5.267115867671974,5.338226572620881,5.226727945810667,5.153907256516422,5.529119917686138,6.148538611342425,6.510507250759801,6.288582101756893,5.874456366290914,5.570613565698899,5.314703345544782,4.852374844071004,4.246183036620443,4.819506451989109,5.329719505506869,6.249650324756177,6.6337998998182695,6.459680503454509,6.341656212726554,6.100706070711745,5.6695371684759035,4.87522344449041,4.379894306921975,4.148400132649913,3.8624412486244255,3.497989703466555,3.590132240117576,3.3030459058526893,3.219672847063374,2.974891622031248,2.754527931820551,2.5001328119081196,2.2543492409043315,2.1088589275316374,1.9857071467218748,1.9216524977927798,1.747585529592777,1.614952157042612,1.4585007843478688,1.3947659356202908,1.3538021014396702,1.3657027176192547,1.3531993380388538,1.4140154758014463,1.5411678103301996,1.6217707422850995,1.6104449574684563,1.6450284746227606,1.633953063037599] [0.0,0.0,0.0,0.0,0.0,0.0,0.0,0.0,0.0,0.0,0.0,0.0,0.0,0.0,0.0,0.0,0.0,0.0,0.0,0.0,0.0,0.0,0.0,0.0,0.0,0.0,0.0,0.0,0.0,0.0,0.0,0.0,0.0,0.0,0.0,0.0,0.0,0.0,0.0,0.0,0.0,0.0,0.0,0.0,0.0,0.0,0.0,0.0,0.0,0.0,0.0,0.0,0.0,0.0,0.0,0.0,0.0,0.0,0.0,0.0,0.0,0.0,0.0,0.0,0.0,0.0,0.0,0.0,0.0,0.0,0.0,0.0,0.0,0.0,0.0,0.0,0.0,0.0,0.0,0.0,0.0,0.0,0.0,0.0,0.0,0.0,0.0,0.0,0.0,0.0,0.0,0.0,0.0,0.0,0.0,0.0,0.0,0.0,0.0,0.0,0.0,0.0,0.0,0.0,0.0,0.0,0.0,0.0,0.0,0.0,0.0,0.0,0.0,0.0,0.0,0.0,0.0,0.0,0.0,0.0,0.0,0.0,0.0,0.0,0.0,0.0,0.0,0.0,0.0,0.0,0.0,0.0,0.0,0.0,0.0,0.0,0.0,0.0,0.0,0.0,14.202547961656613,-9.53189791305015,-14.520122687174492,6.933880051426372,22.01022406584965,19.242827676774436,-18.051432735813886,9.98125778075647,16.09153245053472,-9.724538496934116,-19.465294011278374,37.70963253001407,5.653857524870251,-32.21345086403663,4.514143900534597,6.430146981054163,53.54499045710058,-39.75066653125201,-19.76359111909204,0.2747387120274584,-82.00506269225409,-21.752783870407843,-3.3456792187466147,-21.729566573432454,-15.72822537804534,-12.22915824780048,-13.474510685313982,8.016290624542924,43.80403324623859,50.07030656751122,-0.6595997762846009,16.203162734324895,13.218199900117964,-6.30705038605279,-60.95079100599545,-21.350986351121083,-11.676772351696156,-1.0092142731157594,-86.47111108252055,-4.554510514507246,8.445943739039661,-11.393886127638105,30.403146986895216,-2.248718527672755,71.58276228312168,49.202924500663734,-17.14263191294042,5.459776509825096,-25.328507660876056,-10.829862362520485,77.0503830050962,-27.383173740032575,16.965091700683185,5.303669911279421,-7.1888707414478015,16.889026479003423,20.443034776846197,-8.841009403359344,-16.890899900229602,-24.178528401311823,-7.664461378061686,25.10862747475083,-25.22251860735396,-77.01992850748691,-8.426938565419194,48.20777981719101,-32.877875174657746,-41.553433808741595,47.96414719526647,-13.175477484375033,16.646643443380338,5.4349705998913915,-19.221760959565124,9.123667332963803,37.82442397587166,22.857560137757833,-17.39763044920331,-13.567365610800145,-49.85865789139743,-25.315129780253656,-14.840555643764283,-2.684409521543961,-10.435658465662177,-36.15980168087117,6.243999920210192,-0.6988813462466315,0.2633662319495136,26.432430810736783,24.660946854478507,7.986683615892429,-17.20077237618824,20.301294689204603,-1.6933489596627755,22.73766443341621,-44.542058833031334,17.67454118930091,-5.885552188263858,8.405646571118423,-21.833528530092913,6.222592368803673,-16.212597332070985,3.9463611008671977,-8.627712559557098,-3.474566930171951,-3.309373079942154,-3.3202783387508537,2.4288207711980148,-1.838018199428203,-1.2407476166179234,-1.903230072845785,-15.375989010225151,-2.721393018349125,5.285061884394888,-2.0574771729504207,7.063414729618863,-4.813446365152386,-2.6641648288702187,-4.5107354578568675,4.503790512925538,-4.023074321984617,-1.1767454888330418,3.1911487591669934,-1.3601868903437564,1.24771420869433,3.5899756013040585,5.974243439505633,7.207205721073721,2.226908570493343,8.126141372223563,-0.25024552104916586,2.077500547038567,8.637388764104822,3.835255530178077,-4.266968339994175,-0.6931432766309641,-4.990451727447081,2.106660810693011,-1.4438437919591598,1.1507668731348004,3.9530000161616177,-0.4411154346346169,1.9142944969601228,2.8655875326488416,2.135426455063683,-0.9327020239629251,0.7182381719723397,1.3866148069919586,-1.4129096201233378,0.7430485076232681,-3.181640798615545,-1.1026073731569064,-0.34508336291252334,-1.1746453413363769,2.1696922896075104,-2.376699441298206,2.8398626609285844,2.3706398583639015,0.8898787878136853,-0.30469557834466515,-1.4369490235600182]
56086.90756744663 [0.0,0.0,0.0,0.0,0.0,0.0,0.0,0.0,0.0,0.0,0.0,0.0,0.0,0.0,0.0,0.0,0.0,0.0,0.0,0.0,0.0,0.0,0.0,0.0,0.0,0.0,0.0,0.0,0.0,0.0,0.0,0.0,0.0,0.0,0.0,0.0,0.0,0.0,0.0,0.0,0.0,0.0,0.0,0.0,0.0,0.0,0.0,0.0,0.0,0.0,0.0,0.0,0.0,0.0,0.0,0.0,0.0,0.0,0.0,0.0,0.0,0.0,0.0,0.0,0.0,0.0,0.0,0.0,0.0,0.0,0.0,0.0,0.0,0.0,0.0,0.0,0.0,0.0,0.0,0.0,0.0,0.0,0.0,0.0,0.0,0.0,0.0,0.0,0.0,0.0,0.0,0.0,0.0,0.0,0.0,0.0,0.0,0.0,0.0,0.0,0.0,0.0,0.0,0.0,0.0,0.0,0.0,0.0,0.0,0.0,0.0,0.0,0.0,0.0,0.0,0.0,0.0,0.0,0.0,0.0,0.0,0.0,0.0,0.0,0.0,0.0,0.0,0.0,0.0,0.0,0.0,0.0,0.0,0.0,0.0,0.0,0.0,0.0,0.0,0.0,0.0,0.0,0.0,0.0,0.0,0.0,0.0,0.0,0.0,0.0,0.0,0.0,0.0,0.0,0.0,0.0,0.0,0.0,0.0,0.0,0.0,0.0,0.0,0.0,0.0,0.0,0.0,0.0,0.0,0.0,0.0,0.0,0.0,0.0,0.0,0.0,0.0,0.0,0.0,0.0,0.0,0.0,0.0,0.0,0.0,0.0,0.0,0.0,0.0,0.0,0.0,0.0,0.0,0.0,0.0,0.0,0.0,0.0,0.0,0.0,0.0,0.0,0.0,0.0,0.0,0.0,0.0,0.0,0.0,0.0,0.0,0.0,0.0,0.0,0.0,0.0,0.0,0.0,0.0,0.0,0.0,0.0,0.0,0.0,0.0,0.0,0.0,0.0,0.0,0.0,0.0,0.0,0.0,0.0,0.0,0.0,0.0,0.0,0.0,0.0,0.0,0.0,0.0,0.0,0.0,0.0,0.0,0.0,0.0,0.0,0.0,0.0,0.0,0.0,0.0,0.0,0.0,0.0,0.0,0.0,0.0,0.0,0.0,0.0,0.0,0.0,0.0,0.0,0.0,0.0,0.0,0.0,0.0,0.0,0.0,0.0,0.0,0.0,0.0,0.0,0.0,0.0,0.0,0.0,0.0,0.0,0.0,0.0,0.0,0.0,0.0,0.0,0.0,0.0,0.0,0.0,0.0,0.0,0.0,0.0] [1311.2619900786005,1321.8202200865917,1332.463464547639,1343.19240799478,1354.0077404728797,1364.9101575830227,1375.9003605272408,1386.9790561536227,1398.1469570017646,1409.4047813486081,1420.7532532546286,1432.193102610412,1443.7250651835902,1455.3498826661717,1467.068302722235,1478.881079036026,1490.78897136042,1502.7927455657994,1514.8931736892998,1527.0910339844697,1539.3871109713293,1551.7821954868166,1564.2770847356642,1576.872582341659,1589.569498399342,1602.368649526097,1615.270858914685,1628.2769563861766,1641.3877784433362,1654.6041683244075,1667.9269760573632,1681.3570585145608,1694.895279467867,1708.5425096441993,1722.2996267815402,1736.1675156853773,1750.1470682856248,1764.2391836939755,1778.4447682617345,1792.7647356381167,1807.2000068289992,1821.7515102561672,1836.4201818170154,1851.2069649447558,1866.112810669078,1881.1386776773347,1896.285532376183,1911.5543489537563,1926.9461094423048,1942.4618037813711,1958.1024298814455,1973.8689936881608,1989.7625092469793,2005.7839987684179,2021.9344926937952,2038.215029761504,2054.626657073813,2071.1704301642176,2087.8474130653335,2104.6586783773164,2121.605307336866,2138.6883898867477,2155.9090247459117,2173.268319480143,2190.767390573309,2208.407363499154,2226.1893727937027,2244.1145621282076,2262.184084382728,2280.399101720259,2298.7607856614945,2317.2703171601615,2335.9288866789793,2354.7376942662327,2373.6979496329395,2392.810872230673,2412.077691329971,2431.4996460994216,2451.0779856853383,2470.813969292122,2490.7088662632277,2510.763956162824,2530.9805288580706,2551.359884602096,2571.9033341176064,2592.612198681206,2613.487810208354,2634.5315113390543,2655.7446555241822,2677.1286071125573,2698.6847414386757,2720.4144449111714,2742.319115101994,2764.4001608362782,2786.6590022829737,2809.097071046162,2831.715810257159,2854.5166746673017,2877.5011307415425,2900.67065675274,2924.0267428767575,2947.570891288285,2971.304616257478,2995.22944424732,3019.346914011829,3043.658576695001,3068.1659959305807,3092.870747942638,3117.7744216469364,3142.87861875312,3168.1849538677375,3193.695054598094,3219.410561656912,3245.333128967883,3271.4644237720117,3297.806126734876,3324.3599320546946,3351.1275475713155,3378.1106948760344,3405.3111094223436,3432.7305406375262,3460.3707520352004,3488.23352132871,3516.320640545493,3544.6339161423107,3573.1751691214417,3601.9462351478164,3630.9489646670518,3660.1852230244945,3689.6568905851636,3719.3658628547196,3749.3140506013438,3779.5033799786634,3809.935792649603,3840.6132459112973,3871.5377128209448,3902.7111823227383,3934.135659375755,3965.8131650829396,3997.7457368210635,4029.9354283717907,4062.3843100537392,4095.0944688556665,4128.068008570669,4161.3070499315045,4194.813730746993,4228.590206039511,4262.638648183577,4296.961247045588,4331.560210124669,4366.437762694626,4401.596147947099,4437.037627135803,4472.764479721992,4508.779003521039,4545.083514850253,4581.680348677821,4618.571858773019,4655.7604178575675,4693.248417758249,4731.038269560753,4769.132403764733,4807.533270440121,4846.243339384716,4885.265100283049,4924.601062866471,4964.253757074609,5004.22573321805,5044.519562142395,5085.137835393579,5126.08316538458,5167.3581855634,5208.965550582488,5250.907936469426,5293.188040799074,5335.808582867062,5378.772303864684,5422.081967055189,5465.740357951513,5509.7502844954415,5554.1145772382,5598.836089522486,5643.917697666003,5689.362301146471,5735.17282278806,5781.352208949439,5827.903429713208,5874.829479076986,5922.133375145914,5969.818160326825,6017.886901523867,6066.342690335802,6115.188643254807,6164.427901866934,6214.06363305417,6264.099029198114,6314.537308385285,6365.381714614103,6416.635518003553,6468.302015003491,6520.384528606639,6572.88640856233,6625.811031591967,6679.16180160615,6732.942149923667,6787.155535492116,6841.805445110439,6896.895393653112,6952.428924296275,7008.409608745552,7064.841047465831,7121.726869912778,7179.070734766296,7236.876330165845,7295.147373947643,7353.887613883764,7413.100827923194,7472.790824434837,7532.961442452409,7593.616551921397,7654.7600539479145,7716.395881049652,7778.527997408752,7841.160399126823,7904.2971144818985,7967.94220418758,8032.099761654146,8096.773913251861,8161.968818576374,8227.688670716232,8293.937696522553,8360.720156880894,8428.04034698531,8495.90259661459,8564.311270410717,8633.270768159597,8702.785525074065,8772.860012079082,8843.498736099358,8914.706240349144,8986.487104624512,9058.845945597834,9131.787417114787,9205.31621049359,9279.437054826807,9354.154717285446,9429.47400342559,9505.399757497484,9581.936862757088,9659.090241780126,9736.864856778713,9815.265709920519,9894.297843650465,9973.966341015032,10054.276325989182,10135.232963805956,10216.841461288606,10299.107067185563,10382.035072507933,10465.630810869876,10549.89965883156,10634.84703624505,10720.478406602804,10806.799277389146,10893.815200434417,10981.531772272076,11069.954634498676,11159.08947413668,11248.94202400021,11339.518063063782,11430.823416834026,11522.863957724268,11615.64560543233,11709.174327321158,11803.456138802712,11898.49710372478,11994.303334761045,12090.880993804161,12188.23629236214,12286.375491957784,12385.304904531427,12485.030892846919,12585.55987090084,12686.898304334996,12789.052710852275,12892.029660635888,12995.8357767719,13100.477735675182,13205.962267518828,13312.296156667053,13419.486242111492,13527.539417911097,13636.462633635434,13746.262894811807,13856.947263375758,13968.522858125163,14080.996855178266,14194.376488435144,14308.66905004285,14423.881890864615] 0.31126199007860056 [Infinity,Infinity,Infinity,Infinity,Infinity,Infinity,Infinity,Infinity,Infinity,Infinity,Infinity,Infinity,Infinity,Infinity,Infinity,Infinity,Infinity,Infinity,Infinity,Infinity,Infinity,Infinity,Infinity,Infinity,Infinity,Infinity,Infinity,Infinity,Infinity,Infinity,Infinity,Infinity,Infinity,Infinity,Infinity,Infinity,Infinity,Infinity,Infinity,Infinity,Infinity,Infinity,Infinity,Infinity,Infinity,Infinity,Infinity,Infinity,Infinity,Infinity,Infinity,Infinity,Infinity,Infinity,Infinity,Infinity,Infinity,Infinity,Infinity,Infinity,Infinity,Infinity,Infinity,Infinity,Infinity,Infinity,Infinity,Infinity,Infinity,Infinity,Infinity,Infinity,Infinity,Infinity,Infinity,Infinity,Infinity,Infinity,Infinity,Infinity,Infinity,Infinity,Infinity,Infinity,Infinity,Infinity,Infinity,Infinity,Infinity,Infinity,Infinity,Infinity,Infinity,Infinity,Infinity,Infinity,Infinity,Infinity,Infinity,Infinity,Infinity,Infinity,Infinity,Infinity,Infinity,Infinity,Infinity,Infinity,Infinity,Infinity,Infinity,Infinity,Infinity,Infinity,Infinity,Infinity,Infinity,Infinity,Infinity,Infinity,Infinity,Infinity,Infinity,Infinity,Infinity,Infinity,Infinity,Infinity,Infinity,Infinity,Infinity,Infinity,Infinity,Infinity,Infinity,Infinity,Infinity,Infinity,Infinity,Infinity,Infinity,Infinity,Infinity,Infinity,Infinity,Infinity,Infinity,Infinity,Infinity,Infinity,Infinity,Infinity,Infinity,Infinity,Infinity,Infinity,Infinity,Infinity,Infinity,Infinity,Infinity,Infinity,Infinity,Infinity,Infinity,Infinity,Infinity,Infinity,Infinity,Infinity,Infinity,Infinity,Infinity,Infinity,Infinity,Infinity,Infinity,Infinity,Infinity,Infinity,Infinity,Infinity,Infinity,Infinity,Infinity,Infinity,Infinity,Infinity,Infinity,Infinity,Infinity,Infinity,Infinity,Infinity,Infinity,Infinity,Infinity,Infinity,Infinity,Infinity,Infinity,Infinity,Infinity,Infinity,Infinity,Infinity,Infinity,Infinity,Infinity,Infinity,Infinity,Infinity,Infinity,Infinity,Infinity,Infinity,Infinity,Infinity,Infinity,Infinity,Infinity,Infinity,Infinity,Infinity,Infinity,Infinity,Infinity,Infinity,Infinity,Infinity,Infinity,Infinity,Infinity,Infinity,Infinity,Infinity,Infinity,Infinity,Infinity,Infinity,Infinity,Infinity,Infinity,Infinity,Infinity,Infinity,Infinity,Infinity,Infinity,Infinity,Infinity,Infinity,Infinity,Infinity,Infinity,Infinity,Infinity,Infinity,Infinity,Infinity,Infinity,Infinity,Infinity,Infinity,Infinity,Infinity,Infinity,Infinity,Infinity,Infinity,Infinity,Infinity,Infinity,Infinity,Infinity,Infinity,Infinity,Infinity,Infinity,Infinity,Infinity,Infinity,Infinity,Infinity,Infinity,Infinity,Infinity,Infinity,Infinity,Infinity,Infinity,Infinity,Infinity,Infinity,Infinity,Infinity,Infinity,Infinity,Infinity,Infinity] [0.0,0.0,0.0,0.0,0.0,0.0,0.0,0.0,0.0,0.0,0.0,0.0,0.0,0.0,0.0,0.0,0.0,0.0,0.0,0.0,0.0,0.0,0.0,0.0,0.0,0.0,0.0,0.0,0.0,0.0,0.0,0.0,0.0,0.0,0.0,0.0,0.0,0.0,0.0,0.0,0.0,0.0,0.0,0.0,0.0,0.0,0.0,0.0,0.0,0.0,0.0,0.0,0.0,0.0,0.0,0.0,0.0,0.0,0.0,0.0,0.0,0.0,0.0,0.0,0.0,0.0,0.0,0.0,0.0,0.0,0.0,0.0,0.0,0.0,0.0,0.0,0.0,0.0,0.0,0.0,0.0,0.0,0.0,0.0,0.0,0.0,0.0,0.0,0.0,0.0,0.0,0.0,0.0,0.0,0.0,0.0,0.0,0.0,0.0,0.0,0.0,0.0,0.0,0.0,0.0,0.0,0.0,0.0,0.0,0.0,0.0,0.0,0.0,0.0,0.0,0.0,0.0,0.0,0.0,0.0,0.0,0.0,0.0,0.0,0.0,0.0,0.0,0.0,0.0,0.0,0.0,0.0,0.0,0.0,0.0,0.0,0.0,0.0,0.0,0.0,0.0,0.0,0.0,0.0,0.0,0.0,0.0,0.0,0.0,0.0,0.0,0.0,0.0,0.0,0.0,0.0,0.0,0.0,0.0,0.0,0.0,0.0,0.0,0.0,0.0,0.0,0.0,0.0,0.0,0.0,0.0,0.0,0.0,0.0,0.0,0.0,0.0,0.0,0.0,0.0,0.0,0.0,0.0,0.0,0.0,0.0,0.0,0.0,0.0,0.0,0.0,0.0,0.0,0.0,0.0,0.0,0.0,0.0,0.0,0.0,0.0,0.0,0.0,0.0,0.0,0.0,0.0,0.0,0.0,0.0,0.0,0.0,0.0,0.0,0.0,0.0,0.0,0.0,0.0,0.0,0.0,0.0,0.0,0.0,0.0,0.0,0.0,0.0,0.0,0.0,0.0,0.0,0.0,0.0,0.0,0.0,0.0,0.0,0.0,0.0,0.0,0.0,0.0,0.0,0.0,0.0,0.0,0.0,0.0,0.0,0.0,0.0,0.0,0.0,0.0,0.0,0.0,0.0,0.0,0.0,0.0,0.0,0.0,0.0,0.0,0.0,0.0,0.0,0.0,0.0,0.0,0.0,0.0,0.0,0.0,0.0,0.0,0.0,0.0,0.0,0.0,0.0,0.0,0.0,0.0,0.0,0.0,0.0,0.0,0.0,0.0,0.0,0.0,0.0,0.0,0.0,0.0,0.0,0.0,0.0]
56331.56161712833 [0.0,0.0,0.0,0.0,0.0,0.0,0.0,0.0,0.0,0.0,0.0,0.0,0.0,0.0,0.0,0.0,0.0,0.0,0.0,0.0,0.0,0.0,0.0,0.0,0.0,0.0,0.0,0.0,0.0,0.0,0.0,0.0,0.0,0.0,0.0,0.0,0.0,0.0,0.0,0.0,0.0,0.0,0.0,0.0,0.0,0.0,0.0,0.0,0.0,0.0,0.0,0.0,0.0,0.0,0.0,0.0,0.0,0.0,0.0,0.0,0.0,0.0,0.0,0.0,0.0,0.0,0.0,0.0,0.0,0.0,0.0,0.0,0.0,0.0,0.0,0.0,0.0,0.0,0.0,0.0,0.0,0.0,0.0,0.0,0.0,0.0,0.0,0.0,0.0,0.0,0.0,0.0,0.0,0.0,0.0,0.0,0.0,0.0,0.0,0.0,0.0,0.0,0.0,0.0,0.0,0.0,0.0,0.0,0.0,0.0,0.0,0.0,0.0,0.0,0.0,0.0,0.0,0.0,0.0,0.0,0.0,0.0,0.0,0.0,0.0,0.0,0.0,0.0,0.0,0.0,0.0,0.0,0.0,0.0,0.0,0.0,0.0,0.0,0.0,0.0,0.0,0.0,0.0,0.0,0.0,0.0,0.0,0.0,0.0,0.0,0.0,0.0,0.0,0.0,0.0,0.0,0.0,0.0,0.0,0.0,0.0,0.0,0.0,0.0,0.0,0.0,0.0,0.0,0.0,0.0,0.0,0.0,0.0,0.0,0.0,0.0,0.0,0.0,0.0,0.0,0.0,0.0,0.0,0.0,0.0,0.0,0.0,0.0,0.0,0.0,0.0,0.0,0.0,0.0,0.0,0.0,0.0,0.0,0.0,0.0,0.0,0.0,0.0,0.0,0.0,0.0,0.0,0.0,0.0,0.0,0.0,0.0,0.0,0.0,0.0,0.0,0.0,0.0,0.0,0.0,0.0,0.0,0.0,0.0,0.0,0.0,0.0,0.0,0.0,0.0,0.0,0.0,0.0,0.0,0.0,0.0,0.0,0.0,0.0,0.0,0.0,0.0,0.0,0.0,0.0,0.0,0.0,0.0,0.0,0.0,0.0,0.0,0.0,0.0,0.0,0.0,0.0,0.0,0.0,0.0,0.0,0.0,0.0,0.0,0.0,0.0,0.0,0.0,0.0,0.0,0.0,0.0,0.0,0.0,0.0,0.0,0.0,0.0,0.0,0.0,0.0,0.0,0.0,0.0,0.0,0.0,0.0,0.0,0.0,0.0,0.0,0.0,0.0,0.0,0.0,0.0,0.0,0.0,0.0,0.0] [1311.2619900786005,1321.8202200865917,1332.463464547639,1343.19240799478,1354.0077404728797,1364.9101575830227,1375.9003605272408,1386.9790561536227,1398.1469570017646,1409.4047813486081,1420.7532532546286,1432.193102610412,1443.7250651835902,1455.3498826661717,1467.068302722235,1478.881079036026,1490.78897136042,1502.7927455657994,1514.8931736892998,1527.0910339844697,1539.3871109713293,1551.7821954868166,1564.2770847356642,1576.872582341659,1589.569498399342,1602.368649526097,1615.270858914685,1628.2769563861766,1641.3877784433362,1654.6041683244075,1667.9269760573632,1681.3570585145608,1694.895279467867,1708.5425096441993,1722.2996267815402,1736.1675156853773,1750.1470682856248,1764.2391836939755,1778.4447682617345,1792.7647356381167,1807.2000068289992,1821.7515102561672,1836.4201818170154,1851.2069649447558,1866.112810669078,1881.1386776773347,1896.285532376183,1911.5543489537563,1926.9461094423048,1942.4618037813711,1958.1024298814455,1973.8689936881608,1989.7625092469793,2005.7839987684179,2021.9344926937952,2038.215029761504,2054.626657073813,2071.1704301642176,2087.8474130653335,2104.6586783773164,2121.605307336866,2138.6883898867477,2155.9090247459117,2173.268319480143,2190.767390573309,2208.407363499154,2226.1893727937027,2244.1145621282076,2262.184084382728,2280.399101720259,2298.7607856614945,2317.2703171601615,2335.9288866789793,2354.7376942662327,2373.6979496329395,2392.810872230673,2412.077691329971,2431.4996460994216,2451.0779856853383,2470.813969292122,2490.7088662632277,2510.763956162824,2530.9805288580706,2551.359884602096,2571.9033341176064,2592.612198681206,2613.487810208354,2634.5315113390543,2655.7446555241822,2677.1286071125573,2698.6847414386757,2720.4144449111714,2742.319115101994,2764.4001608362782,2786.6590022829737,2809.097071046162,2831.715810257159,2854.5166746673017,2877.5011307415425,2900.67065675274,2924.0267428767575,2947.570891288285,2971.304616257478,2995.22944424732,3019.346914011829,3043.658576695001,3068.1659959305807,3092.870747942638,3117.7744216469364,3142.87861875312,3168.1849538677375,3193.695054598094,3219.410561656912,3245.333128967883,3271.4644237720117,3297.806126734876,3324.3599320546946,3351.1275475713155,3378.1106948760344,3405.3111094223436,3432.7305406375262,3460.3707520352004,3488.23352132871,3516.320640545493,3544.6339161423107,3573.1751691214417,3601.9462351478164,3630.9489646670518,3660.1852230244945,3689.6568905851636,3719.3658628547196,3749.3140506013438,3779.5033799786634,3809.935792649603,3840.6132459112973,3871.5377128209448,3902.7111823227383,3934.135659375755,3965.8131650829396,3997.7457368210635,4029.9354283717907,4062.3843100537392,4095.0944688556665,4128.068008570669,4161.3070499315045,4194.813730746993,4228.590206039511,4262.638648183577,4296.961247045588,4331.560210124669,4366.437762694626,4401.596147947099,4437.037627135803,4472.764479721992,4508.779003521039,4545.083514850253,4581.680348677821,4618.571858773019,4655.7604178575675,4693.248417758249,4731.038269560753,4769.132403764733,4807.533270440121,4846.243339384716,4885.265100283049,4924.601062866471,4964.253757074609,5004.22573321805,5044.519562142395,5085.137835393579,5126.08316538458,5167.3581855634,5208.965550582488,5250.907936469426,5293.188040799074,5335.808582867062,5378.772303864684,5422.081967055189,5465.740357951513,5509.7502844954415,5554.1145772382,5598.836089522486,5643.917697666003,5689.362301146471,5735.17282278806,5781.352208949439,5827.903429713208,5874.829479076986,5922.133375145914,5969.818160326825,6017.886901523867,6066.342690335802,6115.188643254807,6164.427901866934,6214.06363305417,6264.099029198114,6314.537308385285,6365.381714614103,6416.635518003553,6468.302015003491,6520.384528606639,6572.88640856233,6625.811031591967,6679.16180160615,6732.942149923667,6787.155535492116,6841.805445110439,6896.895393653112,6952.428924296275,7008.409608745552,7064.841047465831,7121.726869912778,7179.070734766296,7236.876330165845,7295.147373947643,7353.887613883764,7413.100827923194,7472.790824434837,7532.961442452409,7593.616551921397,7654.7600539479145,7716.395881049652,7778.527997408752,7841.160399126823,7904.2971144818985,7967.94220418758,8032.099761654146,8096.773913251861,8161.968818576374,8227.688670716232,8293.937696522553,8360.720156880894,8428.04034698531,8495.90259661459,8564.311270410717,8633.270768159597,8702.785525074065,8772.860012079082,8843.498736099358,8914.706240349144,8986.487104624512,9058.845945597834,9131.787417114787,9205.31621049359,9279.437054826807,9354.154717285446,9429.47400342559,9505.399757497484,9581.936862757088,9659.090241780126,9736.864856778713,9815.265709920519,9894.297843650465,9973.966341015032,10054.276325989182,10135.232963805956,10216.841461288606,10299.107067185563,10382.035072507933,10465.630810869876,10549.89965883156,10634.84703624505,10720.478406602804,10806.799277389146,10893.815200434417,10981.531772272076,11069.954634498676,11159.08947413668,11248.94202400021,11339.518063063782,11430.823416834026,11522.863957724268,11615.64560543233,11709.174327321158,11803.456138802712,11898.49710372478,11994.303334761045,12090.880993804161,12188.23629236214,12286.375491957784,12385.304904531427,12485.030892846919,12585.55987090084,12686.898304334996,12789.052710852275,12892.029660635888,12995.8357767719,13100.477735675182,13205.962267518828,13312.296156667053,13419.486242111492,13527.539417911097,13636.462633635434,13746.262894811807,13856.947263375758,13968.522858125163,14080.996855178266,14194.376488435144,14308.66905004285,14423.881890864615] 0.31126199007860056 [Infinity,Infinity,Infinity,Infinity,Infinity,Infinity,Infinity,Infinity,Infinity,Infinity,Infinity,Infinity,Infinity,Infinity,Infinity,Infinity,Infinity,Infinity,Infinity,Infinity,Infinity,Infinity,Infinity,Infinity,Infinity,Infinity,Infinity,Infinity,Infinity,Infinity,Infinity,Infinity,Infinity,Infinity,Infinity,Infinity,Infinity,Infinity,Infinity,Infinity,Infinity,Infinity,Infinity,Infinity,Infinity,Infinity,Infinity,Infinity,Infinity,Infinity,Infinity,Infinity,Infinity,Infinity,Infinity,Infinity,Infinity,Infinity,Infinity,Infinity,Infinity,Infinity,Infinity,Infinity,Infinity,Infinity,Infinity,Infinity,Infinity,Infinity,Infinity,Infinity,Infinity,Infinity,Infinity,Infinity,Infinity,Infinity,Infinity,Infinity,Infinity,Infinity,Infinity,Infinity,Infinity,Infinity,Infinity,Infinity,Infinity,Infinity,Infinity,Infinity,Infinity,Infinity,Infinity,Infinity,Infinity,Infinity,Infinity,Infinity,Infinity,Infinity,Infinity,Infinity,Infinity,Infinity,Infinity,Infinity,Infinity,Infinity,Infinity,Infinity,Infinity,Infinity,Infinity,Infinity,Infinity,Infinity,Infinity,Infinity,Infinity,Infinity,Infinity,Infinity,Infinity,Infinity,Infinity,Infinity,Infinity,Infinity,Infinity,Infinity,Infinity,Infinity,Infinity,Infinity,Infinity,Infinity,Infinity,Infinity,Infinity,Infinity,Infinity,Infinity,Infinity,Infinity,Infinity,Infinity,Infinity,Infinity,Infinity,Infinity,Infinity,Infinity,Infinity,Infinity,Infinity,Infinity,Infinity,Infinity,Infinity,Infinity,Infinity,Infinity,Infinity,Infinity,Infinity,Infinity,Infinity,Infinity,Infinity,Infinity,Infinity,Infinity,Infinity,Infinity,Infinity,Infinity,Infinity,Infinity,Infinity,Infinity,Infinity,Infinity,Infinity,Infinity,Infinity,Infinity,Infinity,Infinity,Infinity,Infinity,Infinity,Infinity,Infinity,Infinity,Infinity,Infinity,Infinity,Infinity,Infinity,Infinity,Infinity,Infinity,Infinity,Infinity,Infinity,Infinity,Infinity,Infinity,Infinity,Infinity,Infinity,Infinity,Infinity,Infinity,Infinity,Infinity,Infinity,Infinity,Infinity,Infinity,Infinity,Infinity,Infinity,Infinity,Infinity,Infinity,Infinity,Infinity,Infinity,Infinity,Infinity,Infinity,Infinity,Infinity,Infinity,Infinity,Infinity,Infinity,Infinity,Infinity,Infinity,Infinity,Infinity,Infinity,Infinity,Infinity,Infinity,Infinity,Infinity,Infinity,Infinity,Infinity,Infinity,Infinity,Infinity,Infinity,Infinity,Infinity,Infinity,Infinity,Infinity,Infinity,Infinity,Infinity,Infinity,Infinity,Infinity,Infinity,Infinity,Infinity,Infinity,Infinity,Infinity,Infinity,Infinity,Infinity,Infinity,Infinity,Infinity,Infinity,Infinity,Infinity,Infinity,Infinity,Infinity,Infinity,Infinity,Infinity,Infinity,Infinity,Infinity,Infinity,Infinity,Infinity,Infinity,Infinity,Infinity,Infinity] [0.0,0.0,0.0,0.0,0.0,0.0,0.0,0.0,0.0,0.0,0.0,0.0,0.0,0.0,0.0,0.0,0.0,0.0,0.0,0.0,0.0,0.0,0.0,0.0,0.0,0.0,0.0,0.0,0.0,0.0,0.0,0.0,0.0,0.0,0.0,0.0,0.0,0.0,0.0,0.0,0.0,0.0,0.0,0.0,0.0,0.0,0.0,0.0,0.0,0.0,0.0,0.0,0.0,0.0,0.0,0.0,0.0,0.0,0.0,0.0,0.0,0.0,0.0,0.0,0.0,0.0,0.0,0.0,0.0,0.0,0.0,0.0,0.0,0.0,0.0,0.0,0.0,0.0,0.0,0.0,0.0,0.0,0.0,0.0,0.0,0.0,0.0,0.0,0.0,0.0,0.0,0.0,0.0,0.0,0.0,0.0,0.0,0.0,0.0,0.0,0.0,0.0,0.0,0.0,0.0,0.0,0.0,0.0,0.0,0.0,0.0,0.0,0.0,0.0,0.0,0.0,0.0,0.0,0.0,0.0,0.0,0.0,0.0,0.0,0.0,0.0,0.0,0.0,0.0,0.0,0.0,0.0,0.0,0.0,0.0,0.0,0.0,0.0,0.0,0.0,0.0,0.0,0.0,0.0,0.0,0.0,0.0,0.0,0.0,0.0,0.0,0.0,0.0,0.0,0.0,0.0,0.0,0.0,0.0,0.0,0.0,0.0,0.0,0.0,0.0,0.0,0.0,0.0,0.0,0.0,0.0,0.0,0.0,0.0,0.0,0.0,0.0,0.0,0.0,0.0,0.0,0.0,0.0,0.0,0.0,0.0,0.0,0.0,0.0,0.0,0.0,0.0,0.0,0.0,0.0,0.0,0.0,0.0,0.0,0.0,0.0,0.0,0.0,0.0,0.0,0.0,0.0,0.0,0.0,0.0,0.0,0.0,0.0,0.0,0.0,0.0,0.0,0.0,0.0,0.0,0.0,0.0,0.0,0.0,0.0,0.0,0.0,0.0,0.0,0.0,0.0,0.0,0.0,0.0,0.0,0.0,0.0,0.0,0.0,0.0,0.0,0.0,0.0,0.0,0.0,0.0,0.0,0.0,0.0,0.0,0.0,0.0,0.0,0.0,0.0,0.0,0.0,0.0,0.0,0.0,0.0,0.0,0.0,0.0,0.0,0.0,0.0,0.0,0.0,0.0,0.0,0.0,0.0,0.0,0.0,0.0,0.0,0.0,0.0,0.0,0.0,0.0,0.0,0.0,0.0,0.0,0.0,0.0,0.0,0.0,0.0,0.0,0.0,0.0,0.0,0.0,0.0,0.0,0.0,0.0]
56257.83526795774 [0.0,0.0,0.0,0.0,0.0,0.0,0.0,0.0,0.0,0.0,0.0,0.0,0.0,0.0,0.0,0.0,0.0,0.0,0.0,0.0,0.0,0.0,0.0,0.0,0.0,0.0,0.0,0.0,0.0,0.0,0.0,0.0,0.0,0.0,0.0,0.0,0.0,0.0,0.0,0.0,0.0,0.0,0.0,0.0,0.0,0.0,0.0,0.0,0.0,0.0,0.0,0.0,0.0,0.0,0.0,0.0,0.0,0.0,0.0,0.0,0.0,0.0,0.0,0.0,0.0,0.0,0.0,0.0,0.0,0.0,0.0,0.0,0.0,0.0,0.0,0.0,0.0,0.0,0.0,0.0,0.0,0.0,0.0,0.0,0.0,0.0,0.0,0.0,0.0,0.0,0.0,0.0,0.0,0.0,0.0,0.0,0.0,0.0,0.0,0.0,0.0,0.0,0.0,0.0,0.0,0.0,0.0,0.0,0.0,0.0,0.0,0.0,0.0,0.0,0.0,0.0,0.0,0.0,0.0,0.0,0.0,0.0,0.0,0.0,0.0,0.0,0.0,0.0,0.0,0.0,0.0,0.0,0.0,0.0,0.0,0.0,0.0,0.0,0.0,0.0,66.86412951827651,47.25215967794793,41.37336271781064,36.6375322138269,42.78927905769703,66.51940471819003,96.74941645846727,118.88204065163059,158.01758344030847,154.4646956795494,124.67240652411647,106.98109933862419,83.992083111407,76.58879099884159,113.65558879156661,176.84947639178048,214.3726999230689,237.185384681687,266.98356230527867,275.81573111857534,287.4674603799525,328.7173613631222,354.5677064973724,307.91345221254807,276.12715764453196,224.82727902313025,193.10415064894116,205.88551545533412,348.1207163234296,479.10130448384933,554.5419026105053,533.1318682013624,463.01036699499645,420.411539688448,380.76224016002504,416.85839216430884,478.53130081673964,439.2001315268802,432.82731204398794,469.60406608075755,468.232364581749,467.323384420325,364.9147557440134,308.92844925461543,278.1173028465537,263.892639250693,294.1965388283978,406.3646645975092,564.777712973836,605.2575393883874,672.7198000085234,626.5062794614249,473.49771223561544,339.6963518921984,296.6944364812702,288.99753481382373,269.84253136848025,263.6739677095679,331.6705292618123,321.9242930956738,249.38285265504746,234.41678767581274,275.3029841859338,302.0019879087075,378.1147894011236,472.863148590881,481.1157689579957,471.5471466787599,448.7413718629948,431.82706948296624,375.95769817625717,351.7875202057372,317.8062477733163,312.28346063702355,261.20892830956245,254.3520458513361,245.179026726031,215.58887049497156,214.60299913741383,312.64868169047577,359.48399836054773,354.23507938079075,324.0214102004115,303.3450606868489,261.3053822860171,175.58573033128962,125.18484083318369,161.09886109509333,206.45730593908684,225.70731066184024,227.22522077424742,211.43353739246072,242.0583605183217,225.0730346753442,197.76537534361034,177.62685146348426,181.62325344663964,141.64909498694664,123.77081783309517,115.26929075124532,117.49795654759686,116.14197328981368,106.35010362564181,99.23894419636557,89.98492340843904,97.27583288951544,95.68439049613704,95.31379460938305,80.34663382660646,77.21472013288968,71.6755703591805,61.47408726750868,69.58393725883882,62.21926453381073,53.32889638137247,48.241737120454474,61.88054578662545,63.848628526402386,65.01859518552743,59.2910538021725,55.46842092382798,36.92266315269653,20.91655363665251,30.177733668037842,39.700396306427386,54.05934026102084,78.47936652566757,107.47064735886644,114.75940046159434,123.62741926302834,123.75378465242169,121.44559033814889,88.36416293159662,73.25874987284769,68.16839028506634,60.8453651600966,52.89584119278316,45.20409151112478,44.819401969386696,40.359906216030616,37.588836702069834,37.299239320571274,31.756233100747863,35.28416694749358,33.83389554760636,33.37366993119652,24.695488330826155,24.145461598605728,19.815212997807713,17.49393341228752,15.668784274893769,16.189431778325286,19.84968647361283,20.70077853885746,15.801133464632299,14.275342728073712,18.108096946388546,9.830764402207349,12.07737339036319,6.137448291341158] [1311.2619900786005,1321.8202200865917,1332.463464547639,1343.19240799478,1354.0077404728797,1364.9101575830227,1375.9003605272408,1386.9790561536227,1398.1469570017646,1409.4047813486081,1420.7532532546286,1432.193102610412,1443.7250651835902,1455.3498826661717,1467.068302722235,1478.881079036026,1490.78897136042,1502.7927455657994,1514.8931736892998,1527.0910339844697,1539.3871109713293,1551.7821954868166,1564.2770847356642,1576.872582341659,1589.569498399342,1602.368649526097,1615.270858914685,1628.2769563861766,1641.3877784433362,1654.6041683244075,1667.9269760573632,1681.3570585145608,1694.895279467867,1708.5425096441993,1722.2996267815402,1736.1675156853773,1750.1470682856248,1764.2391836939755,1778.4447682617345,1792.7647356381167,1807.2000068289992,1821.7515102561672,1836.4201818170154,1851.2069649447558,1866.112810669078,1881.1386776773347,1896.285532376183,1911.5543489537563,1926.9461094423048,1942.4618037813711,1958.1024298814455,1973.8689936881608,1989.7625092469793,2005.7839987684179,2021.9344926937952,2038.215029761504,2054.626657073813,2071.1704301642176,2087.8474130653335,2104.6586783773164,2121.605307336866,2138.6883898867477,2155.9090247459117,2173.268319480143,2190.767390573309,2208.407363499154,2226.1893727937027,2244.1145621282076,2262.184084382728,2280.399101720259,2298.7607856614945,2317.2703171601615,2335.9288866789793,2354.7376942662327,2373.6979496329395,2392.810872230673,2412.077691329971,2431.4996460994216,2451.0779856853383,2470.813969292122,2490.7088662632277,2510.763956162824,2530.9805288580706,2551.359884602096,2571.9033341176064,2592.612198681206,2613.487810208354,2634.5315113390543,2655.7446555241822,2677.1286071125573,2698.6847414386757,2720.4144449111714,2742.319115101994,2764.4001608362782,2786.6590022829737,2809.097071046162,2831.715810257159,2854.5166746673017,2877.5011307415425,2900.67065675274,2924.0267428767575,2947.570891288285,2971.304616257478,2995.22944424732,3019.346914011829,3043.658576695001,3068.1659959305807,3092.870747942638,3117.7744216469364,3142.87861875312,3168.1849538677375,3193.695054598094,3219.410561656912,3245.333128967883,3271.4644237720117,3297.806126734876,3324.3599320546946,3351.1275475713155,3378.1106948760344,3405.3111094223436,3432.7305406375262,3460.3707520352004,3488.23352132871,3516.320640545493,3544.6339161423107,3573.1751691214417,3601.9462351478164,3630.9489646670518,3660.1852230244945,3689.6568905851636,3719.3658628547196,3749.3140506013438,3779.5033799786634,3809.935792649603,3840.6132459112973,3871.5377128209448,3902.7111823227383,3934.135659375755,3965.8131650829396,3997.7457368210635,4029.9354283717907,4062.3843100537392,4095.0944688556665,4128.068008570669,4161.3070499315045,4194.813730746993,4228.590206039511,4262.638648183577,4296.961247045588,4331.560210124669,4366.437762694626,4401.596147947099,4437.037627135803,4472.764479721992,4508.779003521039,4545.083514850253,4581.680348677821,4618.571858773019,4655.7604178575675,4693.248417758249,4731.038269560753,4769.132403764733,4807.533270440121,4846.243339384716,4885.265100283049,4924.601062866471,4964.253757074609,5004.22573321805,5044.519562142395,5085.137835393579,5126.08316538458,5167.3581855634,5208.965550582488,5250.907936469426,5293.188040799074,5335.808582867062,5378.772303864684,5422.081967055189,5465.740357951513,5509.7502844954415,5554.1145772382,5598.836089522486,5643.917697666003,5689.362301146471,5735.17282278806,5781.352208949439,5827.903429713208,5874.829479076986,5922.133375145914,5969.818160326825,6017.886901523867,6066.342690335802,6115.188643254807,6164.427901866934,6214.06363305417,6264.099029198114,6314.537308385285,6365.381714614103,6416.635518003553,6468.302015003491,6520.384528606639,6572.88640856233,6625.811031591967,6679.16180160615,6732.942149923667,6787.155535492116,6841.805445110439,6896.895393653112,6952.428924296275,7008.409608745552,7064.841047465831,7121.726869912778,7179.070734766296,7236.876330165845,7295.147373947643,7353.887613883764,7413.100827923194,7472.790824434837,7532.961442452409,7593.616551921397,7654.7600539479145,7716.395881049652,7778.527997408752,7841.160399126823,7904.2971144818985,7967.94220418758,8032.099761654146,8096.773913251861,8161.968818576374,8227.688670716232,8293.937696522553,8360.720156880894,8428.04034698531,8495.90259661459,8564.311270410717,8633.270768159597,8702.785525074065,8772.860012079082,8843.498736099358,8914.706240349144,8986.487104624512,9058.845945597834,9131.787417114787,9205.31621049359,9279.437054826807,9354.154717285446,9429.47400342559,9505.399757497484,9581.936862757088,9659.090241780126,9736.864856778713,9815.265709920519,9894.297843650465,9973.966341015032,10054.276325989182,10135.232963805956,10216.841461288606,10299.107067185563,10382.035072507933,10465.630810869876,10549.89965883156,10634.84703624505,10720.478406602804,10806.799277389146,10893.815200434417,10981.531772272076,11069.954634498676,11159.08947413668,11248.94202400021,11339.518063063782,11430.823416834026,11522.863957724268,11615.64560543233,11709.174327321158,11803.456138802712,11898.49710372478,11994.303334761045,12090.880993804161,12188.23629236214,12286.375491957784,12385.304904531427,12485.030892846919,12585.55987090084,12686.898304334996,12789.052710852275,12892.029660635888,12995.8357767719,13100.477735675182,13205.962267518828,13312.296156667053,13419.486242111492,13527.539417911097,13636.462633635434,13746.262894811807,13856.947263375758,13968.522858125163,14080.996855178266,14194.376488435144,14308.66905004285,14423.881890864615] 0.31126199007860056 [Infinity,Infinity,Infinity,Infinity,Infinity,Infinity,Infinity,Infinity,Infinity,Infinity,Infinity,Infinity,Infinity,Infinity,Infinity,Infinity,Infinity,Infinity,Infinity,Infinity,Infinity,Infinity,Infinity,Infinity,Infinity,Infinity,Infinity,Infinity,Infinity,Infinity,Infinity,Infinity,Infinity,Infinity,Infinity,Infinity,Infinity,Infinity,Infinity,Infinity,Infinity,Infinity,Infinity,Infinity,Infinity,Infinity,Infinity,Infinity,Infinity,Infinity,Infinity,Infinity,Infinity,Infinity,Infinity,Infinity,Infinity,Infinity,Infinity,Infinity,Infinity,Infinity,Infinity,Infinity,Infinity,Infinity,Infinity,Infinity,Infinity,Infinity,Infinity,Infinity,Infinity,Infinity,Infinity,Infinity,Infinity,Infinity,Infinity,Infinity,Infinity,Infinity,Infinity,Infinity,Infinity,Infinity,Infinity,Infinity,Infinity,Infinity,Infinity,Infinity,Infinity,Infinity,Infinity,Infinity,Infinity,Infinity,Infinity,Infinity,Infinity,Infinity,Infinity,Infinity,Infinity,Infinity,Infinity,Infinity,Infinity,Infinity,Infinity,Infinity,Infinity,Infinity,Infinity,Infinity,Infinity,Infinity,Infinity,Infinity,Infinity,Infinity,Infinity,Infinity,Infinity,Infinity,Infinity,Infinity,Infinity,Infinity,Infinity,Infinity,Infinity,Infinity,Infinity,Infinity,Infinity,Infinity,Infinity,Infinity,3.2977978599315434,2.6103153646735757,2.029581583745181,1.7993811242346822,2.153028094792199,3.290968165353662,4.948116653466517,6.541083034032181,7.522837457832226,7.655543005201336,6.787779076197696,5.22655232206597,4.003097642387999,4.135147758096227,5.630862048238436,7.950190244601695,10.497499998161114,12.602429953573383,13.67381836943884,14.153419076289344,15.052779148777656,16.526531474442855,17.283426530139003,16.168267683455568,13.59219895850897,10.545815324197289,8.848511372798885,10.995234485151084,17.324630478857912,24.28708877938826,28.481038511062287,28.875578744539602,25.38446382569287,20.808289664993033,18.992814996024315,19.996190194009138,21.276210183788976,21.86166107563279,22.41685980498151,23.030612728207238,22.943107012464967,21.573034946267242,18.74663500035608,15.158108123295415,12.93611594199488,13.360713992962994,15.94843825992226,20.11634563022409,25.382739829670403,30.271903981740383,32.02239299824575,29.531397304877963,23.751825488894088,17.536499391728395,14.678294498801133,14.308957210727334,13.802086636961851,14.489824292211022,17.12429505922666,17.195519059366486,13.791354955120312,12.675722957856006,14.418975626829328,15.775211244860193,18.184963656983197,22.71883341008857,25.203047642143563,24.38092706040495,22.657113712568723,20.929088785806442,19.354669618864353,17.97282279743923,16.7731980465704,15.68115483903971,14.478727035408633,13.089313315375389,11.734095126192631,11.071198762961611,11.968920809331626,14.983218694215225,18.015734477328145,18.669380358774333,16.512422655487818,14.694631120254774,13.44086699225846,8.872111063288596,6.160917164252486,7.808924445382752,10.709164053950404,11.980798189009551,11.813062453444855,11.54283133470271,11.359165683480876,11.19062034510937,10.638005086460499,9.43926685451866,8.04348508224733,7.025252414874027,6.200540220074797,5.583541657517711,5.7663305928308315,5.5710418838949085,5.244427233559743,5.172252700259596,5.061112119232134,4.777932836380237,4.604005077345986,4.66984110855431,4.446445922965355,3.822315254181492,3.3988969259278705,3.262864145619994,3.391749254571031,3.225777508897777,2.6765021811502527,2.673472725354345,3.2011798060810692,3.367688900146993,3.2734003747785847,3.0489503101316133,2.526260375524214,1.8983678821139893,0.9826025528166416,1.5572459481622962,1.9480463960331442,2.692259869344691,3.879889651144937,5.076369228504101,5.7754664713770545,6.255018981802332,6.332717152651865,5.739124958165215,4.487549114046576,3.8307240069134574,3.4560732232738554,2.9778459773543036,2.707246409845137,2.270858142224074,2.199365341612288,2.0819599294450013,1.8370239114503195,1.88044118835094,1.759619263605178,1.7040094604954956,1.676122994205646,1.671039928260678,1.2945167871254246,1.111920104201822,1.0262481856960306,0.8864542208607997,0.7618465444936364,0.8183136587720952,0.9064917171897212,0.9849578497900767,0.8407500473681679,0.7607441070843708,0.9442931639314427,0.49840445107516906,0.606167417644731,0.322738155463368] [0.0,0.0,0.0,0.0,0.0,0.0,0.0,0.0,0.0,0.0,0.0,0.0,0.0,0.0,0.0,0.0,0.0,0.0,0.0,0.0,0.0,0.0,0.0,0.0,0.0,0.0,0.0,0.0,0.0,0.0,0.0,0.0,0.0,0.0,0.0,0.0,0.0,0.0,0.0,0.0,0.0,0.0,0.0,0.0,0.0,0.0,0.0,0.0,0.0,0.0,0.0,0.0,0.0,0.0,0.0,0.0,0.0,0.0,0.0,0.0,0.0,0.0,0.0,0.0,0.0,0.0,0.0,0.0,0.0,0.0,0.0,0.0,0.0,0.0,0.0,0.0,0.0,0.0,0.0,0.0,0.0,0.0,0.0,0.0,0.0,0.0,0.0,0.0,0.0,0.0,0.0,0.0,0.0,0.0,0.0,0.0,0.0,0.0,0.0,0.0,0.0,0.0,0.0,0.0,0.0,0.0,0.0,0.0,0.0,0.0,0.0,0.0,0.0,0.0,0.0,0.0,0.0,0.0,0.0,0.0,0.0,0.0,0.0,0.0,0.0,0.0,0.0,0.0,0.0,0.0,0.0,0.0,0.0,0.0,0.0,0.0,0.0,0.0,0.0,0.0,0.9081723196456465,-4.9541476155235795,0.7817310429070294,0.649909729133257,-0.27128283814695425,0.7000414111167911,-2.21291661086308,-11.939620029013032,7.560834283663958,1.353835575522668,-11.083174999837441,2.4500528973047873,3.9301302636470172,-6.11416416308295,1.038347826797904,17.845671499746576,4.42269995984662,-14.863214389780666,-6.492805083498126,-7.252650407211536,-13.588122595600641,-1.813268125734905,8.899175894592384,-15.451901456563295,4.283178474352545,13.910972539184467,16.13392319296347,-14.019174247687543,1.62810674627133,-6.640471103915859,-15.078867610740424,-44.37970668942965,-44.678909518860955,4.245746388587315,0.9059402395387955,16.934588284126047,53.0070971409601,1.966910014224471,-15.509884055642269,8.991811516612753,9.370224332449638,35.862685494980155,-10.017944263108204,5.766286788707114,19.39498400665611,-3.321640608566906,-24.772226370047377,4.037751993027418,57.122916380427874,-0.1805402464202262,32.27194004360846,35.87833336386563,-1.5387975422662863,-11.033635942369525,3.1285465052475265,2.81839059927706,-6.199201370756791,-26.122518134652605,-10.81537192272088,-21.986088091655926,-26.44424644735878,-19.097671481307362,-13.076528350652783,-13.502236988496366,14.415516261459626,18.486480389109545,-22.945183884875544,-16.07139452933908,-4.400902388379698,13.245293766837378,-11.135694201029898,-7.668935743047354,-17.6577131580917,-1.339636143770634,-28.36561239861019,-7.434220456171681,10.497124202178384,-5.835104764260657,-24.7754170492187,12.984307806171266,-0.8306911860151591,-19.152527794695924,-6.227042909344827,9.452438281753421,-7.511957559152098,-1.8564909344822729,1.9664975481339781,4.92037218743828,-7.725975139921238,-13.9086531183508,-9.036028294649682,-19.42308930159348,14.875046848704185,1.2606277731567777,-14.994726385599607,-11.158485626888966,20.753551801693035,1.1440466894660994,-0.23998656840075983,3.5984576008911087,2.1713446909802254,4.721135611915507,1.461558954446942,-4.206109808826351,-11.237318976203639,1.7171761619107073,3.6042889492173256,1.9169724382968445,-8.582284632700626,0.7684150492598425,3.6976318406230915,-3.7831956448911943,1.7489521674181905,-2.296285644144817,-0.201147241632582,-5.227717386632424,-2.143050334995931,-3.505149476537476,-0.4494123100442732,-1.6879524004597655,4.943213413343695,-1.0446944895832588,1.2645025803196779,-0.9671852952080823,0.7394683857645052,0.21414287412702876,0.881573502768828,5.943262788784425,-0.749928965946754,-1.4729603730182856,-2.9005584006156226,6.66309117484459,-1.3868193493349024,-3.3557302654214545,-0.953074180410765,1.2884456130105215,-1.2490870041195827,-0.2130713333567007,0.832095137140937,-1.2792923728694134,0.8483584730634411,-0.3095844464475263,-3.436152171355692,1.2039777375836682,0.31143566349344437,-0.047128634017045104,-1.1948474116823375,1.9070595145692877,-0.7097507161128996,-0.23515100492847113,0.43185338502104037,-0.17684139711661853,1.7198521298184053,1.0016215430559265,-1.0138674827310592,-0.939539413613705,-0.7777663322403082,-0.13732461929603296,-0.045974962531430234,-0.31731481792620075]
56337.582136905934 [0.0,0.0,0.0,0.0,0.0,0.0,0.0,0.0,0.0,0.0,0.0,0.0,0.0,0.0,0.0,0.0,0.0,0.0,0.0,0.0,0.0,0.0,0.0,0.0,0.0,0.0,0.0,0.0,0.0,0.0,0.0,0.0,0.0,0.0,0.0,0.0,0.0,0.0,0.0,0.0,0.0,0.0,0.0,0.0,0.0,0.0,0.0,0.0,0.0,0.0,0.0,0.0,0.0,0.0,0.0,0.0,0.0,0.0,0.0,0.0,0.0,0.0,0.0,0.0,0.0,0.0,0.0,0.0,0.0,0.0,0.0,0.0,0.0,0.0,0.0,0.0,0.0,0.0,0.0,0.0,0.0,0.0,0.0,0.0,0.0,0.0,0.0,0.0,0.0,0.0,0.0,0.0,0.0,0.0,0.0,0.0,0.0,0.0,0.0,0.0,0.0,0.0,0.0,0.0,0.0,0.0,0.0,0.0,0.0,0.0,0.0,0.0,0.0,0.0,0.0,0.0,0.0,0.0,0.0,0.0,0.0,0.0,0.0,0.0,0.0,0.0,0.0,0.0,0.0,0.0,0.0,0.0,0.0,0.0,0.0,0.0,0.0,0.0,0.0,0.0,0.0,0.0,0.0,0.0,0.0,0.0,0.0,0.0,0.0,0.0,0.0,0.0,0.0,0.0,0.0,0.0,0.0,0.0,0.0,0.0,0.0,0.0,0.0,0.0,0.0,0.0,0.0,0.0,0.0,0.0,0.0,0.0,0.0,0.0,0.0,0.0,0.0,0.0,0.0,0.0,0.0,0.0,0.0,0.0,0.0,0.0,0.0,0.0,0.0,0.0,0.0,0.0,0.0,0.0,0.0,0.0,0.0,0.0,0.0,0.0,0.0,0.0,0.0,0.0,0.0,0.0,0.0,0.0,0.0,0.0,0.0,0.0,0.0,0.0,0.0,0.0,0.0,0.0,0.0,0.0,0.0,0.0,0.0,0.0,0.0,0.0,0.0,0.0,0.0,0.0,0.0,0.0,0.0,0.0,0.0,0.0,0.0,0.0,0.0,0.0,0.0,0.0,0.0,0.0,0.0,0.0,0.0,0.0,0.0,0.0,0.0,0.0,0.0,0.0,0.0,0.0,0.0,0.0,0.0,0.0,0.0,0.0,0.0,0.0,0.0,0.0,0.0,0.0,0.0,0.0,0.0,0.0,0.0,0.0,0.0,0.0,0.0,0.0,0.0,0.0,0.0,0.0,0.0,0.0,0.0,0.0,0.0,0.0,0.0,0.0,0.0,0.0,0.0,0.0,0.0,0.0,0.0,0.0,0.0,0.0] [1311.2619900786005,1321.8202200865917,1332.463464547639,1343.19240799478,1354.0077404728797,1364.9101575830227,1375.9003605272408,1386.9790561536227,1398.1469570017646,1409.4047813486081,1420.7532532546286,1432.193102610412,1443.7250651835902,1455.3498826661717,1467.068302722235,1478.881079036026,1490.78897136042,1502.7927455657994,1514.8931736892998,1527.0910339844697,1539.3871109713293,1551.7821954868166,1564.2770847356642,1576.872582341659,1589.569498399342,1602.368649526097,1615.270858914685,1628.2769563861766,1641.3877784433362,1654.6041683244075,1667.9269760573632,1681.3570585145608,1694.895279467867,1708.5425096441993,1722.2996267815402,1736.1675156853773,1750.1470682856248,1764.2391836939755,1778.4447682617345,1792.7647356381167,1807.2000068289992,1821.7515102561672,1836.4201818170154,1851.2069649447558,1866.112810669078,1881.1386776773347,1896.285532376183,1911.5543489537563,1926.9461094423048,1942.4618037813711,1958.1024298814455,1973.8689936881608,1989.7625092469793,2005.7839987684179,2021.9344926937952,2038.215029761504,2054.626657073813,2071.1704301642176,2087.8474130653335,2104.6586783773164,2121.605307336866,2138.6883898867477,2155.9090247459117,2173.268319480143,2190.767390573309,2208.407363499154,2226.1893727937027,2244.1145621282076,2262.184084382728,2280.399101720259,2298.7607856614945,2317.2703171601615,2335.9288866789793,2354.7376942662327,2373.6979496329395,2392.810872230673,2412.077691329971,2431.4996460994216,2451.0779856853383,2470.813969292122,2490.7088662632277,2510.763956162824,2530.9805288580706,2551.359884602096,2571.9033341176064,2592.612198681206,2613.487810208354,2634.5315113390543,2655.7446555241822,2677.1286071125573,2698.6847414386757,2720.4144449111714,2742.319115101994,2764.4001608362782,2786.6590022829737,2809.097071046162,2831.715810257159,2854.5166746673017,2877.5011307415425,2900.67065675274,2924.0267428767575,2947.570891288285,2971.304616257478,2995.22944424732,3019.346914011829,3043.658576695001,3068.1659959305807,3092.870747942638,3117.7744216469364,3142.87861875312,3168.1849538677375,3193.695054598094,3219.410561656912,3245.333128967883,3271.4644237720117,3297.806126734876,3324.3599320546946,3351.1275475713155,3378.1106948760344,3405.3111094223436,3432.7305406375262,3460.3707520352004,3488.23352132871,3516.320640545493,3544.6339161423107,3573.1751691214417,3601.9462351478164,3630.9489646670518,3660.1852230244945,3689.6568905851636,3719.3658628547196,3749.3140506013438,3779.5033799786634,3809.935792649603,3840.6132459112973,3871.5377128209448,3902.7111823227383,3934.135659375755,3965.8131650829396,3997.7457368210635,4029.9354283717907,4062.3843100537392,4095.0944688556665,4128.068008570669,4161.3070499315045,4194.813730746993,4228.590206039511,4262.638648183577,4296.961247045588,4331.560210124669,4366.437762694626,4401.596147947099,4437.037627135803,4472.764479721992,4508.779003521039,4545.083514850253,4581.680348677821,4618.571858773019,4655.7604178575675,4693.248417758249,4731.038269560753,4769.132403764733,4807.533270440121,4846.243339384716,4885.265100283049,4924.601062866471,4964.253757074609,5004.22573321805,5044.519562142395,5085.137835393579,5126.08316538458,5167.3581855634,5208.965550582488,5250.907936469426,5293.188040799074,5335.808582867062,5378.772303864684,5422.081967055189,5465.740357951513,5509.7502844954415,5554.1145772382,5598.836089522486,5643.917697666003,5689.362301146471,5735.17282278806,5781.352208949439,5827.903429713208,5874.829479076986,5922.133375145914,5969.818160326825,6017.886901523867,6066.342690335802,6115.188643254807,6164.427901866934,6214.06363305417,6264.099029198114,6314.537308385285,6365.381714614103,6416.635518003553,6468.302015003491,6520.384528606639,6572.88640856233,6625.811031591967,6679.16180160615,6732.942149923667,6787.155535492116,6841.805445110439,6896.895393653112,6952.428924296275,7008.409608745552,7064.841047465831,7121.726869912778,7179.070734766296,7236.876330165845,7295.147373947643,7353.887613883764,7413.100827923194,7472.790824434837,7532.961442452409,7593.616551921397,7654.7600539479145,7716.395881049652,7778.527997408752,7841.160399126823,7904.2971144818985,7967.94220418758,8032.099761654146,8096.773913251861,8161.968818576374,8227.688670716232,8293.937696522553,8360.720156880894,8428.04034698531,8495.90259661459,8564.311270410717,8633.270768159597,8702.785525074065,8772.860012079082,8843.498736099358,8914.706240349144,8986.487104624512,9058.845945597834,9131.787417114787,9205.31621049359,9279.437054826807,9354.154717285446,9429.47400342559,9505.399757497484,9581.936862757088,9659.090241780126,9736.864856778713,9815.265709920519,9894.297843650465,9973.966341015032,10054.276325989182,10135.232963805956,10216.841461288606,10299.107067185563,10382.035072507933,10465.630810869876,10549.89965883156,10634.84703624505,10720.478406602804,10806.799277389146,10893.815200434417,10981.531772272076,11069.954634498676,11159.08947413668,11248.94202400021,11339.518063063782,11430.823416834026,11522.863957724268,11615.64560543233,11709.174327321158,11803.456138802712,11898.49710372478,11994.303334761045,12090.880993804161,12188.23629236214,12286.375491957784,12385.304904531427,12485.030892846919,12585.55987090084,12686.898304334996,12789.052710852275,12892.029660635888,12995.8357767719,13100.477735675182,13205.962267518828,13312.296156667053,13419.486242111492,13527.539417911097,13636.462633635434,13746.262894811807,13856.947263375758,13968.522858125163,14080.996855178266,14194.376488435144,14308.66905004285,14423.881890864615] 0.31126199007860056 [Infinity,Infinity,Infinity,Infinity,Infinity,Infinity,Infinity,Infinity,Infinity,Infinity,Infinity,Infinity,Infinity,Infinity,Infinity,Infinity,Infinity,Infinity,Infinity,Infinity,Infinity,Infinity,Infinity,Infinity,Infinity,Infinity,Infinity,Infinity,Infinity,Infinity,Infinity,Infinity,Infinity,Infinity,Infinity,Infinity,Infinity,Infinity,Infinity,Infinity,Infinity,Infinity,Infinity,Infinity,Infinity,Infinity,Infinity,Infinity,Infinity,Infinity,Infinity,Infinity,Infinity,Infinity,Infinity,Infinity,Infinity,Infinity,Infinity,Infinity,Infinity,Infinity,Infinity,Infinity,Infinity,Infinity,Infinity,Infinity,Infinity,Infinity,Infinity,Infinity,Infinity,Infinity,Infinity,Infinity,Infinity,Infinity,Infinity,Infinity,Infinity,Infinity,Infinity,Infinity,Infinity,Infinity,Infinity,Infinity,Infinity,Infinity,Infinity,Infinity,Infinity,Infinity,Infinity,Infinity,Infinity,Infinity,Infinity,Infinity,Infinity,Infinity,Infinity,Infinity,Infinity,Infinity,Infinity,Infinity,Infinity,Infinity,Infinity,Infinity,Infinity,Infinity,Infinity,Infinity,Infinity,Infinity,Infinity,Infinity,Infinity,Infinity,Infinity,Infinity,Infinity,Infinity,Infinity,Infinity,Infinity,Infinity,Infinity,Infinity,Infinity,Infinity,Infinity,Infinity,Infinity,Infinity,Infinity,Infinity,Infinity,Infinity,Infinity,Infinity,Infinity,Infinity,Infinity,Infinity,Infinity,Infinity,Infinity,Infinity,Infinity,Infinity,Infinity,Infinity,Infinity,Infinity,Infinity,Infinity,Infinity,Infinity,Infinity,Infinity,Infinity,Infinity,Infinity,Infinity,Infinity,Infinity,Infinity,Infinity,Infinity,Infinity,Infinity,Infinity,Infinity,Infinity,Infinity,Infinity,Infinity,Infinity,Infinity,Infinity,Infinity,Infinity,Infinity,Infinity,Infinity,Infinity,Infinity,Infinity,Infinity,Infinity,Infinity,Infinity,Infinity,Infinity,Infinity,Infinity,Infinity,Infinity,Infinity,Infinity,Infinity,Infinity,Infinity,Infinity,Infinity,Infinity,Infinity,Infinity,Infinity,Infinity,Infinity,Infinity,Infinity,Infinity,Infinity,Infinity,Infinity,Infinity,Infinity,Infinity,Infinity,Infinity,Infinity,Infinity,Infinity,Infinity,Infinity,Infinity,Infinity,Infinity,Infinity,Infinity,Infinity,Infinity,Infinity,Infinity,Infinity,Infinity,Infinity,Infinity,Infinity,Infinity,Infinity,Infinity,Infinity,Infinity,Infinity,Infinity,Infinity,Infinity,Infinity,Infinity,Infinity,Infinity,Infinity,Infinity,Infinity,Infinity,Infinity,Infinity,Infinity,Infinity,Infinity,Infinity,Infinity,Infinity,Infinity,Infinity,Infinity,Infinity,Infinity,Infinity,Infinity,Infinity,Infinity,Infinity,Infinity,Infinity,Infinity,Infinity,Infinity,Infinity,Infinity,Infinity,Infinity,Infinity,Infinity,Infinity,Infinity,Infinity,Infinity,Infinity,Infinity,Infinity,Infinity,Infinity] [0.0,0.0,0.0,0.0,0.0,0.0,0.0,0.0,0.0,0.0,0.0,0.0,0.0,0.0,0.0,0.0,0.0,0.0,0.0,0.0,0.0,0.0,0.0,0.0,0.0,0.0,0.0,0.0,0.0,0.0,0.0,0.0,0.0,0.0,0.0,0.0,0.0,0.0,0.0,0.0,0.0,0.0,0.0,0.0,0.0,0.0,0.0,0.0,0.0,0.0,0.0,0.0,0.0,0.0,0.0,0.0,0.0,0.0,0.0,0.0,0.0,0.0,0.0,0.0,0.0,0.0,0.0,0.0,0.0,0.0,0.0,0.0,0.0,0.0,0.0,0.0,0.0,0.0,0.0,0.0,0.0,0.0,0.0,0.0,0.0,0.0,0.0,0.0,0.0,0.0,0.0,0.0,0.0,0.0,0.0,0.0,0.0,0.0,0.0,0.0,0.0,0.0,0.0,0.0,0.0,0.0,0.0,0.0,0.0,0.0,0.0,0.0,0.0,0.0,0.0,0.0,0.0,0.0,0.0,0.0,0.0,0.0,0.0,0.0,0.0,0.0,0.0,0.0,0.0,0.0,0.0,0.0,0.0,0.0,0.0,0.0,0.0,0.0,0.0,0.0,0.0,0.0,0.0,0.0,0.0,0.0,0.0,0.0,0.0,0.0,0.0,0.0,0.0,0.0,0.0,0.0,0.0,0.0,0.0,0.0,0.0,0.0,0.0,0.0,0.0,0.0,0.0,0.0,0.0,0.0,0.0,0.0,0.0,0.0,0.0,0.0,0.0,0.0,0.0,0.0,0.0,0.0,0.0,0.0,0.0,0.0,0.0,0.0,0.0,0.0,0.0,0.0,0.0,0.0,0.0,0.0,0.0,0.0,0.0,0.0,0.0,0.0,0.0,0.0,0.0,0.0,0.0,0.0,0.0,0.0,0.0,0.0,0.0,0.0,0.0,0.0,0.0,0.0,0.0,0.0,0.0,0.0,0.0,0.0,0.0,0.0,0.0,0.0,0.0,0.0,0.0,0.0,0.0,0.0,0.0,0.0,0.0,0.0,0.0,0.0,0.0,0.0,0.0,0.0,0.0,0.0,0.0,0.0,0.0,0.0,0.0,0.0,0.0,0.0,0.0,0.0,0.0,0.0,0.0,0.0,0.0,0.0,0.0,0.0,0.0,0.0,0.0,0.0,0.0,0.0,0.0,0.0,0.0,0.0,0.0,0.0,0.0,0.0,0.0,0.0,0.0,0.0,0.0,0.0,0.0,0.0,0.0,0.0,0.0,0.0,0.0,0.0,0.0,0.0,0.0,0.0,0.0,0.0,0.0,0.0]
56349.15537610904 [0.0,0.0,0.0,0.0,0.0,0.0,0.0,0.0,0.0,0.0,0.0,0.0,0.0,0.0,0.0,0.0,0.0,0.0,0.0,0.0,0.0,0.0,0.0,0.0,0.0,0.0,0.0,0.0,0.0,0.0,0.0,0.0,0.0,0.0,0.0,0.0,0.0,0.0,0.0,0.0,0.0,0.0,0.0,0.0,0.0,0.0,0.0,0.0,0.0,0.0,0.0,0.0,0.0,0.0,0.0,0.0,0.0,0.0,0.0,0.0,0.0,0.0,0.0,0.0,0.0,0.0,0.0,0.0,0.0,0.0,0.0,0.0,0.0,0.0,0.0,0.0,0.0,0.0,0.0,0.0,0.0,0.0,0.0,0.0,0.0,0.0,0.0,0.0,0.0,0.0,0.0,0.0,0.0,0.0,0.0,0.0,0.0,0.0,0.0,0.0,0.0,0.0,0.0,0.0,0.0,0.0,0.0,0.0,0.0,0.0,0.0,0.0,0.0,0.0,0.0,0.0,0.0,0.0,0.0,0.0,0.0,0.0,0.0,0.0,0.0,0.0,0.0,0.0,0.0,0.0,0.0,0.0,0.0,0.0,0.0,0.0,0.0,0.0,0.0,0.0,0.0,0.0,0.0,0.0,0.0,0.0,0.0,0.0,0.0,0.0,0.0,0.0,0.0,0.0,0.0,0.0,0.0,0.0,0.0,0.0,0.0,0.0,0.0,0.0,0.0,0.0,0.0,0.0,0.0,0.0,0.0,0.0,0.0,0.0,0.0,0.0,0.0,0.0,0.0,0.0,0.0,0.0,0.0,0.0,0.0,0.0,0.0,0.0,0.0,0.0,0.0,0.0,0.0,0.0,0.0,0.0,0.0,0.0,0.0,0.0,0.0,0.0,0.0,0.0,0.0,0.0,0.0,0.0,0.0,0.0,0.0,0.0,0.0,0.0,0.0,0.0,0.0,0.0,0.0,0.0,0.0,0.0,0.0,0.0,0.0,0.0,0.0,0.0,0.0,0.0,0.0,0.0,0.0,0.0,0.0,0.0,0.0,0.0,0.0,0.0,0.0,0.0,0.0,0.0,0.0,0.0,0.0,0.0,0.0,0.0,0.0,0.0,0.0,0.0,0.0,0.0,0.0,0.0,0.0,0.0,0.0,0.0,0.0,0.0,0.0,0.0,0.0,0.0,0.0,0.0,0.0,0.0,0.0,0.0,0.0,0.0,0.0,0.0,0.0,0.0,0.0,0.0,0.0,0.0,0.0,0.0,0.0,0.0,0.0,0.0,0.0,0.0,0.0,0.0,0.0,0.0,0.0,0.0,0.0,0.0] [1311.2619900786005,1321.8202200865917,1332.463464547639,1343.19240799478,1354.0077404728797,1364.9101575830227,1375.9003605272408,1386.9790561536227,1398.1469570017646,1409.4047813486081,1420.7532532546286,1432.193102610412,1443.7250651835902,1455.3498826661717,1467.068302722235,1478.881079036026,1490.78897136042,1502.7927455657994,1514.8931736892998,1527.0910339844697,1539.3871109713293,1551.7821954868166,1564.2770847356642,1576.872582341659,1589.569498399342,1602.368649526097,1615.270858914685,1628.2769563861766,1641.3877784433362,1654.6041683244075,1667.9269760573632,1681.3570585145608,1694.895279467867,1708.5425096441993,1722.2996267815402,1736.1675156853773,1750.1470682856248,1764.2391836939755,1778.4447682617345,1792.7647356381167,1807.2000068289992,1821.7515102561672,1836.4201818170154,1851.2069649447558,1866.112810669078,1881.1386776773347,1896.285532376183,1911.5543489537563,1926.9461094423048,1942.4618037813711,1958.1024298814455,1973.8689936881608,1989.7625092469793,2005.7839987684179,2021.9344926937952,2038.215029761504,2054.626657073813,2071.1704301642176,2087.8474130653335,2104.6586783773164,2121.605307336866,2138.6883898867477,2155.9090247459117,2173.268319480143,2190.767390573309,2208.407363499154,2226.1893727937027,2244.1145621282076,2262.184084382728,2280.399101720259,2298.7607856614945,2317.2703171601615,2335.9288866789793,2354.7376942662327,2373.6979496329395,2392.810872230673,2412.077691329971,2431.4996460994216,2451.0779856853383,2470.813969292122,2490.7088662632277,2510.763956162824,2530.9805288580706,2551.359884602096,2571.9033341176064,2592.612198681206,2613.487810208354,2634.5315113390543,2655.7446555241822,2677.1286071125573,2698.6847414386757,2720.4144449111714,2742.319115101994,2764.4001608362782,2786.6590022829737,2809.097071046162,2831.715810257159,2854.5166746673017,2877.5011307415425,2900.67065675274,2924.0267428767575,2947.570891288285,2971.304616257478,2995.22944424732,3019.346914011829,3043.658576695001,3068.1659959305807,3092.870747942638,3117.7744216469364,3142.87861875312,3168.1849538677375,3193.695054598094,3219.410561656912,3245.333128967883,3271.4644237720117,3297.806126734876,3324.3599320546946,3351.1275475713155,3378.1106948760344,3405.3111094223436,3432.7305406375262,3460.3707520352004,3488.23352132871,3516.320640545493,3544.6339161423107,3573.1751691214417,3601.9462351478164,3630.9489646670518,3660.1852230244945,3689.6568905851636,3719.3658628547196,3749.3140506013438,3779.5033799786634,3809.935792649603,3840.6132459112973,3871.5377128209448,3902.7111823227383,3934.135659375755,3965.8131650829396,3997.7457368210635,4029.9354283717907,4062.3843100537392,4095.0944688556665,4128.068008570669,4161.3070499315045,4194.813730746993,4228.590206039511,4262.638648183577,4296.961247045588,4331.560210124669,4366.437762694626,4401.596147947099,4437.037627135803,4472.764479721992,4508.779003521039,4545.083514850253,4581.680348677821,4618.571858773019,4655.7604178575675,4693.248417758249,4731.038269560753,4769.132403764733,4807.533270440121,4846.243339384716,4885.265100283049,4924.601062866471,4964.253757074609,5004.22573321805,5044.519562142395,5085.137835393579,5126.08316538458,5167.3581855634,5208.965550582488,5250.907936469426,5293.188040799074,5335.808582867062,5378.772303864684,5422.081967055189,5465.740357951513,5509.7502844954415,5554.1145772382,5598.836089522486,5643.917697666003,5689.362301146471,5735.17282278806,5781.352208949439,5827.903429713208,5874.829479076986,5922.133375145914,5969.818160326825,6017.886901523867,6066.342690335802,6115.188643254807,6164.427901866934,6214.06363305417,6264.099029198114,6314.537308385285,6365.381714614103,6416.635518003553,6468.302015003491,6520.384528606639,6572.88640856233,6625.811031591967,6679.16180160615,6732.942149923667,6787.155535492116,6841.805445110439,6896.895393653112,6952.428924296275,7008.409608745552,7064.841047465831,7121.726869912778,7179.070734766296,7236.876330165845,7295.147373947643,7353.887613883764,7413.100827923194,7472.790824434837,7532.961442452409,7593.616551921397,7654.7600539479145,7716.395881049652,7778.527997408752,7841.160399126823,7904.2971144818985,7967.94220418758,8032.099761654146,8096.773913251861,8161.968818576374,8227.688670716232,8293.937696522553,8360.720156880894,8428.04034698531,8495.90259661459,8564.311270410717,8633.270768159597,8702.785525074065,8772.860012079082,8843.498736099358,8914.706240349144,8986.487104624512,9058.845945597834,9131.787417114787,9205.31621049359,9279.437054826807,9354.154717285446,9429.47400342559,9505.399757497484,9581.936862757088,9659.090241780126,9736.864856778713,9815.265709920519,9894.297843650465,9973.966341015032,10054.276325989182,10135.232963805956,10216.841461288606,10299.107067185563,10382.035072507933,10465.630810869876,10549.89965883156,10634.84703624505,10720.478406602804,10806.799277389146,10893.815200434417,10981.531772272076,11069.954634498676,11159.08947413668,11248.94202400021,11339.518063063782,11430.823416834026,11522.863957724268,11615.64560543233,11709.174327321158,11803.456138802712,11898.49710372478,11994.303334761045,12090.880993804161,12188.23629236214,12286.375491957784,12385.304904531427,12485.030892846919,12585.55987090084,12686.898304334996,12789.052710852275,12892.029660635888,12995.8357767719,13100.477735675182,13205.962267518828,13312.296156667053,13419.486242111492,13527.539417911097,13636.462633635434,13746.262894811807,13856.947263375758,13968.522858125163,14080.996855178266,14194.376488435144,14308.66905004285,14423.881890864615] 0.31126199007860056 [Infinity,Infinity,Infinity,Infinity,Infinity,Infinity,Infinity,Infinity,Infinity,Infinity,Infinity,Infinity,Infinity,Infinity,Infinity,Infinity,Infinity,Infinity,Infinity,Infinity,Infinity,Infinity,Infinity,Infinity,Infinity,Infinity,Infinity,Infinity,Infinity,Infinity,Infinity,Infinity,Infinity,Infinity,Infinity,Infinity,Infinity,Infinity,Infinity,Infinity,Infinity,Infinity,Infinity,Infinity,Infinity,Infinity,Infinity,Infinity,Infinity,Infinity,Infinity,Infinity,Infinity,Infinity,Infinity,Infinity,Infinity,Infinity,Infinity,Infinity,Infinity,Infinity,Infinity,Infinity,Infinity,Infinity,Infinity,Infinity,Infinity,Infinity,Infinity,Infinity,Infinity,Infinity,Infinity,Infinity,Infinity,Infinity,Infinity,Infinity,Infinity,Infinity,Infinity,Infinity,Infinity,Infinity,Infinity,Infinity,Infinity,Infinity,Infinity,Infinity,Infinity,Infinity,Infinity,Infinity,Infinity,Infinity,Infinity,Infinity,Infinity,Infinity,Infinity,Infinity,Infinity,Infinity,Infinity,Infinity,Infinity,Infinity,Infinity,Infinity,Infinity,Infinity,Infinity,Infinity,Infinity,Infinity,Infinity,Infinity,Infinity,Infinity,Infinity,Infinity,Infinity,Infinity,Infinity,Infinity,Infinity,Infinity,Infinity,Infinity,Infinity,Infinity,Infinity,Infinity,Infinity,Infinity,Infinity,Infinity,Infinity,Infinity,Infinity,Infinity,Infinity,Infinity,Infinity,Infinity,Infinity,Infinity,Infinity,Infinity,Infinity,Infinity,Infinity,Infinity,Infinity,Infinity,Infinity,Infinity,Infinity,Infinity,Infinity,Infinity,Infinity,Infinity,Infinity,Infinity,Infinity,Infinity,Infinity,Infinity,Infinity,Infinity,Infinity,Infinity,Infinity,Infinity,Infinity,Infinity,Infinity,Infinity,Infinity,Infinity,Infinity,Infinity,Infinity,Infinity,Infinity,Infinity,Infinity,Infinity,Infinity,Infinity,Infinity,Infinity,Infinity,Infinity,Infinity,Infinity,Infinity,Infinity,Infinity,Infinity,Infinity,Infinity,Infinity,Infinity,Infinity,Infinity,Infinity,Infinity,Infinity,Infinity,Infinity,Infinity,Infinity,Infinity,Infinity,Infinity,Infinity,Infinity,Infinity,Infinity,Infinity,Infinity,Infinity,Infinity,Infinity,Infinity,Infinity,Infinity,Infinity,Infinity,Infinity,Infinity,Infinity,Infinity,Infinity,Infinity,Infinity,Infinity,Infinity,Infinity,Infinity,Infinity,Infinity,Infinity,Infinity,Infinity,Infinity,Infinity,Infinity,Infinity,Infinity,Infinity,Infinity,Infinity,Infinity,Infinity,Infinity,Infinity,Infinity,Infinity,Infinity,Infinity,Infinity,Infinity,Infinity,Infinity,Infinity,Infinity,Infinity,Infinity,Infinity,Infinity,Infinity,Infinity,Infinity,Infinity,Infinity,Infinity,Infinity,Infinity,Infinity,Infinity,Infinity,Infinity,Infinity,Infinity,Infinity,Infinity,Infinity,Infinity,Infinity,Infinity,Infinity,Infinity,Infinity,Infinity] [0.0,0.0,0.0,0.0,0.0,0.0,0.0,0.0,0.0,0.0,0.0,0.0,0.0,0.0,0.0,0.0,0.0,0.0,0.0,0.0,0.0,0.0,0.0,0.0,0.0,0.0,0.0,0.0,0.0,0.0,0.0,0.0,0.0,0.0,0.0,0.0,0.0,0.0,0.0,0.0,0.0,0.0,0.0,0.0,0.0,0.0,0.0,0.0,0.0,0.0,0.0,0.0,0.0,0.0,0.0,0.0,0.0,0.0,0.0,0.0,0.0,0.0,0.0,0.0,0.0,0.0,0.0,0.0,0.0,0.0,0.0,0.0,0.0,0.0,0.0,0.0,0.0,0.0,0.0,0.0,0.0,0.0,0.0,0.0,0.0,0.0,0.0,0.0,0.0,0.0,0.0,0.0,0.0,0.0,0.0,0.0,0.0,0.0,0.0,0.0,0.0,0.0,0.0,0.0,0.0,0.0,0.0,0.0,0.0,0.0,0.0,0.0,0.0,0.0,0.0,0.0,0.0,0.0,0.0,0.0,0.0,0.0,0.0,0.0,0.0,0.0,0.0,0.0,0.0,0.0,0.0,0.0,0.0,0.0,0.0,0.0,0.0,0.0,0.0,0.0,0.0,0.0,0.0,0.0,0.0,0.0,0.0,0.0,0.0,0.0,0.0,0.0,0.0,0.0,0.0,0.0,0.0,0.0,0.0,0.0,0.0,0.0,0.0,0.0,0.0,0.0,0.0,0.0,0.0,0.0,0.0,0.0,0.0,0.0,0.0,0.0,0.0,0.0,0.0,0.0,0.0,0.0,0.0,0.0,0.0,0.0,0.0,0.0,0.0,0.0,0.0,0.0,0.0,0.0,0.0,0.0,0.0,0.0,0.0,0.0,0.0,0.0,0.0,0.0,0.0,0.0,0.0,0.0,0.0,0.0,0.0,0.0,0.0,0.0,0.0,0.0,0.0,0.0,0.0,0.0,0.0,0.0,0.0,0.0,0.0,0.0,0.0,0.0,0.0,0.0,0.0,0.0,0.0,0.0,0.0,0.0,0.0,0.0,0.0,0.0,0.0,0.0,0.0,0.0,0.0,0.0,0.0,0.0,0.0,0.0,0.0,0.0,0.0,0.0,0.0,0.0,0.0,0.0,0.0,0.0,0.0,0.0,0.0,0.0,0.0,0.0,0.0,0.0,0.0,0.0,0.0,0.0,0.0,0.0,0.0,0.0,0.0,0.0,0.0,0.0,0.0,0.0,0.0,0.0,0.0,0.0,0.0,0.0,0.0,0.0,0.0,0.0,0.0,0.0,0.0,0.0,0.0,0.0,0.0,0.0]
56192.63213129179 [0.0,0.0,0.0,0.0,0.0,0.0,0.0,0.0,0.0,0.0,0.0,0.0,0.0,0.0,0.0,0.0,0.0,0.0,0.0,0.0,0.0,0.0,0.0,0.0,0.0,0.0,0.0,0.0,0.0,0.0,0.0,0.0,0.0,0.0,0.0,0.0,0.0,0.0,0.0,0.0,0.0,0.0,0.0,0.0,0.0,0.0,0.0,0.0,0.0,0.0,0.0,0.0,0.0,0.0,0.0,0.0,0.0,0.0,0.0,0.0,0.0,0.0,0.0,0.0,0.0,0.0,0.0,0.0,0.0,0.0,0.0,0.0,0.0,0.0,0.0,0.0,0.0,0.0,0.0,0.0,0.0,0.0,0.0,0.0,0.0,0.0,0.0,0.0,0.0,0.0,0.0,0.0,0.0,0.0,0.0,0.0,0.0,0.0,0.0,0.0,0.0,0.0,0.0,0.0,0.0,0.0,0.0,0.0,0.0,0.0,0.0,0.0,0.0,0.0,0.0,0.0,0.0,0.0,0.0,0.0,0.0,0.0,0.0,0.0,0.0,0.0,0.0,0.0,0.0,0.0,0.0,0.0,0.0,0.0,0.0,0.0,0.0,0.0,0.0,0.0,0.0,0.0,0.0,0.0,0.0,0.0,0.0,0.0,0.0,0.0,0.0,0.0,0.0,0.0,0.0,0.0,0.0,0.0,0.0,0.0,0.0,0.0,0.0,0.0,0.0,0.0,0.0,0.0,0.0,0.0,0.0,0.0,0.0,0.0,0.0,0.0,0.0,0.0,0.0,0.0,0.0,0.0,0.0,0.0,0.0,0.0,0.0,0.0,0.0,0.0,0.0,0.0,0.0,0.0,0.0,0.0,0.0,0.0,0.0,0.0,0.0,0.0,0.0,0.0,0.0,0.0,0.0,0.0,0.0,0.0,0.0,0.0,0.0,0.0,0.0,0.0,0.0,0.0,0.0,0.0,0.0,0.0,0.0,0.0,0.0,0.0,0.0,0.0,0.0,0.0,0.0,0.0,0.0,0.0,0.0,0.0,0.0,0.0,0.0,0.0,0.0,0.0,0.0,0.0,0.0,0.0,0.0,0.0,0.0,0.0,0.0,0.0,0.0,0.0,0.0,0.0,0.0,0.0,0.0,0.0,0.0,0.0,0.0,0.0,0.0,0.0,0.0,0.0,0.0,0.0,0.0,0.0,0.0,0.0,0.0,0.0,0.0,0.0,0.0,0.0,0.0,0.0,0.0,0.0,0.0,0.0,0.0,0.0,0.0,0.0,0.0,0.0,0.0,0.0,0.0,0.0,0.0,0.0,0.0,0.0] [1311.2619900786005,1321.8202200865917,1332.463464547639,1343.19240799478,1354.0077404728797,1364.9101575830227,1375.9003605272408,1386.9790561536227,1398.1469570017646,1409.4047813486081,1420.7532532546286,1432.193102610412,1443.7250651835902,1455.3498826661717,1467.068302722235,1478.881079036026,1490.78897136042,1502.7927455657994,1514.8931736892998,1527.0910339844697,1539.3871109713293,1551.7821954868166,1564.2770847356642,1576.872582341659,1589.569498399342,1602.368649526097,1615.270858914685,1628.2769563861766,1641.3877784433362,1654.6041683244075,1667.9269760573632,1681.3570585145608,1694.895279467867,1708.5425096441993,1722.2996267815402,1736.1675156853773,1750.1470682856248,1764.2391836939755,1778.4447682617345,1792.7647356381167,1807.2000068289992,1821.7515102561672,1836.4201818170154,1851.2069649447558,1866.112810669078,1881.1386776773347,1896.285532376183,1911.5543489537563,1926.9461094423048,1942.4618037813711,1958.1024298814455,1973.8689936881608,1989.7625092469793,2005.7839987684179,2021.9344926937952,2038.215029761504,2054.626657073813,2071.1704301642176,2087.8474130653335,2104.6586783773164,2121.605307336866,2138.6883898867477,2155.9090247459117,2173.268319480143,2190.767390573309,2208.407363499154,2226.1893727937027,2244.1145621282076,2262.184084382728,2280.399101720259,2298.7607856614945,2317.2703171601615,2335.9288866789793,2354.7376942662327,2373.6979496329395,2392.810872230673,2412.077691329971,2431.4996460994216,2451.0779856853383,2470.813969292122,2490.7088662632277,2510.763956162824,2530.9805288580706,2551.359884602096,2571.9033341176064,2592.612198681206,2613.487810208354,2634.5315113390543,2655.7446555241822,2677.1286071125573,2698.6847414386757,2720.4144449111714,2742.319115101994,2764.4001608362782,2786.6590022829737,2809.097071046162,2831.715810257159,2854.5166746673017,2877.5011307415425,2900.67065675274,2924.0267428767575,2947.570891288285,2971.304616257478,2995.22944424732,3019.346914011829,3043.658576695001,3068.1659959305807,3092.870747942638,3117.7744216469364,3142.87861875312,3168.1849538677375,3193.695054598094,3219.410561656912,3245.333128967883,3271.4644237720117,3297.806126734876,3324.3599320546946,3351.1275475713155,3378.1106948760344,3405.3111094223436,3432.7305406375262,3460.3707520352004,3488.23352132871,3516.320640545493,3544.6339161423107,3573.1751691214417,3601.9462351478164,3630.9489646670518,3660.1852230244945,3689.6568905851636,3719.3658628547196,3749.3140506013438,3779.5033799786634,3809.935792649603,3840.6132459112973,3871.5377128209448,3902.7111823227383,3934.135659375755,3965.8131650829396,3997.7457368210635,4029.9354283717907,4062.3843100537392,4095.0944688556665,4128.068008570669,4161.3070499315045,4194.813730746993,4228.590206039511,4262.638648183577,4296.961247045588,4331.560210124669,4366.437762694626,4401.596147947099,4437.037627135803,4472.764479721992,4508.779003521039,4545.083514850253,4581.680348677821,4618.571858773019,4655.7604178575675,4693.248417758249,4731.038269560753,4769.132403764733,4807.533270440121,4846.243339384716,4885.265100283049,4924.601062866471,4964.253757074609,5004.22573321805,5044.519562142395,5085.137835393579,5126.08316538458,5167.3581855634,5208.965550582488,5250.907936469426,5293.188040799074,5335.808582867062,5378.772303864684,5422.081967055189,5465.740357951513,5509.7502844954415,5554.1145772382,5598.836089522486,5643.917697666003,5689.362301146471,5735.17282278806,5781.352208949439,5827.903429713208,5874.829479076986,5922.133375145914,5969.818160326825,6017.886901523867,6066.342690335802,6115.188643254807,6164.427901866934,6214.06363305417,6264.099029198114,6314.537308385285,6365.381714614103,6416.635518003553,6468.302015003491,6520.384528606639,6572.88640856233,6625.811031591967,6679.16180160615,6732.942149923667,6787.155535492116,6841.805445110439,6896.895393653112,6952.428924296275,7008.409608745552,7064.841047465831,7121.726869912778,7179.070734766296,7236.876330165845,7295.147373947643,7353.887613883764,7413.100827923194,7472.790824434837,7532.961442452409,7593.616551921397,7654.7600539479145,7716.395881049652,7778.527997408752,7841.160399126823,7904.2971144818985,7967.94220418758,8032.099761654146,8096.773913251861,8161.968818576374,8227.688670716232,8293.937696522553,8360.720156880894,8428.04034698531,8495.90259661459,8564.311270410717,8633.270768159597,8702.785525074065,8772.860012079082,8843.498736099358,8914.706240349144,8986.487104624512,9058.845945597834,9131.787417114787,9205.31621049359,9279.437054826807,9354.154717285446,9429.47400342559,9505.399757497484,9581.936862757088,9659.090241780126,9736.864856778713,9815.265709920519,9894.297843650465,9973.966341015032,10054.276325989182,10135.232963805956,10216.841461288606,10299.107067185563,10382.035072507933,10465.630810869876,10549.89965883156,10634.84703624505,10720.478406602804,10806.799277389146,10893.815200434417,10981.531772272076,11069.954634498676,11159.08947413668,11248.94202400021,11339.518063063782,11430.823416834026,11522.863957724268,11615.64560543233,11709.174327321158,11803.456138802712,11898.49710372478,11994.303334761045,12090.880993804161,12188.23629236214,12286.375491957784,12385.304904531427,12485.030892846919,12585.55987090084,12686.898304334996,12789.052710852275,12892.029660635888,12995.8357767719,13100.477735675182,13205.962267518828,13312.296156667053,13419.486242111492,13527.539417911097,13636.462633635434,13746.262894811807,13856.947263375758,13968.522858125163,14080.996855178266,14194.376488435144,14308.66905004285,14423.881890864615] 0.31126199007860056 [Infinity,Infinity,Infinity,Infinity,Infinity,Infinity,Infinity,Infinity,Infinity,Infinity,Infinity,Infinity,Infinity,Infinity,Infinity,Infinity,Infinity,Infinity,Infinity,Infinity,Infinity,Infinity,Infinity,Infinity,Infinity,Infinity,Infinity,Infinity,Infinity,Infinity,Infinity,Infinity,Infinity,Infinity,Infinity,Infinity,Infinity,Infinity,Infinity,Infinity,Infinity,Infinity,Infinity,Infinity,Infinity,Infinity,Infinity,Infinity,Infinity,Infinity,Infinity,Infinity,Infinity,Infinity,Infinity,Infinity,Infinity,Infinity,Infinity,Infinity,Infinity,Infinity,Infinity,Infinity,Infinity,Infinity,Infinity,Infinity,Infinity,Infinity,Infinity,Infinity,Infinity,Infinity,Infinity,Infinity,Infinity,Infinity,Infinity,Infinity,Infinity,Infinity,Infinity,Infinity,Infinity,Infinity,Infinity,Infinity,Infinity,Infinity,Infinity,Infinity,Infinity,Infinity,Infinity,Infinity,Infinity,Infinity,Infinity,Infinity,Infinity,Infinity,Infinity,Infinity,Infinity,Infinity,Infinity,Infinity,Infinity,Infinity,Infinity,Infinity,Infinity,Infinity,Infinity,Infinity,Infinity,Infinity,Infinity,Infinity,Infinity,Infinity,Infinity,Infinity,Infinity,Infinity,Infinity,Infinity,Infinity,Infinity,Infinity,Infinity,Infinity,Infinity,Infinity,Infinity,Infinity,Infinity,Infinity,Infinity,Infinity,Infinity,Infinity,Infinity,Infinity,Infinity,Infinity,Infinity,Infinity,Infinity,Infinity,Infinity,Infinity,Infinity,Infinity,Infinity,Infinity,Infinity,Infinity,Infinity,Infinity,Infinity,Infinity,Infinity,Infinity,Infinity,Infinity,Infinity,Infinity,Infinity,Infinity,Infinity,Infinity,Infinity,Infinity,Infinity,Infinity,Infinity,Infinity,Infinity,Infinity,Infinity,Infinity,Infinity,Infinity,Infinity,Infinity,Infinity,Infinity,Infinity,Infinity,Infinity,Infinity,Infinity,Infinity,Infinity,Infinity,Infinity,Infinity,Infinity,Infinity,Infinity,Infinity,Infinity,Infinity,Infinity,Infinity,Infinity,Infinity,Infinity,Infinity,Infinity,Infinity,Infinity,Infinity,Infinity,Infinity,Infinity,Infinity,Infinity,Infinity,Infinity,Infinity,Infinity,Infinity,Infinity,Infinity,Infinity,Infinity,Infinity,Infinity,Infinity,Infinity,Infinity,Infinity,Infinity,Infinity,Infinity,Infinity,Infinity,Infinity,Infinity,Infinity,Infinity,Infinity,Infinity,Infinity,Infinity,Infinity,Infinity,Infinity,Infinity,Infinity,Infinity,Infinity,Infinity,Infinity,Infinity,Infinity,Infinity,Infinity,Infinity,Infinity,Infinity,Infinity,Infinity,Infinity,Infinity,Infinity,Infinity,Infinity,Infinity,Infinity,Infinity,Infinity,Infinity,Infinity,Infinity,Infinity,Infinity,Infinity,Infinity,Infinity,Infinity,Infinity,Infinity,Infinity,Infinity,Infinity,Infinity,Infinity,Infinity,Infinity,Infinity,Infinity,Infinity,Infinity,Infinity,Infinity,Infinity] [0.0,0.0,0.0,0.0,0.0,0.0,0.0,0.0,0.0,0.0,0.0,0.0,0.0,0.0,0.0,0.0,0.0,0.0,0.0,0.0,0.0,0.0,0.0,0.0,0.0,0.0,0.0,0.0,0.0,0.0,0.0,0.0,0.0,0.0,0.0,0.0,0.0,0.0,0.0,0.0,0.0,0.0,0.0,0.0,0.0,0.0,0.0,0.0,0.0,0.0,0.0,0.0,0.0,0.0,0.0,0.0,0.0,0.0,0.0,0.0,0.0,0.0,0.0,0.0,0.0,0.0,0.0,0.0,0.0,0.0,0.0,0.0,0.0,0.0,0.0,0.0,0.0,0.0,0.0,0.0,0.0,0.0,0.0,0.0,0.0,0.0,0.0,0.0,0.0,0.0,0.0,0.0,0.0,0.0,0.0,0.0,0.0,0.0,0.0,0.0,0.0,0.0,0.0,0.0,0.0,0.0,0.0,0.0,0.0,0.0,0.0,0.0,0.0,0.0,0.0,0.0,0.0,0.0,0.0,0.0,0.0,0.0,0.0,0.0,0.0,0.0,0.0,0.0,0.0,0.0,0.0,0.0,0.0,0.0,0.0,0.0,0.0,0.0,0.0,0.0,0.0,0.0,0.0,0.0,0.0,0.0,0.0,0.0,0.0,0.0,0.0,0.0,0.0,0.0,0.0,0.0,0.0,0.0,0.0,0.0,0.0,0.0,0.0,0.0,0.0,0.0,0.0,0.0,0.0,0.0,0.0,0.0,0.0,0.0,0.0,0.0,0.0,0.0,0.0,0.0,0.0,0.0,0.0,0.0,0.0,0.0,0.0,0.0,0.0,0.0,0.0,0.0,0.0,0.0,0.0,0.0,0.0,0.0,0.0,0.0,0.0,0.0,0.0,0.0,0.0,0.0,0.0,0.0,0.0,0.0,0.0,0.0,0.0,0.0,0.0,0.0,0.0,0.0,0.0,0.0,0.0,0.0,0.0,0.0,0.0,0.0,0.0,0.0,0.0,0.0,0.0,0.0,0.0,0.0,0.0,0.0,0.0,0.0,0.0,0.0,0.0,0.0,0.0,0.0,0.0,0.0,0.0,0.0,0.0,0.0,0.0,0.0,0.0,0.0,0.0,0.0,0.0,0.0,0.0,0.0,0.0,0.0,0.0,0.0,0.0,0.0,0.0,0.0,0.0,0.0,0.0,0.0,0.0,0.0,0.0,0.0,0.0,0.0,0.0,0.0,0.0,0.0,0.0,0.0,0.0,0.0,0.0,0.0,0.0,0.0,0.0,0.0,0.0,0.0,0.0,0.0,0.0,0.0,0.0,0.0]
56268.008846210905 [0.0,0.0,0.0,0.0,0.0,0.0,0.0,0.0,0.0,0.0,0.0,0.0,0.0,0.0,0.0,0.0,0.0,0.0,0.0,0.0,0.0,0.0,0.0,0.0,0.0,0.0,0.0,0.0,0.0,0.0,0.0,0.0,0.0,0.0,0.0,0.0,0.0,0.0,0.0,0.0,0.0,0.0,0.0,0.0,0.0,0.0,0.0,0.0,0.0,0.0,0.0,0.0,0.0,0.0,0.0,0.0,0.0,0.0,0.0,0.0,0.0,0.0,0.0,0.0,0.0,0.0,0.0,0.0,0.0,0.0,0.0,0.0,0.0,0.0,0.0,0.0,0.0,0.0,0.0,0.0,0.0,0.0,0.0,0.0,0.0,0.0,0.0,0.0,0.0,0.0,0.0,0.0,0.0,0.0,0.0,0.0,0.0,0.0,0.0,0.0,0.0,0.0,0.0,0.0,0.0,0.0,0.0,0.0,0.0,0.0,0.0,0.0,0.0,0.0,0.0,0.0,0.0,0.0,0.0,0.0,0.0,0.0,0.0,0.0,0.0,0.0,0.0,0.0,0.0,0.0,0.0,0.0,0.0,0.0,0.0,0.0,0.0,0.0,0.0,0.0,24.23074320836736,26.740857011604092,25.26950087390435,19.20597721435576,15.125652981005539,26.166126925031396,44.61274247039268,55.803254761005284,45.713403691973,24.429499805055418,13.551617262987076,19.85677000959506,36.49152523302092,47.03246449034983,45.7718769990615,56.34244851901668,76.02374261356309,87.95373194666206,104.19750364079283,101.55727820645113,116.6032053206713,124.25687156513818,140.96530247001417,136.29934314665834,117.12982299833598,103.05925998679685,87.39195065978173,103.94791253723736,149.23482486060522,200.35498503664164,237.4436368264241,271.2196064644781,232.7990625159996,203.21149771386177,176.75899942245826,167.12190787293233,161.30993630375502,161.43300919604886,165.32022449344203,152.8314022430061,177.09609527578053,182.52519916892186,173.73630871239757,151.84473086858665,115.96460281470173,107.9359561267214,110.02112117593974,135.3889412887753,213.43455478354787,301.662628782474,384.34905248856774,375.86815125607546,267.40942464936506,172.46172467180358,143.7737480568715,173.55058513961058,170.16895286304623,187.58149923836527,226.08215075834963,241.10222605320874,213.0472305180803,164.67061356357354,162.06642818655743,152.13905444490538,147.8908593904822,176.639370346009,259.426459864387,329.5304778614372,322.5617687917273,315.68597061549343,302.1737383377638,316.8279861404062,281.0656580337712,256.3272177295721,212.39207039302167,203.32020477485514,157.43544644259364,136.25663581208303,170.1969110022869,232.1465948529007,263.0349513980898,282.0090239436242,264.2158395081849,195.1797040018633,172.5183890275982,159.15397718042675,137.19476851082908,131.539116587451,146.72578852370285,184.18680451028783,190.66478351476096,207.50579825314082,219.86585675255898,233.27498559561218,216.23816371872678,187.8188800008051,147.7823999554135,130.45297264259645,109.4990821942388,89.67815947595739,90.46112086793444,86.44904965233142,85.23947633565041,82.95093047629966,81.93109690085635,84.68236714888688,89.75745520589707,95.54775801825704,85.28912958578992,99.04031358270151,76.34718331727656,79.12272041051862,83.71225621480784,87.96945219542864,75.12149335379563,69.58970028317701,71.26839765554368,71.62655846468371,69.18737989625816,54.534872398811046,50.752729474709085,44.32526228255193,19.980223565763602,22.057330828045068,29.740940459115997,39.001867000628266,66.19387228945172,94.72915455705514,112.04024281360444,127.30936360200654,129.85920475369997,117.95261493905808,110.28900671176117,100.54122420374803,91.28820496050297,71.2618664207694,78.25115480294771,60.86166572015891,64.86013184936799,60.78212158215237,47.48093011908527,44.154219655953966,44.58006358955016,43.19916014477597,43.067838856227304,38.742030108939794,31.154085440413727,31.877132901682984,28.37062184165298,25.330637790883127,29.18622778230345,30.145673292654443,31.560372361794254,34.580458443398754,31.339451676204828,28.141667349378935,23.115064065758936,20.45150998885637,19.589831491148047,18.357070443381037] [1311.2619900786005,1321.8202200865917,1332.463464547639,1343.19240799478,1354.0077404728797,1364.9101575830227,1375.9003605272408,1386.9790561536227,1398.1469570017646,1409.4047813486081,1420.7532532546286,1432.193102610412,1443.7250651835902,1455.3498826661717,1467.068302722235,1478.881079036026,1490.78897136042,1502.7927455657994,1514.8931736892998,1527.0910339844697,1539.3871109713293,1551.7821954868166,1564.2770847356642,1576.872582341659,1589.569498399342,1602.368649526097,1615.270858914685,1628.2769563861766,1641.3877784433362,1654.6041683244075,1667.9269760573632,1681.3570585145608,1694.895279467867,1708.5425096441993,1722.2996267815402,1736.1675156853773,1750.1470682856248,1764.2391836939755,1778.4447682617345,1792.7647356381167,1807.2000068289992,1821.7515102561672,1836.4201818170154,1851.2069649447558,1866.112810669078,1881.1386776773347,1896.285532376183,1911.5543489537563,1926.9461094423048,1942.4618037813711,1958.1024298814455,1973.8689936881608,1989.7625092469793,2005.7839987684179,2021.9344926937952,2038.215029761504,2054.626657073813,2071.1704301642176,2087.8474130653335,2104.6586783773164,2121.605307336866,2138.6883898867477,2155.9090247459117,2173.268319480143,2190.767390573309,2208.407363499154,2226.1893727937027,2244.1145621282076,2262.184084382728,2280.399101720259,2298.7607856614945,2317.2703171601615,2335.9288866789793,2354.7376942662327,2373.6979496329395,2392.810872230673,2412.077691329971,2431.4996460994216,2451.0779856853383,2470.813969292122,2490.7088662632277,2510.763956162824,2530.9805288580706,2551.359884602096,2571.9033341176064,2592.612198681206,2613.487810208354,2634.5315113390543,2655.7446555241822,2677.1286071125573,2698.6847414386757,2720.4144449111714,2742.319115101994,2764.4001608362782,2786.6590022829737,2809.097071046162,2831.715810257159,2854.5166746673017,2877.5011307415425,2900.67065675274,2924.0267428767575,2947.570891288285,2971.304616257478,2995.22944424732,3019.346914011829,3043.658576695001,3068.1659959305807,3092.870747942638,3117.7744216469364,3142.87861875312,3168.1849538677375,3193.695054598094,3219.410561656912,3245.333128967883,3271.4644237720117,3297.806126734876,3324.3599320546946,3351.1275475713155,3378.1106948760344,3405.3111094223436,3432.7305406375262,3460.3707520352004,3488.23352132871,3516.320640545493,3544.6339161423107,3573.1751691214417,3601.9462351478164,3630.9489646670518,3660.1852230244945,3689.6568905851636,3719.3658628547196,3749.3140506013438,3779.5033799786634,3809.935792649603,3840.6132459112973,3871.5377128209448,3902.7111823227383,3934.135659375755,3965.8131650829396,3997.7457368210635,4029.9354283717907,4062.3843100537392,4095.0944688556665,4128.068008570669,4161.3070499315045,4194.813730746993,4228.590206039511,4262.638648183577,4296.961247045588,4331.560210124669,4366.437762694626,4401.596147947099,4437.037627135803,4472.764479721992,4508.779003521039,4545.083514850253,4581.680348677821,4618.571858773019,4655.7604178575675,4693.248417758249,4731.038269560753,4769.132403764733,4807.533270440121,4846.243339384716,4885.265100283049,4924.601062866471,4964.253757074609,5004.22573321805,5044.519562142395,5085.137835393579,5126.08316538458,5167.3581855634,5208.965550582488,5250.907936469426,5293.188040799074,5335.808582867062,5378.772303864684,5422.081967055189,5465.740357951513,5509.7502844954415,5554.1145772382,5598.836089522486,5643.917697666003,5689.362301146471,5735.17282278806,5781.352208949439,5827.903429713208,5874.829479076986,5922.133375145914,5969.818160326825,6017.886901523867,6066.342690335802,6115.188643254807,6164.427901866934,6214.06363305417,6264.099029198114,6314.537308385285,6365.381714614103,6416.635518003553,6468.302015003491,6520.384528606639,6572.88640856233,6625.811031591967,6679.16180160615,6732.942149923667,6787.155535492116,6841.805445110439,6896.895393653112,6952.428924296275,7008.409608745552,7064.841047465831,7121.726869912778,7179.070734766296,7236.876330165845,7295.147373947643,7353.887613883764,7413.100827923194,7472.790824434837,7532.961442452409,7593.616551921397,7654.7600539479145,7716.395881049652,7778.527997408752,7841.160399126823,7904.2971144818985,7967.94220418758,8032.099761654146,8096.773913251861,8161.968818576374,8227.688670716232,8293.937696522553,8360.720156880894,8428.04034698531,8495.90259661459,8564.311270410717,8633.270768159597,8702.785525074065,8772.860012079082,8843.498736099358,8914.706240349144,8986.487104624512,9058.845945597834,9131.787417114787,9205.31621049359,9279.437054826807,9354.154717285446,9429.47400342559,9505.399757497484,9581.936862757088,9659.090241780126,9736.864856778713,9815.265709920519,9894.297843650465,9973.966341015032,10054.276325989182,10135.232963805956,10216.841461288606,10299.107067185563,10382.035072507933,10465.630810869876,10549.89965883156,10634.84703624505,10720.478406602804,10806.799277389146,10893.815200434417,10981.531772272076,11069.954634498676,11159.08947413668,11248.94202400021,11339.518063063782,11430.823416834026,11522.863957724268,11615.64560543233,11709.174327321158,11803.456138802712,11898.49710372478,11994.303334761045,12090.880993804161,12188.23629236214,12286.375491957784,12385.304904531427,12485.030892846919,12585.55987090084,12686.898304334996,12789.052710852275,12892.029660635888,12995.8357767719,13100.477735675182,13205.962267518828,13312.296156667053,13419.486242111492,13527.539417911097,13636.462633635434,13746.262894811807,13856.947263375758,13968.522858125163,14080.996855178266,14194.376488435144,14308.66905004285,14423.881890864615] 0.31126199007860056 [Infinity,Infinity,Infinity,Infinity,Infinity,Infinity,Infinity,Infinity,Infinity,Infinity,Infinity,Infinity,Infinity,Infinity,Infinity,Infinity,Infinity,Infinity,Infinity,Infinity,Infinity,Infinity,Infinity,Infinity,Infinity,Infinity,Infinity,Infinity,Infinity,Infinity,Infinity,Infinity,Infinity,Infinity,Infinity,Infinity,Infinity,Infinity,Infinity,Infinity,Infinity,Infinity,Infinity,Infinity,Infinity,Infinity,Infinity,Infinity,Infinity,Infinity,Infinity,Infinity,Infinity,Infinity,Infinity,Infinity,Infinity,Infinity,Infinity,Infinity,Infinity,Infinity,Infinity,Infinity,Infinity,Infinity,Infinity,Infinity,Infinity,Infinity,Infinity,Infinity,Infinity,Infinity,Infinity,Infinity,Infinity,Infinity,Infinity,Infinity,Infinity,Infinity,Infinity,Infinity,Infinity,Infinity,Infinity,Infinity,Infinity,Infinity,Infinity,Infinity,Infinity,Infinity,Infinity,Infinity,Infinity,Infinity,Infinity,Infinity,Infinity,Infinity,Infinity,Infinity,Infinity,Infinity,Infinity,Infinity,Infinity,Infinity,Infinity,Infinity,Infinity,Infinity,Infinity,Infinity,Infinity,Infinity,Infinity,Infinity,Infinity,Infinity,Infinity,Infinity,Infinity,Infinity,Infinity,Infinity,Infinity,Infinity,Infinity,Infinity,Infinity,Infinity,Infinity,Infinity,Infinity,Infinity,Infinity,Infinity,1.1284489994758566,1.3783079714140132,1.288112112979317,0.9067854578382676,0.7600749598212924,1.3530981122216856,2.363630013706717,2.9055265970474276,2.3337398414283173,1.272005004986917,0.7115359310103148,1.0555681963843984,1.7387258800041505,2.1679876017412085,2.4123172730418534,2.9003537762587897,3.79003291927839,4.656249106057613,5.049828349925632,5.1487863153013524,5.476273348522044,6.190460097241891,6.829838631312873,6.923489943701789,6.333232806574255,5.079449116858522,4.02293304590663,4.709770318202177,7.509062169243434,10.64444106811814,12.459021862094895,12.71136876695222,11.571223528198981,9.819440236371703,8.472207202443208,7.842277080470014,7.746869421834229,7.938057187450672,8.116035637309535,8.250213074311011,8.66133666388434,9.208446760674063,8.987534998759049,7.712713352669288,6.30319974956183,5.528970979093851,5.679360572587595,7.075098890083273,10.132681345984837,14.276950693194205,17.56780519849379,18.083935794463116,14.327804073768656,8.980638936628441,7.3576461921437994,8.459383103090918,8.766955539382444,9.511425359263248,11.868511713023697,12.471891195448833,10.150114864802816,8.22801191247439,7.619941682801416,7.253587409614236,7.486208692013726,9.099773781155523,12.452751620867,15.901978320925124,16.465519936744542,15.739392549894195,15.898379775357643,16.022957413628408,15.149143062156856,13.01934854249284,10.986220652537018,9.503600575229676,7.722456947924513,6.8649897629631935,8.078127879182961,10.90265633509614,13.4669975298769,13.908574534286354,11.77824396669039,9.669374228360933,8.969113253217568,8.047423487742014,6.890813030681239,6.422480692883009,7.3378403232106475,8.609272720172822,9.846347583504548,10.820477639678801,10.937314892309342,11.03051777150419,10.652530752940518,9.11046059221599,7.575894980612941,6.226620300773723,5.065506990284459,4.411410221775792,4.4785082397330935,4.3734346924778285,4.117189409645668,4.060757217730741,4.21212748158211,4.353809196824093,4.331263622839719,4.389137242851382,4.557287059654935,4.447313740741525,4.068514041425814,4.116664349668813,4.170670722785727,4.301207740906111,4.00514182851479,3.773643230931126,3.6969483768197557,3.4952144624828803,3.459738158227188,2.846863111627111,2.545230270846599,2.085070243466018,0.9591949338192247,1.1333364121375777,1.4088912344966755,1.9729070222882208,3.457952627898165,4.638810164276395,5.417918722964432,6.100663179187938,6.459574974143036,6.341228532457806,5.476593305139725,4.875180907975308,4.302343264548908,3.9026815841513858,3.7500168419370885,3.0842276241763433,2.990293705409078,2.764895242501391,2.5249741523894746,2.2421775611078374,2.0801615461742493,2.14564271265775,2.0966823700585264,1.894481659016074,1.6827148218721948,1.6053192285955045,1.4391674938326937,1.2855881674735226,1.5700275783620974,1.4221530674322693,1.4892991018198274,1.780548929967527,1.4998058573069373,1.3591883154346243,1.199220126327567,1.095481332122757,0.9708654492998988,0.9025020589965832] [0.0,0.0,0.0,0.0,0.0,0.0,0.0,0.0,0.0,0.0,0.0,0.0,0.0,0.0,0.0,0.0,0.0,0.0,0.0,0.0,0.0,0.0,0.0,0.0,0.0,0.0,0.0,0.0,0.0,0.0,0.0,0.0,0.0,0.0,0.0,0.0,0.0,0.0,0.0,0.0,0.0,0.0,0.0,0.0,0.0,0.0,0.0,0.0,0.0,0.0,0.0,0.0,0.0,0.0,0.0,0.0,0.0,0.0,0.0,0.0,0.0,0.0,0.0,0.0,0.0,0.0,0.0,0.0,0.0,0.0,0.0,0.0,0.0,0.0,0.0,0.0,0.0,0.0,0.0,0.0,0.0,0.0,0.0,0.0,0.0,0.0,0.0,0.0,0.0,0.0,0.0,0.0,0.0,0.0,0.0,0.0,0.0,0.0,0.0,0.0,0.0,0.0,0.0,0.0,0.0,0.0,0.0,0.0,0.0,0.0,0.0,0.0,0.0,0.0,0.0,0.0,0.0,0.0,0.0,0.0,0.0,0.0,0.0,0.0,0.0,0.0,0.0,0.0,0.0,0.0,0.0,0.0,0.0,0.0,0.0,0.0,0.0,0.0,0.0,0.0,1.6617632188502287,-0.8253024166761731,-0.4927413856819881,1.0702680575904087,-0.07584621542030913,-0.8958353194023151,-2.659857803741669,-2.307277179943272,-0.9613931365933415,-1.0106002946829191,-0.679101357219219,-1.2545939180929064,1.7170076329379147,3.6727124555256614,-2.4744684617755714,-1.6646270061591173,0.22308422799529157,-5.171250174490211,3.200936642280186,-1.4184480995759097,7.077738350230419,0.44766962030037666,4.368529843756715,-2.170455727377433,-9.534833133149114,1.4702776496263963,6.93328974164914,9.752506173193815,-0.9464185242634697,-12.533836325721163,-11.7368004154738,16.9922311254337,1.3745919520199599,6.82269298642772,7.314855373594087,10.27636626353205,6.372547867070451,2.671865447035439,2.999511747251333,-12.172859243214141,3.8693619980937095,-1.643736044559399,-6.014391262783423,-2.409536184799132,-10.099392176534868,-2.643463455155614,-3.566090275812158,-6.113036512890165,10.780927863851126,16.123614918589873,32.992948518691925,14.189435366813143,-19.146656826008034,-7.151054060765243,-3.379175786004486,4.362923077792203,-5.170157924602653,-2.647007946899692,-11.288083502124314,-8.335597855767938,10.044933222024,0.11037531408575899,9.667594530529108,7.0673062526206465,-1.833314449792316,-5.3561052771014435,10.371427447047015,11.490911442934694,-6.748629943163569,0.8981196176095345,-15.793857169389065,-3.631162132161922,-21.91720320936593,-4.059753120284736,-7.33234265771867,13.248193270261632,2.986307484103381,-1.043159447180842,8.634353418627672,14.0934681509779,-6.304999199448225,3.837533257897125,28.65096017437712,1.7922194346446312,-6.86387603675315,-1.7944925744135378,-0.6214921027957263,3.0895027297908166,-0.031017940510099783,12.001350106831405,-6.2621681553299835,-8.903754540435202,1.119558906372173,12.664630165528388,3.1875486599164513,5.60966815648531,-3.735499656845314,5.920566627121972,8.188942388549615,1.449955040441553,0.8909560732725579,-1.0196441972251422,2.895688142737047,1.7357861216848602,-2.3114527307858626,-2.3938167875949925,3.132182749102691,7.765013161229396,-5.856611607308779,10.094038767871009,-5.02309751123973,-3.2105665828576337,0.29884175909331184,1.9452973773064213,-4.981343216500175,-5.883164335445513,-2.6705698808514375,1.7222692150261079,-0.007383268285594342,-2.4023898337311733,-0.15187594222289447,2.6238574132315726,0.7963248893791076,-0.6093974147064865,1.5631157691824862,-0.45627344513614565,-2.965180268511585,1.9529512715272521,3.681868354315816,5.296100018247791,0.6677052708392391,-8.87195571009804,0.7571406089666594,3.0376060442418633,5.2413396695248196,-6.791765262258316,3.2508179642059303,-0.8228867633679526,5.054257741186424,5.484216732124554,-3.0185529287042208,-0.6893315662027842,2.976832666065171,0.2863058916209707,1.134191455056773,0.8523969286183121,-2.500210997030169,-0.22925167022710546,-0.4127280350008912,-0.38112555858732367,-2.2143237849384962,1.7026119440090568,1.7743903253977074,-1.0305201559517818,1.3433345300660804,0.9579010406864518,-0.8693384607924006,-1.4581166535987709,0.17252250515007142,0.3070292634493726]
56242.46852480357 [0.0,0.0,0.0,0.0,0.0,0.0,0.0,0.0,0.0,0.0,0.0,0.0,0.0,0.0,0.0,0.0,0.0,0.0,0.0,0.0,0.0,0.0,0.0,0.0,0.0,0.0,0.0,0.0,0.0,0.0,0.0,0.0,0.0,0.0,0.0,0.0,0.0,0.0,0.0,0.0,0.0,0.0,0.0,0.0,0.0,0.0,0.0,0.0,0.0,0.0,0.0,0.0,0.0,0.0,0.0,0.0,0.0,0.0,0.0,0.0,0.0,0.0,0.0,0.0,0.0,0.0,0.0,0.0,0.0,0.0,0.0,0.0,0.0,0.0,0.0,0.0,0.0,0.0,0.0,0.0,0.0,0.0,0.0,0.0,0.0,0.0,0.0,0.0,0.0,0.0,0.0,0.0,0.0,0.0,0.0,0.0,0.0,0.0,0.0,0.0,0.0,0.0,0.0,0.0,0.0,0.0,0.0,0.0,0.0,0.0,0.0,0.0,0.0,0.0,0.0,0.0,0.0,0.0,0.0,0.0,0.0,0.0,0.0,0.0,0.0,0.0,0.0,0.0,0.0,0.0,0.0,0.0,0.0,0.0,0.0,0.0,0.0,0.0,0.0,0.0,298.68177014273004,372.89237628062375,414.4150194640736,415.0971159281883,453.89409728692107,453.67645717981566,438.92141183135436,410.3669907220502,386.3272945623002,351.2548482736431,441.95003130121296,467.28348004742276,469.06466242179306,528.1713586631441,572.1768572859085,684.743518580737,722.6404209037186,829.714649443193,958.1724678694418,952.0525653874876,938.4349065697926,761.6420137035835,641.872950580245,483.449096407379,405.2526179151502,413.11718157362526,483.1391594884641,582.6544327652401,791.7830651271204,931.7409741783175,1023.2610286058798,1041.8267555199586,1022.1633596493072,981.4006740791009,1011.6849198844432,1083.2352882347304,1093.5122405848153,967.9078957211059,1001.3221989498952,893.9536243563637,772.7622108325187,572.1679352286667,571.1124464998408,672.2121226279115,731.748949253141,712.4084313044955,823.0996292808011,756.1635046989877,896.6112116309233,901.1381238414276,805.6644248718851,770.1734298604656,749.1811257771426,581.69796215717,599.7465590464006,592.0167876071514,557.5732068070002,466.47264980426814,470.73900690587493,504.01466979359657,455.9609022542057,495.5556789119521,537.1421053508402,629.3303880536075,543.409714304982,625.4830179810573,615.425150721264,460.74234339029675,429.4099837091172,432.9121473011417,411.63201275747923,415.18619152681083,372.348947076003,440.58067270374744,532.6276604245229,518.9865488900506,501.6385050601636,485.8210156641631,468.6766363756869,454.534475348706,496.469152110848,495.8778656375229,448.49242488027124,484.4066037090124,403.0028038132758,282.4391506520676,203.35137236741605,262.2987687446389,309.9602106632367,384.4978056142139,381.3936773864628,364.4913078015487,328.4511117827018,316.5948522572608,296.21620724832053,283.39721656337053,261.7922844288044,240.21190450504946,232.02327014783035,216.28324510779515,217.4784428244744,193.17521162067183,201.9634349650611,185.11522858225302,157.81336525406502,168.65084325038146,171.8750495785318,151.98166832435538,134.1863932013077,135.90092507072544,111.43351403949146,97.86989778656117,107.29903003852162,103.61650131415843,109.90159519467339,123.49732695109908,130.9420236938209,131.2456512491673,127.31634861588606,129.04647548681638,129.91161314348446,114.92986241081583,113.3473985064283,92.61597451733479,121.79005512402068,117.76565112788721,118.5952910403171,129.1756625093469,119.52489755674802,106.39307904900126,117.19139213628972,113.01312076828667,96.15462514548265,88.46845861430539,85.57671293632512,76.89045868005579,73.25075387767485,74.77834810935268,72.132903098653,60.33234825600295,63.49675638776631,56.92712954080974,50.725319383256256,48.23463725572715,48.64358879763103,44.69663817328272,45.78118247177525,40.22691495228207,33.717251608499964,34.37337733736143,30.94662742010453,29.375536354020028,31.23213664009627,31.778561323848642,33.635247974482176,33.691254618641295,37.53979079490636,36.309760405967474,35.71173552623456,35.51621422822187] [1311.2619900786005,1321.8202200865917,1332.463464547639,1343.19240799478,1354.0077404728797,1364.9101575830227,1375.9003605272408,1386.9790561536227,1398.1469570017646,1409.4047813486081,1420.7532532546286,1432.193102610412,1443.7250651835902,1455.3498826661717,1467.068302722235,1478.881079036026,1490.78897136042,1502.7927455657994,1514.8931736892998,1527.0910339844697,1539.3871109713293,1551.7821954868166,1564.2770847356642,1576.872582341659,1589.569498399342,1602.368649526097,1615.270858914685,1628.2769563861766,1641.3877784433362,1654.6041683244075,1667.9269760573632,1681.3570585145608,1694.895279467867,1708.5425096441993,1722.2996267815402,1736.1675156853773,1750.1470682856248,1764.2391836939755,1778.4447682617345,1792.7647356381167,1807.2000068289992,1821.7515102561672,1836.4201818170154,1851.2069649447558,1866.112810669078,1881.1386776773347,1896.285532376183,1911.5543489537563,1926.9461094423048,1942.4618037813711,1958.1024298814455,1973.8689936881608,1989.7625092469793,2005.7839987684179,2021.9344926937952,2038.215029761504,2054.626657073813,2071.1704301642176,2087.8474130653335,2104.6586783773164,2121.605307336866,2138.6883898867477,2155.9090247459117,2173.268319480143,2190.767390573309,2208.407363499154,2226.1893727937027,2244.1145621282076,2262.184084382728,2280.399101720259,2298.7607856614945,2317.2703171601615,2335.9288866789793,2354.7376942662327,2373.6979496329395,2392.810872230673,2412.077691329971,2431.4996460994216,2451.0779856853383,2470.813969292122,2490.7088662632277,2510.763956162824,2530.9805288580706,2551.359884602096,2571.9033341176064,2592.612198681206,2613.487810208354,2634.5315113390543,2655.7446555241822,2677.1286071125573,2698.6847414386757,2720.4144449111714,2742.319115101994,2764.4001608362782,2786.6590022829737,2809.097071046162,2831.715810257159,2854.5166746673017,2877.5011307415425,2900.67065675274,2924.0267428767575,2947.570891288285,2971.304616257478,2995.22944424732,3019.346914011829,3043.658576695001,3068.1659959305807,3092.870747942638,3117.7744216469364,3142.87861875312,3168.1849538677375,3193.695054598094,3219.410561656912,3245.333128967883,3271.4644237720117,3297.806126734876,3324.3599320546946,3351.1275475713155,3378.1106948760344,3405.3111094223436,3432.7305406375262,3460.3707520352004,3488.23352132871,3516.320640545493,3544.6339161423107,3573.1751691214417,3601.9462351478164,3630.9489646670518,3660.1852230244945,3689.6568905851636,3719.3658628547196,3749.3140506013438,3779.5033799786634,3809.935792649603,3840.6132459112973,3871.5377128209448,3902.7111823227383,3934.135659375755,3965.8131650829396,3997.7457368210635,4029.9354283717907,4062.3843100537392,4095.0944688556665,4128.068008570669,4161.3070499315045,4194.813730746993,4228.590206039511,4262.638648183577,4296.961247045588,4331.560210124669,4366.437762694626,4401.596147947099,4437.037627135803,4472.764479721992,4508.779003521039,4545.083514850253,4581.680348677821,4618.571858773019,4655.7604178575675,4693.248417758249,4731.038269560753,4769.132403764733,4807.533270440121,4846.243339384716,4885.265100283049,4924.601062866471,4964.253757074609,5004.22573321805,5044.519562142395,5085.137835393579,5126.08316538458,5167.3581855634,5208.965550582488,5250.907936469426,5293.188040799074,5335.808582867062,5378.772303864684,5422.081967055189,5465.740357951513,5509.7502844954415,5554.1145772382,5598.836089522486,5643.917697666003,5689.362301146471,5735.17282278806,5781.352208949439,5827.903429713208,5874.829479076986,5922.133375145914,5969.818160326825,6017.886901523867,6066.342690335802,6115.188643254807,6164.427901866934,6214.06363305417,6264.099029198114,6314.537308385285,6365.381714614103,6416.635518003553,6468.302015003491,6520.384528606639,6572.88640856233,6625.811031591967,6679.16180160615,6732.942149923667,6787.155535492116,6841.805445110439,6896.895393653112,6952.428924296275,7008.409608745552,7064.841047465831,7121.726869912778,7179.070734766296,7236.876330165845,7295.147373947643,7353.887613883764,7413.100827923194,7472.790824434837,7532.961442452409,7593.616551921397,7654.7600539479145,7716.395881049652,7778.527997408752,7841.160399126823,7904.2971144818985,7967.94220418758,8032.099761654146,8096.773913251861,8161.968818576374,8227.688670716232,8293.937696522553,8360.720156880894,8428.04034698531,8495.90259661459,8564.311270410717,8633.270768159597,8702.785525074065,8772.860012079082,8843.498736099358,8914.706240349144,8986.487104624512,9058.845945597834,9131.787417114787,9205.31621049359,9279.437054826807,9354.154717285446,9429.47400342559,9505.399757497484,9581.936862757088,9659.090241780126,9736.864856778713,9815.265709920519,9894.297843650465,9973.966341015032,10054.276325989182,10135.232963805956,10216.841461288606,10299.107067185563,10382.035072507933,10465.630810869876,10549.89965883156,10634.84703624505,10720.478406602804,10806.799277389146,10893.815200434417,10981.531772272076,11069.954634498676,11159.08947413668,11248.94202400021,11339.518063063782,11430.823416834026,11522.863957724268,11615.64560543233,11709.174327321158,11803.456138802712,11898.49710372478,11994.303334761045,12090.880993804161,12188.23629236214,12286.375491957784,12385.304904531427,12485.030892846919,12585.55987090084,12686.898304334996,12789.052710852275,12892.029660635888,12995.8357767719,13100.477735675182,13205.962267518828,13312.296156667053,13419.486242111492,13527.539417911097,13636.462633635434,13746.262894811807,13856.947263375758,13968.522858125163,14080.996855178266,14194.376488435144,14308.66905004285,14423.881890864615] 0.31126199007860056 [Infinity,Infinity,Infinity,Infinity,Infinity,Infinity,Infinity,Infinity,Infinity,Infinity,Infinity,Infinity,Infinity,Infinity,Infinity,Infinity,Infinity,Infinity,Infinity,Infinity,Infinity,Infinity,Infinity,Infinity,Infinity,Infinity,Infinity,Infinity,Infinity,Infinity,Infinity,Infinity,Infinity,Infinity,Infinity,Infinity,Infinity,Infinity,Infinity,Infinity,Infinity,Infinity,Infinity,Infinity,Infinity,Infinity,Infinity,Infinity,Infinity,Infinity,Infinity,Infinity,Infinity,Infinity,Infinity,Infinity,Infinity,Infinity,Infinity,Infinity,Infinity,Infinity,Infinity,Infinity,Infinity,Infinity,Infinity,Infinity,Infinity,Infinity,Infinity,Infinity,Infinity,Infinity,Infinity,Infinity,Infinity,Infinity,Infinity,Infinity,Infinity,Infinity,Infinity,Infinity,Infinity,Infinity,Infinity,Infinity,Infinity,Infinity,Infinity,Infinity,Infinity,Infinity,Infinity,Infinity,Infinity,Infinity,Infinity,Infinity,Infinity,Infinity,Infinity,Infinity,Infinity,Infinity,Infinity,Infinity,Infinity,Infinity,Infinity,Infinity,Infinity,Infinity,Infinity,Infinity,Infinity,Infinity,Infinity,Infinity,Infinity,Infinity,Infinity,Infinity,Infinity,Infinity,Infinity,Infinity,Infinity,Infinity,Infinity,Infinity,Infinity,Infinity,Infinity,Infinity,Infinity,Infinity,Infinity,Infinity,16.184083351971626,18.101054191332203,19.931851444995225,21.414477766472153,22.224654961565186,22.06435913332836,21.12431244233193,19.928686456018177,19.025754229762548,18.924510919203772,20.13233117664428,22.63414086207543,25.573202737655375,28.106037696873265,30.413796050509195,33.23795806316964,37.097344228279496,42.00648601167083,47.62792235627698,51.235415993040625,48.75782800300827,39.70193312638348,29.59144657044037,23.626754028712572,21.577994783583286,21.574833885350422,23.675538986553008,29.49211178492095,38.57860648311947,46.76716673013996,50.59814215797673,50.9534890797957,49.78870963449674,49.27812870242695,51.45109334205078,54.56969571649385,54.395910931402305,50.5872334754145,46.76032342932664,43.76593526846654,38.62417968712357,31.695157812830292,29.022121038799373,32.59059885527073,36.40082627733344,37.35023033681496,38.805375661635246,41.950881342941685,43.46225277138128,42.139410077076064,40.200230363350684,38.13792463353216,34.482143216930744,30.556446696219428,29.442245660721984,29.28519779505106,26.68271038504782,24.124074997819314,24.17803271989652,24.141716119782654,23.273794168319213,25.05018170458582,28.919307440460624,31.397331561150576,32.461607380912305,32.29088087661192,28.471588222243223,22.908972307943635,21.385881875493897,22.674487827118373,23.1546309037725,20.950713154389568,19.573365175257912,23.92234684481031,27.501389048384016,27.023466329264426,26.329295834380467,25.35802917031771,23.86789122434787,23.554228519997487,23.79895740274198,23.686945994417474,23.535764904847642,23.33128542310422,20.999183969931856,14.014056547726366,10.030717016635522,12.41031370525647,16.88083488320563,19.133471670347678,19.138208227479875,18.414590574506317,17.04190175030305,16.091254251843846,15.359240189473278,14.228252054500302,13.418141560268017,12.47459676491649,11.657764603476819,11.113369111934592,10.14068692329985,9.766230610344204,9.397066850570344,8.915908786336699,8.774756262158116,8.379023546506485,8.130325674910205,7.837817822691707,7.085192459097828,6.4082669870392035,6.098969251428038,5.140976572087616,5.3019854382378195,5.358148923003538,5.529205865074544,6.047636698270155,6.580784511815241,6.804976935795001,6.405384176671014,6.069049045816447,5.939948241153748,5.913881648500153,5.544804324004142,4.869863738937244,5.343903038035256,5.748856068182335,6.416333837808628,6.6386212924712895,6.275963011950548,6.092529768754088,5.806640163119461,5.388500084849728,4.73918939985287,4.370532864987874,4.186978975573565,3.8897337950847244,3.631052881142375,3.713079314230255,3.480743679466986,3.4109273638631388,3.208891314976956,2.93628860911243,2.658508318716737,2.4064819175614174,2.3006481655956335,2.1992262739498094,2.1149797003876634,1.9121233731848282,1.7844528506880515,1.674395541324546,1.6031340278965942,1.5867094082927435,1.5864391861708875,1.5524792986651021,1.5937433287989786,1.6946453745902605,1.7652286264418422,1.888170292465358,1.854255183707933,1.8576121824087022] [0.0,0.0,0.0,0.0,0.0,0.0,0.0,0.0,0.0,0.0,0.0,0.0,0.0,0.0,0.0,0.0,0.0,0.0,0.0,0.0,0.0,0.0,0.0,0.0,0.0,0.0,0.0,0.0,0.0,0.0,0.0,0.0,0.0,0.0,0.0,0.0,0.0,0.0,0.0,0.0,0.0,0.0,0.0,0.0,0.0,0.0,0.0,0.0,0.0,0.0,0.0,0.0,0.0,0.0,0.0,0.0,0.0,0.0,0.0,0.0,0.0,0.0,0.0,0.0,0.0,0.0,0.0,0.0,0.0,0.0,0.0,0.0,0.0,0.0,0.0,0.0,0.0,0.0,0.0,0.0,0.0,0.0,0.0,0.0,0.0,0.0,0.0,0.0,0.0,0.0,0.0,0.0,0.0,0.0,0.0,0.0,0.0,0.0,0.0,0.0,0.0,0.0,0.0,0.0,0.0,0.0,0.0,0.0,0.0,0.0,0.0,0.0,0.0,0.0,0.0,0.0,0.0,0.0,0.0,0.0,0.0,0.0,0.0,0.0,0.0,0.0,0.0,0.0,0.0,0.0,0.0,0.0,0.0,0.0,0.0,0.0,0.0,0.0,0.0,0.0,-24.99989689670246,10.871292453979706,15.777990564169087,-13.192439401254767,9.400998055617391,12.389274513248457,16.43516298471573,11.793261601686721,5.812209967049229,-27.23537011043233,39.303407768327375,14.60066280591417,-42.39939233131447,-33.949395274321255,-36.09906372427541,19.984357317344227,-19.306463661871387,-10.415070790223588,5.614020743902156,-72.65575447332492,-36.72165349037289,-32.39664882408611,50.044019171437476,10.914015833127584,-26.30727775651554,-18.379496133383146,9.62837975740396,-7.187802933178907,20.21093546473097,-3.602360424481736,11.298185446345155,22.75697392404463,26.389166959372357,-4.161899969438134,-17.336946956572554,-8.15862609514644,5.5940219567691845,-43.83677378718419,66.1157303633625,18.634918987032876,0.2786170900472249,-61.73522102793914,-9.32997427614665,20.400145522497077,3.7324237064722405,-34.59617543180376,46.992116048096136,-82.8541221598461,27.36615620329764,58.34992229990636,1.6598176048715325,7.4149371898224405,59.538261438527705,-29.430971767218598,10.901645831961018,6.3128317061301455,23.91899910604385,-16.00885015211809,-12.82164749205547,21.180347397943507,-9.514981112178598,-5.447955179764346,-41.24404345837226,1.3837568305959622,-105.82243331326416,-20.334599551181267,45.99338627639954,2.5628972314240452,1.6923461992393225,-20.577609241225748,-51.46060531797076,-3.828071560980528,-19.118356429155252,-37.86626419245873,-17.40012054315743,-21.482777695237978,-24.947411627445767,-21.339567742191093,-8.681188111270478,-16.550095051243716,20.49000405600837,22.13894574917342,-22.222873216681602,17.78089524692804,-16.980875585361286,2.158019697540288,2.737032034705608,14.09249463950946,-27.656487000875895,1.8283722072603708,-1.3704871631347342,-3.8005036885776198,-12.38692322335922,-5.23023277961612,-10.968596541145025,-1.1678245266355012,-6.570546776555959,-9.28003079328034,-1.1320219217060332,-5.984137130896694,14.664704358477431,-2.149400586212238,14.022097953654255,6.797052855519034,-17.681759989097294,1.0703723202517776,9.268536080327701,-4.774688129478756,-7.517455980648859,7.735585329941371,-10.545870989069307,-4.9496336551911435,1.259321273765232,-3.5464771459123527,-0.6825221068174866,2.5445929856959695,-0.6736665424839348,-4.853887466732721,-0.7913349175342081,7.665494570487414,11.11264832040951,-3.3477705591872327,2.451312026345469,-4.781300261410097,14.911994363315571,2.7885297642405136,-9.731385715855469,-3.596763340078891,-5.99436268226294,-15.457516326080489,1.0585888739005016,5.243119071292109,1.3708371484252684,1.0578013145479144,1.837133424853812,-0.9042172216386988,0.629696254827349,0.5167618247475828,2.5180295093132763,-7.886199021259821,-0.681069911772807,-1.798642641438868,-2.444846991078476,0.10499890449880465,2.630625485718362,0.7121126942865352,3.481588464021979,1.9844474885855068,-1.971805405261062,0.8854665108705122,-1.1160531378273544,-2.3586518118348447,-0.4966470833214824,0.7289753505465998,1.7603813985026042,-0.20165287316391264,2.2352182660695163,-1.4536454433396893,-1.3733681479240996,-1.6360294199521757]
56376.72078638425 [0.0,0.0,0.0,0.0,0.0,0.0,0.0,0.0,0.0,0.0,0.0,0.0,0.0,0.0,0.0,0.0,0.0,0.0,0.0,0.0,0.0,0.0,0.0,0.0,0.0,0.0,0.0,0.0,0.0,0.0,0.0,0.0,0.0,0.0,0.0,0.0,0.0,0.0,0.0,0.0,0.0,0.0,0.0,0.0,0.0,0.0,0.0,0.0,0.0,0.0,0.0,0.0,0.0,0.0,0.0,0.0,0.0,0.0,0.0,0.0,0.0,0.0,0.0,0.0,0.0,0.0,0.0,0.0,0.0,0.0,0.0,0.0,0.0,0.0,0.0,0.0,0.0,0.0,0.0,0.0,0.0,0.0,0.0,0.0,0.0,0.0,0.0,0.0,0.0,0.0,0.0,0.0,0.0,0.0,0.0,0.0,0.0,0.0,0.0,0.0,0.0,0.0,0.0,0.0,0.0,0.0,0.0,0.0,0.0,0.0,0.0,0.0,0.0,0.0,0.0,0.0,0.0,0.0,0.0,0.0,0.0,0.0,0.0,0.0,0.0,0.0,0.0,0.0,0.0,0.0,0.0,0.0,0.0,0.0,0.0,0.0,0.0,0.0,0.0,0.0,0.0,0.0,0.0,0.0,0.0,0.0,0.0,0.0,0.0,0.0,0.0,0.0,0.0,0.0,0.0,0.0,0.0,0.0,0.0,0.0,0.0,0.0,0.0,0.0,0.0,0.0,0.0,0.0,0.0,0.0,0.0,0.0,0.0,0.0,0.0,0.0,0.0,0.0,0.0,0.0,0.0,0.0,0.0,0.0,0.0,0.0,0.0,0.0,0.0,0.0,0.0,0.0,0.0,0.0,0.0,0.0,0.0,0.0,0.0,0.0,0.0,0.0,0.0,0.0,0.0,0.0,0.0,0.0,0.0,0.0,0.0,0.0,0.0,0.0,0.0,0.0,0.0,0.0,0.0,0.0,0.0,0.0,0.0,0.0,0.0,0.0,0.0,0.0,0.0,0.0,0.0,0.0,0.0,0.0,0.0,0.0,0.0,0.0,0.0,0.0,0.0,0.0,0.0,0.0,0.0,0.0,0.0,0.0,0.0,0.0,0.0,0.0,0.0,0.0,0.0,0.0,0.0,0.0,0.0,0.0,0.0,0.0,0.0,0.0,0.0,0.0,0.0,0.0,0.0,0.0,0.0,0.0,0.0,0.0,0.0,0.0,0.0,0.0,0.0,0.0,0.0,0.0,0.0,0.0,0.0,0.0,0.0,0.0,0.0,0.0,0.0,0.0,0.0,0.0,0.0,0.0,0.0,0.0,0.0,0.0] [1311.2619900786005,1321.8202200865917,1332.463464547639,1343.19240799478,1354.0077404728797,1364.9101575830227,1375.9003605272408,1386.9790561536227,1398.1469570017646,1409.4047813486081,1420.7532532546286,1432.193102610412,1443.7250651835902,1455.3498826661717,1467.068302722235,1478.881079036026,1490.78897136042,1502.7927455657994,1514.8931736892998,1527.0910339844697,1539.3871109713293,1551.7821954868166,1564.2770847356642,1576.872582341659,1589.569498399342,1602.368649526097,1615.270858914685,1628.2769563861766,1641.3877784433362,1654.6041683244075,1667.9269760573632,1681.3570585145608,1694.895279467867,1708.5425096441993,1722.2996267815402,1736.1675156853773,1750.1470682856248,1764.2391836939755,1778.4447682617345,1792.7647356381167,1807.2000068289992,1821.7515102561672,1836.4201818170154,1851.2069649447558,1866.112810669078,1881.1386776773347,1896.285532376183,1911.5543489537563,1926.9461094423048,1942.4618037813711,1958.1024298814455,1973.8689936881608,1989.7625092469793,2005.7839987684179,2021.9344926937952,2038.215029761504,2054.626657073813,2071.1704301642176,2087.8474130653335,2104.6586783773164,2121.605307336866,2138.6883898867477,2155.9090247459117,2173.268319480143,2190.767390573309,2208.407363499154,2226.1893727937027,2244.1145621282076,2262.184084382728,2280.399101720259,2298.7607856614945,2317.2703171601615,2335.9288866789793,2354.7376942662327,2373.6979496329395,2392.810872230673,2412.077691329971,2431.4996460994216,2451.0779856853383,2470.813969292122,2490.7088662632277,2510.763956162824,2530.9805288580706,2551.359884602096,2571.9033341176064,2592.612198681206,2613.487810208354,2634.5315113390543,2655.7446555241822,2677.1286071125573,2698.6847414386757,2720.4144449111714,2742.319115101994,2764.4001608362782,2786.6590022829737,2809.097071046162,2831.715810257159,2854.5166746673017,2877.5011307415425,2900.67065675274,2924.0267428767575,2947.570891288285,2971.304616257478,2995.22944424732,3019.346914011829,3043.658576695001,3068.1659959305807,3092.870747942638,3117.7744216469364,3142.87861875312,3168.1849538677375,3193.695054598094,3219.410561656912,3245.333128967883,3271.4644237720117,3297.806126734876,3324.3599320546946,3351.1275475713155,3378.1106948760344,3405.3111094223436,3432.7305406375262,3460.3707520352004,3488.23352132871,3516.320640545493,3544.6339161423107,3573.1751691214417,3601.9462351478164,3630.9489646670518,3660.1852230244945,3689.6568905851636,3719.3658628547196,3749.3140506013438,3779.5033799786634,3809.935792649603,3840.6132459112973,3871.5377128209448,3902.7111823227383,3934.135659375755,3965.8131650829396,3997.7457368210635,4029.9354283717907,4062.3843100537392,4095.0944688556665,4128.068008570669,4161.3070499315045,4194.813730746993,4228.590206039511,4262.638648183577,4296.961247045588,4331.560210124669,4366.437762694626,4401.596147947099,4437.037627135803,4472.764479721992,4508.779003521039,4545.083514850253,4581.680348677821,4618.571858773019,4655.7604178575675,4693.248417758249,4731.038269560753,4769.132403764733,4807.533270440121,4846.243339384716,4885.265100283049,4924.601062866471,4964.253757074609,5004.22573321805,5044.519562142395,5085.137835393579,5126.08316538458,5167.3581855634,5208.965550582488,5250.907936469426,5293.188040799074,5335.808582867062,5378.772303864684,5422.081967055189,5465.740357951513,5509.7502844954415,5554.1145772382,5598.836089522486,5643.917697666003,5689.362301146471,5735.17282278806,5781.352208949439,5827.903429713208,5874.829479076986,5922.133375145914,5969.818160326825,6017.886901523867,6066.342690335802,6115.188643254807,6164.427901866934,6214.06363305417,6264.099029198114,6314.537308385285,6365.381714614103,6416.635518003553,6468.302015003491,6520.384528606639,6572.88640856233,6625.811031591967,6679.16180160615,6732.942149923667,6787.155535492116,6841.805445110439,6896.895393653112,6952.428924296275,7008.409608745552,7064.841047465831,7121.726869912778,7179.070734766296,7236.876330165845,7295.147373947643,7353.887613883764,7413.100827923194,7472.790824434837,7532.961442452409,7593.616551921397,7654.7600539479145,7716.395881049652,7778.527997408752,7841.160399126823,7904.2971144818985,7967.94220418758,8032.099761654146,8096.773913251861,8161.968818576374,8227.688670716232,8293.937696522553,8360.720156880894,8428.04034698531,8495.90259661459,8564.311270410717,8633.270768159597,8702.785525074065,8772.860012079082,8843.498736099358,8914.706240349144,8986.487104624512,9058.845945597834,9131.787417114787,9205.31621049359,9279.437054826807,9354.154717285446,9429.47400342559,9505.399757497484,9581.936862757088,9659.090241780126,9736.864856778713,9815.265709920519,9894.297843650465,9973.966341015032,10054.276325989182,10135.232963805956,10216.841461288606,10299.107067185563,10382.035072507933,10465.630810869876,10549.89965883156,10634.84703624505,10720.478406602804,10806.799277389146,10893.815200434417,10981.531772272076,11069.954634498676,11159.08947413668,11248.94202400021,11339.518063063782,11430.823416834026,11522.863957724268,11615.64560543233,11709.174327321158,11803.456138802712,11898.49710372478,11994.303334761045,12090.880993804161,12188.23629236214,12286.375491957784,12385.304904531427,12485.030892846919,12585.55987090084,12686.898304334996,12789.052710852275,12892.029660635888,12995.8357767719,13100.477735675182,13205.962267518828,13312.296156667053,13419.486242111492,13527.539417911097,13636.462633635434,13746.262894811807,13856.947263375758,13968.522858125163,14080.996855178266,14194.376488435144,14308.66905004285,14423.881890864615] 0.31126199007860056 [Infinity,Infinity,Infinity,Infinity,Infinity,Infinity,Infinity,Infinity,Infinity,Infinity,Infinity,Infinity,Infinity,Infinity,Infinity,Infinity,Infinity,Infinity,Infinity,Infinity,Infinity,Infinity,Infinity,Infinity,Infinity,Infinity,Infinity,Infinity,Infinity,Infinity,Infinity,Infinity,Infinity,Infinity,Infinity,Infinity,Infinity,Infinity,Infinity,Infinity,Infinity,Infinity,Infinity,Infinity,Infinity,Infinity,Infinity,Infinity,Infinity,Infinity,Infinity,Infinity,Infinity,Infinity,Infinity,Infinity,Infinity,Infinity,Infinity,Infinity,Infinity,Infinity,Infinity,Infinity,Infinity,Infinity,Infinity,Infinity,Infinity,Infinity,Infinity,Infinity,Infinity,Infinity,Infinity,Infinity,Infinity,Infinity,Infinity,Infinity,Infinity,Infinity,Infinity,Infinity,Infinity,Infinity,Infinity,Infinity,Infinity,Infinity,Infinity,Infinity,Infinity,Infinity,Infinity,Infinity,Infinity,Infinity,Infinity,Infinity,Infinity,Infinity,Infinity,Infinity,Infinity,Infinity,Infinity,Infinity,Infinity,Infinity,Infinity,Infinity,Infinity,Infinity,Infinity,Infinity,Infinity,Infinity,Infinity,Infinity,Infinity,Infinity,Infinity,Infinity,Infinity,Infinity,Infinity,Infinity,Infinity,Infinity,Infinity,Infinity,Infinity,Infinity,Infinity,Infinity,Infinity,Infinity,Infinity,Infinity,Infinity,Infinity,Infinity,Infinity,Infinity,Infinity,Infinity,Infinity,Infinity,Infinity,Infinity,Infinity,Infinity,Infinity,Infinity,Infinity,Infinity,Infinity,Infinity,Infinity,Infinity,Infinity,Infinity,Infinity,Infinity,Infinity,Infinity,Infinity,Infinity,Infinity,Infinity,Infinity,Infinity,Infinity,Infinity,Infinity,Infinity,Infinity,Infinity,Infinity,Infinity,Infinity,Infinity,Infinity,Infinity,Infinity,Infinity,Infinity,Infinity,Infinity,Infinity,Infinity,Infinity,Infinity,Infinity,Infinity,Infinity,Infinity,Infinity,Infinity,Infinity,Infinity,Infinity,Infinity,Infinity,Infinity,Infinity,Infinity,Infinity,Infinity,Infinity,Infinity,Infinity,Infinity,Infinity,Infinity,Infinity,Infinity,Infinity,Infinity,Infinity,Infinity,Infinity,Infinity,Infinity,Infinity,Infinity,Infinity,Infinity,Infinity,Infinity,Infinity,Infinity,Infinity,Infinity,Infinity,Infinity,Infinity,Infinity,Infinity,Infinity,Infinity,Infinity,Infinity,Infinity,Infinity,Infinity,Infinity,Infinity,Infinity,Infinity,Infinity,Infinity,Infinity,Infinity,Infinity,Infinity,Infinity,Infinity,Infinity,Infinity,Infinity,Infinity,Infinity,Infinity,Infinity,Infinity,Infinity,Infinity,Infinity,Infinity,Infinity,Infinity,Infinity,Infinity,Infinity,Infinity,Infinity,Infinity,Infinity,Infinity,Infinity,Infinity,Infinity,Infinity,Infinity,Infinity,Infinity,Infinity,Infinity,Infinity,Infinity,Infinity,Infinity,Infinity,Infinity,Infinity,Infinity,Infinity,Infinity] [0.0,0.0,0.0,0.0,0.0,0.0,0.0,0.0,0.0,0.0,0.0,0.0,0.0,0.0,0.0,0.0,0.0,0.0,0.0,0.0,0.0,0.0,0.0,0.0,0.0,0.0,0.0,0.0,0.0,0.0,0.0,0.0,0.0,0.0,0.0,0.0,0.0,0.0,0.0,0.0,0.0,0.0,0.0,0.0,0.0,0.0,0.0,0.0,0.0,0.0,0.0,0.0,0.0,0.0,0.0,0.0,0.0,0.0,0.0,0.0,0.0,0.0,0.0,0.0,0.0,0.0,0.0,0.0,0.0,0.0,0.0,0.0,0.0,0.0,0.0,0.0,0.0,0.0,0.0,0.0,0.0,0.0,0.0,0.0,0.0,0.0,0.0,0.0,0.0,0.0,0.0,0.0,0.0,0.0,0.0,0.0,0.0,0.0,0.0,0.0,0.0,0.0,0.0,0.0,0.0,0.0,0.0,0.0,0.0,0.0,0.0,0.0,0.0,0.0,0.0,0.0,0.0,0.0,0.0,0.0,0.0,0.0,0.0,0.0,0.0,0.0,0.0,0.0,0.0,0.0,0.0,0.0,0.0,0.0,0.0,0.0,0.0,0.0,0.0,0.0,0.0,0.0,0.0,0.0,0.0,0.0,0.0,0.0,0.0,0.0,0.0,0.0,0.0,0.0,0.0,0.0,0.0,0.0,0.0,0.0,0.0,0.0,0.0,0.0,0.0,0.0,0.0,0.0,0.0,0.0,0.0,0.0,0.0,0.0,0.0,0.0,0.0,0.0,0.0,0.0,0.0,0.0,0.0,0.0,0.0,0.0,0.0,0.0,0.0,0.0,0.0,0.0,0.0,0.0,0.0,0.0,0.0,0.0,0.0,0.0,0.0,0.0,0.0,0.0,0.0,0.0,0.0,0.0,0.0,0.0,0.0,0.0,0.0,0.0,0.0,0.0,0.0,0.0,0.0,0.0,0.0,0.0,0.0,0.0,0.0,0.0,0.0,0.0,0.0,0.0,0.0,0.0,0.0,0.0,0.0,0.0,0.0,0.0,0.0,0.0,0.0,0.0,0.0,0.0,0.0,0.0,0.0,0.0,0.0,0.0,0.0,0.0,0.0,0.0,0.0,0.0,0.0,0.0,0.0,0.0,0.0,0.0,0.0,0.0,0.0,0.0,0.0,0.0,0.0,0.0,0.0,0.0,0.0,0.0,0.0,0.0,0.0,0.0,0.0,0.0,0.0,0.0,0.0,0.0,0.0,0.0,0.0,0.0,0.0,0.0,0.0,0.0,0.0,0.0,0.0,0.0,0.0,0.0,0.0,0.0]
56338.75435554519 [0.0,0.0,0.0,0.0,0.0,0.0,0.0,0.0,0.0,0.0,0.0,0.0,0.0,0.0,0.0,0.0,0.0,0.0,0.0,0.0,0.0,0.0,0.0,0.0,0.0,0.0,0.0,0.0,0.0,0.0,0.0,0.0,0.0,0.0,0.0,0.0,0.0,0.0,0.0,0.0,0.0,0.0,0.0,0.0,0.0,0.0,0.0,0.0,0.0,0.0,0.0,0.0,0.0,0.0,0.0,0.0,0.0,0.0,0.0,0.0,0.0,0.0,0.0,0.0,0.0,0.0,0.0,0.0,0.0,0.0,0.0,0.0,0.0,0.0,0.0,0.0,0.0,0.0,0.0,0.0,0.0,0.0,0.0,0.0,0.0,0.0,0.0,0.0,0.0,0.0,0.0,0.0,0.0,0.0,0.0,0.0,0.0,0.0,0.0,0.0,0.0,0.0,0.0,0.0,0.0,0.0,0.0,0.0,0.0,0.0,0.0,0.0,0.0,0.0,0.0,0.0,0.0,0.0,0.0,0.0,0.0,0.0,0.0,0.0,0.0,0.0,0.0,0.0,0.0,0.0,0.0,0.0,0.0,0.0,0.0,0.0,0.0,0.0,0.0,0.0,0.0,0.0,0.0,0.0,0.0,0.0,0.0,0.0,0.0,0.0,0.0,0.0,0.0,0.0,0.0,0.0,0.0,0.0,0.0,0.0,0.0,0.0,0.0,0.0,0.0,0.0,0.0,0.0,0.0,0.0,0.0,0.0,0.0,0.0,0.0,0.0,0.0,0.0,0.0,0.0,0.0,0.0,0.0,0.0,0.0,0.0,0.0,0.0,0.0,0.0,0.0,0.0,0.0,0.0,0.0,0.0,0.0,0.0,0.0,0.0,0.0,0.0,0.0,0.0,0.0,0.0,0.0,0.0,0.0,0.0,0.0,0.0,0.0,0.0,0.0,0.0,0.0,0.0,0.0,0.0,0.0,0.0,0.0,0.0,0.0,0.0,0.0,0.0,0.0,0.0,0.0,0.0,0.0,0.0,0.0,0.0,0.0,0.0,0.0,0.0,0.0,0.0,0.0,0.0,0.0,0.0,0.0,0.0,0.0,0.0,0.0,0.0,0.0,0.0,0.0,0.0,0.0,0.0,0.0,0.0,0.0,0.0,0.0,0.0,0.0,0.0,0.0,0.0,0.0,0.0,0.0,0.0,0.0,0.0,0.0,0.0,0.0,0.0,0.0,0.0,0.0,0.0,0.0,0.0,0.0,0.0,0.0,0.0,0.0,0.0,0.0,0.0,0.0,0.0,0.0,0.0,0.0,0.0,0.0,0.0] [1311.2619900786005,1321.8202200865917,1332.463464547639,1343.19240799478,1354.0077404728797,1364.9101575830227,1375.9003605272408,1386.9790561536227,1398.1469570017646,1409.4047813486081,1420.7532532546286,1432.193102610412,1443.7250651835902,1455.3498826661717,1467.068302722235,1478.881079036026,1490.78897136042,1502.7927455657994,1514.8931736892998,1527.0910339844697,1539.3871109713293,1551.7821954868166,1564.2770847356642,1576.872582341659,1589.569498399342,1602.368649526097,1615.270858914685,1628.2769563861766,1641.3877784433362,1654.6041683244075,1667.9269760573632,1681.3570585145608,1694.895279467867,1708.5425096441993,1722.2996267815402,1736.1675156853773,1750.1470682856248,1764.2391836939755,1778.4447682617345,1792.7647356381167,1807.2000068289992,1821.7515102561672,1836.4201818170154,1851.2069649447558,1866.112810669078,1881.1386776773347,1896.285532376183,1911.5543489537563,1926.9461094423048,1942.4618037813711,1958.1024298814455,1973.8689936881608,1989.7625092469793,2005.7839987684179,2021.9344926937952,2038.215029761504,2054.626657073813,2071.1704301642176,2087.8474130653335,2104.6586783773164,2121.605307336866,2138.6883898867477,2155.9090247459117,2173.268319480143,2190.767390573309,2208.407363499154,2226.1893727937027,2244.1145621282076,2262.184084382728,2280.399101720259,2298.7607856614945,2317.2703171601615,2335.9288866789793,2354.7376942662327,2373.6979496329395,2392.810872230673,2412.077691329971,2431.4996460994216,2451.0779856853383,2470.813969292122,2490.7088662632277,2510.763956162824,2530.9805288580706,2551.359884602096,2571.9033341176064,2592.612198681206,2613.487810208354,2634.5315113390543,2655.7446555241822,2677.1286071125573,2698.6847414386757,2720.4144449111714,2742.319115101994,2764.4001608362782,2786.6590022829737,2809.097071046162,2831.715810257159,2854.5166746673017,2877.5011307415425,2900.67065675274,2924.0267428767575,2947.570891288285,2971.304616257478,2995.22944424732,3019.346914011829,3043.658576695001,3068.1659959305807,3092.870747942638,3117.7744216469364,3142.87861875312,3168.1849538677375,3193.695054598094,3219.410561656912,3245.333128967883,3271.4644237720117,3297.806126734876,3324.3599320546946,3351.1275475713155,3378.1106948760344,3405.3111094223436,3432.7305406375262,3460.3707520352004,3488.23352132871,3516.320640545493,3544.6339161423107,3573.1751691214417,3601.9462351478164,3630.9489646670518,3660.1852230244945,3689.6568905851636,3719.3658628547196,3749.3140506013438,3779.5033799786634,3809.935792649603,3840.6132459112973,3871.5377128209448,3902.7111823227383,3934.135659375755,3965.8131650829396,3997.7457368210635,4029.9354283717907,4062.3843100537392,4095.0944688556665,4128.068008570669,4161.3070499315045,4194.813730746993,4228.590206039511,4262.638648183577,4296.961247045588,4331.560210124669,4366.437762694626,4401.596147947099,4437.037627135803,4472.764479721992,4508.779003521039,4545.083514850253,4581.680348677821,4618.571858773019,4655.7604178575675,4693.248417758249,4731.038269560753,4769.132403764733,4807.533270440121,4846.243339384716,4885.265100283049,4924.601062866471,4964.253757074609,5004.22573321805,5044.519562142395,5085.137835393579,5126.08316538458,5167.3581855634,5208.965550582488,5250.907936469426,5293.188040799074,5335.808582867062,5378.772303864684,5422.081967055189,5465.740357951513,5509.7502844954415,5554.1145772382,5598.836089522486,5643.917697666003,5689.362301146471,5735.17282278806,5781.352208949439,5827.903429713208,5874.829479076986,5922.133375145914,5969.818160326825,6017.886901523867,6066.342690335802,6115.188643254807,6164.427901866934,6214.06363305417,6264.099029198114,6314.537308385285,6365.381714614103,6416.635518003553,6468.302015003491,6520.384528606639,6572.88640856233,6625.811031591967,6679.16180160615,6732.942149923667,6787.155535492116,6841.805445110439,6896.895393653112,6952.428924296275,7008.409608745552,7064.841047465831,7121.726869912778,7179.070734766296,7236.876330165845,7295.147373947643,7353.887613883764,7413.100827923194,7472.790824434837,7532.961442452409,7593.616551921397,7654.7600539479145,7716.395881049652,7778.527997408752,7841.160399126823,7904.2971144818985,7967.94220418758,8032.099761654146,8096.773913251861,8161.968818576374,8227.688670716232,8293.937696522553,8360.720156880894,8428.04034698531,8495.90259661459,8564.311270410717,8633.270768159597,8702.785525074065,8772.860012079082,8843.498736099358,8914.706240349144,8986.487104624512,9058.845945597834,9131.787417114787,9205.31621049359,9279.437054826807,9354.154717285446,9429.47400342559,9505.399757497484,9581.936862757088,9659.090241780126,9736.864856778713,9815.265709920519,9894.297843650465,9973.966341015032,10054.276325989182,10135.232963805956,10216.841461288606,10299.107067185563,10382.035072507933,10465.630810869876,10549.89965883156,10634.84703624505,10720.478406602804,10806.799277389146,10893.815200434417,10981.531772272076,11069.954634498676,11159.08947413668,11248.94202400021,11339.518063063782,11430.823416834026,11522.863957724268,11615.64560543233,11709.174327321158,11803.456138802712,11898.49710372478,11994.303334761045,12090.880993804161,12188.23629236214,12286.375491957784,12385.304904531427,12485.030892846919,12585.55987090084,12686.898304334996,12789.052710852275,12892.029660635888,12995.8357767719,13100.477735675182,13205.962267518828,13312.296156667053,13419.486242111492,13527.539417911097,13636.462633635434,13746.262894811807,13856.947263375758,13968.522858125163,14080.996855178266,14194.376488435144,14308.66905004285,14423.881890864615] 0.31126199007860056 [Infinity,Infinity,Infinity,Infinity,Infinity,Infinity,Infinity,Infinity,Infinity,Infinity,Infinity,Infinity,Infinity,Infinity,Infinity,Infinity,Infinity,Infinity,Infinity,Infinity,Infinity,Infinity,Infinity,Infinity,Infinity,Infinity,Infinity,Infinity,Infinity,Infinity,Infinity,Infinity,Infinity,Infinity,Infinity,Infinity,Infinity,Infinity,Infinity,Infinity,Infinity,Infinity,Infinity,Infinity,Infinity,Infinity,Infinity,Infinity,Infinity,Infinity,Infinity,Infinity,Infinity,Infinity,Infinity,Infinity,Infinity,Infinity,Infinity,Infinity,Infinity,Infinity,Infinity,Infinity,Infinity,Infinity,Infinity,Infinity,Infinity,Infinity,Infinity,Infinity,Infinity,Infinity,Infinity,Infinity,Infinity,Infinity,Infinity,Infinity,Infinity,Infinity,Infinity,Infinity,Infinity,Infinity,Infinity,Infinity,Infinity,Infinity,Infinity,Infinity,Infinity,Infinity,Infinity,Infinity,Infinity,Infinity,Infinity,Infinity,Infinity,Infinity,Infinity,Infinity,Infinity,Infinity,Infinity,Infinity,Infinity,Infinity,Infinity,Infinity,Infinity,Infinity,Infinity,Infinity,Infinity,Infinity,Infinity,Infinity,Infinity,Infinity,Infinity,Infinity,Infinity,Infinity,Infinity,Infinity,Infinity,Infinity,Infinity,Infinity,Infinity,Infinity,Infinity,Infinity,Infinity,Infinity,Infinity,Infinity,Infinity,Infinity,Infinity,Infinity,Infinity,Infinity,Infinity,Infinity,Infinity,Infinity,Infinity,Infinity,Infinity,Infinity,Infinity,Infinity,Infinity,Infinity,Infinity,Infinity,Infinity,Infinity,Infinity,Infinity,Infinity,Infinity,Infinity,Infinity,Infinity,Infinity,Infinity,Infinity,Infinity,Infinity,Infinity,Infinity,Infinity,Infinity,Infinity,Infinity,Infinity,Infinity,Infinity,Infinity,Infinity,Infinity,Infinity,Infinity,Infinity,Infinity,Infinity,Infinity,Infinity,Infinity,Infinity,Infinity,Infinity,Infinity,Infinity,Infinity,Infinity,Infinity,Infinity,Infinity,Infinity,Infinity,Infinity,Infinity,Infinity,Infinity,Infinity,Infinity,Infinity,Infinity,Infinity,Infinity,Infinity,Infinity,Infinity,Infinity,Infinity,Infinity,Infinity,Infinity,Infinity,Infinity,Infinity,Infinity,Infinity,Infinity,Infinity,Infinity,Infinity,Infinity,Infinity,Infinity,Infinity,Infinity,Infinity,Infinity,Infinity,Infinity,Infinity,Infinity,Infinity,Infinity,Infinity,Infinity,Infinity,Infinity,Infinity,Infinity,Infinity,Infinity,Infinity,Infinity,Infinity,Infinity,Infinity,Infinity,Infinity,Infinity,Infinity,Infinity,Infinity,Infinity,Infinity,Infinity,Infinity,Infinity,Infinity,Infinity,Infinity,Infinity,Infinity,Infinity,Infinity,Infinity,Infinity,Infinity,Infinity,Infinity,Infinity,Infinity,Infinity,Infinity,Infinity,Infinity,Infinity,Infinity,Infinity,Infinity,Infinity,Infinity,Infinity,Infinity,Infinity,Infinity,Infinity,Infinity] [0.0,0.0,0.0,0.0,0.0,0.0,0.0,0.0,0.0,0.0,0.0,0.0,0.0,0.0,0.0,0.0,0.0,0.0,0.0,0.0,0.0,0.0,0.0,0.0,0.0,0.0,0.0,0.0,0.0,0.0,0.0,0.0,0.0,0.0,0.0,0.0,0.0,0.0,0.0,0.0,0.0,0.0,0.0,0.0,0.0,0.0,0.0,0.0,0.0,0.0,0.0,0.0,0.0,0.0,0.0,0.0,0.0,0.0,0.0,0.0,0.0,0.0,0.0,0.0,0.0,0.0,0.0,0.0,0.0,0.0,0.0,0.0,0.0,0.0,0.0,0.0,0.0,0.0,0.0,0.0,0.0,0.0,0.0,0.0,0.0,0.0,0.0,0.0,0.0,0.0,0.0,0.0,0.0,0.0,0.0,0.0,0.0,0.0,0.0,0.0,0.0,0.0,0.0,0.0,0.0,0.0,0.0,0.0,0.0,0.0,0.0,0.0,0.0,0.0,0.0,0.0,0.0,0.0,0.0,0.0,0.0,0.0,0.0,0.0,0.0,0.0,0.0,0.0,0.0,0.0,0.0,0.0,0.0,0.0,0.0,0.0,0.0,0.0,0.0,0.0,0.0,0.0,0.0,0.0,0.0,0.0,0.0,0.0,0.0,0.0,0.0,0.0,0.0,0.0,0.0,0.0,0.0,0.0,0.0,0.0,0.0,0.0,0.0,0.0,0.0,0.0,0.0,0.0,0.0,0.0,0.0,0.0,0.0,0.0,0.0,0.0,0.0,0.0,0.0,0.0,0.0,0.0,0.0,0.0,0.0,0.0,0.0,0.0,0.0,0.0,0.0,0.0,0.0,0.0,0.0,0.0,0.0,0.0,0.0,0.0,0.0,0.0,0.0,0.0,0.0,0.0,0.0,0.0,0.0,0.0,0.0,0.0,0.0,0.0,0.0,0.0,0.0,0.0,0.0,0.0,0.0,0.0,0.0,0.0,0.0,0.0,0.0,0.0,0.0,0.0,0.0,0.0,0.0,0.0,0.0,0.0,0.0,0.0,0.0,0.0,0.0,0.0,0.0,0.0,0.0,0.0,0.0,0.0,0.0,0.0,0.0,0.0,0.0,0.0,0.0,0.0,0.0,0.0,0.0,0.0,0.0,0.0,0.0,0.0,0.0,0.0,0.0,0.0,0.0,0.0,0.0,0.0,0.0,0.0,0.0,0.0,0.0,0.0,0.0,0.0,0.0,0.0,0.0,0.0,0.0,0.0,0.0,0.0,0.0,0.0,0.0,0.0,0.0,0.0,0.0,0.0,0.0,0.0,0.0,0.0]
